50 49
3
0 4 5 4.344094 12 9.084107 40 9.566471 43 1.405673
1 4 32 8.157929 48 6.431498 46 2.237928 18 1.992088
2 4 47 8.519113 39 12.694255 24 11.522640 20 14.646939
3
0 4 5 7.089827 42 3.741806 17 7.276797 26 7.883806
1 4 18 9.983741 46 13.577321 28 13.609014 25 13.400182
2 4 45 10.582729 27 9.764835 6 14.080286 24 19.180912
3
0 4 5 13.812016 28 13.919688 47 6.216615 22 19.224371
1 4 27 1.870396 22 16.622964 24 18.104170 23 3.351175
2 4 47 4.723828 6 15.994406 13 3.015815 25 11.469707
3
0 4 5 15.594617 23 4.018980 33 10.072684 6 1.914515
1 4 42 1.561036 28 15.042137 49 12.419336 12 8.055872
2 4 17 13.183464 34 10.417380 8 4.464971 49 9.457646
3
0 4 5 9.810308 49 1.488018 10 14.480308 23 2.772376
1 4 49 18.397360 24 19.959863 28 13.979247 10 19.569682
2 4 21 11.105125 23 8.746622 35 13.602868 27 12.969647
3
0 4 10 1.616000 39 7.465244 16 15.357239 43 3.140543
1 4 24 5.026450 35 3.916861 47 15.274102 29 9.387724
2 4 37 6.501718 45 2.346763 10 3.658922 42 12.419510
3
0 4 10 14.191329 21 6.710889 28 2.065253 12 3.442020
1 4 46 14.511203 48 12.032679 30 7.042105 38 17.419063
2 4 21 9.491029 22 9.113822 30 1.540510 25 11.063841
3
0 4 10 4.051839 31 8.359253 18 14.350356 21 6.984755
1 4 40 17.213784 43 12.120068 27 6.228988 13 12.691705
2 4 49 13.915567 41 11.499836 36 6.894174 42 17.964525
3
0 4 10 9.049224 17 16.752748 38 16.067063 21 12.790887
1 4 38 7.072364 35 5.414760 31 13.729252 33 16.018595
2 4 39 14.753001 31 13.846647 13 11.310022 22 13.767316
3
0 4 10 9.705673 49 1.580027 36 17.573669 45 13.259319
1 4 27 7.839365 19 6.722932 33 2.286062 22 12.859568
2 4 21 10.962509 35 7.136449 15 5.807004 20 5.620563
3
0 4 15 8.687207 34 9.527732 47 1.221522 32 15.399919
1 4 42 12.601761 22 3.139696 30 7.238343 39 3.851303
2 4 38 8.621070 49 15.545227 23 18.313338 25 7.153504
3
0 4 15 3.278290 32 3.022744 42 1.531165 29 8.627616
1 4 49 6.192208 48 3.259294 17 14.655317 25 17.921031
2 4 18 6.947601 17 9.351814 46 18.964061 43 12.396641
3
0 4 15 7.917585 38 16.713111 46 12.433784 27 7.114246
1 4 22 10.904219 42 1.708410 38 11.211859 33 16.811904
2 4 27 2.078975 36 14.344848 16 2.249685 40 7.070303
3
0 4 15 3.948078 35 4.926627 39 18.982946 46 5.495915
1 4 20 17.225020 48 7.837241 37 9.654752 32 13.333725
2 4 39 10.430542 25 8.164061 45 7.352276 29 1.038770
3
0 4 15 9.665214 19 11.620115 39 7.263593 41 6.544530
1 4 27 4.882547 16 15.714567 22 11.660851 17 3.958848
2 4 19 4.456636 36 17.571823 43 19.003399 33 13.340084
3
0 4 20 5.805192 33 9.156295 24 16.139285 44 18.988010
1 4 29 15.601272 21 14.363856 41 3.592729 36 7.325554
2 4 25 4.955477 24 5.103192 31 7.368295 36 3.558767
3
0 4 20 18.294787 48 7.977844 24 5.463741 36 4.451562
1 4 36 2.054662 29 15.161276 48 3.986017 41 2.158436
2 4 41 9.018454 32 2.450002 48 15.690540 45 18.064160
3
0 4 20 19.490951 27 17.382074 47 3.675521 21 11.411559
1 4 44 5.269570 37 2.778851 36 15.218207 22 6.079971
2 4 32 10.220450 40 19.668044 21 1.638011 44 3.810511
3
0 4 20 1.885655 44 9.897185 32 16.447659 42 4.652168
1 4 35 4.627514 33 14.380321 23 12.928790 36 11.748703
2 4 40 11.314077 31 11.233919 28 15.511857 43 7.509104
3
0 4 20 14.686252 33 2.194731 49 1.548101 28 18.992614
1 4 23 18.991461 43 9.762629 33 6.500254 40 17.470749
2 4 36 12.759879 31 18.410493 44 19.151939 48 18.653854
3
0 4 25 7.598206 28 17.620593 33 18.604937 43 19.864892
1 4 46 13.984380 25 2.154341 35 19.943009 30 15.407987
2 4 29 18.995405 45 12.139552 46 18.652049 33 15.046383
3
0 4 25 5.877629 27 11.605028 41 12.327692 33 4.099211
1 4 42 6.574679 31 15.201512 47 18.316702 36 4.358446
2 4 42 10.588147 46 6.881484 39 18.572726 28 15.244694
3
0 4 25 19.735805 36 11.672173 38 1.661540 47 18.604782
1 4 27 10.947130 47 6.329833 33 11.747353 29 19.331310
2 4 29 16.703176 49 10.037403 40 5.506189 42 5.303687
3
0 4 25 3.780477 26 15.519610 47 12.493972 44 8.469812
1 4 40 4.672683 29 14.110142 44 7.725770 46 19.897201
2 4 49 17.267370 30 15.626722 44 13.803560 35 19.957174
3
0 4 25 16.262321 35 14.551169 34 9.890381 32 6.105877
1 4 33 19.061859 30 11.980210 28 19.828126 26 18.125458
2 4 41 11.029917 40 15.185513 39 14.682835 34 16.716055
3
0 4 30 6.961990 36 9.529769 44 2.386849 41 8.452148
1 4 32 3.836620 45 6.085757 35 2.068932 31 3.508032
2 4 31 5.874414 49 16.912607 35 10.202513 41 16.176067
3
0 4 30 13.282566 39 7.693369 44 9.681697 37 12.078890
1 4 39 17.536584 38 3.567391 43 11.674255 30 18.425519
2 4 39 9.223036 35 19.044891 44 17.717468 49 9.123023
3
0 4 30 17.180978 34 17.774432 42 16.810810 32 12.095493
1 4 38 11.737217 37 5.774888 44 1.738257 34 12.284554
2 4 38 18.217351 42 16.213537 30 12.911070 48 3.001872
3
0 4 30 14.630502 34 17.296410 35 13.939399 38 4.554665
1 4 48 17.953641 31 3.852685 45 7.769141 35 7.661146
2 4 47 6.612571 46 2.725656 41 19.619228 30 19.056066
3
0 4 30 12.877436 42 16.308690 33 8.779834 31 10.692011
1 4 31 19.508129 43 2.085173 40 3.089773 37 1.787603
2 4 46 16.634371 40 17.215512 49 15.522444 35 17.548997
3
0 4 35 2.315601 42 8.477023 41 4.409295 48 16.267713
1 4 49 6.690020 47 8.573652 44 4.897347 38 2.528372
2 4 42 9.223938 47 2.456293 44 13.274535 39 17.388554
3
0 4 35 18.375222 46 3.810495 37 18.745036 39 5.297601
1 4 49 18.935613 37 8.920641 47 12.021779 45 4.512000
2 4 45 7.723979 47 2.862405 41 13.469682 37 10.987164
3
0 4 35 16.004888 46 2.111455 40 6.237417 49 11.184631
1 4 45 8.741477 49 2.003340 35 11.487930 41 12.271197
2 4 46 11.089817 39 19.105827 48 7.317425 38 11.198650
3
0 4 35 15.107557 36 14.972331 45 7.314280 44 6.571092
1 4 46 7.453851 35 2.943308 42 13.296527 38 3.192770
2 4 40 19.226719 38 10.862505 49 4.040885 48 19.486396
3
0 4 35 3.419974 36 10.772781 44 7.498942 42 16.525775
1 4 47 8.619060 46 5.637765 42 3.947245 48 14.574270
2 4 35 14.495541 36 13.727236 37 16.240995 38 3.939988
3
0 4 40 7.179876 44 6.094591 43 17.712584 41 13.705498
1 4 41 10.300860 48 5.970777 43 1.096468 47 17.894662
2 4 44 19.168072 48 17.886330 46 6.507723 43 1.101986
3
0 4 40 1.996913 43 8.582649 48 4.158999 47 13.688812
1 4 41 17.255906 42 2.785889 47 4.385891 44 16.424420
2 4 49 17.296287 45 5.884641 48 10.885890 43 2.665864
3
0 4 40 15.874678 48 13.347435 49 2.210106 45 2.817440
1 4 43 6.131831 42 1.093614 41 10.165577 45 8.168798
2 4 40 13.691264 47 1.139552 48 5.931760 46 11.544439
3
0 4 40 19.931042 47 16.772662 48 12.480909 42 15.455988
1 4 49 5.628592 42 10.653169 40 4.213590 46 15.560999
2 4 44 13.403416 46 9.626655 42 6.480846 45 14.975589
3
0 4 40 7.508252 44 12.112155 45 1.586389 46 6.622374
1 4 43 6.348013 44 4.736366 45 7.129061 49 10.356852
2 4 45 1.263089 42 13.017282 44 1.769573 41 18.680020
3
0 4 45 15.001057 49 11.068641 46 5.541485 47 4.210205
1 4 45 4.899523 46 13.699305 49 8.234106 48 4.865625
2 4 48 10.055552 47 17.080871 46 17.438242 45 4.229339
3
0 4 45 4.399388 49 8.998282 47 9.968155 46 6.209777
1 4 49 4.231609 46 8.303193 47 6.737603 48 11.410438
2 4 45 15.948332 48 13.694720 49 15.739298 47 19.454297
3
0 4 45 2.996569 47 1.627779 49 8.595282 48 14.556686
1 4 46 4.214196 47 6.453348 49 2.281173 45 19.516547
2 4 49 16.271498 47 6.808820 45 14.881775 46 19.583210
3
0 4 45 1.752096 47 16.950350 49 17.259791 48 10.238415
1 4 45 10.748508 46 13.317167 48 7.710974 47 2.165153
2 4 46 1.806054 48 9.955546 49 13.045224 47 8.317779
3
0 4 45 5.007098 46 17.423966 47 6.640440 49 1.252978
1 4 48 17.165342 45 6.843644 47 11.319607 49 4.532256
2 4 47 4.958653 49 7.046624 45 10.930343 48 13.091502
3
0 4 49 15.948706 49 1.428966 49 8.930591 49 4.082205
1 4 49 12.087385 49 2.742590 49 14.689491 49 14.710589
2 4 49 3.192236 49 15.000004 49 10.956361 49 13.941957
3
0 4 49 8.087824 49 5.739003 49 2.572340 49 1.782929
1 4 49 8.095356 49 12.874061 49 8.895884 49 11.171629
2 4 49 2.809948 49 6.750935 49 19.859769 49 15.492066
3
0 4 49 6.259037 49 10.804325 49 4.719882 49 16.044971
1 4 49 4.429417 49 9.446983 49 19.023202 49 15.824082
2 4 49 13.091503 49 15.809710 49 8.465125 49 12.358348
3
0 4 49 12.091848 49 15.683930 49 3.590403 49 13.881876
1 4 49 19.862655 49 6.982242 49 5.949985 49 5.974480
2 4 49 12.371399 49 13.695144 49 4.482838 49 5.837068
0
