50 49
3
0 4 5 3.486878 38 16.171966 48 1.288293 31 9.053399
1 4 12 13.872145 28 2.006973 13 2.068669 42 7.848992
2 4 38 4.889061 5 18.459659 23 11.842611 46 6.390345
3
0 4 5 18.094270 13 7.517934 35 9.916494 29 3.888582
1 4 13 8.005845 25 3.176443 21 3.050027 14 15.462421
2 4 36 1.223037 30 12.144594 18 12.921621 41 17.207095
3
0 4 5 8.419627 21 16.243425 12 19.390409 45 9.825568
1 4 40 14.839496 33 12.868453 6 13.914332 34 18.702783
2 4 31 17.244931 23 1.246330 36 7.203623 7 1.530731
3
0 4 5 14.419253 13 4.614636 23 1.812308 36 13.632216
1 4 22 15.757998 16 14.163588 8 18.849875 48 15.074297
2 4 39 9.188057 8 10.433016 10 13.005437 36 1.565199
3
0 4 5 9.503249 49 8.690851 24 12.842448 36 10.317904
1 4 8 14.233079 32 13.835660 30 12.655649 15 12.421781
2 4 16 14.319290 9 9.115232 42 1.474295 35 9.424497
3
0 4 10 14.934096 13 14.804633 40 8.077675 32 4.714428
1 4 44 4.678023 43 8.837825 35 2.684907 20 5.340013
2 4 46 17.900342 41 4.060144 42 12.653100 33 1.555909
3
0 4 10 1.822936 49 1.373938 13 10.797233 17 8.952218
1 4 30 18.107793 24 1.454750 26 8.687512 27 7.790585
2 4 14 3.082423 35 15.174840 39 12.687779 26 12.439661
3
0 4 10 11.333718 11 6.787677 30 16.916643 31 1.895910
1 4 11 11.290384 10 8.534127 34 19.161794 32 4.524632
2 4 31 4.497696 22 13.160581 30 6.476980 48 13.811076
3
0 4 10 18.176479 33 8.734833 23 5.066438 28 13.982195
1 4 11 9.835283 32 12.611810 25 7.512165 22 9.913706
2 4 46 16.960645 47 1.854971 49 4.682941 19 16.114129
3
0 4 10 9.982492 35 18.479615 14 14.512548 49 9.900629
1 4 30 7.129726 19 17.342370 31 9.414390 24 3.306078
2 4 30 9.765869 27 14.207829 38 18.376568 31 10.101281
3
0 4 15 15.427484 20 13.903165 37 17.975697 39 15.651253
1 4 41 4.558619 36 6.749694 35 11.741627 26 6.386001
2 4 46 9.494830 36 18.553171 16 18.640513 47 17.039701
3
0 4 15 2.736305 47 6.443665 37 5.440356 44 9.847942
1 4 17 9.589061 30 15.680099 33 11.071192 47 19.062914
2 4 44 15.808018 16 2.684435 46 4.499873 42 18.001967
3
0 4 15 3.440883 37 14.622217 27 11.495299 32 12.474384
1 4 39 12.111794 22 9.595946 33 17.838706 37 5.494895
2 4 40 3.446304 19 19.173941 48 6.953455 24 8.693037
3
0 4 15 14.755203 26 3.214788 20 15.992344 48 15.147621
1 4 33 13.329044 49 7.758523 20 11.092920 36 18.584714
2 4 27 3.159008 19 6.684464 26 9.394955 23 7.356676
3
0 4 15 8.169718 46 16.698823 36 10.207567 43 19.542993
1 4 20 15.679860 42 2.089939 40 10.844508 36 14.290640
2 4 43 17.010914 40 4.981415 29 6.436542 36 14.488548
3
0 4 20 13.284837 33 19.848219 26 9.210077 41 14.069034
1 4 31 18.387329 23 7.520785 20 18.667148 46 16.812438
2 4 24 13.162581 43 3.243491 34 14.609830 30 19.138760
3
0 4 20 2.894195 36 18.252505 31 1.773494 44 7.428785
1 4 32 5.708581 41 18.470518 25 10.868196 21 4.939114
2 4 40 5.326343 42 15.762920 29 16.102005 44 17.572524
3
0 4 20 1.594094 36 9.586238 31 4.565131 48 6.524835
1 4 21 17.380357 34 12.740103 46 15.015341 33 18.520488
2 4 32 1.887500 28 2.147612 25 10.685443 30 2.884766
3
0 4 20 7.343114 24 4.086231 37 4.511071 27 13.158063
1 4 26 14.747324 38 18.462497 21 4.578525 35 7.028604
2 4 31 13.751398 40 3.075586 35 15.340127 46 9.429577
3
0 4 20 12.711832 40 10.531558 42 16.447980 33 12.094234
1 4 36 18.064129 22 17.653327 25 17.931413 26 16.445458
2 4 36 17.718682 24 10.587921 44 2.867845 28 19.532366
3
0 4 25 17.038745 26 14.470252 33 14.768242 31 2.352321
1 4 40 18.396736 39 3.435729 29 13.239168 25 13.673132
2 4 29 16.693632 28 1.529367 45 5.394732 44 12.655405
3
0 4 25 10.679314 31 14.160338 42 17.105131 39 12.492872
1 4 42 19.674979 26 16.257696 49 8.711353 29 7.913712
2 4 39 12.475063 42 5.735338 36 16.493065 32 9.003450
3
0 4 25 19.740728 45 3.377370 31 17.003567 32 14.679878
1 4 38 13.791628 34 11.911238 27 2.239488 29 3.571858
2 4 34 17.372529 26 17.194539 28 17.287488 39 15.603441
3
0 4 25 19.106005 32 8.112231 38 16.091400 26 18.421946
1 4 39 17.391513 42 1.032109 29 11.111846 25 13.144634
2 4 44 10.811802 31 15.242464 48 1.453501 46 15.735125
3
0 4 25 3.976337 41 9.047097 26 13.685385 30 17.501258
1 4 46 4.753383 48 9.975178 42 11.342513 45 14.821436
2 4 47 4.134849 36 6.758862 42 17.012727 32 6.215188
3
0 4 30 2.702172 49 19.593954 37 11.902543 38 17.642757
1 4 30 3.314461 31 4.524378 45 7.788608 33 1.382094
2 4 45 9.495605 31 18.751103 41 18.564490 49 3.914907
3
0 4 30 8.744603 45 11.060727 47 11.621973 32 19.081339
1 4 35 2.091216 46 15.649722 32 14.970636 44 11.840094
2 4 42 19.940267 46 13.234354 48 8.612583 39 2.563644
3
0 4 30 14.899955 37 14.307416 47 8.362623 32 12.609652
1 4 33 19.754807 30 1.072073 42 4.812809 35 18.212965
2 4 41 11.240738 43 12.030630 45 3.551827 49 19.173959
3
0 4 30 7.178392 49 14.682808 47 8.753856 31 1.273617
1 4 44 10.484784 49 13.480350 33 1.837919 46 9.804924
2 4 38 12.461529 30 12.200516 35 6.915837 31 5.442433
3
0 4 30 3.388456 37 17.250722 34 8.164165 39 2.298125
1 4 39 7.923438 40 4.598454 42 11.054010 38 9.532523
2 4 31 4.882858 36 8.612846 48 1.634470 49 17.448367
3
0 4 35 17.149127 46 1.994750 42 4.733562 41 12.587602
1 4 37 4.306123 49 1.066173 39 14.952750 36 8.819421
2 4 36 18.304548 46 18.784987 35 6.139235 37 10.337871
3
0 4 35 3.860887 44 10.612297 36 8.179329 46 17.759992
1 4 40 12.013623 48 15.843315 36 6.452905 35 2.424899
2 4 41 15.265110 48 15.507297 43 9.369275 36 13.583331
3
0 4 35 8.520358 43 19.270457 47 9.723326 48 1.072085
1 4 42 6.880099 43 11.037509 47 3.882023 45 4.270697
2 4 46 13.813664 42 12.990296 41 19.386618 38 15.524814
3
0 4 35 11.118639 44 13.633866 39 13.166365 37 2.226860
1 4 35 2.206038 44 16.754295 49 18.213428 48 19.380015
2 4 46 4.880967 36 7.133206 43 19.513243 38 18.475356
3
0 4 35 2.912148 49 8.600310 43 12.429532 41 8.668730
1 4 36 9.484408 44 10.350297 49 7.193620 35 2.432960
2 4 37 3.719160 36 4.027111 39 17.866196 40 4.891738
3
0 4 40 19.116175 41 10.574054 46 18.839283 49 11.113084
1 4 47 12.276125 49 14.760503 44 4.022969 46 16.754983
2 4 49 9.596448 40 3.469629 41 11.024248 45 1.158004
3
0 4 40 2.675027 47 9.133400 45 18.870637 49 11.240435
1 4 41 13.411060 49 17.981601 46 16.448726 43 5.669368
2 4 40 7.075903 45 18.290375 49 13.910482 42 7.803170
3
0 4 40 10.792999 44 15.050994 41 19.588235 42 8.654095
1 4 41 12.795129 45 15.984556 46 6.354648 47 5.902115
2 4 47 1.172894 46 18.317365 43 3.177916 41 13.734382
3
0 4 40 3.053789 43 12.682903 41 11.614357 45 8.884663
1 4 42 18.602836 47 15.700558 49 4.853989 46 8.600316
2 4 46 13.031265 40 13.418406 45 10.509234 42 4.391675
3
0 4 40 19.541938 41 14.488749 46 14.768383 45 11.478989
1 4 45 7.913928 46 10.470658 48 2.514958 41 7.042321
2 4 41 8.645355 46 7.680931 44 2.337819 42 4.330018
3
0 4 45 4.639218 46 8.975070 48 3.695358 47 14.951817
1 4 45 5.956080 46 18.476774 48 19.809231 47 19.622341
2 4 46 9.700520 45 8.337588 49 16.031811 48 17.833657
3
0 4 45 2.461635 47 16.647182 46 6.975634 48 16.069068
1 4 47 14.742119 45 5.295446 49 19.918901 46 18.171380
2 4 46 1.325263 47 17.168713 49 19.595229 48 1.829316
3
0 4 45 16.820422 47 17.734042 48 6.033525 49 1.167461
1 4 47 12.980893 46 4.380649 49 12.922415 45 16.967512
2 4 48 7.663573 47 17.735605 49 2.537986 45 4.366525
3
0 4 45 10.008991 46 4.391181 47 3.475872 49 8.768663
1 4 48 15.979732 45 17.154794 49 14.591038 46 12.850426
2 4 45 1.415385 46 6.187802 47 18.756663 49 10.600401
3
0 4 45 5.489500 46 7.741506 48 18.005206 49 11.946198
1 4 45 18.606979 48 13.693000 49 12.889774 46 18.359664
2 4 48 8.840408 49 6.315833 47 11.397651 46 12.482205
3
0 4 49 5.382338 49 10.757358 49 17.738111 49 15.824347
1 4 49 4.520901 49 5.908274 49 17.071627 49 8.567772
2 4 49 4.618789 49 2.512291 49 5.591542 49 5.511801
3
0 4 49 7.475041 49 4.386299 49 6.112635 49 14.463048
1 4 49 14.296519 49 2.599260 49 19.312727 49 18.462755
2 4 49 19.017611 49 11.115405 49 15.161224 49 17.263179
3
0 4 49 19.398306 49 19.643835 49 13.830096 49 18.475346
1 4 49 3.293834 49 2.270205 49 7.282833 49 2.434104
2 4 49 17.516414 49 17.727655 49 3.628460 49 9.778020
3
0 4 49 6.212305 49 19.831457 49 8.548320 49 6.665996
1 4 49 18.787436 49 17.351745 49 12.031093 49 16.034450
2 4 49 8.687393 49 16.913027 49 5.007049 49 11.240323
0
