50 49
3
0 4 5 16.877029 28 5.630563 45 14.090185 18 11.158736
1 4 24 8.814946 10 18.902840 15 7.971772 31 2.582787
2 4 25 10.433660 47 11.248361 38 19.835570 10 13.516562
3
0 4 5 16.893906 13 9.072332 20 8.057217 36 6.295616
1 4 39 5.217287 23 4.086713 16 18.227839 33 7.863135
2 4 43 18.929815 33 11.205166 41 12.415977 46 9.279237
3
0 4 5 18.424066 49 16.940651 46 2.723709 15 6.827800
1 4 46 4.692406 31 14.951276 40 17.391473 28 3.325165
2 4 7 17.379909 27 9.192441 15 12.919957 19 4.502495
3
0 4 5 15.372673 24 7.835962 44 19.438840 47 7.134086
1 4 34 8.703820 47 7.019148 25 10.936877 26 6.998334
2 4 30 4.668669 19 3.558596 40 15.839561 35 12.702312
3
0 4 5 15.006540 29 6.699947 19 10.253316 37 7.939431
1 4 15 6.174190 35 16.211671 19 4.064598 14 1.476017
2 4 7 8.068408 10 7.001076 16 16.339253 48 11.378598
3
0 4 10 7.754303 43 5.436343 42 19.008198 45 11.403531
1 4 28 13.855716 44 11.579801 33 10.536337 11 2.231815
2 4 20 9.144906 47 16.235705 18 7.501873 46 4.307193
3
0 4 10 8.720930 26 2.025392 23 1.451645 41 19.147075
1 4 43 15.574350 36 2.220164 47 3.625674 31 2.092052
2 4 16 16.643885 40 8.690241 41 16.498646 39 9.114118
3
0 4 10 13.178290 42 14.263657 45 13.308662 33 14.398944
1 4 18 4.040770 14 17.026857 25 13.606328 31 9.348172
2 4 31 7.354734 34 3.623434 28 5.138517 22 18.383236
3
0 4 10 15.752867 47 2.139429 45 19.736085 35 9.827384
1 4 30 10.081243 20 3.549067 16 19.189035 31 9.735999
2 4 42 18.180736 33 10.165740 37 1.175368 25 7.185017
3
0 4 10 13.308723 11 19.706015 29 15.593947 48 17.022798
1 4 17 8.915816 39 5.960909 27 17.892536 23 12.690934
2 4 25 4.754506 14 17.669276 33 17.313739 13 5.947804
3
0 4 15 17.842462 25 2.250033 16 6.030144 19 6.508711
1 4 20 7.013144 30 5.520708 22 19.449042 17 12.372691
2 4 35 18.268818 21 6.032359 31 18.719329 49 15.020449
3
0 4 15 6.205968 41 5.328903 16 19.842835 21 3.269005
1 4 44 14.410031 21 17.690474 39 5.523562 25 3.852797
2 4 19 11.353789 33 19.542618 38 7.108648 47 5.600211
3
0 4 15 5.255011 28 14.197923 27 13.311198 41 14.944386
1 4 16 1.347980 23 5.785485 17 3.287069 43 3.923665
2 4 47 14.453107 36 5.713891 23 5.519869 33 18.352693
3
0 4 15 12.752917 27 13.039991 38 13.253464 30 16.920085
1 4 26 16.149396 28 5.008660 22 13.038733 34 5.659980
2 4 17 2.265954 41 2.103997 31 11.338298 18 14.027335
3
0 4 15 4.574283 45 3.858414 22 12.517098 32 19.313526
1 4 28 19.546017 44 4.971629 32 3.595656 34 10.286503
2 4 45 13.050256 30 13.090490 40 11.667965 18 5.463992
3
0 4 20 9.349760 40 2.237768 22 17.434810 30 14.644417
1 4 25 13.620759 36 5.125150 33 9.794650 47 19.130054
2 4 37 9.281454 42 18.919792 48 3.178337 35 11.950984
3
0 4 20 4.294952 41 12.807005 21 6.914097 31 8.244085
1 4 21 12.157710 20 15.338321 37 5.717720 27 2.985570
2 4 28 18.584491 47 15.313485 25 1.167469 22 1.333236
3
0 4 20 16.749329 39 4.267196 29 13.983657 34 15.488989
1 4 49 12.295162 37 6.655400 28 15.585547 29 13.552018
2 4 21 13.366859 24 10.360578 37 2.760517 25 4.384839
3
0 4 20 6.454660 23 7.357893 25 6.279703 41 8.328704
1 4 33 12.307332 39 5.973336 41 2.265497 40 13.976381
2 4 32 12.305153 36 8.321120 28 19.611727 21 10.745454
3
0 4 20 11.752693 43 5.202979 35 1.959920 37 2.533429
1 4 20 14.345307 26 10.767582 42 14.749820 21 3.368579
2 4 37 10.282253 34 1.000707 44 18.142785 25 12.932053
3
0 4 25 14.017145 48 10.007208 38 16.084459 36 7.821038
1 4 41 15.762839 32 1.399612 34 10.303918 26 18.105286
2 4 36 14.531903 31 9.087964 25 11.959273 37 5.517970
3
0 4 25 11.558667 33 18.798864 32 15.223671 45 7.037833
1 4 40 3.509874 45 11.967293 31 3.047354 29 9.084984
2 4 49 18.307185 40 18.858207 43 9.115039 29 14.063500
3
0 4 25 7.992007 30 8.699698 38 15.428730 37 2.047577
1 4 32 13.359392 30 14.320311 29 10.896199 39 18.542469
2 4 28 6.406551 29 8.652188 27 3.366921 39 10.823670
3
0 4 25 11.200074 39 13.092984 38 7.617861 48 11.221446
1 4 32 12.364374 43 10.107198 48 8.490981 28 14.678789
2 4 46 8.826772 45 12.675491 43 17.591218 34 1.879973
3
0 4 25 4.573867 39 5.027288 48 14.143248 41 7.572582
1 4 36 7.417146 49 14.379859 27 7.278457 33 13.591478
2 4 33 11.386894 34 1.060533 46 15.305294 44 10.002753
3
0 4 30 3.903280 46 17.429126 39 2.661867 45 15.649849
1 4 34 1.302549 44 1.707533 39 11.932588 49 13.719847
2 4 34 12.422225 37 8.606754 33 14.806840 45 13.095154
3
0 4 30 4.122238 40 15.968188 49 17.720365 42 14.968341
1 4 37 14.922555 48 12.092236 35 15.982100 36 18.280934
2 4 30 6.893739 47 19.089427 37 10.576054 36 14.648935
3
0 4 30 5.776951 33 12.364746 39 9.217076 46 18.575084
1 4 37 13.249040 45 5.059465 40 15.138389 46 19.345862
2 4 35 1.644798 48 10.140661 44 7.737625 38 12.874360
3
0 4 30 16.165155 36 12.597178 45 9.339799 39 6.077682
1 4 48 9.285147 38 12.316308 35 11.252529 46 19.409337
2 4 42 18.297502 43 4.894717 41 3.698107 40 15.521028
3
0 4 30 6.337757 44 4.570167 39 14.153826 40 15.904833
1 4 45 8.286599 34 13.787062 40 18.994971 39 9.727845
2 4 44 13.963169 38 11.998126 37 1.249085 40 10.082280
3
0 4 35 12.321418 45 2.756305 42 11.699088 48 5.835578
1 4 49 3.484183 42 16.197875 39 14.256006 41 11.581221
2 4 43 18.065648 40 3.098638 45 6.388871 47 11.998117
3
0 4 35 18.770138 43 13.171835 42 19.555092 45 19.260300
1 4 36 2.385062 42 3.628629 44 6.928265 41 14.750394
2 4 49 6.424544 47 8.646505 37 17.108188 46 14.362062
3
0 4 35 15.562084 36 17.558458 37 1.797445 38 18.004914
1 4 39 14.694438 45 5.355405 42 15.562246 38 7.015256
2 4 44 3.904265 41 10.654087 49 12.533802 40 12.262510
3
0 4 35 19.972681 42 18.156627 41 8.054801 40 6.481960
1 4 46 8.969978 43 9.233253 39 12.348302 37 6.180772
2 4 41 16.085311 42 2.246694 40 8.732736 36 18.631342
3
0 4 35 4.630058 40 8.405708 46 13.586507 38 11.917914
1 4 36 1.202265 37 12.370525 38 12.886682 35 6.057519
2 4 43 19.937065 39 15.729748 41 19.541957 49 9.376770
3
0 4 40 1.540006 42 7.938029 48 18.295459 41 8.659215
1 4 42 18.305309 48 10.450911 43 19.579305 44 3.504582
2 4 47 6.922466 45 1.822133 42 11.761168 48 9.882332
3
0 4 40 12.702636 43 11.250265 47 15.551906 44 3.701969
1 4 44 1.518121 43 6.180177 46 18.243062 45 2.737344
2 4 42 3.249064 44 7.444790 45 3.978610 49 8.379949
3
0 4 40 9.419390 45 14.688928 41 19.309336 49 10.005222
1 4 42 10.279833 40 10.321608 46 15.181374 44 4.724065
2 4 40 5.118096 42 18.012862 44 6.401707 43 11.747105
3
0 4 40 19.863115 49 19.410009 47 6.865330 46 9.899696
1 4 46 3.595354 44 18.364254 49 19.307086 41 3.645180
2 4 42 8.966429 45 10.389883 49 10.690703 46 10.963175
3
0 4 40 8.909538 42 4.445646 46 14.654325 48 4.884992
1 4 49 17.310328 48 9.653271 43 4.402684 45 9.545102
2 4 40 2.953607 48 19.521630 45 8.531896 41 2.529182
3
0 4 45 16.563585 48 3.622930 47 13.574248 46 8.218299
1 4 49 4.870542 45 12.718063 47 12.864424 46 9.089798
2 4 48 11.469810 45 18.417564 46 11.398489 49 6.867370
3
0 4 45 19.479332 47 1.555283 49 5.242664 46 12.624401
1 4 49 1.859959 45 1.813123 47 19.063461 48 2.455756
2 4 45 6.283561 49 6.144267 48 14.820974 47 2.946739
3
0 4 45 6.464118 47 12.043388 46 13.423276 49 16.441617
1 4 47 13.707149 46 7.666899 49 15.441854 48 16.866397
2 4 45 7.726057 48 13.910291 47 13.712314 49 8.933507
3
0 4 45 10.076952 47 15.070582 48 19.533800 46 9.176137
1 4 46 6.027631 47 4.114095 49 19.001223 45 4.823217
2 4 45 15.112656 46 6.553125 49 7.779066 48 15.660440
3
0 4 45 18.142429 48 5.743570 46 16.583194 49 2.230452
1 4 48 14.344963 45 15.046405 47 18.971706 49 16.715507
2 4 47 1.421836 49 15.856745 45 16.778130 48 19.590620
3
0 4 49 1.005713 49 11.570743 49 12.014036 49 9.683280
1 4 49 6.576638 49 11.056385 49 14.573593 49 1.380504
2 4 49 13.550033 49 15.842388 49 5.560310 49 5.703690
3
0 4 49 2.719072 49 9.357095 49 5.819499 49 15.420321
1 4 49 5.674768 49 1.075262 49 13.942780 49 11.933231
2 4 49 11.518245 49 8.382565 49 4.637488 49 19.948627
3
0 4 49 13.980610 49 9.885015 49 18.420389 49 6.043215
1 4 49 12.557617 49 18.638391 49 10.880098 49 2.292054
2 4 49 7.272779 49 13.419002 49 15.689326 49 2.403567
3
0 4 49 18.167108 49 14.724424 49 3.773130 49 14.754576
1 4 49 4.115170 49 1.109091 49 10.700138 49 19.687189
2 4 49 5.239325 49 11.433746 49 19.498686 49 8.203477
0
