50 49
3
0 4 5 17.005338 42 13.687409 49 12.539534 47 18.048672
1 4 21 3.778313 6 11.005785 30 13.733949 13 1.496405
2 4 21 3.360668 41 9.439172 37 11.299290 46 17.183299
3
0 4 5 12.648479 23 6.072769 42 9.986924 24 1.882075
1 4 33 9.724545 21 7.298158 49 18.486219 11 14.070196
2 4 38 17.377225 12 12.749066 31 2.502259 30 4.513365
3
0 4 5 6.615091 24 17.689718 23 4.828720 45 19.844844
1 4 22 7.827496 38 5.369461 34 8.490930 43 6.010297
2 4 35 10.246764 28 4.208191 18 16.356580 15 17.046139
3
0 4 5 10.456366 43 13.907365 47 6.626184 38 8.485626
1 4 21 16.462587 33 12.844126 31 9.098725 26 7.427851
2 4 33 16.310113 36 17.597497 21 6.729195 45 3.180195
3
0 4 5 9.979891 31 4.625442 11 1.503042 32 9.256580
1 4 31 4.324987 13 3.544136 43 2.866682 24 19.572095
2 4 30 7.599082 25 8.575851 36 19.850454 26 5.852939
3
0 4 10 9.479054 11 11.895426 12 2.712168 14 11.438201
1 4 22 18.863541 39 3.890361 46 10.480392 45 14.211503
2 4 16 7.972068 37 2.105777 38 16.517998 48 10.382657
3
0 4 10 2.284183 47 9.633829 12 10.145465 48 2.111422
1 4 44 16.805127 11 8.238437 10 16.899343 30 5.184165
2 4 30 2.484743 36 14.769025 32 2.711631 16 16.510629
3
0 4 10 1.331627 33 3.171187 24 8.035074 38 19.260246
1 4 49 7.616459 30 10.518653 34 6.847355 21 16.178663
2 4 23 12.268674 41 2.347893 16 14.745621 49 8.065399
3
0 4 10 6.113269 44 16.515319 33 2.274238 31 13.949338
1 4 32 2.067906 42 15.336285 20 2.463664 24 16.650162
2 4 23 11.251059 33 13.289720 44 14.885806 24 9.520672
3
0 4 10 17.931847 35 2.804188 25 12.421693 39 6.805810
1 4 17 10.170133 18 7.324577 23 5.333997 24 14.246103
2 4 46 6.389771 41 11.518772 21 6.505293 44 10.767046
3
0 4 15 7.184880 31 17.738852 44 8.066054 42 11.976216
1 4 35 8.010659 37 16.246543 20 9.239308 43 17.162143
2 4 26 19.286379 35 7.384842 19 4.110037 33 19.457949
3
0 4 15 18.894322 34 1.728561 48 17.704475 26 10.353586
1 4 17 6.045233 43 18.800141 26 16.634560 39 1.725998
2 4 25 5.711847 16 14.362137 46 11.274237 36 12.622274
3
0 4 15 10.807489 32 6.820878 28 2.842277 37 9.681230
1 4 25 6.193331 46 4.278974 48 18.936549 40 16.898888
2 4 26 2.115859 21 4.498787 31 17.667414 38 16.703591
3
0 4 15 17.774117 39 5.389280 22 18.555732 40 17.352707
1 4 25 1.736656 28 14.682765 38 8.845850 36 1.949805
2 4 45 7.394659 16 12.709835 20 2.785946 37 11.344380
3
0 4 15 11.211468 41 9.068635 18 6.240916 43 3.260743
1 4 41 17.042164 23 2.655213 24 14.614330 29 13.080478
2 4 35 15.856569 38 10.103887 39 7.723063 19 14.265296
3
0 4 20 1.932389 30 8.790374 43 1.012947 45 10.464977
1 4 34 6.373143 23 15.525494 31 7.115694 30 14.756435
2 4 44 18.853687 46 18.648024 21 18.674108 20 8.706860
3
0 4 20 6.826620 48 16.465557 21 7.983525 28 16.631400
1 4 49 19.249806 32 18.596755 40 13.091804 46 12.009164
2 4 45 10.523111 43 4.034251 23 8.982899 30 5.404238
3
0 4 20 8.263825 39 6.795762 35 5.009647 28 2.521366
1 4 20 14.500695 33 9.530633 37 13.862716 41 11.182229
2 4 39 11.943166 31 6.996266 30 2.138805 20 13.355189
3
0 4 20 14.429803 21 10.208312 47 18.915687 26 13.489964
1 4 47 5.356295 23 18.864639 22 9.801966 25 18.315616
2 4 24 3.976792 44 13.200470 23 19.948667 22 11.911506
3
0 4 20 17.199749 46 4.608050 25 12.673596 24 11.534238
1 4 44 11.391500 28 8.395578 36 18.250413 43 5.483549
2 4 49 17.524535 23 13.744403 46 4.315398 40 11.487256
3
0 4 25 3.578479 48 7.891588 41 11.440808 47 6.326666
1 4 40 9.469944 39 2.508999 32 6.811079 49 17.602177
2 4 49 8.686446 45 13.598003 36 12.901782 32 11.494990
3
0 4 25 14.003186 36 1.882640 30 16.321388 38 2.719135
1 4 29 9.460705 35 3.606681 48 3.534993 38 6.267392
2 4 33 2.143216 34 14.906244 35 4.886029 25 2.162223
3
0 4 25 9.786044 26 8.545488 46 6.154838 47 5.119541
1 4 42 4.107480 38 18.650285 27 3.384247 25 18.252772
2 4 33 11.746462 44 10.335922 42 14.225063 28 3.179014
3
0 4 25 16.781307 41 6.860980 34 10.088701 49 6.638952
1 4 30 3.049583 39 10.377346 42 19.730426 31 7.371581
2 4 48 13.695968 42 4.047818 32 16.843487 26 12.616403
3
0 4 25 14.655046 41 12.462484 46 7.411721 28 7.493722
1 4 30 5.312271 33 11.623869 26 3.904865 37 4.546842
2 4 37 8.332447 39 9.840674 31 15.747917 35 2.499094
3
0 4 30 10.771271 35 12.987889 45 7.549635 31 5.015255
1 4 41 3.526972 45 5.345900 43 16.612242 39 15.836692
2 4 37 18.076401 35 9.270682 39 4.329339 48 18.095471
3
0 4 30 4.485912 38 8.079644 33 15.958090 37 16.388865
1 4 30 18.602620 40 1.979117 45 15.148895 49 12.712542
2 4 32 9.671933 46 17.926558 44 18.366307 33 8.911909
3
0 4 30 12.826491 32 18.528354 46 11.340271 38 7.620859
1 4 34 6.809156 45 10.751315 42 13.317933 30 12.500403
2 4 39 2.576558 41 15.098120 32 1.924413 40 12.051396
3
0 4 30 5.419720 45 7.346716 33 18.584224 36 14.373807
1 4 39 7.917192 34 10.227172 37 14.384867 45 2.184245
2 4 41 12.036204 47 4.821471 42 12.564411 38 19.973771
3
0 4 30 19.919991 35 6.308199 40 13.537707 47 19.011586
1 4 46 14.421861 35 15.211660 30 2.141988 44 6.117296
2 4 49 8.478060 33 8.881794 48 12.290002 39 18.234456
3
0 4 35 18.770723 46 3.099091 41 17.339321 43 4.981803
1 4 45 6.273207 48 12.878626 38 2.792581 46 12.390120
2 4 42 5.044862 49 6.373502 46 17.510627 47 8.535412
3
0 4 35 18.646657 40 4.400795 43 9.258448 47 19.161076
1 4 36 9.498337 43 9.096888 47 7.125083 38 16.310944
2 4 35 3.210085 48 16.422722 40 12.613683 41 13.574800
3
0 4 35 9.525285 49 18.368163 37 17.400171 36 10.426605
1 4 46 8.984473 44 11.084716 35 14.393423 41 16.936764
2 4 36 14.539191 46 18.467081 38 7.366657 47 17.633798
3
0 4 35 14.952737 39 16.533307 36 11.024103 48 7.608603
1 4 43 14.151002 49 18.467716 41 7.130440 46 6.331596
2 4 41 4.132644 38 3.140197 42 16.809321 37 17.368665
3
0 4 35 15.067205 39 7.280450 48 7.128314 40 15.419881
1 4 48 13.093771 45 19.045676 37 6.323278 42 12.212834
2 4 48 14.387508 47 4.014883 35 6.210384 44 9.716179
3
0 4 40 11.427192 41 17.823076 45 14.788826 47 16.564003
1 4 42 15.710919 47 4.019778 43 15.240421 41 7.123478
2 4 46 2.612528 41 5.664505 47 2.802918 49 6.998205
3
0 4 40 15.505226 42 15.041272 43 12.096835 48 11.639132
1 4 43 5.861962 41 4.497159 48 3.825181 45 19.584344
2 4 48 8.086462 45 1.870995 44 8.747533 40 13.543339
3
0 4 40 3.610163 41 1.547783 45 4.216104 43 16.503175
1 4 46 4.375122 43 8.399445 45 6.763505 47 6.170148
2 4 45 12.374868 43 7.621361 41 8.388831 49 7.975172
3
0 4 40 16.509748 45 3.460812 42 11.642720 48 10.902977
1 4 40 1.250734 48 19.849488 42 8.220582 43 13.020945
2 4 40 17.552113 43 1.349425 46 11.223312 44 11.287740
3
0 4 40 1.999186 47 11.231298 42 18.209723 48 8.440204
1 4 42 1.041536 43 5.172377 41 1.146972 44 16.859895
2 4 44 9.051548 47 10.974276 41 9.679567 46 8.571031
3
0 4 45 19.936894 46 10.317789 47 4.205408 48 15.058602
1 4 47 9.153274 46 9.758984 45 3.208886 49 16.062938
2 4 47 15.763960 45 10.110350 46 8.215502 49 12.798710
3
0 4 45 14.419676 49 9.436618 47 11.512690 48 3.965090
1 4 48 11.882754 45 16.033827 49 1.024833 46 10.790684
2 4 45 8.160526 47 16.240542 49 11.259660 48 18.405687
3
0 4 45 7.803194 48 12.897357 46 5.938461 47 19.581330
1 4 46 14.974812 47 4.231606 49 14.375246 45 2.809767
2 4 48 10.667792 47 3.052896 49 9.648550 46 1.863588
3
0 4 45 10.930151 47 7.154757 49 11.024057 46 1.091595
1 4 49 1.690404 46 4.636095 48 6.461057 45 11.573092
2 4 48 3.036073 49 3.876203 46 5.209730 45 2.022953
3
0 4 45 11.204654 46 10.967756 49 12.682438 47 11.245525
1 4 47 6.164250 49 16.908617 45 11.445832 48 9.256466
2 4 47 6.415468 46 8.453691 45 16.966265 49 7.623191
3
0 4 49 17.310421 49 15.462793 49 14.440603 49 7.784741
1 4 49 5.245107 49 10.833232 49 10.725709 49 1.660497
2 4 49 17.214777 49 7.622783 49 4.157619 49 4.654523
3
0 4 49 8.345420 49 16.755004 49 18.043333 49 1.241081
1 4 49 10.365070 49 15.912582 49 6.632401 49 1.273580
2 4 49 6.457676 49 9.512128 49 15.234302 49 2.271667
3
0 4 49 13.294807 49 8.933659 49 6.583846 49 10.442541
1 4 49 17.710059 49 2.074429 49 15.105709 49 19.181100
2 4 49 5.320951 49 8.292614 49 17.263623 49 6.197045
3
0 4 49 3.044796 49 9.335056 49 18.234756 49 14.659189
1 4 49 2.951028 49 15.601871 49 13.465652 49 12.998697
2 4 49 16.021412 49 7.312592 49 16.393223 49 15.330342
0
