50 49
3
0 4 5 11.045865 13 9.662634 34 16.090772 44 7.988658
1 4 46 14.285005 20 8.734579 6 5.342353 42 17.342319
2 4 17 15.160746 19 1.290361 15 10.188603 23 5.982434
3
0 4 5 3.068024 6 5.170785 48 7.610011 24 5.784449
1 4 42 14.199747 48 3.669210 6 12.255063 44 2.475415
2 4 34 9.194383 30 12.609524 20 13.596605 10 11.407527
3
0 4 5 7.704299 12 12.212153 33 5.035758 11 4.645885
1 4 42 16.305652 31 1.390875 13 17.630434 38 13.512753
2 4 49 7.371375 38 19.482385 20 17.011057 10 4.704300
3
0 4 5 18.340494 40 19.257227 49 18.115682 20 14.714872
1 4 41 8.114543 35 15.331361 19 17.222569 8 5.307907
2 4 48 17.797277 19 5.212035 17 15.605999 5 16.681960
3
0 4 5 12.481746 30 7.020115 33 3.848336 31 13.580539
1 4 7 4.237071 45 15.342812 25 3.185072 38 9.733805
2 4 25 17.051085 17 15.416680 11 3.679304 36 9.752687
3
0 4 10 5.889259 42 4.298410 20 18.531924 41 12.065129
1 4 46 7.522808 29 8.382496 22 10.652537 11 16.991143
2 4 38 19.750296 44 12.685612 13 10.494681 32 19.764690
3
0 4 10 12.523829 24 11.593528 42 15.115048 41 7.457462
1 4 47 5.178328 18 2.670163 35 8.582112 15 15.988642
2 4 21 8.379737 19 11.219954 28 10.940243 15 5.372936
3
0 4 10 1.124730 34 19.051877 37 15.061726 28 6.441106
1 4 35 14.390913 15 17.605216 34 12.805872 14 5.912252
2 4 19 5.098019 42 18.697009 46 14.035997 41 1.659249
3
0 4 10 3.025903 37 2.740223 27 3.364377 40 12.823889
1 4 12 3.267497 27 16.860376 44 13.005477 29 2.751292
2 4 37 6.071065 11 9.340501 27 3.629755 33 2.327835
3
0 4 10 1.483390 46 17.619622 13 1.137570 30 9.403005
1 4 41 10.776846 15 1.354707 32 5.462384 34 12.321854
2 4 32 2.907302 25 6.291150 49 2.554260 30 10.429873
3
0 4 15 17.336314 32 7.059974 45 16.945974 42 3.678998
1 4 49 18.029552 33 15.023167 31 6.429001 41 10.666055
2 4 19 12.419425 38 8.638975 15 19.590336 23 5.317117
3
0 4 15 13.305210 29 14.360644 44 16.357874 42 9.948321
1 4 33 2.509122 35 5.876585 45 5.141115 15 12.465690
2 4 17 16.922444 22 8.049822 35 17.172861 39 19.990556
3
0 4 15 16.293936 21 5.633594 18 5.616404 22 7.832272
1 4 30 4.871020 47 13.184488 33 12.687583 31 18.498206
2 4 27 2.099583 17 18.152182 21 11.557763 16 11.793958
3
0 4 15 6.632556 35 7.348783 20 17.586148 40 1.627188
1 4 46 10.582380 24 19.862066 30 7.906250 20 17.641876
2 4 35 6.769736 33 4.185044 34 4.855698 45 1.408930
3
0 4 15 12.859192 39 6.043073 36 16.239865 24 19.617060
1 4 16 5.110290 31 8.563158 36 13.622707 46 2.489846
2 4 40 12.588305 35 3.444983 17 18.754135 22 1.486790
3
0 4 20 9.834682 37 13.314514 46 17.181849 29 11.059957
1 4 47 15.664364 24 8.773290 48 2.492020 21 11.622560
2 4 30 18.036340 27 5.584739 26 12.004476 35 1.282936
3
0 4 20 9.895388 22 10.969407 27 8.372712 38 12.233007
1 4 28 3.383917 49 6.185751 29 13.740155 31 17.497695
2 4 39 19.599705 33 5.078507 20 6.149107 26 14.242453
3
0 4 20 6.987453 47 12.838107 33 17.818794 22 5.127163
1 4 23 7.037040 42 11.560423 45 5.554437 47 9.315295
2 4 21 11.199259 40 6.064022 39 18.117845 30 6.046020
3
0 4 20 15.824772 25 10.071490 36 9.319763 29 13.671055
1 4 38 17.076866 36 5.034789 49 16.577293 48 2.919462
2 4 41 10.451101 45 9.276697 22 15.262529 24 16.353129
3
0 4 20 6.016458 44 17.987060 35 6.989326 37 18.143106
1 4 32 3.816157 48 16.905560 49 5.925297 31 8.280905
2 4 42 9.815393 26 4.415613 45 6.824867 36 5.853904
3
0 4 25 3.275600 43 5.665506 33 15.017216 35 17.552424
1 4 48 4.714258 27 5.878936 38 6.834814 40 17.829876
2 4 31 11.460980 28 6.054007 37 15.324125 40 17.591511
3
0 4 25 1.109189 45 5.047334 38 11.307525 36 15.941121
1 4 29 19.501252 38 15.568996 39 11.135625 49 11.180817
2 4 40 5.401639 45 8.948599 25 1.859577 37 9.503269
3
0 4 25 18.843554 33 3.048500 35 17.964226 41 12.691444
1 4 49 15.492329 27 2.748385 46 18.945147 29 11.827302
2 4 44 5.063767 27 14.256109 46 18.935723 40 7.706648
3
0 4 25 10.878966 38 13.212200 41 6.188882 26 5.876453
1 4 47 10.257957 49 17.714479 35 3.006478 46 16.741975
2 4 39 19.939967 45 8.942785 27 5.123444 29 13.405038
3
0 4 25 2.635296 46 11.180168 27 14.549973 48 15.906553
1 4 31 6.866609 33 6.494555 42 18.110381 49 19.559464
2 4 30 2.862387 41 1.022997 34 13.886626 38 6.251248
3
0 4 30 14.832150 46 8.414673 38 11.123049 40 17.622983
1 4 32 11.416238 46 5.901558 45 7.050251 48 14.537999
2 4 39 19.871402 33 14.031531 47 17.198610 45 18.336276
3
0 4 30 15.922606 41 7.192952 40 10.361704 33 3.225126
1 4 46 18.442790 40 6.540649 45 16.809752 48 5.191981
2 4 44 19.033870 47 3.501821 40 14.680392 31 19.668423
3
0 4 30 16.241676 40 19.747298 49 7.961794 48 9.859197
1 4 43 19.000103 31 7.899674 38 10.692284 46 3.333786
2 4 42 4.130854 32 11.099635 40 12.701622 34 11.746194
3
0 4 30 7.113730 42 7.278229 46 2.387602 35 2.984463
1 4 49 11.550980 35 8.192742 31 3.219722 34 17.420563
2 4 48 14.624567 40 19.142309 32 17.400834 30 8.455091
3
0 4 30 4.820960 48 4.071273 38 9.872902 44 16.064504
1 4 41 19.776874 32 5.841842 43 17.905272 33 8.525961
2 4 40 15.417252 44 12.001364 46 7.957891 49 10.854216
3
0 4 35 9.428197 46 12.974638 42 13.869892 44 1.277334
1 4 40 16.660635 43 9.755839 46 1.244878 45 19.855271
2 4 37 9.656763 48 18.666580 40 10.581934 47 7.940275
3
0 4 35 13.961354 38 19.296357 37 17.449479 42 8.209302
1 4 40 17.725322 47 18.601345 38 2.728298 45 12.760320
2 4 47 12.726477 36 13.248755 44 6.440278 48 4.039503
3
0 4 35 4.017788 40 1.366380 39 1.503933 46 16.446639
1 4 36 9.222626 45 9.886296 39 10.949584 47 10.916061
2 4 42 10.664089 44 6.647989 35 4.630673 49 2.262547
3
0 4 35 1.462759 48 13.682464 37 4.165487 47 1.482426
1 4 48 7.976278 44 8.759565 40 8.642492 47 18.673930
2 4 46 8.132672 37 10.979720 35 2.403880 48 2.764641
3
0 4 35 14.949262 49 10.497375 41 15.343711 44 7.745623
1 4 48 6.268388 39 1.367267 47 3.141249 40 12.738300
2 4 49 13.885754 36 16.919491 37 17.074084 42 17.550967
3
0 4 40 10.697127 49 10.241996 45 2.092831 41 2.806945
1 4 41 5.488823 40 1.976515 48 5.493098 47 18.193073
2 4 49 10.178115 48 4.893799 42 3.042684 46 1.537040
3
0 4 40 14.600332 42 11.967584 48 18.960183 49 9.282045
1 4 45 3.057364 40 17.827899 46 7.520348 44 2.283426
2 4 48 16.206574 40 11.609368 45 7.962590 44 15.821208
3
0 4 40 9.972632 43 9.820413 48 2.690867 42 12.330907
1 4 47 16.504442 44 13.593210 46 11.447242 43 15.889251
2 4 45 17.470212 42 3.984538 44 14.726822 43 15.143453
3
0 4 40 9.440229 44 5.676437 45 4.941876 42 7.498050
1 4 44 11.349686 42 10.057612 49 12.830825 40 3.118484
2 4 46 1.189991 43 2.747695 44 9.928325 42 18.842049
3
0 4 40 17.047306 47 3.014343 46 15.648204 43 9.282701
1 4 46 14.589436 40 11.245571 47 12.823943 48 10.571338
2 4 45 6.250499 49 1.196637 48 2.133295 46 18.135877
3
0 4 45 13.755983 49 11.975049 48 10.867205 47 11.486033
1 4 47 13.599070 49 5.576001 48 9.455072 46 16.937686
2 4 46 7.240980 49 10.394930 45 3.173871 48 1.492881
3
0 4 45 1.747988 49 4.492301 46 4.902526 48 8.522208
1 4 45 10.374243 47 17.122339 49 5.000017 46 12.540854
2 4 47 12.869636 46 1.339349 45 12.240113 49 19.136859
3
0 4 45 14.404862 47 19.782951 46 10.327493 48 4.821635
1 4 46 3.784770 49 11.040717 45 9.156802 48 16.493320
2 4 45 12.042462 46 12.463506 48 9.419992 47 14.189158
3
0 4 45 16.172563 49 19.859215 48 6.365996 47 17.928569
1 4 45 11.649522 47 7.460986 46 11.738628 48 19.160710
2 4 45 8.450839 49 2.217597 48 5.491094 46 5.213984
3
0 4 45 14.020853 46 5.999326 47 14.019554 49 18.847526
1 4 47 18.277929 49 7.634353 48 18.678489 45 14.316455
2 4 45 11.774893 46 7.747407 47 6.346458 49 11.432948
3
0 4 49 6.017982 49 17.939378 49 2.529154 49 10.827150
1 4 49 18.689342 49 8.919266 49 3.641937 49 7.650058
2 4 49 3.503594 49 17.909295 49 6.819150 49 10.748462
3
0 4 49 2.445561 49 15.997886 49 9.975444 49 19.704861
1 4 49 11.508102 49 2.231439 49 10.024674 49 15.565269
2 4 49 6.031328 49 18.520567 49 10.897455 49 7.877783
3
0 4 49 6.324390 49 10.695707 49 5.283408 49 12.704996
1 4 49 7.600055 49 6.723207 49 7.197421 49 6.520043
2 4 49 13.974731 49 8.832351 49 3.259678 49 12.376856
3
0 4 49 4.735557 49 8.015128 49 4.788226 49 3.693948
1 4 49 11.049200 49 10.714114 49 6.384806 49 1.909481
2 4 49 13.323836 49 1.133796 49 5.196192 49 17.500565
0
