50 49
3
0 4 5 17.555633 24 9.044336 39 13.707843 43 11.189844
1 4 45 13.211137 24 9.249407 35 16.198459 34 2.397746
2 4 23 1.729629 14 1.738919 32 18.958532 24 11.001623
3
0 4 5 4.353078 23 2.822601 16 14.005132 49 5.998081
1 4 5 11.621154 37 1.456515 23 14.223681 28 2.664336
2 4 15 1.456168 21 2.936247 49 6.745245 45 16.369338
3
0 4 5 7.255501 18 10.999232 12 1.545395 14 11.043154
1 4 29 6.691064 28 2.824227 35 17.608036 23 4.134463
2 4 45 18.382885 42 19.853805 47 11.762821 21 12.221487
3
0 4 5 3.201321 49 15.592357 14 10.552901 26 19.355435
1 4 10 5.701377 37 17.758121 13 10.759930 41 18.666465
2 4 45 5.369300 30 15.969687 44 19.194233 11 16.206555
3
0 4 5 4.667000 14 14.850764 34 6.363238 39 15.283812
1 4 28 9.360197 23 15.057533 30 4.709454 5 18.424324
2 4 17 11.807703 46 17.303297 36 9.178439 10 12.868573
3
0 4 10 17.911450 14 5.559176 17 4.211692 47 14.673854
1 4 17 5.487075 34 8.920955 49 2.161899 18 19.555078
2 4 48 3.948312 32 18.920588 29 14.752715 18 6.261736
3
0 4 10 17.629070 19 15.296272 42 3.049380 29 10.184674
1 4 13 8.561011 23 10.996480 46 15.633448 15 19.294194
2 4 26 3.032096 21 5.014421 20 19.723270 14 12.502124
3
0 4 10 8.814596 41 10.361031 35 19.365420 25 7.279968
1 4 17 15.497610 39 2.411379 49 4.542966 47 14.824679
2 4 39 12.612322 31 3.309667 12 1.494575 14 19.969795
3
0 4 10 15.789488 41 11.027986 46 12.501168 17 2.789400
1 4 37 17.975728 16 18.980698 17 3.963755 20 19.941707
2 4 39 9.219221 47 15.968629 48 4.174767 35 1.530048
3
0 4 10 16.586321 42 9.090112 12 11.468385 49 2.954588
1 4 47 14.094171 17 5.543838 14 1.625391 30 17.195769
2 4 21 7.488570 37 12.627060 42 6.724268 45 9.004878
3
0 4 15 17.064390 38 9.934912 19 19.464976 16 13.765596
1 4 46 10.240390 25 13.861165 29 17.300364 42 8.217899
2 4 36 17.233928 20 16.394438 44 8.103420 39 3.321287
3
0 4 15 6.271362 35 16.924825 23 16.411532 25 3.966526
1 4 30 17.094002 35 7.630187 16 14.712765 41 18.117966
2 4 42 17.508164 26 19.240600 45 14.254814 39 13.412141
3
0 4 15 18.080421 37 7.892631 49 6.287887 18 6.384632
1 4 39 11.785939 44 8.371420 33 1.069341 24 9.591469
2 4 16 12.791288 29 16.886059 21 5.030894 26 18.714830
3
0 4 15 7.379263 16 17.400042 27 15.528447 32 2.962354
1 4 31 4.837196 39 1.893473 24 13.818013 40 13.209001
2 4 31 2.627108 22 17.729755 23 10.488080 21 14.471001
3
0 4 15 8.789136 42 19.268509 47 1.837711 24 11.387826
1 4 35 1.693283 25 16.499498 26 6.017420 23 17.911821
2 4 28 1.051966 18 5.130069 39 3.598414 30 2.089334
3
0 4 20 19.486667 43 3.153455 27 2.652549 21 6.197605
1 4 34 1.275991 30 6.773374 38 7.240092 43 9.866717
2 4 22 16.535731 23 13.012169 21 9.070862 35 12.390839
3
0 4 20 17.520350 23 3.004638 28 18.483683 43 12.473596
1 4 27 17.757322 37 2.281387 31 10.043410 44 3.638253
2 4 49 15.987277 28 5.956114 26 15.885968 20 11.529047
3
0 4 20 12.264512 46 9.741534 29 16.138818 49 8.937857
1 4 45 8.832382 38 7.830085 34 19.397613 44 10.770173
2 4 28 2.125822 38 19.365928 33 7.431823 37 7.327965
3
0 4 20 5.588917 22 3.049007 33 14.439254 34 13.133077
1 4 48 5.344834 36 5.027828 34 19.448740 46 18.453314
2 4 40 9.840839 25 14.913465 44 5.034762 41 18.264973
3
0 4 20 6.172156 27 13.788554 39 13.790520 42 17.986123
1 4 48 1.120518 49 1.027289 45 19.063777 29 1.809306
2 4 45 14.515853 25 17.963674 26 12.066928 29 5.802027
3
0 4 25 1.582356 30 3.221615 44 13.915267 46 19.544196
1 4 47 17.166042 35 7.677212 27 10.019749 42 11.806437
2 4 36 1.660889 28 10.235800 47 12.902381 32 6.542173
3
0 4 25 14.328616 45 8.114570 31 19.938848 30 3.013315
1 4 43 14.326976 28 17.715074 42 8.276566 34 19.571492
2 4 40 16.250764 36 7.793430 45 12.705611 43 19.094212
3
0 4 25 14.203580 46 1.211184 48 6.339973 29 11.596159
1 4 28 15.245302 27 9.943218 48 9.899435 49 6.060111
2 4 48 7.907789 36 6.907905 47 19.620864 38 8.059911
3
0 4 25 15.762748 43 18.646642 35 2.489235 28 2.101369
1 4 34 13.924484 29 13.771551 49 15.361505 33 1.132980
2 4 46 19.756352 27 15.169027 43 9.025789 44 19.585919
3
0 4 25 4.526781 39 8.497062 47 17.206850 36 1.179110
1 4 29 6.349292 28 12.792208 41 18.756324 39 14.970844
2 4 30 10.314947 28 18.777131 49 3.311324 27 15.883362
3
0 4 30 19.470844 36 4.775899 45 5.781275 32 9.790802
1 4 33 6.012675 41 1.389678 35 2.795344 44 15.371220
2 4 30 11.150308 44 2.917097 46 3.075225 45 15.795838
3
0 4 30 16.061881 35 2.882540 41 5.447683 45 3.545496
1 4 44 14.507065 32 1.734393 43 10.441726 48 12.446101
2 4 47 6.990195 39 1.418850 42 15.413445 41 15.888371
3
0 4 30 5.260288 36 14.741235 39 12.259702 31 16.845236
1 4 36 17.563265 41 9.261700 44 12.418550 45 10.442966
2 4 48 3.955604 36 15.014670 46 2.825331 33 3.749791
3
0 4 30 15.702866 47 15.142539 42 17.211402 37 4.486604
1 4 33 14.910285 31 13.967321 41 19.772341 47 6.795287
2 4 35 9.122354 37 2.951982 33 10.666233 36 6.666187
3
0 4 30 19.433000 42 13.899517 35 15.320823 46 1.357428
1 4 39 14.038451 46 14.446446 32 11.773099 35 14.380982
2 4 30 14.108578 31 9.750050 46 2.192324 38 10.180190
3
0 4 35 16.479191 43 4.479636 49 15.005266 44 13.545535
1 4 35 6.249568 43 12.881472 38 13.981956 40 17.470742
2 4 36 16.499779 43 9.839470 40 19.718577 49 8.739999
3
0 4 35 10.428177 42 8.981947 43 12.423996 37 7.421123
1 4 36 8.225849 41 5.707200 38 8.486826 49 1.504253
2 4 43 14.179136 39 5.426074 35 14.065517 44 19.356064
3
0 4 35 7.341254 46 15.744333 40 7.888664 38 15.076738
1 4 48 13.370238 44 6.347318 40 9.028398 38 19.079774
2 4 36 8.995523 38 11.569076 41 9.698597 39 19.599378
3
0 4 35 1.440550 41 19.625504 38 1.096191 48 18.230655
1 4 44 12.888520 47 4.461431 41 3.457200 40 1.294745
2 4 36 18.409018 41 18.345709 47 17.184788 39 3.799444
3
0 4 35 8.255059 45 13.447980 41 15.987156 48 11.349846
1 4 46 2.295137 41 17.889467 42 12.146994 45 1.898198
2 4 41 16.008756 44 5.517033 40 10.935570 48 13.784052
3
0 4 40 17.975226 45 15.357882 48 18.344618 49 9.427040
1 4 47 18.654096 46 15.221743 41 14.909537 44 1.673684
2 4 44 10.080275 43 7.762273 47 13.592237 45 10.226804
3
0 4 40 12.587192 47 2.861799 43 7.293500 48 19.665408
1 4 46 4.608041 41 18.011106 49 5.256994 45 19.442845
2 4 43 6.642548 46 5.947727 48 5.945273 41 10.167426
3
0 4 40 5.284678 43 16.397030 42 13.679232 44 4.103087
1 4 48 9.058317 46 16.885255 47 14.139049 40 11.216412
2 4 47 16.219795 46 9.805385 40 9.242733 41 4.812366
3
0 4 40 18.449847 47 16.971949 45 10.453654 48 2.887777
1 4 45 5.633830 41 10.548861 48 5.920610 46 4.868969
2 4 42 5.746435 47 7.679982 45 5.459896 49 5.519852
3
0 4 40 14.785710 43 1.744804 48 18.812857 42 8.083480
1 4 43 1.941800 40 8.885329 46 9.211754 48 9.645545
2 4 42 9.854050 40 13.856535 41 6.045401 49 8.831709
3
0 4 45 18.835608 47 9.183065 49 12.877454 46 15.958038
1 4 47 17.413452 48 6.632321 46 9.848415 49 1.218350
2 4 49 7.386370 48 7.120198 45 4.912270 47 5.248376
3
0 4 45 4.120231 47 14.697288 46 16.563481 49 3.383594
1 4 48 7.144825 47 2.232935 46 12.547238 49 15.118690
2 4 48 5.233051 45 10.335019 47 9.163375 46 12.546741
3
0 4 45 5.948580 47 6.409863 49 7.346143 48 6.680757
1 4 46 9.031539 45 18.677163 49 8.870390 47 10.716872
2 4 49 3.910216 46 19.561197 47 17.514511 45 2.687720
3
0 4 45 12.901261 46 1.057759 47 2.717001 49 5.109652
1 4 48 5.804296 45 19.289524 49 1.047789 47 16.304061
2 4 47 17.700959 45 2.194584 49 13.234359 46 12.671281
3
0 4 45 19.634639 46 6.071404 49 14.412742 47 16.177888
1 4 48 5.779208 47 15.812323 45 7.532661 49 14.233470
2 4 48 10.351758 45 13.031821 46 3.888764 47 9.025952
3
0 4 49 13.147756 49 19.284928 49 5.935693 49 19.649960
1 4 49 5.044118 49 11.739980 49 8.002591 49 4.590124
2 4 49 13.048777 49 13.227340 49 1.580418 49 14.706641
3
0 4 49 9.750502 49 1.207584 49 18.047049 49 18.795968
1 4 49 10.044494 49 13.183258 49 14.340600 49 15.127072
2 4 49 6.937154 49 4.694865 49 2.188430 49 18.133854
3
0 4 49 11.483529 49 16.064482 49 15.280824 49 19.464622
1 4 49 9.720259 49 2.405796 49 8.588987 49 8.564649
2 4 49 7.964971 49 15.246283 49 7.086951 49 11.096942
3
0 4 49 13.640780 49 13.838476 49 17.714050 49 8.824514
1 4 49 18.452296 49 14.447723 49 5.173591 49 14.936232
2 4 49 3.921698 49 13.614364 49 13.628077 49 18.358242
0
