50 49
3
0 4 5 9.017204 18 15.603267 31 8.552109 13 8.766317
1 4 11 16.095573 29 1.423492 43 1.836551 48 13.826086
2 4 21 14.323906 30 10.056145 20 17.115351 10 7.055177
3
0 4 5 10.214801 34 15.029210 21 19.653598 43 16.273787
1 4 6 19.211280 48 1.189153 9 12.382958 5 10.596334
2 4 22 17.508408 7 8.343225 13 9.057744 32 12.013050
3
0 4 5 2.516234 13 10.688930 33 19.694152 27 18.505723
1 4 38 16.246029 6 1.302275 27 9.856261 47 17.752561
2 4 12 11.116039 29 11.472173 20 16.621671 32 3.428519
3
0 4 5 18.467988 20 10.205474 37 10.828793 46 2.108921
1 4 27 14.108605 39 10.554531 31 4.055447 46 13.193855
2 4 7 11.409437 28 3.726623 43 15.829644 34 16.056475
3
0 4 5 7.680940 41 8.664142 21 16.571706 30 8.117171
1 4 32 11.508165 5 16.571250 21 15.799453 17 6.155462
2 4 14 18.167598 21 8.808146 5 10.086963 7 10.394427
3
0 4 10 17.207102 30 6.199760 32 8.602400 34 13.406820
1 4 49 3.628489 44 2.833835 47 6.348739 41 1.199297
2 4 31 2.402277 25 19.086189 22 14.206671 20 18.915838
3
0 4 10 12.463777 43 2.238076 16 1.166006 24 18.836218
1 4 12 6.771342 48 2.372050 27 2.787978 33 11.844036
2 4 28 3.407866 38 11.918596 45 7.075869 18 15.979463
3
0 4 10 7.549464 26 13.134798 38 9.203229 48 18.891833
1 4 33 6.252646 35 3.928734 41 18.297360 11 14.924758
2 4 12 12.832396 10 8.609380 29 5.762447 42 10.479203
3
0 4 10 9.708514 45 18.886760 47 5.508318 41 5.407767
1 4 10 7.798310 11 12.708540 12 2.390751 37 15.554628
2 4 21 4.736229 28 2.881108 16 13.298297 26 10.822538
3
0 4 10 12.904661 28 2.728361 24 6.789395 20 14.662420
1 4 34 5.383725 26 2.485854 42 4.237623 48 2.762629
2 4 32 13.912766 36 19.138557 21 5.662855 39 13.005646
3
0 4 15 10.560452 44 8.560084 43 15.695130 47 8.678504
1 4 42 11.599409 49 18.152618 16 1.350381 24 8.251923
2 4 27 7.488561 17 3.713026 35 2.754104 24 14.612211
3
0 4 15 9.384317 21 11.840841 23 4.120222 49 12.499285
1 4 32 17.936130 18 10.366151 29 10.748752 17 3.467868
2 4 47 17.764942 46 4.046135 49 9.855452 31 14.882329
3
0 4 15 11.480332 16 5.112767 23 10.724016 22 8.686333
1 4 48 19.644731 19 7.894571 34 2.402912 40 16.888171
2 4 31 12.664717 25 11.936927 27 15.932537 19 12.396703
3
0 4 15 17.703537 17 10.931068 46 12.419313 20 5.821801
1 4 35 14.111277 15 10.627470 26 3.966541 25 2.380580
2 4 17 7.021305 44 6.856149 36 5.904280 18 5.501674
3
0 4 15 17.742511 29 16.709250 42 15.537539 26 12.978842
1 4 41 5.093664 33 11.960468 35 5.768623 30 14.601408
2 4 36 12.832902 30 8.277574 48 18.314697 28 18.938575
3
0 4 20 19.588704 26 1.515063 28 6.208398 31 10.123040
1 4 30 1.114581 32 2.279088 25 6.696593 40 14.991686
2 4 31 1.592074 44 5.887436 49 19.737373 20 9.356485
3
0 4 20 6.437323 42 12.167307 48 3.880698 31 17.185422
1 4 28 9.971005 47 18.812766 34 16.357138 21 13.550674
2 4 36 9.770946 44 8.557977 25 2.355215 33 16.677322
3
0 4 20 12.509450 33 17.410490 49 10.259437 28 18.986527
1 4 35 9.261505 22 6.959275 40 8.091521 47 17.471116
2 4 37 3.225989 42 7.180011 34 18.318769 23 10.562167
3
0 4 20 8.839643 28 2.490717 47 6.095659 21 18.847310
1 4 46 10.192507 28 5.658075 24 8.009030 36 5.345882
2 4 42 14.486270 32 11.032122 33 19.831949 31 18.080873
3
0 4 20 12.498209 47 2.503869 24 13.743373 48 1.525681
1 4 47 12.154064 32 7.254545 23 7.012965 26 5.781860
2 4 49 2.803196 30 12.616282 32 17.175346 36 11.948357
3
0 4 25 18.422122 44 14.309740 41 7.354355 40 6.210026
1 4 38 13.374421 46 16.330664 47 6.368938 29 1.787135
2 4 40 7.791464 37 10.881173 34 2.145115 31 1.536457
3
0 4 25 3.441752 35 16.581164 28 12.377561 39 13.253610
1 4 34 11.484862 43 7.156187 45 19.882287 26 10.985164
2 4 29 12.208037 40 2.869913 31 1.075552 46 15.500770
3
0 4 25 15.268719 46 6.625943 38 3.168354 48 8.883877
1 4 43 10.112336 36 15.645795 41 6.889823 37 10.792521
2 4 44 5.507911 33 9.800250 45 7.001191 39 12.571260
3
0 4 25 12.834958 36 13.749269 43 7.169165 31 3.290002
1 4 49 16.232236 25 12.020811 40 12.777002 28 1.133922
2 4 43 8.064100 29 3.019654 46 11.707554 41 4.904229
3
0 4 25 10.670862 48 14.178190 27 6.963761 49 13.202463
1 4 40 4.559158 32 17.907278 38 5.005488 29 17.283939
2 4 35 3.247607 34 11.679187 27 9.694324 42 12.264169
3
0 4 30 3.097440 47 3.851389 43 13.073659 42 18.783104
1 4 46 2.258669 43 7.052783 44 5.689548 37 7.417667
2 4 42 17.163980 39 17.764070 30 9.826784 46 2.694912
3
0 4 30 17.349289 39 1.008548 37 13.950110 31 16.625121
1 4 36 15.746472 32 1.936579 43 10.674146 38 6.389306
2 4 30 5.503663 32 12.406059 47 19.934088 34 2.563695
3
0 4 30 18.570391 36 8.925404 40 15.518690 37 9.546445
1 4 33 4.626818 48 7.784835 37 3.936102 38 7.055282
2 4 47 16.366019 44 11.241826 37 19.525772 35 10.982537
3
0 4 30 4.810473 44 8.058576 40 19.745886 38 5.453405
1 4 41 13.931138 45 1.682047 44 16.772000 43 4.818625
2 4 38 14.453122 47 15.195535 34 14.767372 46 17.941999
3
0 4 30 7.810204 44 14.189676 49 7.948234 31 5.003720
1 4 49 4.172833 36 16.737774 48 12.188078 40 18.465045
2 4 40 11.655010 35 10.471978 42 2.725584 32 8.835864
3
0 4 35 2.500463 42 2.301633 48 16.318424 43 16.718786
1 4 47 5.497235 43 4.729578 39 12.874578 49 7.122501
2 4 46 19.503580 47 3.712740 38 7.465987 36 2.122279
3
0 4 35 13.474086 40 1.365199 43 3.414475 39 4.911062
1 4 47 19.350089 43 1.373580 40 2.340518 42 13.651651
2 4 49 8.336642 45 5.419573 40 5.541920 39 1.291656
3
0 4 35 1.178402 49 1.051326 48 12.600560 43 12.749026
1 4 43 4.894252 42 10.873071 38 18.499694 49 13.763141
2 4 49 15.513983 41 19.642260 48 11.044342 45 2.016900
3
0 4 35 10.548166 43 4.423106 39 2.391988 40 9.505342
1 4 35 17.018220 42 11.794839 36 13.439704 46 10.408046
2 4 46 5.108185 38 10.966223 43 4.898654 45 14.054030
3
0 4 35 4.049081 49 4.556351 41 13.841859 43 3.369573
1 4 40 12.998596 37 8.364168 36 11.426851 49 10.714921
2 4 39 4.492744 38 17.783272 35 10.043914 36 2.390445
3
0 4 40 8.738781 48 9.714632 46 2.489289 44 18.790823
1 4 42 8.818014 45 13.764503 40 15.575645 46 1.224918
2 4 40 13.007811 41 2.662407 48 13.173623 43 19.816677
3
0 4 40 1.391013 44 2.243866 46 13.061858 47 5.025740
1 4 43 16.501993 44 10.653512 41 10.926168 48 18.741220
2 4 42 4.432332 46 5.163546 43 15.137957 48 18.974209
3
0 4 40 7.468800 47 2.302664 49 13.928986 43 9.729510
1 4 46 10.153433 41 12.897664 42 14.854874 45 2.627544
2 4 46 15.294082 43 1.645834 47 11.980291 48 13.462339
3
0 4 40 5.307694 44 5.199327 45 3.331019 49 14.270909
1 4 40 5.563692 44 6.203886 41 9.747084 47 14.961240
2 4 46 16.488756 44 19.719894 40 11.316331 43 7.544309
3
0 4 40 2.389754 42 8.430772 49 4.880884 43 5.177803
1 4 42 12.985539 45 17.501370 48 1.400036 40 12.481104
2 4 46 18.631025 40 8.316608 48 7.486470 43 11.701236
3
0 4 45 10.675516 46 9.505790 48 5.857389 49 3.655262
1 4 46 9.453062 45 10.507250 47 6.367591 49 16.552325
2 4 46 10.208980 49 2.809674 48 3.037933 45 19.875796
3
0 4 45 15.426503 49 7.004765 48 17.770739 46 12.167684
1 4 48 5.556880 45 7.070776 46 12.729974 47 7.375822
2 4 48 9.262369 49 15.785595 47 15.397813 46 13.871404
3
0 4 45 2.347566 48 15.161376 46 2.524219 49 1.817972
1 4 45 3.032437 47 2.208279 48 12.358507 49 2.545436
2 4 46 14.719860 48 1.795819 45 4.654908 47 7.039884
3
0 4 45 10.375346 48 15.332524 46 14.023451 49 11.348405
1 4 49 7.010455 45 7.249626 46 1.083005 48 7.393420
2 4 46 11.723008 45 11.206152 48 2.866841 49 15.464061
3
0 4 45 18.959648 49 19.962063 47 5.041427 46 17.765021
1 4 46 5.995314 48 13.447763 47 5.559147 45 13.149512
2 4 47 10.156232 48 7.464389 45 19.679579 46 14.910403
3
0 4 49 12.719739 49 5.790938 49 12.006828 49 19.656593
1 4 49 2.091299 49 6.832834 49 18.021844 49 4.733555
2 4 49 14.074366 49 10.287143 49 8.234845 49 13.792806
3
0 4 49 19.139745 49 1.955975 49 5.436083 49 17.683907
1 4 49 9.759749 49 1.907672 49 3.100707 49 19.063345
2 4 49 2.246580 49 15.296737 49 17.791152 49 14.042305
3
0 4 49 12.550818 49 2.610248 49 6.520898 49 8.193313
1 4 49 14.469775 49 2.849075 49 18.085461 49 9.463409
2 4 49 16.992047 49 9.904250 49 18.293584 49 9.751614
3
0 4 49 1.684935 49 16.553230 49 13.115025 49 12.569255
1 4 49 11.633783 49 4.168918 49 11.672945 49 17.629340
2 4 49 18.739248 49 5.967928 49 19.528211 49 18.425165
0
