50 49
3
0 4 5 19.104945 29 18.418318 11 14.047908 44 4.271360
1 4 25 10.780790 19 5.390174 49 15.021483 41 13.240858
2 4 42 7.654433 13 1.350041 47 3.751661 49 10.922621
3
0 4 5 3.625233 41 2.258222 22 16.394927 29 7.123278
1 4 25 14.086433 19 7.842857 37 6.866416 23 14.922346
2 4 31 15.315760 13 1.537729 20 19.135434 32 5.030912
3
0 4 5 5.029265 34 19.833443 20 9.062932 30 11.846696
1 4 25 18.928614 11 5.083794 39 14.447729 24 11.585981
2 4 49 7.935283 40 14.363134 31 19.525865 5 7.294285
3
0 4 5 5.062402 18 12.396575 48 2.860372 27 19.582263
1 4 18 5.872571 16 9.127751 15 18.498144 36 4.660569
2 4 14 14.844195 21 6.107575 48 7.087325 36 14.234239
3
0 4 5 1.174331 31 12.829870 11 11.038158 44 2.574852
1 4 48 18.890208 27 12.442121 46 18.869507 13 16.612438
2 4 11 6.642726 28 9.746945 34 1.205555 21 16.131281
3
0 4 10 1.124033 42 8.553678 37 14.655639 45 10.051482
1 4 32 1.544964 18 8.982588 38 3.941255 42 2.115927
2 4 14 3.458843 43 11.081634 44 4.989921 47 5.975566
3
0 4 10 19.937126 38 2.673715 26 17.528789 40 17.984264
1 4 26 12.811947 32 10.187357 24 3.446869 12 3.939726
2 4 23 18.515238 49 3.762484 30 8.077720 25 5.505988
3
0 4 10 8.466714 33 16.593893 20 15.503518 30 13.297136
1 4 32 14.539421 12 14.816140 14 15.754366 19 1.603038
2 4 20 8.782065 30 12.106599 16 18.647029 13 6.056392
3
0 4 10 12.980442 25 1.427606 15 8.087070 37 13.259493
1 4 38 1.027075 22 4.247030 23 16.723063 31 16.702576
2 4 27 18.682661 41 11.119941 46 13.519780 29 14.166514
3
0 4 10 3.373401 14 12.524543 17 13.239301 48 15.274679
1 4 20 16.600625 14 14.999497 29 19.168089 46 3.361705
2 4 28 11.873145 22 10.874033 44 9.202067 42 17.021386
3
0 4 15 7.231502 16 9.778550 32 11.519190 18 19.379015
1 4 36 1.600496 27 17.455367 29 3.763082 17 9.643863
2 4 25 4.219152 21 18.102699 23 4.145790 47 16.928966
3
0 4 15 7.298901 23 11.876795 33 13.765028 46 8.105596
1 4 26 18.660894 36 19.090753 42 4.683397 45 17.767797
2 4 17 5.985366 35 18.865649 32 4.675095 16 13.956352
3
0 4 15 12.688718 16 18.974914 33 18.616558 30 4.584698
1 4 16 7.019380 24 15.518578 31 8.171606 36 2.505409
2 4 30 12.196869 17 12.120567 19 4.699060 22 12.451750
3
0 4 15 10.918230 19 11.428798 40 6.730751 21 1.308457
1 4 45 13.458869 47 11.321665 19 13.418441 32 7.949905
2 4 33 17.787916 23 8.716173 39 9.441670 41 15.852510
3
0 4 15 14.272981 18 13.099702 46 1.700947 42 4.029247
1 4 47 11.569963 33 9.316585 29 14.078158 36 6.953910
2 4 46 4.990607 18 3.760773 36 12.530380 19 3.598563
3
0 4 20 16.734025 34 17.086850 47 10.261023 27 1.013916
1 4 36 14.796779 32 14.551589 42 3.950166 29 18.504731
2 4 30 8.315165 24 2.928292 20 1.453056 48 14.039385
3
0 4 20 15.574804 22 9.187925 37 14.853916 48 6.906276
1 4 38 19.024170 43 17.542984 44 12.411391 28 4.541207
2 4 21 14.654640 35 7.768271 33 12.948464 40 4.230112
3
0 4 20 19.241286 21 2.252081 49 19.759142 23 18.939882
1 4 40 13.316397 37 10.869961 49 7.072210 47 4.924986
2 4 48 4.000545 38 6.557874 24 14.993888 49 4.841846
3
0 4 20 3.683538 36 16.848760 22 4.250153 23 2.853078
1 4 29 8.796754 38 16.933583 49 10.683436 44 9.039426
2 4 29 11.567490 27 7.697349 40 19.788699 20 1.945213
3
0 4 20 8.541521 27 4.251388 36 5.360228 32 10.588502
1 4 30 7.037560 27 1.071136 24 18.909369 29 4.493467
2 4 49 13.969270 41 5.506207 21 15.498245 32 7.467971
3
0 4 25 8.475678 37 16.758036 40 18.829466 45 19.335551
1 4 30 10.660204 35 8.455047 32 18.516984 39 17.710362
2 4 34 15.288835 27 13.100370 49 3.949811 48 15.594696
3
0 4 25 8.197292 31 10.392854 32 5.986748 38 7.620986
1 4 38 14.002925 35 4.658845 47 19.136490 49 12.538414
2 4 34 2.045427 49 18.436437 30 13.276404 28 18.406011
3
0 4 25 10.703340 31 19.200388 26 15.378757 37 19.405950
1 4 49 12.234539 40 3.711288 45 9.177677 48 14.970187
2 4 27 13.294833 36 12.742791 41 12.587860 44 15.914238
3
0 4 25 10.942850 41 7.086056 32 14.875884 37 13.851396
1 4 38 6.380542 47 15.317118 31 10.740821 41 19.033513
2 4 32 18.734350 31 9.334136 29 13.821063 40 5.064913
3
0 4 25 1.853859 39 7.335206 37 5.246456 43 4.729167
1 4 48 10.123071 45 8.897540 43 17.435908 38 8.778573
2 4 29 2.438252 49 2.573391 28 14.888663 25 17.419620
3
0 4 30 10.128181 48 16.306012 37 15.848384 43 18.814520
1 4 41 10.531252 44 1.922289 49 13.939365 37 11.310465
2 4 36 7.061068 39 4.675018 38 3.656956 41 11.959388
3
0 4 30 3.448176 31 10.897943 48 7.239099 46 15.125134
1 4 45 12.562341 33 19.156575 34 8.730849 47 3.462505
2 4 43 16.049660 48 15.318548 38 16.542737 35 17.026777
3
0 4 30 16.017981 35 12.741997 44 19.737957 46 3.389693
1 4 48 1.201790 31 16.302748 38 3.512857 45 16.823589
2 4 41 16.358878 44 8.349658 48 19.992612 33 18.274591
3
0 4 30 17.660524 41 8.288952 40 12.043883 37 16.451349
1 4 41 15.165505 46 13.136808 37 6.896376 30 3.201878
2 4 35 12.369540 31 18.245277 30 3.311217 37 3.353659
3
0 4 30 10.804525 48 15.094561 47 1.541378 41 14.514608
1 4 34 17.941820 49 11.032097 33 11.582038 48 15.027602
2 4 42 1.908662 31 11.286207 30 7.757498 37 2.838490
3
0 4 35 1.820824 49 15.162189 42 13.802280 45 3.038344
1 4 46 19.269815 40 4.812821 48 2.309015 42 4.688988
2 4 40 18.623938 49 18.434768 36 13.058288 46 7.026538
3
0 4 35 5.987310 45 14.918102 49 16.286934 41 16.904064
1 4 42 5.805442 37 16.532257 35 5.540771 48 16.833259
2 4 39 19.472359 42 2.746406 49 14.328394 36 3.742917
3
0 4 35 4.483932 43 11.028097 37 17.697953 47 13.314536
1 4 37 6.804005 43 11.740359 48 12.870218 49 18.052575
2 4 35 11.888951 44 11.772364 41 15.595762 47 10.715155
3
0 4 35 3.782921 43 9.837261 38 3.532114 46 1.541927
1 4 43 12.846913 40 14.218421 46 5.361000 35 19.311532
2 4 45 10.713300 43 7.402102 49 4.740312 35 7.913364
3
0 4 35 16.341400 41 9.803687 43 9.045609 48 10.321541
1 4 36 18.037557 37 13.967657 44 16.319580 35 14.062055
2 4 37 4.533079 42 10.700527 49 14.563863 36 13.169736
3
0 4 40 19.537326 42 12.386162 47 13.999131 46 5.228473
1 4 41 16.203129 46 18.251184 47 19.802001 40 14.992257
2 4 40 2.443280 44 15.133190 49 19.931884 45 7.194087
3
0 4 40 16.169605 46 2.512857 49 13.906938 45 7.768129
1 4 45 8.835749 43 9.150827 47 4.628417 48 1.162002
2 4 44 17.312453 45 11.450189 43 2.464186 49 1.357501
3
0 4 40 10.299524 42 10.231480 43 17.600027 48 12.668630
1 4 40 8.398973 47 17.597283 43 7.177608 46 7.003191
2 4 41 6.425299 45 19.085035 40 10.304089 44 19.535197
3
0 4 40 2.727196 49 6.030003 45 7.918875 46 14.695981
1 4 49 19.634482 46 10.028311 48 10.780476 47 5.603772
2 4 45 16.625509 40 14.276969 47 5.156242 41 6.634836
3
0 4 40 18.740078 46 1.831614 48 18.770160 41 16.560674
1 4 42 16.033487 44 6.873454 47 5.856870 40 4.963831
2 4 45 19.392858 42 8.171437 43 5.822367 41 10.885290
3
0 4 45 18.087255 46 13.626642 47 6.217043 48 5.342531
1 4 47 18.648840 46 9.783636 48 3.425185 45 1.884362
2 4 48 17.924460 47 17.344694 49 1.291164 46 4.216250
3
0 4 45 8.906172 48 16.165418 46 7.587682 47 5.431243
1 4 48 6.182819 46 18.060707 45 10.891056 47 9.406166
2 4 48 5.308344 45 7.019979 47 13.742025 49 14.820766
3
0 4 45 2.863945 48 18.726651 49 10.865497 47 4.277982
1 4 48 17.444604 49 9.674112 45 17.892993 47 12.782683
2 4 47 1.940450 45 6.933928 46 5.344335 48 12.397154
3
0 4 45 16.093499 46 3.317648 47 6.076330 49 7.142034
1 4 48 12.431407 47 3.229382 45 6.388403 49 2.018090
2 4 47 12.439089 48 10.807892 49 13.928315 45 11.801473
3
0 4 45 1.990323 48 13.692078 46 3.934407 49 3.961104
1 4 47 5.146877 46 13.466710 48 14.218347 45 9.321338
2 4 45 10.686297 49 17.701596 47 18.286853 46 17.460334
3
0 4 49 4.440776 49 12.186936 49 4.689656 49 8.566456
1 4 49 12.333454 49 12.503210 49 2.227146 49 13.119789
2 4 49 6.166051 49 3.408773 49 13.670512 49 1.345088
3
0 4 49 17.746850 49 14.304152 49 2.574466 49 3.617520
1 4 49 10.784795 49 12.301254 49 2.776918 49 19.743538
2 4 49 3.463928 49 16.488321 49 18.526547 49 15.042291
3
0 4 49 15.153890 49 1.629219 49 1.884958 49 3.969995
1 4 49 5.196488 49 16.247848 49 19.854227 49 2.177796
2 4 49 18.834359 49 2.876063 49 11.008511 49 9.173602
3
0 4 49 9.608433 49 2.811958 49 2.906927 49 6.686621
1 4 49 13.362365 49 12.884709 49 11.291743 49 2.757933
2 4 49 14.273663 49 3.901897 49 14.317303 49 9.071526
0
