50 49
3
0 4 5 19.627249 41 4.775406 11 8.200812 14 18.054954
1 4 28 2.743935 42 14.354847 26 1.692942 36 7.558604
2 4 39 7.816432 9 7.670195 5 19.081837 22 6.701294
3
0 4 5 3.178457 29 17.284531 19 16.068900 11 17.305028
1 4 14 6.693375 37 19.743586 26 2.990394 22 6.971784
2 4 47 18.678410 33 4.350513 10 15.526766 19 19.843527
3
0 4 5 5.576566 8 6.458560 43 1.589813 14 18.668097
1 4 15 19.686983 42 6.152719 40 7.079246 8 7.251629
2 4 37 14.424098 7 14.936853 45 13.505747 28 2.792382
3
0 4 5 19.020361 42 13.454468 8 9.133984 34 16.733774
1 4 20 3.766430 46 10.596734 33 3.123122 36 3.940646
2 4 45 2.168949 35 16.752416 36 5.520716 48 8.584192
3
0 4 5 14.769473 20 18.506227 21 5.696842 14 6.113372
1 4 39 9.633281 20 10.753308 23 8.771445 29 2.722530
2 4 24 10.736879 41 9.485170 44 15.144683 7 12.363738
3
0 4 10 3.193196 29 15.817191 15 5.180341 33 1.961484
1 4 44 9.819163 10 1.001862 12 1.990389 25 18.753848
2 4 20 19.165516 13 19.958103 34 8.486947 26 18.713237
3
0 4 10 2.858740 32 11.773683 49 1.927677 20 14.987566
1 4 17 5.763203 28 2.558271 18 7.768728 26 14.073923
2 4 17 1.782634 18 9.624859 15 16.636572 16 5.508141
3
0 4 10 10.691040 12 13.920737 13 6.730305 44 3.481937
1 4 10 9.072915 46 7.641631 14 11.718406 25 4.552029
2 4 29 6.923586 21 5.711157 40 5.176569 19 19.000946
3
0 4 10 12.908599 45 9.017287 40 11.142560 33 6.033524
1 4 34 6.685882 20 17.806163 47 6.172034 38 13.398036
2 4 36 9.418037 37 5.352198 48 9.010056 38 7.181882
3
0 4 10 9.721613 36 18.198880 34 18.621355 28 19.818680
1 4 37 19.035168 26 11.937859 16 10.447947 48 9.264612
2 4 11 1.162183 29 9.175624 24 6.525396 22 11.303873
3
0 4 15 16.434112 46 18.475537 20 12.321691 37 14.837131
1 4 39 19.191807 30 18.805404 33 7.876916 25 8.768113
2 4 22 15.956561 18 19.145585 44 18.715747 42 11.951205
3
0 4 15 16.297245 19 12.415940 21 16.210578 16 13.150299
1 4 15 5.869399 18 10.825888 42 3.028837 25 2.080920
2 4 25 13.866477 45 18.412356 38 18.044122 46 6.435428
3
0 4 15 18.027601 42 14.479332 36 19.990628 19 13.001459
1 4 22 6.522127 35 3.530142 33 18.904391 26 10.073669
2 4 45 14.806452 26 19.301059 31 6.104363 15 10.856310
3
0 4 15 3.464014 20 18.005657 44 11.136964 37 13.192685
1 4 21 3.032269 35 8.109926 18 18.445929 30 3.713353
2 4 36 14.690753 37 18.017701 33 5.659793 27 6.013712
3
0 4 15 11.496429 44 1.131758 35 12.780483 29 5.567781
1 4 47 10.256647 31 1.876579 44 16.550533 37 16.109242
2 4 26 3.552068 32 3.476505 23 7.744320 48 13.843792
3
0 4 20 3.512505 23 13.507959 28 15.207021 25 14.652927
1 4 37 12.301943 20 17.699273 42 12.488957 43 15.790216
2 4 38 19.425214 44 13.126746 27 15.305682 35 7.499293
3
0 4 20 10.048882 24 16.715446 37 6.243882 34 2.432998
1 4 34 13.407141 42 10.517330 22 9.215240 24 15.560988
2 4 30 10.738178 26 17.161198 20 10.824276 22 4.094890
3
0 4 20 7.647408 30 2.574780 25 4.337995 42 6.572521
1 4 44 9.243966 22 5.788711 30 11.863052 36 3.030970
2 4 26 6.985129 43 1.542056 21 6.520439 33 4.124000
3
0 4 20 7.426778 36 2.190012 47 17.412873 35 18.265516
1 4 41 10.671221 49 7.126433 47 15.022202 48 17.336663
2 4 22 19.526165 36 16.320641 39 18.959047 38 15.741589
3
0 4 20 15.161364 24 12.692196 30 10.725203 46 19.061509
1 4 27 7.657553 26 3.432382 41 1.820948 29 17.310784
2 4 32 2.636338 39 11.125436 31 16.597942 47 18.473773
3
0 4 25 16.157969 32 17.878898 34 3.958370 45 15.467840
1 4 31 10.415376 45 15.181329 41 18.454236 33 13.666759
2 4 37 5.976229 44 13.254942 45 3.372332 25 2.844422
3
0 4 25 2.901835 42 1.649902 46 18.099805 27 14.593388
1 4 38 6.076268 30 3.610753 34 1.787004 47 13.197123
2 4 27 11.962555 45 3.539694 47 4.735679 41 11.792957
3
0 4 25 4.026798 37 4.366447 31 11.691854 32 12.735795
1 4 40 14.422033 45 5.912298 31 16.695802 47 8.355521
2 4 30 5.374928 27 15.804070 45 13.028198 25 19.091908
3
0 4 25 2.908969 27 1.845238 42 3.412898 48 15.759630
1 4 37 4.878698 43 7.316536 31 7.382236 49 2.450184
2 4 30 6.290018 46 5.297071 36 11.898111 38 10.976107
3
0 4 25 3.625358 45 8.664641 39 16.745482 30 2.826954
1 4 49 3.548816 34 14.544302 30 11.356444 42 9.778007
2 4 42 9.647413 36 6.033132 27 18.725606 35 8.783155
3
0 4 30 18.153989 44 15.735669 47 2.164572 37 6.517133
1 4 46 12.286090 30 12.994200 33 1.638027 47 13.928208
2 4 37 12.671872 36 3.698667 43 2.128210 38 5.414490
3
0 4 30 7.329521 41 18.894097 43 2.139521 37 1.062511
1 4 43 9.472441 37 5.128175 42 1.144266 38 4.635389
2 4 48 13.337558 30 2.579955 32 2.672625 49 3.112949
3
0 4 30 2.491932 44 14.258315 38 17.007137 35 10.475670
1 4 44 17.552950 32 15.411831 43 1.334449 49 9.621595
2 4 45 5.372848 42 18.662070 39 11.841873 32 11.564297
3
0 4 30 8.246356 32 2.682663 43 8.715066 45 12.853578
1 4 30 12.956879 47 6.864821 38 4.330372 43 12.592484
2 4 31 3.587729 40 17.651713 45 6.512283 39 2.328580
3
0 4 30 4.058962 44 8.445795 31 7.690305 46 9.935399
1 4 30 9.965718 39 12.844845 45 8.077416 41 5.570470
2 4 31 9.143133 40 17.553758 36 10.278758 44 11.515989
3
0 4 35 17.876173 44 3.519182 39 8.063696 36 19.185765
1 4 39 4.659244 41 19.747556 35 14.868985 36 14.539194
2 4 38 8.473487 35 16.306507 45 3.434754 37 19.354330
3
0 4 35 3.891797 38 14.756329 46 1.370463 36 12.561847
1 4 36 19.545661 38 9.915644 47 9.688935 42 17.528729
2 4 49 4.525462 44 19.822659 39 6.057467 45 11.951726
3
0 4 35 5.364186 45 11.289490 37 3.153157 38 18.374732
1 4 46 8.673710 42 5.954258 41 9.635329 48 6.329355
2 4 40 18.788437 38 18.662393 35 19.856556 42 3.327871
3
0 4 35 10.531385 49 1.366034 38 6.573576 42 11.347865
1 4 39 13.021094 38 2.546912 41 15.177589 42 8.163161
2 4 35 18.388826 40 1.922611 49 8.013596 39 13.623383
3
0 4 35 14.184658 43 2.652575 38 16.241461 36 16.884229
1 4 43 5.953878 48 18.547468 49 9.302289 40 2.105365
2 4 36 5.432279 45 3.334658 48 7.385613 37 7.063783
3
0 4 40 16.237903 46 1.373543 48 19.214857 44 14.627071
1 4 47 17.710488 41 6.249844 46 14.608337 40 19.965486
2 4 40 10.778630 46 2.938124 45 4.707494 49 18.837159
3
0 4 40 8.864310 41 1.287933 45 16.506099 44 17.578134
1 4 47 2.299595 44 9.436149 49 17.701089 41 4.678835
2 4 47 14.618063 41 16.699218 45 5.946952 43 19.164453
3
0 4 40 18.204103 41 7.566144 49 13.070044 44 10.939651
1 4 40 3.085458 41 8.188877 45 13.555691 44 19.696227
2 4 45 16.946818 48 6.982399 41 14.821452 46 16.611846
3
0 4 40 11.491077 43 4.360563 41 16.522203 49 6.303750
1 4 44 16.995603 42 11.515445 40 13.253281 48 3.564717
2 4 43 9.736046 48 2.841879 44 16.676874 46 5.294408
3
0 4 40 13.107562 41 1.663299 48 18.080101 43 1.117020
1 4 41 19.123923 48 19.689000 42 13.048617 43 6.195761
2 4 42 8.644897 44 8.826676 48 18.653686 45 4.391119
3
0 4 45 4.895783 49 9.816220 47 3.873058 48 19.508113
1 4 47 10.131851 46 4.800186 45 2.836696 49 16.661112
2 4 45 10.393559 48 4.354884 47 1.738833 49 16.175274
3
0 4 45 8.335109 46 17.364504 48 14.021744 49 5.928526
1 4 45 15.565683 48 9.614910 46 17.449111 47 5.631378
2 4 45 13.809980 48 12.139744 47 2.409017 46 15.992193
3
0 4 45 10.316246 46 12.274146 49 17.925658 48 10.332645
1 4 45 15.546670 46 15.752032 49 15.046584 48 7.865965
2 4 47 14.834881 48 11.803818 45 4.696842 46 1.472770
3
0 4 45 11.416153 49 12.837970 48 7.383522 47 1.062409
1 4 46 14.529565 48 15.460466 45 14.644768 49 8.295356
2 4 47 13.876856 49 8.828881 45 19.487612 46 5.915688
3
0 4 45 11.046377 47 12.033336 46 2.537514 49 9.521225
1 4 49 9.602189 46 13.111864 48 16.547289 47 1.522888
2 4 48 16.680941 49 6.499041 47 10.228858 45 10.246234
3
0 4 49 11.337681 49 5.401360 49 9.650614 49 5.271490
1 4 49 5.788098 49 16.299236 49 7.089000 49 9.656843
2 4 49 9.449097 49 2.097552 49 4.297415 49 15.534615
3
0 4 49 11.474978 49 17.103159 49 2.605637 49 16.309607
1 4 49 1.401403 49 8.869693 49 13.259414 49 2.449620
2 4 49 14.907125 49 7.138729 49 13.339903 49 12.011911
3
0 4 49 17.187012 49 16.156915 49 18.740819 49 15.384133
1 4 49 19.713267 49 18.946867 49 10.477899 49 9.721853
2 4 49 10.865474 49 9.495367 49 9.994638 49 18.742178
3
0 4 49 9.849736 49 5.757963 49 16.055412 49 11.924016
1 4 49 5.746926 49 12.241920 49 19.892156 49 16.827936
2 4 49 19.194363 49 6.248317 49 10.769107 49 15.008557
0
