50 49
3
0 4 5 12.926243 17 18.734689 41 11.723339 24 19.596700
1 4 12 1.809321 15 5.911126 13 12.420816 28 1.219953
2 4 7 13.433081 31 18.264164 24 2.219855 45 5.096060
3
0 4 5 13.217322 46 10.849460 45 4.091709 28 1.846615
1 4 45 19.116969 47 9.553753 28 5.171060 32 2.484087
2 4 39 19.746825 21 2.597202 5 12.042580 6 16.920382
3
0 4 5 2.175900 19 13.793992 22 16.381604 6 1.665855
1 4 41 17.560514 10 10.323668 46 2.314154 35 3.051467
2 4 46 15.542150 24 6.423542 7 5.462704 35 14.287463
3
0 4 5 3.150682 21 15.104433 47 16.387618 6 11.869886
1 4 10 16.230314 26 7.280449 41 1.915847 46 4.800867
2 4 49 2.288444 34 13.843989 5 12.315672 32 4.921026
3
0 4 5 8.913775 18 5.804453 9 6.678128 46 2.718260
1 4 23 3.334939 14 5.258948 36 12.042473 24 2.847241
2 4 7 9.208911 43 6.635060 45 14.457565 33 12.577392
3
0 4 10 16.841507 40 19.252090 30 12.271573 12 2.342647
1 4 26 2.396716 36 16.097473 49 18.362759 17 19.736048
2 4 11 9.523664 13 2.599704 37 9.527919 46 13.808264
3
0 4 10 8.025378 15 3.141564 47 4.394847 32 8.798569
1 4 26 16.440572 21 7.626534 44 4.433807 15 13.455091
2 4 44 3.394319 22 10.697569 17 17.629199 37 7.871049
3
0 4 10 17.809738 23 9.937339 11 1.705758 32 1.725642
1 4 15 13.863914 48 7.108646 32 4.069934 11 8.415431
2 4 46 18.866406 13 14.630218 39 14.721520 19 1.875322
3
0 4 10 17.973951 18 17.394254 38 5.565425 13 13.521178
1 4 21 4.236181 33 13.817285 20 9.381229 19 15.084861
2 4 17 15.645197 34 3.608542 40 4.796478 44 9.934513
3
0 4 10 14.319555 41 18.230059 17 4.319816 44 19.377532
1 4 33 1.412209 14 1.829483 13 19.503607 49 14.247791
2 4 32 4.842607 10 13.564172 14 13.514230 35 12.983719
3
0 4 15 2.071018 18 3.962514 33 16.580931 32 9.683988
1 4 47 16.766194 24 1.690320 35 18.169747 48 11.125471
2 4 21 3.978812 28 13.836581 22 5.424806 29 5.849949
3
0 4 15 10.091575 35 15.340553 44 7.760301 42 11.706474
1 4 49 3.083922 44 4.830802 34 18.520397 28 15.430164
2 4 30 8.898219 19 8.761295 46 13.624617 18 3.019759
3
0 4 15 16.582123 44 6.112580 43 7.088361 36 19.886550
1 4 16 9.713283 48 8.436398 39 17.417227 45 10.031217
2 4 32 17.283944 19 6.239159 21 12.623399 17 8.607713
3
0 4 15 1.419518 39 9.404526 41 8.115030 47 5.008471
1 4 29 5.095681 46 17.648488 41 7.873903 49 1.334086
2 4 36 7.366330 28 4.577512 23 6.646460 20 2.214578
3
0 4 15 17.899278 38 4.177027 19 13.194292 45 13.220497
1 4 16 3.247949 40 6.526798 43 10.103875 49 5.632961
2 4 34 15.864383 39 10.519064 27 7.351949 23 14.875835
3
0 4 20 4.922752 23 13.860572 27 13.497714 47 16.262793
1 4 36 9.877324 41 9.828083 37 17.558405 23 18.561051
2 4 49 10.910523 32 5.791727 48 18.280175 43 4.849585
3
0 4 20 4.090878 40 13.367229 43 9.354470 29 7.494988
1 4 38 5.850949 23 9.672523 24 13.552044 44 15.286765
2 4 28 6.721384 37 12.261959 48 17.557502 27 1.198954
3
0 4 20 4.081904 25 2.827088 32 3.448576 47 19.544795
1 4 31 6.846728 22 7.143583 45 9.169174 44 13.061378
2 4 49 13.441593 44 14.894760 28 3.065094 45 3.411883
3
0 4 20 19.915193 26 14.213937 22 3.352593 40 8.604513
1 4 49 1.716312 34 4.412591 43 15.944431 36 8.442718
2 4 43 9.821803 38 11.250712 20 12.106398 26 6.981417
3
0 4 20 16.688545 37 14.910144 34 18.134586 31 12.768920
1 4 48 18.260284 23 1.747707 25 12.351829 29 3.896366
2 4 37 1.010876 44 19.548702 33 7.060124 46 16.086034
3
0 4 25 14.249800 39 3.895111 34 18.295848 44 3.169144
1 4 44 17.176992 25 13.484492 33 14.622881 42 16.966753
2 4 49 3.294274 27 10.071771 34 12.817361 25 2.212963
3
0 4 25 9.686555 33 13.784586 49 8.471310 37 1.682046
1 4 36 12.597803 31 16.970143 32 8.269822 43 1.528767
2 4 32 5.200153 40 15.098973 43 14.785685 28 3.700780
3
0 4 25 15.403639 46 8.539054 38 13.359517 32 15.352519
1 4 47 2.505220 25 14.868101 32 13.223518 33 19.207260
2 4 32 18.250185 45 11.259088 41 8.230504 27 13.556366
3
0 4 25 5.364969 42 2.286832 43 8.881053 32 1.439730
1 4 28 11.698499 37 13.918417 34 17.203633 40 4.438756
2 4 29 4.351302 31 9.858745 25 19.327069 42 14.413028
3
0 4 25 9.713851 36 6.139949 45 12.396369 29 12.233560
1 4 32 17.610276 40 10.433184 47 11.868704 31 12.103949
2 4 35 13.150968 44 9.594478 42 10.019037 26 13.415243
3
0 4 30 5.696197 43 17.393915 47 1.850110 39 14.290016
1 4 47 2.606598 41 15.809149 39 1.308493 45 17.169675
2 4 38 16.682822 40 4.586608 37 5.789818 36 5.683046
3
0 4 30 2.656151 33 10.478193 46 4.942643 48 8.449517
1 4 41 3.535436 35 4.009304 31 3.281180 49 7.029188
2 4 47 18.948969 31 4.052740 36 8.833809 30 9.762705
3
0 4 30 18.764640 33 18.670368 42 9.211511 37 18.310607
1 4 33 4.559651 49 6.265717 35 4.289163 39 9.128090
2 4 47 14.727871 33 13.910625 40 12.967887 41 4.496274
3
0 4 30 6.533020 31 16.912306 47 18.532632 48 16.241876
1 4 33 2.575841 47 6.020066 35 11.927515 43 12.708245
2 4 33 5.387999 38 2.457681 46 2.669398 35 11.389105
3
0 4 30 17.982693 41 19.723348 36 7.007308 37 17.728486
1 4 37 3.234485 42 14.281117 40 19.066595 30 13.096421
2 4 37 5.151678 45 19.423583 41 16.729082 36 18.442207
3
0 4 35 16.831722 40 18.461943 44 5.819640 43 8.936887
1 4 44 16.510645 47 6.582551 37 17.281634 39 15.798953
2 4 48 17.331164 38 19.336995 42 11.562495 49 15.329723
3
0 4 35 12.880116 46 12.993747 36 11.092858 41 17.955314
1 4 41 10.044332 42 10.163647 37 7.271555 48 16.886335
2 4 39 6.378701 45 9.077207 40 1.331080 36 19.561360
3
0 4 35 11.470192 45 10.741091 40 17.786594 49 11.692805
1 4 44 17.415789 49 18.564769 40 15.782999 36 16.430097
2 4 42 13.374853 36 2.618925 49 13.992438 43 7.199710
3
0 4 35 19.144164 36 5.429851 46 13.948320 41 3.731393
1 4 39 7.856076 40 5.763201 37 7.165727 48 6.424981
2 4 38 6.974997 45 4.928991 37 16.568991 44 11.340931
3
0 4 35 15.243874 44 18.430303 39 12.274790 49 9.416155
1 4 49 14.205037 43 3.712600 38 6.751860 37 11.732337
2 4 41 15.885480 45 8.572875 38 6.689184 39 18.381194
3
0 4 40 1.085948 49 4.125023 46 12.748492 44 14.943715
1 4 45 1.828517 47 4.793066 49 2.460190 44 10.479616
2 4 43 1.240598 49 11.961160 42 6.271115 47 3.940805
3
0 4 40 17.471286 44 18.536915 43 17.329185 49 7.171097
1 4 47 19.002047 41 17.583075 49 1.091403 46 14.764610
2 4 43 15.969924 45 16.464600 48 9.133070 46 16.013215
3
0 4 40 4.055747 48 8.727192 49 14.797083 41 5.054330
1 4 48 10.319505 40 16.705869 43 18.548465 44 1.536284
2 4 47 3.779579 41 5.938390 46 3.179411 45 12.888253
3
0 4 40 3.587672 48 9.159937 42 16.014331 41 6.083538
1 4 46 8.446729 40 7.163572 45 13.009775 49 9.997573
2 4 48 11.732775 44 3.685279 46 5.677566 45 10.709489
3
0 4 40 17.726422 46 1.967543 41 8.016429 49 11.586498
1 4 46 10.241852 40 16.375981 49 18.130399 47 2.473989
2 4 49 9.798362 48 4.578774 46 11.660886 40 19.929813
3
0 4 45 13.243703 48 19.045358 49 5.406456 46 6.300956
1 4 48 19.726857 45 3.437353 46 9.422606 47 3.370195
2 4 47 6.961847 45 16.656303 46 2.070580 49 11.308345
3
0 4 45 18.698927 48 14.195502 47 9.687220 49 4.207203
1 4 48 3.371820 46 7.046724 47 14.521981 45 7.792633
2 4 47 5.601296 49 17.271963 48 14.651664 46 3.475897
3
0 4 45 8.521724 49 5.425919 46 15.327111 48 1.200930
1 4 47 10.365032 45 5.057875 46 5.003329 49 2.322353
2 4 45 18.951960 49 12.943705 47 10.854181 48 5.120790
3
0 4 45 19.181629 49 15.631389 46 13.987219 47 12.164109
1 4 49 7.645432 47 3.702241 45 1.068431 48 7.263581
2 4 47 8.427549 46 13.636364 45 14.349202 48 15.524067
3
0 4 45 18.078697 47 10.923904 48 12.128788 46 18.142329
1 4 47 17.092285 46 16.742863 48 16.044837 45 17.242165
2 4 49 16.776062 48 6.012213 47 3.864466 46 11.230701
3
0 4 49 14.749150 49 9.379146 49 8.733221 49 16.170599
1 4 49 10.209958 49 10.839071 49 2.233599 49 12.580263
2 4 49 13.919833 49 13.932481 49 15.004348 49 4.759808
3
0 4 49 12.378038 49 19.858336 49 6.588661 49 1.279564
1 4 49 16.184778 49 13.489777 49 6.284604 49 19.080736
2 4 49 16.405425 49 4.025574 49 1.278761 49 5.182281
3
0 4 49 12.746610 49 17.440433 49 10.273092 49 10.622375
1 4 49 4.617928 49 5.559772 49 7.032016 49 6.628222
2 4 49 7.604759 49 15.952100 49 9.175443 49 16.918871
3
0 4 49 16.215702 49 1.126611 49 6.854131 49 15.426337
1 4 49 7.035789 49 10.594711 49 10.570470 49 17.807614
2 4 49 9.261762 49 17.630430 49 4.534091 49 13.315507
0
