50 49
3
0 4 5 2.183254 22 14.305893 11 11.229804 19 19.519973
1 4 12 10.598994 38 3.320898 23 12.906777 15 19.572956
2 4 29 9.300986 11 7.280732 16 14.227851 25 8.245234
3
0 4 5 16.569898 45 1.460554 10 2.102654 46 9.352707
1 4 43 15.761781 33 5.418977 6 15.181111 21 11.785266
2 4 9 15.806181 18 7.268519 37 6.654833 19 18.701162
3
0 4 5 6.780597 36 15.974194 11 14.597476 21 1.954179
1 4 12 12.415568 44 4.747580 23 12.491799 22 3.191290
2 4 38 17.579354 26 8.529212 24 7.983201 16 11.404430
3
0 4 5 15.953327 30 10.427631 38 6.371936 33 8.044476
1 4 18 15.473849 43 1.866511 39 3.602529 26 3.379616
2 4 43 8.855707 40 7.469012 37 3.160565 25 11.076511
3
0 4 5 16.453934 17 15.742871 25 6.738675 42 18.331552
1 4 19 17.020280 13 13.320938 29 13.613964 38 12.148345
2 4 11 3.374124 29 11.330594 44 6.549207 40 7.942451
3
0 4 10 5.781313 22 12.522722 41 16.596412 38 11.499888
1 4 49 3.326283 37 6.279797 11 2.062557 39 5.603179
2 4 11 4.718713 25 9.772378 22 18.829752 36 15.990412
3
0 4 10 8.334921 44 2.091841 38 5.213483 34 7.756660
1 4 28 12.774827 37 3.184762 33 17.166975 35 10.734246
2 4 30 7.710257 49 14.832814 15 5.005841 13 4.579054
3
0 4 10 15.949855 21 12.563328 28 6.112272 22 13.528584
1 4 49 5.490602 45 1.024054 16 4.537714 23 12.162632
2 4 35 9.326064 34 8.385859 10 19.248682 48 2.087404
3
0 4 10 2.439266 25 16.993698 46 10.458296 12 14.031746
1 4 17 9.637715 12 5.509956 32 3.843536 46 1.592032
2 4 24 16.172961 34 2.181649 36 13.734585 44 2.966610
3
0 4 10 13.422937 11 8.939804 19 16.919268 15 8.871470
1 4 42 18.994336 48 17.133727 11 4.028312 14 15.596755
2 4 10 14.005923 19 12.097961 17 9.799449 20 11.757973
3
0 4 15 3.880895 19 19.334514 35 9.728738 29 19.346406
1 4 27 2.103628 43 10.784971 35 11.673831 30 10.288192
2 4 21 9.095640 29 4.029897 39 19.855121 46 19.158992
3
0 4 15 6.140020 32 11.636019 22 5.327958 39 3.505776
1 4 25 19.543927 32 8.317285 49 11.913630 16 17.959158
2 4 34 10.571517 19 6.490296 49 3.200731 37 13.986464
3
0 4 15 17.539522 27 10.100227 38 1.202062 21 13.962794
1 4 46 18.011197 38 10.541537 40 6.620705 34 16.257434
2 4 36 17.120472 15 19.310207 48 17.299756 42 17.085789
3
0 4 15 14.178664 21 19.163814 22 19.204656 19 15.551294
1 4 44 13.227392 29 4.695113 30 12.184904 43 7.585775
2 4 33 15.174110 48 19.837430 49 18.849049 32 7.403427
3
0 4 15 2.362511 18 16.115738 17 4.647268 39 6.379814
1 4 36 3.725175 25 9.845383 42 3.529537 31 12.000140
2 4 32 8.632719 28 1.573195 18 19.744475 40 2.375365
3
0 4 20 1.123505 49 16.967183 38 17.133246 27 11.249364
1 4 30 5.689000 37 4.211248 44 5.086582 32 11.938994
2 4 43 14.795863 36 6.573966 48 11.773187 26 5.188518
3
0 4 20 8.130453 48 16.797470 27 10.328493 25 16.602785
1 4 32 13.830557 46 17.908396 30 2.563608 47 18.731629
2 4 46 8.311375 32 9.239521 37 17.634041 49 19.552684
3
0 4 20 2.176706 48 19.971831 25 6.723541 27 19.539759
1 4 24 15.932204 46 3.300241 37 7.517679 36 10.770701
2 4 33 7.902944 49 11.425343 34 8.901485 37 8.012373
3
0 4 20 12.578659 32 5.410428 48 5.877631 37 3.707286
1 4 41 15.795801 21 6.693952 43 8.514336 31 7.055784
2 4 33 2.449313 23 1.541704 38 18.431789 24 1.800085
3
0 4 20 19.017071 35 9.168219 36 3.657428 21 15.941754
1 4 33 15.417865 42 12.914879 24 16.275455 23 15.425392
2 4 33 2.048084 20 14.009259 22 9.601577 37 17.878515
3
0 4 25 1.258126 29 5.215110 45 12.415831 49 1.506620
1 4 32 1.619752 42 15.984706 45 4.918876 40 3.373168
2 4 26 5.167943 25 17.420103 41 10.480865 35 13.555634
3
0 4 25 15.255703 39 17.496692 31 19.093005 38 2.559408
1 4 27 13.006500 39 2.765870 35 8.317400 29 4.039140
2 4 40 1.914164 34 13.827837 31 2.948505 25 18.686972
3
0 4 25 17.352476 27 4.007612 26 5.030474 41 19.989557
1 4 25 19.768771 45 14.031997 33 3.398750 42 9.615310
2 4 44 18.088822 48 16.280326 39 6.581020 40 5.897920
3
0 4 25 6.951454 30 7.527519 36 13.666053 34 18.358792
1 4 34 11.537112 32 6.618684 33 12.509525 48 17.967475
2 4 29 1.845141 43 13.393884 32 6.838432 46 11.254575
3
0 4 25 10.667769 42 11.656763 32 16.442132 41 16.983298
1 4 26 8.201097 44 19.918088 43 4.914567 31 3.928543
2 4 45 12.511314 38 3.776069 31 12.882054 35 1.299569
3
0 4 30 5.253755 41 1.589918 35 1.464583 31 8.687567
1 4 31 17.078201 48 12.407268 35 8.828546 37 11.453585
2 4 47 18.764563 44 2.469904 42 11.128342 34 5.318075
3
0 4 30 12.566843 44 19.638039 40 17.806039 46 6.629329
1 4 45 7.644357 31 5.223385 44 14.909577 48 10.865291
2 4 46 3.919480 45 14.332062 40 12.816120 36 7.466403
3
0 4 30 11.091928 38 1.354084 37 9.227737 32 17.712440
1 4 41 6.617291 32 10.632357 38 16.957037 47 10.315752
2 4 34 17.854592 48 13.866858 45 7.516623 30 19.484665
3
0 4 30 4.469816 43 2.619760 45 12.948218 35 3.830912
1 4 48 13.517887 46 16.221793 45 7.285022 33 1.109855
2 4 31 15.104776 38 7.252283 32 18.170023 43 19.342964
3
0 4 30 14.387808 45 12.020935 43 15.261018 32 19.988852
1 4 38 7.096841 45 12.437108 43 17.706341 37 17.281613
2 4 48 1.475553 40 15.012200 42 5.529346 45 16.833160
3
0 4 35 18.336932 36 13.558302 47 11.959451 49 9.795028
1 4 44 6.061145 36 14.967894 41 16.522823 43 10.509162
2 4 38 3.371168 37 1.213487 40 19.999817 35 1.407158
3
0 4 35 4.889285 38 15.804970 36 6.489418 48 3.837438
1 4 39 17.684095 41 9.313351 40 19.898177 43 18.810030
2 4 44 14.419913 42 11.761022 39 13.667366 45 19.398806
3
0 4 35 4.716406 40 15.232901 48 10.825130 45 17.063246
1 4 42 8.398338 48 6.600328 44 16.291170 39 18.757136
2 4 48 13.901585 40 9.852808 41 14.888338 47 16.893939
3
0 4 35 17.017764 37 8.434573 48 19.439475 45 16.147650
1 4 41 19.646859 49 15.958489 36 2.892169 44 7.865384
2 4 45 6.787652 43 10.203492 47 10.967435 46 1.140634
3
0 4 35 1.151817 47 9.908065 40 9.976781 45 15.819703
1 4 37 14.015074 43 16.231388 49 8.259994 46 2.825642
2 4 40 10.652558 48 1.291365 37 13.659578 49 9.503214
3
0 4 40 14.866025 47 13.286409 46 17.811873 44 6.922370
1 4 49 5.272179 42 2.486408 44 12.743727 48 2.916906
2 4 43 3.585614 49 12.506505 46 13.091702 42 11.485471
3
0 4 40 16.795849 43 19.101242 47 18.769694 46 4.699745
1 4 45 11.460893 40 13.580109 41 8.613638 46 6.323129
2 4 44 16.821602 45 13.721550 42 6.060803 46 18.924778
3
0 4 40 13.450267 45 6.277404 48 2.317870 42 19.750149
1 4 44 5.703142 42 9.205760 45 18.282767 43 5.320280
2 4 49 6.550032 40 3.787199 47 19.933782 42 13.428731
3
0 4 40 7.788104 47 13.493312 42 17.875100 41 19.530803
1 4 48 7.350870 44 13.396790 40 18.540128 43 19.883859
2 4 40 13.768345 46 2.849300 49 18.292618 47 19.065557
3
0 4 40 17.576173 49 5.207818 43 11.699030 41 6.308478
1 4 49 18.638030 41 7.487244 47 11.919789 43 17.438479
2 4 44 5.816422 48 17.244334 46 11.407179 49 9.553520
3
0 4 45 9.817926 48 10.378806 47 13.135377 49 1.549096
1 4 45 10.323942 49 1.948738 48 7.067267 46 15.156583
2 4 49 4.737275 48 5.273494 45 4.202639 46 13.534852
3
0 4 45 9.574398 48 13.962780 49 17.627369 46 13.033669
1 4 47 15.253208 46 5.670518 45 8.224406 48 9.779781
2 4 45 11.526942 47 10.419721 46 9.574971 48 9.612537
3
0 4 45 3.449040 46 7.648026 49 2.787500 48 15.119538
1 4 45 16.709844 47 18.148985 48 17.399282 46 9.309685
2 4 46 18.326796 45 6.842257 48 9.420339 49 7.857478
3
0 4 45 11.704204 49 6.108765 46 12.933946 48 18.076059
1 4 49 4.873199 45 11.665554 48 11.266033 47 7.986762
2 4 45 1.352172 49 7.566945 46 9.411018 48 13.514464
3
0 4 45 10.275394 46 7.271608 48 8.104293 49 16.824341
1 4 48 4.994822 49 11.786336 47 2.762600 46 10.330039
2 4 49 10.082732 45 6.394883 47 7.788438 48 18.337268
3
0 4 49 7.894032 49 1.998348 49 18.801791 49 5.223474
1 4 49 19.411074 49 10.183652 49 12.603472 49 9.171114
2 4 49 15.655836 49 12.331505 49 10.253397 49 1.949265
3
0 4 49 15.133785 49 11.676197 49 9.833713 49 17.999760
1 4 49 14.087709 49 2.501640 49 13.511929 49 9.047092
2 4 49 14.045535 49 5.222443 49 14.516154 49 1.275624
3
0 4 49 9.128808 49 12.634114 49 19.503226 49 7.125150
1 4 49 16.431855 49 12.797120 49 6.843691 49 1.994871
2 4 49 7.087256 49 8.550429 49 6.531308 49 7.060559
3
0 4 49 18.592518 49 15.010420 49 11.367844 49 18.632125
1 4 49 17.375369 49 1.224621 49 13.623714 49 8.388096
2 4 49 2.838466 49 14.361817 49 4.963022 49 13.945808
0
