50 49
3
0 4 5 11.309004 22 13.785532 18 1.657877 24 12.370782
1 4 43 18.699613 49 12.957982 19 17.234469 23 12.842393
2 4 27 13.727173 42 12.865145 19 4.611720 10 13.825606
3
0 4 5 19.760759 28 4.420185 41 3.071105 17 9.753442
1 4 40 16.390261 22 8.818914 11 9.039629 32 6.491330
2 4 7 1.734104 17 5.201092 36 5.858462 25 10.430513
3
0 4 5 13.308344 16 13.236587 43 10.874769 44 14.912151
1 4 47 1.978034 18 5.867730 41 1.688328 16 12.452646
2 4 19 16.294833 17 19.212815 33 2.683079 31 9.539345
3
0 4 5 5.599992 40 12.844267 11 6.344675 24 7.508465
1 4 23 11.165649 9 12.065103 48 7.369948 16 18.728368
2 4 6 17.690706 17 17.791757 12 5.368105 44 2.731332
3
0 4 5 10.202039 13 2.116554 32 10.451155 47 8.598006
1 4 6 14.298033 9 12.727202 11 1.499025 8 12.764257
2 4 32 9.671111 27 10.706877 26 15.466147 15 11.628272
3
0 4 10 8.422958 39 4.097952 44 14.067848 38 2.895901
1 4 48 9.412100 12 6.016587 36 14.041475 34 10.430507
2 4 16 8.742749 28 14.930442 42 8.119559 49 1.735338
3
0 4 10 19.647093 43 10.562417 11 1.849905 24 11.533039
1 4 21 4.987122 41 10.773675 22 18.179334 49 12.015126
2 4 25 12.779047 10 17.347063 36 7.856003 32 8.626146
3
0 4 10 17.252092 42 12.639414 30 5.073386 24 19.461305
1 4 21 13.156208 46 7.389174 42 11.754333 30 7.410668
2 4 27 12.372669 10 6.954381 40 13.192123 43 3.792013
3
0 4 10 9.921068 25 15.895034 13 10.608528 44 1.642035
1 4 37 10.190836 17 14.763111 43 10.602116 20 18.224741
2 4 15 16.477944 21 17.438000 23 6.822590 39 4.151372
3
0 4 10 17.368706 36 17.781712 30 19.580005 23 12.470218
1 4 26 12.529030 30 17.512142 18 7.834265 35 17.095720
2 4 13 15.665772 42 19.812571 34 3.871494 29 7.559352
3
0 4 15 12.793763 23 19.984159 46 9.388518 19 5.193258
1 4 19 14.410287 31 17.983477 16 2.082227 45 12.167978
2 4 29 5.536175 42 12.232138 28 19.579397 40 10.987649
3
0 4 15 2.665893 27 15.179979 22 18.707489 48 10.306732
1 4 17 7.787253 21 12.419751 40 4.436523 32 4.972921
2 4 42 19.265840 33 7.832035 48 17.729771 36 3.960883
3
0 4 15 6.613192 38 16.275560 18 11.061788 39 1.478713
1 4 46 11.750894 48 14.519730 26 13.193012 31 2.099085
2 4 18 7.419163 48 6.014201 29 13.549639 30 16.665352
3
0 4 15 5.520672 29 4.177209 17 8.021203 43 13.933635
1 4 21 4.833913 27 3.201973 16 1.699867 23 18.288104
2 4 39 11.644672 18 4.499215 21 9.757956 22 14.171660
3
0 4 15 5.439734 34 14.550045 39 4.577721 17 10.721559
1 4 33 16.413449 34 17.289086 24 6.176900 44 2.924298
2 4 42 15.461822 37 11.050546 39 14.811181 29 4.005599
3
0 4 20 8.845564 30 19.238594 21 14.489127 35 1.711766
1 4 23 2.208923 25 1.227635 48 15.081120 20 12.245699
2 4 36 16.832593 24 18.521966 43 17.496215 40 8.601719
3
0 4 20 3.883897 22 12.119661 42 1.087317 30 18.444685
1 4 31 19.636978 21 16.752972 23 2.138652 24 5.369229
2 4 41 12.319477 30 4.672540 45 10.324265 26 3.795784
3
0 4 20 16.168358 29 10.021478 48 17.812134 32 10.353782
1 4 23 3.849722 42 1.004234 38 8.508032 36 15.227217
2 4 49 10.710307 24 16.473095 40 5.342733 44 8.773234
3
0 4 20 12.260889 41 19.471746 45 12.617970 48 14.860354
1 4 44 18.749064 40 8.418229 38 6.211663 39 2.989372
2 4 30 7.894163 21 11.650428 34 17.058119 33 5.454623
3
0 4 20 12.713715 45 14.834289 47 6.507656 34 5.659534
1 4 27 11.321471 47 10.918941 33 4.735168 39 16.401880
2 4 49 19.194651 23 6.731267 31 9.759915 42 6.280676
3
0 4 25 11.832775 43 17.389819 42 12.836526 26 12.016063
1 4 32 11.606229 47 4.476457 37 17.179294 46 14.758331
2 4 39 11.733969 47 2.935862 42 8.341279 31 2.608135
3
0 4 25 18.228357 44 16.457748 45 13.815805 46 7.055611
1 4 49 19.948409 29 16.145024 44 17.100474 37 19.462414
2 4 27 8.745801 30 18.969608 34 13.986803 32 12.224670
3
0 4 25 19.720495 26 7.735436 34 9.747964 35 4.701100
1 4 45 18.536387 35 7.109718 48 15.764947 31 6.588174
2 4 46 2.416553 29 12.316007 33 18.658920 45 17.286899
3
0 4 25 6.533103 45 19.302817 29 18.641243 41 5.869735
1 4 41 14.100141 39 12.264878 49 12.849561 36 10.372827
2 4 28 3.762935 39 10.032489 41 1.463446 25 5.732888
3
0 4 25 1.434500 38 12.577669 44 18.902518 43 13.294447
1 4 43 9.664736 45 8.052239 26 18.712644 42 13.822118
2 4 34 5.731299 40 8.716614 47 2.790417 38 13.753868
3
0 4 30 12.128029 46 10.864445 42 5.074265 34 7.317476
1 4 37 11.643385 47 15.526957 48 3.396476 41 12.866412
2 4 30 4.406473 42 16.639763 37 6.892370 48 2.691898
3
0 4 30 10.238058 44 4.443383 47 18.820948 45 2.154322
1 4 48 13.401560 31 2.204895 30 15.977389 44 6.003106
2 4 42 1.578068 32 17.962609 38 14.717747 40 10.745171
3
0 4 30 18.383724 34 5.979400 35 2.897019 32 18.468105
1 4 37 9.248786 32 15.404061 47 10.268845 30 10.371250
2 4 47 15.958341 38 1.678453 34 3.809516 45 18.117313
3
0 4 30 4.853745 48 1.996354 32 10.897345 38 19.148322
1 4 45 13.798738 33 18.238008 31 6.048457 46 17.242805
2 4 40 1.695314 49 11.711813 35 14.947682 39 17.508801
3
0 4 30 1.413077 49 6.092469 48 11.341929 37 11.748127
1 4 42 1.629933 48 8.948994 35 9.201393 44 13.907922
2 4 43 12.615927 38 10.647477 44 5.725838 49 17.292536
3
0 4 35 2.636000 41 7.413745 37 10.174105 42 16.915256
1 4 36 13.494070 49 8.527155 40 5.470933 46 18.477708
2 4 49 1.871159 42 18.189230 45 16.735433 36 14.737838
3
0 4 35 17.228310 47 1.446009 44 19.543090 46 9.631659
1 4 42 14.264322 44 17.961763 49 9.704015 39 14.398059
2 4 42 6.307337 36 2.634285 47 2.556143 49 13.884975
3
0 4 35 1.214873 37 10.655897 43 16.926694 46 16.262382
1 4 46 8.300098 48 9.191522 39 12.257985 44 12.347798
2 4 36 11.179710 40 13.477909 45 8.707508 35 19.679765
3
0 4 35 8.795973 39 12.749262 42 15.390454 47 19.785866
1 4 47 19.281617 43 7.736710 42 4.344984 45 2.628494
2 4 40 11.410228 42 13.446133 46 19.919846 44 15.570571
3
0 4 35 1.594876 36 9.532967 38 1.029495 45 2.856546
1 4 46 1.908487 41 10.358761 47 1.824988 40 16.981651
2 4 47 18.717403 42 11.167332 49 17.458663 40 3.099219
3
0 4 40 19.106003 41 3.295278 46 9.516764 47 19.597525
1 4 42 8.348952 46 1.712329 43 9.729126 45 10.568430
2 4 40 4.625892 44 14.023502 49 13.695232 43 3.306995
3
0 4 40 13.778579 47 13.334730 42 3.256773 49 18.091856
1 4 43 12.726721 49 4.071425 44 15.613206 40 3.366904
2 4 46 1.103135 43 1.309987 49 10.672518 44 4.572480
3
0 4 40 9.727955 41 3.583464 48 1.979700 43 8.015179
1 4 41 2.375884 40 13.671711 46 7.938626 45 16.270597
2 4 41 1.397181 49 7.692497 45 2.470060 47 16.138550
3
0 4 40 14.121365 46 10.831678 41 3.919807 44 7.333446
1 4 49 4.089935 46 11.879409 40 3.630788 43 1.195197
2 4 49 8.194280 43 19.975872 44 8.476943 46 19.710875
3
0 4 40 11.709014 46 5.013425 48 16.190509 42 18.274758
1 4 49 6.884293 47 8.482148 48 16.981734 41 2.090389
2 4 42 7.026260 48 4.331302 47 17.988200 46 10.864750
3
0 4 45 4.382124 49 1.394320 46 12.361048 48 3.480603
1 4 47 7.960697 49 13.600484 48 2.247254 45 6.282652
2 4 46 14.183297 49 8.105092 45 12.446828 47 9.395547
3
0 4 45 18.956048 49 13.190381 48 2.037606 46 9.134153
1 4 47 2.027568 49 2.868878 48 5.680054 46 4.286641
2 4 48 6.058065 45 3.363520 49 17.095344 46 2.376965
3
0 4 45 7.276327 49 17.646900 46 14.642385 47 1.450505
1 4 48 14.756776 49 10.931035 46 13.692427 47 19.553755
2 4 47 2.477829 48 18.059017 46 17.207813 49 19.484695
3
0 4 45 4.580913 47 8.640254 49 6.164011 46 2.304937
1 4 48 1.369654 49 6.438271 46 5.697806 47 11.341282
2 4 49 17.874779 48 11.514106 47 8.503318 45 9.296995
3
0 4 45 1.158306 47 10.426667 49 16.858377 48 4.984218
1 4 46 13.575430 47 12.064046 48 9.002875 49 17.493402
2 4 48 6.644000 46 6.515227 45 10.097545 49 16.751612
3
0 4 49 10.489541 49 9.649070 49 10.215239 49 16.120251
1 4 49 5.172113 49 18.078478 49 5.202007 49 17.472975
2 4 49 2.577497 49 4.516547 49 2.044229 49 15.503191
3
0 4 49 18.123869 49 17.240160 49 13.698990 49 9.823859
1 4 49 15.259979 49 16.098799 49 6.304993 49 10.206851
2 4 49 11.555793 49 11.352702 49 1.946737 49 5.500108
3
0 4 49 12.589781 49 5.494225 49 9.163737 49 10.435238
1 4 49 4.845564 49 5.525958 49 19.560222 49 11.468334
2 4 49 4.021718 49 5.860950 49 18.525808 49 18.137357
3
0 4 49 12.335187 49 6.766016 49 17.765489 49 15.538398
1 4 49 15.358697 49 8.392390 49 18.167943 49 11.757628
2 4 49 1.507191 49 3.024317 49 5.186002 49 8.935764
0
