50 49
3
0 4 5 16.868361 20 19.071767 30 16.032248 33 19.094641
1 4 23 8.514193 43 5.322245 29 7.180118 37 2.849664
2 4 28 8.340229 20 16.248127 25 18.963630 45 1.930615
3
0 4 5 19.763855 38 4.099516 42 5.164734 8 1.291154
1 4 36 9.161661 7 9.710766 22 8.330272 46 8.205947
2 4 6 5.320325 44 17.252961 28 16.872713 38 9.196372
3
0 4 5 4.430576 37 5.015048 24 16.898602 44 6.133773
1 4 16 2.300134 24 3.674549 19 7.849403 34 14.748686
2 4 45 10.106218 16 3.732105 7 5.875726 25 7.501225
3
0 4 5 10.333255 37 14.083149 30 14.494338 17 10.593742
1 4 26 14.795498 15 14.231869 41 3.553847 22 16.832648
2 4 24 3.157511 19 14.239407 26 19.646394 46 7.884560
3
0 4 5 1.859284 29 6.297925 21 1.864599 11 11.306082
1 4 19 3.549550 39 15.994269 25 10.560610 20 7.473217
2 4 10 5.238294 31 15.962046 18 6.187412 25 13.194470
3
0 4 10 5.689081 45 2.336168 12 9.033177 18 16.299266
1 4 27 16.244023 26 16.859903 37 11.214722 44 11.229926
2 4 22 10.784303 42 3.162470 37 17.665667 46 10.261365
3
0 4 10 18.108906 19 14.882795 29 1.690562 21 11.212863
1 4 13 13.502909 35 13.281944 21 5.910316 49 9.887869
2 4 27 11.659227 26 1.764237 12 18.799293 23 16.606548
3
0 4 10 8.337168 48 3.951680 32 8.857486 23 16.714669
1 4 42 11.276953 32 14.550177 45 11.509128 37 17.924541
2 4 10 3.664335 22 16.152831 17 2.920027 13 8.093781
3
0 4 10 3.872905 36 8.376401 17 16.260681 28 7.251827
1 4 41 13.033686 20 14.546559 13 18.783925 25 1.226404
2 4 26 9.573228 15 16.848316 49 4.558092 25 12.768939
3
0 4 10 11.148951 19 10.644248 40 19.541005 22 10.578683
1 4 22 11.813519 24 17.016157 19 6.042339 25 19.558782
2 4 16 18.943068 40 4.295623 44 1.706442 41 18.373197
3
0 4 15 18.658125 42 3.563565 16 16.413971 47 9.137945
1 4 47 10.166957 36 7.687630 16 17.876567 35 14.663623
2 4 31 19.123557 15 10.154340 20 2.404651 34 8.467439
3
0 4 15 15.465518 35 13.901263 40 9.070719 19 9.906941
1 4 17 9.808503 27 9.491857 48 2.307206 31 13.854057
2 4 46 12.872578 49 7.098933 36 10.718221 22 11.668394
3
0 4 15 13.383419 30 12.623860 28 18.171960 22 2.425472
1 4 44 10.599274 33 1.110322 49 10.227567 27 4.095650
2 4 19 16.793408 29 15.022417 30 4.626339 27 6.471277
3
0 4 15 4.712915 26 16.344183 45 6.112289 40 5.328568
1 4 44 12.253138 39 18.563529 26 11.678437 29 16.820871
2 4 21 1.749625 32 3.976792 37 19.305555 47 16.303267
3
0 4 15 6.351995 31 9.042691 40 19.423661 39 9.488104
1 4 47 15.665225 21 15.644102 18 11.643748 49 15.939681
2 4 31 13.493962 35 5.168398 15 10.593176 30 7.835924
3
0 4 20 14.474116 31 11.427169 26 16.561054 49 17.932445
1 4 27 19.598397 23 16.970314 38 13.491795 40 12.762645
2 4 38 10.726014 47 1.164667 27 13.308344 26 12.169090
3
0 4 20 4.855399 37 15.830059 38 3.886351 46 1.753646
1 4 46 12.286854 23 9.514845 42 13.851729 41 9.196104
2 4 34 17.307985 24 12.150816 28 16.256227 25 15.003856
3
0 4 20 10.473513 32 3.563450 25 13.790778 23 11.255464
1 4 32 16.773941 43 13.377312 35 15.943700 45 10.814342
2 4 49 10.323827 42 14.399579 46 4.219331 21 11.653119
3
0 4 20 6.613342 43 16.222971 44 14.655305 25 18.510758
1 4 48 2.698149 38 9.591951 21 14.701513 33 16.483531
2 4 20 6.619020 27 16.211639 29 15.884552 42 4.335673
3
0 4 20 14.885651 30 5.201111 41 9.482583 21 5.293481
1 4 20 13.136978 40 15.259109 30 12.976899 21 18.599776
2 4 39 5.845777 21 16.192060 48 12.975640 22 9.944561
3
0 4 25 11.700652 31 3.883886 43 13.995143 27 9.823284
1 4 38 6.901109 47 3.391035 35 11.904876 37 14.888414
2 4 38 1.310455 46 18.654830 33 8.804821 25 3.044807
3
0 4 25 9.322117 43 3.534268 37 10.737347 49 7.595420
1 4 33 3.406319 45 1.721226 34 11.037656 29 4.331717
2 4 43 7.453918 41 1.440012 34 1.155201 31 18.306502
3
0 4 25 2.122691 48 7.914941 28 19.880320 33 2.545763
1 4 40 8.163109 38 6.712161 31 4.790785 46 14.697722
2 4 48 13.482878 36 3.465537 35 4.040596 34 17.274887
3
0 4 25 11.532663 47 15.764050 37 13.747042 41 14.667497
1 4 31 10.489801 45 8.920920 36 19.215933 38 9.938583
2 4 40 15.686815 35 16.942054 38 6.731452 30 14.312913
3
0 4 25 17.886264 31 2.903247 33 18.773048 32 19.927546
1 4 28 5.059938 35 6.850438 45 6.817389 32 19.055767
2 4 48 16.247886 44 4.880168 39 10.696492 43 2.141712
3
0 4 30 7.497630 48 3.980016 32 4.548475 41 6.888156
1 4 44 16.694723 39 6.248730 48 9.601632 37 16.615392
2 4 43 12.777010 47 17.898841 44 7.289409 49 19.955324
3
0 4 30 19.217643 47 10.005972 44 9.228500 35 3.732094
1 4 37 1.784777 47 7.909650 32 14.153057 33 15.443358
2 4 49 2.235599 39 10.637378 33 2.106117 31 4.484137
3
0 4 30 18.713842 36 15.647402 46 19.465759 32 12.458104
1 4 42 13.555861 47 13.362581 35 10.471317 39 9.388054
2 4 33 3.201213 49 11.908794 47 19.269802 30 1.363222
3
0 4 30 8.298318 41 10.786359 38 4.754448 34 5.600791
1 4 31 18.254120 32 11.645471 38 4.981847 44 10.884887
2 4 40 11.319758 37 5.704578 30 15.308340 41 5.194191
3
0 4 30 10.889983 48 12.925971 35 12.734417 37 10.142392
1 4 43 12.979543 39 7.243663 40 6.464582 46 12.664863
2 4 33 4.619716 34 4.877989 35 4.507809 37 5.625303
3
0 4 35 18.007137 38 12.295610 43 16.149075 37 3.362666
1 4 43 13.883195 45 2.740583 42 14.678494 38 2.413197
2 4 42 10.363637 39 6.411401 48 13.449619 36 5.403502
3
0 4 35 15.473811 38 18.418308 36 10.220106 47 7.248415
1 4 43 5.882293 41 1.882694 44 4.803298 49 13.019833
2 4 37 13.077518 43 7.515652 36 3.488447 35 10.034601
3
0 4 35 2.026109 38 11.288940 43 11.446534 42 11.812431
1 4 41 19.773160 45 18.868142 48 14.005701 39 9.498067
2 4 42 5.989098 45 9.616914 41 2.269990 35 1.655367
3
0 4 35 16.559536 44 5.933237 49 5.510702 37 3.307699
1 4 39 2.889758 38 18.016686 41 18.099894 45 11.073433
2 4 40 12.829467 38 10.288017 47 4.782380 39 16.582723
3
0 4 35 2.489358 43 2.814038 44 14.661749 42 18.210700
1 4 46 19.829339 36 10.286913 47 18.927956 44 13.545868
2 4 46 15.738070 48 14.732971 38 12.576848 49 5.126414
3
0 4 40 19.245563 44 18.910924 47 12.064013 46 4.831970
1 4 42 16.119867 45 9.312356 44 5.461441 43 17.492014
2 4 41 9.819585 42 14.237821 40 18.429966 45 11.278374
3
0 4 40 5.642916 43 13.838087 48 16.887862 46 16.144613
1 4 48 10.047317 44 4.317679 40 15.753001 42 16.037503
2 4 46 1.711351 42 16.373863 45 2.392276 40 7.775759
3
0 4 40 18.577984 48 10.606768 44 12.190241 42 11.347670
1 4 49 6.733599 43 12.468197 48 11.372809 46 13.615369
2 4 48 11.345262 49 18.066919 42 17.839237 40 8.262665
3
0 4 40 15.577601 48 5.715583 46 12.301183 49 12.563966
1 4 47 19.672409 44 10.456201 43 14.782878 40 2.979438
2 4 43 8.604435 47 5.512941 44 16.940788 41 18.261383
3
0 4 40 16.592345 49 12.471033 47 12.813753 43 18.428509
1 4 47 13.293546 41 8.641077 42 9.039039 44 9.299175
2 4 42 8.633611 48 12.734138 47 14.829914 49 16.366484
3
0 4 45 13.768666 46 16.393734 48 11.921608 49 10.939273
1 4 45 6.113120 47 3.016256 48 3.581891 49 1.950812
2 4 49 11.854815 46 12.144543 47 15.618726 45 8.000651
3
0 4 45 2.160370 48 3.743557 49 13.516466 46 12.359580
1 4 45 8.291497 46 3.192098 49 10.844530 48 13.655850
2 4 47 3.943828 49 4.807078 45 2.021929 48 19.593261
3
0 4 45 13.257391 47 10.107031 46 17.552604 49 12.973607
1 4 46 19.834964 45 17.718193 49 11.551246 48 18.829941
2 4 47 11.779348 49 9.298495 46 1.150571 45 7.784925
3
0 4 45 1.575157 48 11.474107 49 6.337300 46 4.449516
1 4 49 13.997255 45 3.105646 46 6.500995 48 15.063316
2 4 49 5.140232 46 13.491260 48 7.295691 45 18.463055
3
0 4 45 1.167408 49 1.851722 48 18.977664 46 13.906747
1 4 49 9.130050 45 16.969921 46 15.461040 48 10.706598
2 4 49 15.712522 47 2.271068 46 8.787888 48 7.640475
3
0 4 49 9.509097 49 17.236543 49 9.013011 49 4.241753
1 4 49 9.282891 49 12.559481 49 5.291997 49 14.631342
2 4 49 15.998897 49 11.719611 49 17.839974 49 19.768596
3
0 4 49 17.079103 49 14.450177 49 18.413769 49 7.956719
1 4 49 17.503309 49 19.625805 49 8.112112 49 4.143667
2 4 49 14.739827 49 19.228671 49 11.734778 49 17.948350
3
0 4 49 10.379407 49 19.048133 49 2.409940 49 13.817828
1 4 49 10.546780 49 16.407905 49 8.166515 49 16.411661
2 4 49 3.472954 49 5.167167 49 4.449149 49 19.824465
3
0 4 49 6.867105 49 16.439094 49 15.527719 49 13.559353
1 4 49 6.719523 49 14.058023 49 2.022293 49 10.304264
2 4 49 16.048667 49 1.391622 49 2.309407 49 8.351281
0
