50 49
3
0 4 5 14.227067 16 16.759227 49 6.750213 48 8.673212
1 4 22 1.607739 26 8.805114 12 3.446192 16 15.479489
2 4 41 15.910225 23 3.489460 10 14.309108 29 9.514050
3
0 4 5 4.965025 18 12.522971 20 13.169651 26 10.478233
1 4 31 18.387504 47 6.258829 43 19.462681 12 14.899136
2 4 8 11.952040 6 11.921759 12 3.545020 27 6.602229
3
0 4 5 10.592305 39 17.544025 8 4.823757 36 3.209341
1 4 48 6.635164 7 10.085677 36 17.768357 29 18.031450
2 4 11 4.788856 25 9.543014 30 13.412061 48 14.200791
3
0 4 5 18.890277 27 13.381662 39 1.277105 17 8.314570
1 4 22 18.630313 30 11.271421 24 8.996699 25 11.826268
2 4 24 3.203960 19 19.257483 12 10.525558 27 10.543105
3
0 4 5 12.589452 18 14.844826 8 1.960682 34 12.480818
1 4 42 2.088451 37 5.529046 28 16.706313 8 11.149678
2 4 25 13.394946 6 18.514221 39 3.337401 23 10.456786
3
0 4 10 15.602239 44 11.147086 39 2.753887 49 18.302577
1 4 28 16.643929 31 13.927419 45 4.130508 16 1.551713
2 4 30 6.123867 31 4.916263 16 15.769036 48 6.045482
3
0 4 10 16.523757 20 13.935707 41 6.766405 18 11.985658
1 4 28 14.016890 29 1.462216 32 9.823792 33 2.863789
2 4 23 18.577584 45 17.214807 46 19.431382 16 6.350924
3
0 4 10 19.344541 21 1.688659 14 16.954908 44 9.201176
1 4 41 6.256442 27 15.713950 19 4.874514 24 17.328424
2 4 32 9.853538 49 2.241122 10 7.375006 40 2.001255
3
0 4 10 2.323115 35 18.926687 22 2.318117 37 9.319695
1 4 23 4.234285 33 8.093883 19 6.411566 40 6.413934
2 4 32 4.167125 14 8.389832 42 16.867344 24 11.792976
3
0 4 10 19.928993 31 13.998762 26 16.076558 33 8.801143
1 4 23 7.055939 13 7.308941 34 4.268075 27 6.449688
2 4 46 9.245416 42 15.698184 38 7.769157 24 6.346306
3
0 4 15 13.511070 31 13.983039 30 13.393074 49 16.201161
1 4 41 7.799218 34 3.701526 15 10.333856 40 17.430841
2 4 48 15.052340 26 17.243778 40 4.184958 28 17.999604
3
0 4 15 9.351989 39 2.047427 36 9.498016 46 18.671546
1 4 40 13.227537 48 5.632609 34 19.627562 43 15.110111
2 4 17 17.299654 44 6.794341 31 1.308362 38 18.330325
3
0 4 15 16.047815 21 15.692358 42 14.806648 41 11.384242
1 4 29 5.636854 21 4.140657 17 17.004370 23 17.790279
2 4 18 13.247700 34 9.611082 48 8.975039 29 16.266501
3
0 4 15 1.349683 27 1.857982 34 13.533713 40 19.816211
1 4 15 7.400140 24 9.748970 31 18.222144 49 11.402291
2 4 31 17.258820 20 18.123954 23 11.919690 33 18.255449
3
0 4 15 1.383170 27 17.812956 41 8.024693 44 3.631130
1 4 30 7.157083 27 5.764278 45 18.485381 41 10.832318
2 4 41 9.595249 40 16.899334 17 15.423692 39 15.429075
3
0 4 20 17.385418 42 12.371008 48 11.084558 29 19.309900
1 4 34 7.161805 35 3.455023 27 9.687855 45 6.184307
2 4 36 18.741796 33 7.507695 39 19.248964 20 2.457923
3
0 4 20 12.484972 34 11.544396 25 5.733485 28 3.421633
1 4 35 13.541659 32 7.907813 46 1.515669 44 15.233964
2 4 49 5.641874 22 4.620446 40 13.504414 41 11.875997
3
0 4 20 13.989781 38 12.875850 28 2.211959 22 10.530815
1 4 26 10.268024 41 13.658618 43 4.804045 36 2.160275
2 4 37 4.093478 29 18.200697 30 6.860980 34 2.610118
3
0 4 20 19.517185 32 14.632022 25 18.046926 37 10.379157
1 4 25 6.174607 42 16.808165 48 16.830345 31 17.032491
2 4 32 7.221032 29 17.372575 30 14.771187 49 17.573936
3
0 4 20 15.371475 39 19.031108 44 12.264641 47 18.526244
1 4 45 2.482273 29 13.320951 43 3.603794 33 6.563431
2 4 27 14.532798 26 17.600787 25 7.801614 22 1.350891
3
0 4 25 8.698253 34 14.421098 42 18.222028 43 9.371942
1 4 47 12.048205 44 18.521177 32 18.097185 45 1.732917
2 4 46 18.045932 44 7.968512 30 16.193715 31 17.229596
3
0 4 25 19.688294 27 15.161523 47 7.342618 26 4.257988
1 4 27 19.306416 36 1.467253 40 6.261078 47 18.293438
2 4 47 7.731420 41 18.257831 43 1.223999 33 14.215058
3
0 4 25 5.864606 48 7.800546 31 5.587424 42 4.522745
1 4 43 4.015206 31 2.912814 34 8.794391 37 1.518012
2 4 48 19.036602 29 11.453025 40 16.974890 46 12.882843
3
0 4 25 17.976310 38 9.770047 28 8.989307 33 7.835076
1 4 49 1.987918 40 10.317036 46 3.591056 42 12.019953
2 4 38 17.387272 42 2.853964 41 12.066414 39 16.709155
3
0 4 25 9.089228 46 19.770223 33 16.963136 40 1.794505
1 4 30 1.502757 41 15.657761 35 13.006104 32 3.769423
2 4 27 5.150539 39 14.737571 25 8.589610 34 5.647930
3
0 4 30 16.680509 31 12.748771 33 11.166228 43 4.627768
1 4 32 8.829173 35 17.685298 38 4.143639 49 13.124391
2 4 34 18.256791 33 4.313201 45 19.260425 44 9.730362
3
0 4 30 17.429215 49 18.012696 34 2.069349 33 17.220525
1 4 48 15.539988 38 7.766451 45 2.091796 46 15.038019
2 4 45 18.634498 37 10.912516 30 15.649449 44 2.940695
3
0 4 30 9.980948 41 4.033544 33 4.943301 42 2.517671
1 4 39 2.188913 30 16.520911 44 10.180590 46 10.307757
2 4 42 3.436939 32 18.672666 46 6.800403 47 2.170125
3
0 4 30 15.425753 33 1.120486 46 12.196246 42 1.021909
1 4 45 14.755297 48 10.274711 49 8.846600 37 1.298302
2 4 47 14.491473 42 9.400678 44 11.706858 40 13.478864
3
0 4 30 9.699321 46 6.017198 44 19.444603 39 3.810783
1 4 45 4.156473 41 13.262750 35 18.845243 36 5.493643
2 4 41 1.302674 46 10.944144 43 1.528585 48 15.952480
3
0 4 35 17.312555 40 18.167025 42 1.759224 45 2.201668
1 4 45 6.817227 37 7.446747 47 10.596090 35 10.808283
2 4 35 7.548303 48 10.813231 41 19.970110 43 18.158639
3
0 4 35 18.043575 43 11.196871 40 13.417709 37 13.336881
1 4 45 3.280614 40 1.159179 47 7.186300 39 7.399509
2 4 43 11.942440 40 10.080957 39 10.498325 45 17.339494
3
0 4 35 19.354052 48 10.272394 43 14.092152 49 3.712991
1 4 43 4.985514 47 18.195856 42 19.568190 37 11.949622
2 4 46 14.232653 44 11.894321 38 19.431913 41 1.340806
3
0 4 35 6.036294 43 11.714835 40 4.082857 46 14.162721
1 4 48 14.278980 35 19.925627 43 18.033347 47 2.556287
2 4 37 10.746992 49 15.257941 39 6.640405 38 9.988642
3
0 4 35 8.099724 48 14.663615 39 2.378550 41 5.506003
1 4 45 9.972428 49 3.050611 37 7.100605 41 8.995613
2 4 42 3.143737 36 1.457633 39 9.291317 49 3.261614
3
0 4 40 6.395575 47 15.093900 42 7.806754 45 4.975029
1 4 45 3.462038 47 4.857879 49 1.568635 44 14.477281
2 4 41 8.162507 45 16.253265 46 9.853842 47 1.324685
3
0 4 40 8.020525 49 17.158020 44 14.407617 41 2.555923
1 4 49 17.079947 45 10.781435 40 5.289911 43 5.561863
2 4 47 7.858206 41 14.598500 49 19.536517 48 17.977595
3
0 4 40 16.577348 42 13.298456 43 14.184160 44 13.953195
1 4 46 17.855479 48 17.627750 41 18.855563 44 19.390235
2 4 46 3.568211 41 8.374139 42 7.619154 44 6.171409
3
0 4 40 3.163955 48 2.148620 41 6.890711 47 14.062428
1 4 40 16.787882 48 12.464009 49 18.317319 43 16.163210
2 4 41 19.635851 48 18.430338 44 18.641198 46 17.861257
3
0 4 40 16.597904 43 14.375204 46 4.613492 41 4.602683
1 4 42 19.296604 44 17.467518 47 13.853164 46 16.059475
2 4 46 12.891389 47 14.899361 42 11.095488 43 3.994795
3
0 4 45 17.086337 47 10.964908 48 11.068249 49 9.336497
1 4 48 5.688315 49 15.748775 47 7.641910 45 5.572290
2 4 45 11.844437 46 4.632810 47 14.311328 49 5.511487
3
0 4 45 2.882153 48 7.321681 49 8.404453 46 1.251716
1 4 45 17.700763 48 2.915668 47 7.668604 46 4.708261
2 4 46 18.455716 49 1.441069 48 7.028717 47 8.456911
3
0 4 45 1.528677 48 16.992945 46 18.724170 47 7.965223
1 4 48 18.185852 46 10.135387 49 1.851322 47 2.245211
2 4 48 9.575991 46 1.168076 47 11.256861 45 10.886396
3
0 4 45 14.738651 49 5.686392 48 18.096434 47 19.442591
1 4 46 9.900980 48 7.572519 49 18.472076 45 1.026805
2 4 46 1.880174 48 7.535620 45 11.700445 49 2.690392
3
0 4 45 2.503472 49 10.432908 47 8.935504 46 2.107938
1 4 49 19.987633 46 19.468808 45 1.098079 48 13.891557
2 4 45 14.693609 49 9.923074 48 10.854722 46 4.876604
3
0 4 49 6.094483 49 5.766141 49 2.373743 49 13.962946
1 4 49 14.479378 49 3.033100 49 7.650715 49 2.646466
2 4 49 14.544301 49 14.219065 49 11.814295 49 19.486205
3
0 4 49 11.553039 49 19.848435 49 2.380116 49 11.430391
1 4 49 15.149099 49 16.122642 49 4.096122 49 12.998935
2 4 49 10.518592 49 19.588469 49 10.906069 49 17.302954
3
0 4 49 3.173897 49 7.055956 49 3.069751 49 8.489817
1 4 49 7.860706 49 1.637208 49 9.896674 49 4.619911
2 4 49 3.566066 49 5.633479 49 9.564578 49 4.021652
3
0 4 49 16.986807 49 10.396711 49 12.028137 49 15.205520
1 4 49 12.985175 49 16.942989 49 19.915166 49 12.592660
2 4 49 12.145149 49 6.185004 49 5.386316 49 13.974576
0
