50 49
3
0 4 5 8.253508 27 13.182176 22 17.679268 45 8.526559
1 4 47 9.491771 32 17.673093 34 19.108797 48 10.209830
2 4 34 11.154700 15 19.997472 49 8.486381 30 16.838100
3
0 4 5 9.087411 42 2.859090 15 19.886260 45 16.894219
1 4 10 6.398433 9 16.811314 35 19.653886 44 15.223504
2 4 11 10.293509 42 9.641670 22 5.428103 13 1.231047
3
0 4 5 1.521034 6 1.268458 31 7.883089 18 3.544344
1 4 10 15.547880 42 2.643596 19 11.475878 18 17.444551
2 4 20 18.977162 30 11.439211 23 10.066076 16 9.059040
3
0 4 5 15.460969 12 19.789008 34 18.009940 14 4.915661
1 4 21 17.171587 43 10.025881 42 13.036898 7 11.781116
2 4 14 13.780326 5 18.153772 38 11.138375 22 4.618168
3
0 4 5 9.870554 7 8.267178 18 9.113405 41 6.044281
1 4 6 13.874862 13 16.547952 38 16.213354 12 4.438828
2 4 5 19.038130 28 5.855036 26 19.929878 11 18.182951
3
0 4 10 10.542531 46 11.833599 32 8.015136 15 16.131802
1 4 12 1.421996 10 17.879644 17 17.090099 40 11.517527
2 4 33 3.930691 38 3.325131 42 8.768262 24 10.511194
3
0 4 10 11.771113 31 17.862470 20 1.371926 23 12.663297
1 4 47 18.023197 33 11.322943 31 8.978223 30 3.939889
2 4 31 9.949546 44 11.115023 15 12.072395 41 11.856932
3
0 4 10 10.360354 33 1.648469 41 6.074605 16 5.342606
1 4 45 12.450736 49 17.901957 15 15.465904 11 5.140107
2 4 14 18.969078 36 18.009192 30 15.299143 13 13.651917
3
0 4 10 17.485098 27 14.559879 20 4.326376 32 5.248016
1 4 29 17.466641 33 11.212914 20 17.721770 14 5.965439
2 4 14 12.240416 10 3.659183 29 6.390529 12 14.444614
3
0 4 10 1.642566 12 14.310442 17 17.118296 44 6.805250
1 4 12 5.668656 18 4.741865 15 5.585950 17 6.660278
2 4 22 5.884987 36 1.641959 33 1.912238 11 18.374486
3
0 4 15 5.804760 47 19.061177 41 2.494734 29 5.717719
1 4 26 7.833222 17 4.934336 29 9.678397 46 9.809019
2 4 45 9.484732 17 4.163571 40 2.978989 28 3.272535
3
0 4 15 8.528275 26 16.074301 16 7.451087 36 6.346108
1 4 29 8.354834 22 6.522300 44 12.394550 48 9.773425
2 4 28 16.006310 30 11.193748 37 3.725764 23 18.258193
3
0 4 15 18.511562 42 14.086717 26 12.727719 37 18.648500
1 4 20 4.827389 48 12.774351 34 17.342709 32 9.280984
2 4 24 14.397545 33 10.878257 30 19.409726 32 15.197045
3
0 4 15 6.851907 32 16.103545 38 13.455836 28 1.273866
1 4 49 16.131079 36 11.278249 45 7.076709 20 12.301274
2 4 18 1.717873 24 5.962556 34 7.792483 26 4.867765
3
0 4 15 6.080801 30 2.675797 33 11.073222 38 1.783350
1 4 20 15.125024 31 1.076406 49 8.510948 18 15.467675
2 4 43 10.176018 32 14.744035 35 7.592973 46 7.080816
3
0 4 20 16.615146 47 12.315054 21 6.764627 41 2.754118
1 4 22 9.341845 38 3.651663 41 19.445958 37 8.604702
2 4 21 8.631950 22 18.780760 25 3.774337 27 8.411861
3
0 4 20 14.429455 46 4.926789 49 4.661651 22 15.446240
1 4 49 11.966669 48 18.199757 44 13.120278 43 1.451820
2 4 27 2.926781 26 16.933581 30 4.089365 28 1.831129
3
0 4 20 15.752016 27 5.547116 33 17.833533 30 7.891263
1 4 47 9.915096 24 7.981807 27 12.758154 46 5.549536
2 4 48 13.856204 20 16.772781 40 19.482842 22 11.078405
3
0 4 20 14.161156 28 8.875115 32 7.304845 24 14.116160
1 4 46 17.382542 41 18.844288 32 3.846207 40 2.348458
2 4 37 13.436842 48 7.434709 33 6.560423 47 8.381567
3
0 4 20 8.291438 35 4.747453 49 15.275481 43 4.446505
1 4 43 10.605151 42 14.484832 41 16.131685 49 15.142154
2 4 22 11.336873 38 14.908232 35 12.886295 32 1.103520
3
0 4 25 19.886392 48 16.240117 30 5.314511 33 16.359336
1 4 33 6.114464 35 1.054210 46 15.674695 47 8.023024
2 4 40 9.912814 34 18.836012 32 16.850197 37 8.590706
3
0 4 25 15.476809 30 2.518588 26 12.277934 31 10.302268
1 4 44 15.757696 35 14.740057 42 4.955734 33 16.071964
2 4 49 4.143605 45 10.178757 30 3.579405 47 16.349043
3
0 4 25 4.725473 33 6.586524 36 19.104490 40 13.972856
1 4 32 12.690778 27 12.079926 26 7.846006 34 16.589394
2 4 33 8.687745 27 4.043790 43 2.213689 47 14.497895
3
0 4 25 7.853365 27 7.934911 41 10.121429 42 17.371927
1 4 32 5.804748 44 14.115261 26 7.040283 42 8.120716
2 4 39 1.936788 28 14.283780 31 17.787596 48 2.531652
3
0 4 25 9.370799 40 9.610953 30 16.043208 33 1.621266
1 4 25 7.149969 39 10.881463 47 11.689792 27 13.239373
2 4 35 5.133374 43 8.553018 40 8.524381 31 5.100213
3
0 4 30 9.712378 47 8.147619 32 14.354777 49 4.456117
1 4 47 2.229629 41 12.528916 46 11.386654 34 2.223346
2 4 38 16.734350 42 4.601465 40 16.848197 30 2.641076
3
0 4 30 3.901181 36 10.453900 31 18.174044 34 16.031430
1 4 47 14.572542 33 3.765218 35 19.731105 44 2.944722
2 4 43 6.843413 30 15.609060 34 16.974323 32 18.736546
3
0 4 30 6.408934 40 17.479061 48 4.787625 38 10.146736
1 4 41 11.595842 43 11.224494 44 6.250509 33 9.730004
2 4 34 1.011290 46 4.178989 36 15.791225 39 7.561822
3
0 4 30 8.506500 45 12.954980 38 13.056557 40 12.508209
1 4 42 4.807094 32 15.073577 46 17.759351 49 14.323755
2 4 35 16.715317 34 11.699698 49 1.422140 40 8.728449
3
0 4 30 4.055921 43 14.391422 38 5.640880 36 7.740664
1 4 37 17.589813 42 8.866390 34 15.727171 36 10.934702
2 4 37 15.118776 34 3.615904 33 15.035803 42 17.855752
3
0 4 35 13.790905 39 17.718090 40 16.423869 38 10.649487
1 4 40 11.586099 48 1.774668 36 5.879180 35 17.295700
2 4 35 8.212225 49 2.337649 43 6.149698 37 9.291290
3
0 4 35 18.023320 37 16.875066 46 13.525073 47 18.631751
1 4 41 11.667075 46 2.575570 43 7.890844 35 6.312730
2 4 46 11.430107 41 15.972848 45 16.431232 39 19.892991
3
0 4 35 16.796578 46 14.066446 47 7.804287 37 18.785557
1 4 35 7.742491 37 12.604960 48 11.412991 39 8.589412
2 4 49 17.148993 47 1.856375 48 16.731124 37 1.765004
3
0 4 35 9.665849 47 13.449498 45 11.875092 39 17.131953
1 4 46 17.222673 35 13.837671 38 4.190952 43 13.502671
2 4 46 8.256086 49 6.671831 45 5.373505 38 10.959179
3
0 4 35 9.895604 46 13.733249 37 19.161541 42 18.726654
1 4 43 15.751437 45 14.652346 40 19.904356 44 7.608463
2 4 35 1.066692 38 11.951543 41 2.203863 44 1.722609
3
0 4 40 8.635082 42 8.275210 46 13.045661 45 7.417128
1 4 48 16.527934 46 15.688910 47 7.498917 43 8.908498
2 4 42 10.624406 47 13.681865 40 10.562753 46 10.626078
3
0 4 40 19.028246 47 19.151737 44 10.505581 42 17.650571
1 4 43 17.143470 46 1.800958 47 2.654571 44 7.442322
2 4 46 10.301518 47 8.789145 42 2.664591 45 5.535111
3
0 4 40 12.466444 41 9.520210 47 17.422936 42 14.510154
1 4 41 5.378070 42 11.064648 47 6.602258 43 1.665584
2 4 48 11.356130 47 13.075989 43 8.840605 42 16.188563
3
0 4 40 16.671043 49 13.888797 48 12.273360 43 4.307654
1 4 48 5.045311 47 9.358394 46 17.971580 44 4.283846
2 4 42 9.355974 49 8.435284 41 6.626635 46 7.072141
3
0 4 40 9.113986 41 9.224409 46 15.141292 47 19.522765
1 4 46 13.810382 44 15.999091 47 9.269465 45 19.765225
2 4 47 5.330046 49 9.404247 43 18.012378 44 4.100039
3
0 4 45 18.398024 47 1.451638 49 2.901225 46 11.465998
1 4 48 1.586458 49 1.216862 45 15.851645 46 19.795779
2 4 49 6.156340 47 15.267465 46 19.842528 45 11.308495
3
0 4 45 14.308098 46 17.577456 47 19.380250 49 13.392896
1 4 45 10.205261 49 13.141293 46 4.625463 47 6.083370
2 4 48 6.654423 49 8.795590 45 19.170581 46 1.173633
3
0 4 45 1.959386 46 4.962393 47 7.249070 49 15.788701
1 4 46 18.500803 45 11.216570 49 19.515523 48 8.743813
2 4 46 10.978726 47 4.744351 48 10.256918 45 19.534110
3
0 4 45 5.715568 48 6.643056 47 19.199067 49 14.833496
1 4 48 16.115743 47 13.525754 46 9.348082 49 12.347004
2 4 45 10.882184 46 15.934460 48 14.170262 49 12.630314
3
0 4 45 4.584329 46 6.157685 48 5.387507 47 14.529609
1 4 45 11.161736 47 5.449906 46 6.322642 48 12.918286
2 4 46 14.779186 45 13.876075 47 9.575689 48 13.718021
3
0 4 49 10.514952 49 6.917032 49 9.468360 49 16.830813
1 4 49 8.841426 49 4.126698 49 3.261399 49 9.007663
2 4 49 12.465999 49 6.285691 49 17.688303 49 12.120990
3
0 4 49 17.790795 49 11.554264 49 10.584171 49 7.962663
1 4 49 8.195225 49 16.733883 49 4.637053 49 12.496630
2 4 49 2.047005 49 17.721999 49 2.756879 49 14.826953
3
0 4 49 2.689576 49 5.909121 49 13.039820 49 15.104613
1 4 49 11.930618 49 14.280774 49 2.241209 49 8.532191
2 4 49 7.618268 49 2.310642 49 15.000763 49 1.810604
3
0 4 49 14.792966 49 2.809091 49 18.055752 49 13.525666
1 4 49 12.178897 49 3.614938 49 8.389438 49 7.228315
2 4 49 10.809359 49 14.595237 49 17.392955 49 14.053492
0
