50 49
3
0 4 5 8.833176 11 2.464795 45 2.167529 9 10.118881
1 4 41 8.852600 10 2.016110 49 9.002897 36 2.378706
2 4 45 5.876878 18 19.249146 31 9.287910 10 17.602737
3
0 4 5 6.613886 31 16.107772 12 4.640183 28 16.881237
1 4 8 2.221968 9 14.656851 49 19.631979 18 14.650021
2 4 42 12.656870 20 12.347416 18 4.774243 27 19.468182
3
0 4 5 11.548300 28 16.143889 9 8.754049 15 17.398885
1 4 30 1.491559 27 17.151107 6 16.109860 10 15.216324
2 4 43 5.861841 18 3.647197 35 2.129612 21 14.405798
3
0 4 5 3.324313 19 4.083167 43 9.146929 39 19.060672
1 4 34 14.816858 43 1.432512 17 9.086531 10 14.575576
2 4 29 12.026191 49 17.634023 11 11.348364 5 10.939898
3
0 4 5 14.038115 30 13.475064 43 2.600593 24 6.286337
1 4 13 17.072099 48 11.975822 25 15.248335 5 8.182575
2 4 7 19.039245 29 3.482231 44 2.441761 30 2.253564
3
0 4 10 12.487308 13 15.159090 46 13.572788 17 9.948247
1 4 20 17.284916 47 12.523584 35 19.869459 45 8.580412
2 4 38 9.387131 28 19.548721 23 15.640806 33 1.685226
3
0 4 10 18.868328 37 18.281732 15 13.008836 44 4.135987
1 4 30 10.314862 19 8.067118 43 2.855630 24 14.973805
2 4 25 4.746623 20 16.033503 19 4.408726 11 15.104083
3
0 4 10 5.097194 20 13.548485 26 17.523454 34 12.156219
1 4 45 2.754033 40 15.817080 42 14.185391 18 10.715628
2 4 49 2.550272 46 10.227022 16 12.884397 29 13.505827
3
0 4 10 16.607928 24 17.267978 11 10.380265 21 16.248531
1 4 22 13.759846 32 15.577266 37 11.999554 11 9.535917
2 4 11 1.576946 31 11.578758 44 12.804900 34 15.044431
3
0 4 10 10.559385 19 17.103912 36 15.555582 17 1.467331
1 4 41 8.577359 27 12.371098 46 5.885942 16 11.854919
2 4 27 11.092668 49 2.178785 12 2.998609 17 6.632762
3
0 4 15 7.280833 24 6.507630 25 7.560112 32 5.489219
1 4 43 12.358005 34 18.193340 20 6.989866 15 2.419475
2 4 24 19.664367 21 14.872440 28 6.945846 39 13.172452
3
0 4 15 3.638856 30 11.218163 38 14.403607 23 8.348102
1 4 46 18.476322 24 4.781813 37 11.376631 18 2.834289
2 4 25 1.402418 35 3.128433 19 17.339057 37 4.981245
3
0 4 15 19.159728 37 10.247147 41 13.194350 32 18.526616
1 4 30 18.360333 37 4.730638 45 14.402114 44 7.118341
2 4 26 7.129056 33 15.421567 47 9.705382 17 9.635798
3
0 4 15 3.873087 36 15.315823 40 12.085284 46 13.178206
1 4 17 6.107383 31 15.294006 21 9.564533 34 13.837331
2 4 44 14.758961 15 1.996035 36 15.471641 20 4.792112
3
0 4 15 16.047858 30 14.922911 17 16.367805 45 16.513599
1 4 35 14.459408 47 13.102618 31 19.302188 30 14.549603
2 4 47 13.619282 44 6.716394 25 4.174342 34 17.939780
3
0 4 20 3.508662 22 11.470914 44 13.594213 25 3.483427
1 4 33 1.333946 26 6.514029 21 15.350893 36 13.635640
2 4 34 13.818217 39 10.974897 26 14.652619 23 6.728124
3
0 4 20 11.504173 47 11.696982 46 6.357556 34 4.916615
1 4 25 6.366880 38 7.973095 31 2.855309 30 14.276123
2 4 29 1.747369 25 13.199771 40 3.788322 41 2.463701
3
0 4 20 11.982435 31 10.512355 48 17.669530 36 14.035298
1 4 47 18.483813 27 5.141055 30 11.905223 35 5.803407
2 4 21 9.958524 34 15.623584 43 14.165000 32 19.088220
3
0 4 20 13.738509 23 12.486259 36 12.429483 26 18.250169
1 4 34 3.844250 40 1.175981 44 13.516809 47 10.723268
2 4 40 8.615040 46 16.248100 36 2.594412 21 2.517524
3
0 4 20 19.676966 47 6.638796 48 18.929730 34 1.343677
1 4 36 11.903099 49 18.886569 31 2.097212 27 14.635360
2 4 43 13.760348 37 3.910008 33 19.816276 42 6.263202
3
0 4 25 5.384750 37 18.316005 45 5.383099 46 16.675456
1 4 48 2.372843 36 17.324881 25 7.395532 46 3.906278
2 4 26 3.449671 35 17.393974 44 6.898490 43 9.601692
3
0 4 25 19.905823 26 11.618573 30 19.640205 35 18.572289
1 4 30 18.076976 39 17.725058 45 8.019073 46 12.841139
2 4 30 15.590363 45 7.239844 39 5.598345 26 8.093454
3
0 4 25 11.410155 29 12.128282 33 5.591702 42 8.044416
1 4 40 11.978339 46 10.026259 35 10.031144 29 9.351689
2 4 27 2.240385 49 1.382844 42 17.704621 47 19.324974
3
0 4 25 16.676327 37 16.946415 29 19.838389 47 7.638714
1 4 47 19.645921 35 10.116650 36 16.748033 40 7.517227
2 4 30 17.584039 48 1.218119 44 10.745840 39 4.226985
3
0 4 25 5.888802 48 19.937599 45 6.428525 33 16.384321
1 4 35 19.150543 38 15.724609 30 5.289829 42 3.751981
2 4 29 13.182031 34 1.151416 38 7.552446 46 10.707543
3
0 4 30 16.158495 38 2.741026 34 5.393294 32 1.630124
1 4 38 2.987837 39 17.484342 46 5.275480 44 15.033491
2 4 45 9.554126 36 11.237534 41 6.519186 43 11.213310
3
0 4 30 14.069207 49 8.421054 41 12.227164 45 16.397839
1 4 40 16.691164 48 18.688867 46 12.899108 47 13.243113
2 4 37 9.305697 48 9.736767 35 5.916659 42 4.829253
3
0 4 30 5.406790 49 18.418123 31 11.575957 37 6.957777
1 4 45 13.979701 30 9.463076 41 9.820359 39 6.756670
2 4 31 7.334277 30 2.686557 45 11.661343 42 9.797402
3
0 4 30 18.077753 42 14.041728 40 17.656506 47 17.427428
1 4 44 12.112431 49 10.412286 39 7.576704 48 1.808646
2 4 45 18.834961 30 2.079547 47 4.743221 49 17.324178
3
0 4 30 15.861664 43 14.222676 32 1.514724 42 19.997617
1 4 30 11.197913 39 8.469141 37 16.983950 41 5.315731
2 4 49 3.747432 36 13.497578 38 19.854874 46 15.439087
3
0 4 35 5.527463 45 4.429242 46 18.570246 44 1.356689
1 4 36 12.168285 42 19.517759 39 15.493787 38 5.548113
2 4 45 18.854645 36 9.314923 42 6.045427 38 14.287519
3
0 4 35 13.561933 42 4.084000 45 13.490582 36 9.804209
1 4 42 12.920275 44 7.151947 48 19.773655 43 15.008842
2 4 49 2.369745 35 14.468773 43 7.575553 42 11.270342
3
0 4 35 12.378551 49 4.236541 38 19.136041 42 3.449655
1 4 42 14.198348 47 3.599320 37 5.838955 41 7.185550
2 4 43 4.048686 42 7.371977 36 5.015866 47 2.532850
3
0 4 35 5.113991 43 12.630423 47 8.291039 48 10.801419
1 4 41 8.756749 35 13.054205 36 7.509569 39 2.523781
2 4 39 11.288403 49 3.663622 35 17.474664 40 7.485605
3
0 4 35 5.162996 48 4.278908 38 9.439231 49 18.077772
1 4 45 15.443219 36 3.767463 49 7.613874 39 2.584147
2 4 35 1.579241 39 15.937905 47 19.469367 45 13.237853
3
0 4 40 14.138581 47 4.047334 45 15.662186 48 6.888703
1 4 43 17.499324 47 15.839669 48 17.308044 41 7.500596
2 4 49 1.892080 46 5.139169 44 3.699258 42 13.415824
3
0 4 40 7.481145 46 19.802927 43 18.729029 45 8.098240
1 4 48 5.120215 40 4.889935 45 14.878508 43 17.493463
2 4 41 13.564362 43 8.466405 47 10.550865 45 18.952716
3
0 4 40 13.811955 42 10.948298 46 8.330412 49 8.352221
1 4 45 3.411411 47 9.156966 43 17.326005 42 3.013246
2 4 45 5.314355 42 12.125372 48 8.684963 46 18.980919
3
0 4 40 12.442863 47 12.274764 49 16.995446 43 12.095309
1 4 43 12.144361 45 12.350833 48 9.141905 49 10.662860
2 4 48 11.932773 44 15.668892 45 3.019824 49 11.230016
3
0 4 40 15.641659 44 10.530654 48 18.648938 49 18.275825
1 4 43 16.434131 48 11.388476 40 5.886126 47 4.205805
2 4 45 18.372278 43 2.245526 47 14.435385 48 9.622770
3
0 4 45 7.501488 47 7.655579 48 15.803422 49 16.875135
1 4 47 1.147861 45 19.333254 48 5.912536 49 7.891495
2 4 45 12.954793 47 3.359219 49 2.625474 48 16.604681
3
0 4 45 9.893915 49 6.494595 48 15.075629 47 7.696915
1 4 47 8.638559 46 17.865709 45 19.586062 48 6.454831
2 4 48 12.503770 46 3.916143 45 11.785908 47 5.228395
3
0 4 45 2.934199 48 5.280916 46 15.087148 47 11.602730
1 4 47 11.598971 45 6.391830 48 15.739945 49 6.305644
2 4 49 8.726764 47 19.454727 45 14.387556 46 17.482790
3
0 4 45 9.915190 46 9.439756 48 17.917356 47 4.293544
1 4 48 14.267172 49 17.630052 46 16.100499 47 10.738545
2 4 49 3.494619 46 15.309822 47 14.743459 45 12.692177
3
0 4 45 16.513470 47 13.409124 46 18.291258 49 10.372010
1 4 45 1.617543 49 5.818883 46 14.991109 47 14.042555
2 4 45 16.311859 47 16.780544 49 9.497018 48 18.617237
3
0 4 49 18.839129 49 1.138558 49 6.500922 49 8.960072
1 4 49 11.781358 49 15.220970 49 6.241566 49 19.433820
2 4 49 9.700616 49 4.493224 49 8.496015 49 5.027685
3
0 4 49 8.552716 49 19.418331 49 3.052828 49 12.693242
1 4 49 15.298221 49 18.218153 49 17.135551 49 3.025105
2 4 49 7.375487 49 5.902261 49 1.411122 49 8.322569
3
0 4 49 14.902890 49 18.088003 49 15.374258 49 9.822332
1 4 49 8.293326 49 2.233587 49 10.463675 49 17.525838
2 4 49 4.408821 49 4.822388 49 19.325512 49 15.944734
3
0 4 49 12.025625 49 8.318645 49 11.475112 49 1.718034
1 4 49 6.880986 49 5.686378 49 12.223557 49 15.868578
2 4 49 16.544862 49 16.856008 49 3.861775 49 17.668511
0
