50 49
3
0 4 5 6.174744 19 1.026429 10 14.860519 18 7.993252
1 4 31 8.507468 36 2.910820 11 4.398338 13 16.150876
2 4 36 17.188381 43 11.323218 12 13.786815 11 13.025516
3
0 4 5 15.549559 48 19.312308 12 9.935609 10 15.969795
1 4 13 9.584288 24 4.309412 14 11.995413 35 11.970196
2 4 8 1.941839 7 14.359576 39 13.867854 38 9.537694
3
0 4 5 13.737646 12 6.413576 20 5.219108 47 2.196583
1 4 17 4.876152 37 8.323192 13 8.580978 47 7.296570
2 4 36 7.826809 35 7.542077 46 8.920118 28 9.507428
3
0 4 5 13.581671 47 7.454771 34 3.015785 45 11.758425
1 4 26 19.663944 38 3.715868 13 4.862462 20 4.058981
2 4 27 19.971253 40 18.584563 48 17.015163 17 13.440511
3
0 4 5 17.449385 38 5.525369 28 4.543976 34 12.676436
1 4 35 5.580534 5 5.058746 26 16.580396 33 10.308127
2 4 29 8.606575 7 4.164975 24 10.678283 44 15.120968
3
0 4 10 3.164421 47 15.429219 24 16.950266 35 8.886836
1 4 38 18.968579 30 9.713694 40 5.747196 46 8.093934
2 4 14 10.148334 31 8.337284 13 14.797418 17 15.756077
3
0 4 10 18.628609 26 6.969146 13 9.279749 47 18.910799
1 4 32 8.852280 10 9.858574 22 10.564286 25 5.555506
2 4 35 18.115725 12 9.652405 37 2.184081 44 4.908095
3
0 4 10 10.720315 24 19.146024 22 15.741958 11 4.295385
1 4 49 1.328924 10 16.356668 29 14.416563 47 2.236853
2 4 35 14.976175 29 5.614637 13 16.653513 15 10.927276
3
0 4 10 13.606850 40 14.804064 38 5.295784 18 12.176925
1 4 49 4.189444 17 12.209882 41 4.831476 25 16.912073
2 4 35 13.949976 48 10.745979 21 1.614389 44 15.575698
3
0 4 10 8.608014 40 10.084189 25 10.986264 12 13.201969
1 4 11 8.324506 45 14.964750 23 12.501138 14 3.431096
2 4 11 4.186496 30 14.500260 38 9.630180 18 1.809186
3
0 4 15 3.311256 37 2.307517 24 8.274001 41 13.695595
1 4 47 8.437187 37 15.300390 29 1.457147 42 19.102156
2 4 27 3.833472 32 4.176982 20 18.684247 16 11.807592
3
0 4 15 17.797260 42 16.888702 20 9.811284 31 15.556076
1 4 35 12.545128 39 12.247331 42 7.181894 47 13.346221
2 4 19 9.134753 28 7.432761 40 5.049866 49 15.428522
3
0 4 15 14.615333 43 11.978315 35 16.695858 46 15.575624
1 4 19 7.940756 21 12.625572 16 8.037471 30 2.849226
2 4 23 14.589132 38 10.526740 39 1.988452 19 9.424982
3
0 4 15 1.498862 17 9.626963 28 14.106958 25 18.901400
1 4 39 15.582077 35 5.792953 22 16.007243 46 12.080085
2 4 17 10.510028 35 18.506128 46 16.693348 18 18.636141
3
0 4 15 18.297005 29 14.390047 33 5.040325 20 18.843916
1 4 18 11.141590 43 12.025619 35 14.995719 27 18.330302
2 4 32 15.114394 36 12.419000 39 15.018507 26 18.611238
3
0 4 20 11.014061 37 6.084670 35 5.697502 32 11.530755
1 4 22 17.128341 48 7.787561 23 6.430332 44 2.745564
2 4 23 5.100410 24 1.097872 21 17.096410 32 11.616690
3
0 4 20 11.843688 37 18.923217 46 18.183831 26 16.635515
1 4 42 4.603646 48 11.735303 33 1.759607 29 9.514843
2 4 44 19.006162 30 6.955599 22 5.931561 21 15.440728
3
0 4 20 15.773783 43 11.471022 28 7.032227 24 10.115611
1 4 26 8.305424 36 12.047780 41 18.583411 39 13.399937
2 4 46 12.823621 25 15.752659 26 19.501901 20 4.661525
3
0 4 20 18.836515 48 10.396974 34 15.709790 30 16.474331
1 4 44 15.024995 24 1.941816 26 8.311283 48 8.942331
2 4 32 13.255079 22 13.277413 37 6.916962 46 12.898923
3
0 4 20 9.433695 40 9.473742 47 17.216483 22 17.013066
1 4 27 10.009142 43 18.773871 33 13.877426 45 3.123327
2 4 45 13.085781 24 2.603990 31 8.615223 46 19.699821
3
0 4 25 2.338482 43 8.040850 49 12.333738 28 8.066045
1 4 32 6.335745 33 3.099151 47 9.102082 49 1.532833
2 4 26 18.962323 29 11.852662 40 4.691472 36 13.473102
3
0 4 25 10.300522 34 15.838684 30 6.690388 44 8.045678
1 4 31 5.698783 35 6.819234 27 18.458592 26 11.186164
2 4 31 19.073979 28 16.570135 48 2.476921 34 19.057607
3
0 4 25 17.728624 33 17.742255 39 1.783784 26 12.209584
1 4 27 2.411243 44 11.893933 41 11.729593 49 9.081020
2 4 32 17.945514 39 13.681667 35 7.054311 44 13.026066
3
0 4 25 9.535596 33 10.137938 41 2.200680 43 9.222456
1 4 29 13.176462 32 18.910319 42 2.259382 27 1.663073
2 4 47 11.381419 27 13.964790 48 10.801407 44 14.828610
3
0 4 25 8.093352 31 6.999069 38 8.928495 32 8.598654
1 4 27 4.848726 47 18.756740 42 10.652454 25 9.313373
2 4 36 6.530718 41 3.404208 28 9.807998 43 9.257732
3
0 4 30 13.756426 41 13.495551 35 15.690515 33 2.721819
1 4 47 6.943013 40 8.566591 48 14.481044 34 15.854305
2 4 46 5.086314 35 12.618283 39 1.916196 40 13.850359
3
0 4 30 19.105542 40 16.129811 49 11.295568 33 9.450884
1 4 31 14.924149 45 4.697633 32 5.719889 40 13.039113
2 4 36 11.281923 45 7.944643 44 8.004798 40 10.133076
3
0 4 30 8.608314 37 9.358380 41 7.049740 31 17.726378
1 4 31 15.876996 34 18.197568 38 1.833994 33 9.338505
2 4 48 16.574417 31 2.210253 39 6.261894 34 11.211657
3
0 4 30 15.311166 49 10.561890 44 7.234158 40 1.290392
1 4 41 4.385645 49 1.141382 35 8.076012 30 17.832939
2 4 35 18.220731 41 19.396881 37 18.789689 49 3.056894
3
0 4 30 2.101098 36 6.110133 37 14.074482 46 4.573901
1 4 46 4.730014 49 3.790906 44 10.658140 41 5.248542
2 4 40 10.685364 49 12.409367 36 6.973621 35 19.669709
3
0 4 35 15.185505 38 12.396733 42 19.022991 45 4.033673
1 4 43 13.296877 47 10.674413 46 16.331440 45 2.841748
2 4 43 4.553785 48 16.324005 47 7.681918 35 11.702416
3
0 4 35 6.125896 47 18.539463 41 4.361302 49 3.330318
1 4 46 11.653366 47 10.788213 41 8.740394 36 13.500613
2 4 49 12.538875 46 7.921330 45 3.111534 37 13.412891
3
0 4 35 9.468222 41 8.771841 42 4.537067 43 8.415269
1 4 40 19.981779 37 18.837913 44 18.169768 49 14.131915
2 4 48 9.098988 44 1.545895 46 9.148836 35 2.690462
3
0 4 35 9.534604 43 6.327073 46 16.142026 38 2.026773
1 4 42 12.475770 46 13.518773 40 4.705519 39 13.716133
2 4 47 15.715347 41 13.488196 37 4.291063 46 8.233439
3
0 4 35 16.845368 45 12.799841 39 5.757662 37 18.486876
1 4 48 4.219069 46 13.955215 43 1.249071 44 19.599485
2 4 43 19.795109 46 3.075836 36 4.808129 35 15.283176
3
0 4 40 16.117527 44 13.030141 45 14.941309 49 13.908729
1 4 42 3.578359 43 14.193967 44 18.868054 45 2.313943
2 4 49 13.456667 43 17.263010 44 9.351016 48 11.640260
3
0 4 40 15.861556 45 5.863617 41 11.786073 47 11.981891
1 4 40 5.419227 44 12.734373 46 11.638884 43 8.694278
2 4 43 2.905207 44 9.226529 49 19.259871 41 17.243926
3
0 4 40 13.910403 47 8.758643 44 12.876351 46 10.169367
1 4 45 13.791427 44 4.586795 49 17.402659 48 6.548218
2 4 48 17.604872 49 18.780107 45 8.845770 43 4.576617
3
0 4 40 5.814266 47 3.676562 44 11.999043 45 17.744221
1 4 46 17.993143 45 17.305715 40 14.207611 42 12.177306
2 4 45 4.741733 47 13.373325 42 11.515720 43 6.528881
3
0 4 40 8.805209 47 4.475271 42 10.402123 44 5.852498
1 4 43 3.589124 48 5.225116 46 1.160992 49 16.481353
2 4 45 5.243174 49 6.706266 47 19.958527 41 13.926778
3
0 4 45 16.586926 49 1.007845 46 15.806063 48 10.788808
1 4 49 11.866248 46 11.306180 48 3.709767 47 9.113716
2 4 49 13.828529 46 7.761353 47 18.419298 48 19.597008
3
0 4 45 3.614904 48 1.033200 46 2.921497 49 18.042706
1 4 46 12.330886 49 13.528132 48 17.180551 47 18.551333
2 4 49 2.090430 47 12.801561 48 11.160364 45 12.003302
3
0 4 45 2.615347 49 13.012127 48 6.916173 46 2.750864
1 4 49 2.616793 46 6.283528 45 18.834494 48 8.524011
2 4 45 3.138053 46 1.361433 48 18.270890 49 1.412215
3
0 4 45 8.152363 46 17.828055 49 3.908825 48 14.290108
1 4 48 15.030978 47 12.712040 45 1.128903 49 18.911334
2 4 47 17.306241 46 4.338365 45 1.960824 48 2.045730
3
0 4 45 19.254350 47 10.635171 48 18.727367 46 9.603523
1 4 45 16.458362 49 13.998624 48 13.046726 46 18.540834
2 4 45 12.171691 46 4.248426 48 4.595209 47 7.256854
3
0 4 49 10.361634 49 9.670958 49 2.619756 49 17.173712
1 4 49 19.349464 49 1.203093 49 6.914023 49 2.052440
2 4 49 1.471088 49 8.624824 49 9.868405 49 13.796136
3
0 4 49 7.653970 49 10.709048 49 5.726316 49 18.511120
1 4 49 2.862954 49 14.414286 49 17.935283 49 17.911675
2 4 49 13.923190 49 13.815682 49 18.215897 49 14.279266
3
0 4 49 12.009135 49 6.836430 49 10.570065 49 9.451706
1 4 49 4.197477 49 17.497286 49 6.550844 49 16.156827
2 4 49 14.752068 49 16.378849 49 9.727575 49 8.471725
3
0 4 49 3.451688 49 12.623365 49 8.197816 49 15.300036
1 4 49 8.515657 49 11.213570 49 6.582334 49 4.311773
2 4 49 10.375374 49 18.329414 49 1.788427 49 8.188724
0
