50 49
3
0 4 5 15.487931 32 18.495956 41 5.611899 7 15.602627
1 4 48 1.244627 6 14.427998 37 6.088582 45 17.152693
2 4 18 16.322698 33 7.346410 12 8.350683 44 1.059582
3
0 4 5 18.094030 31 10.188501 26 13.585153 18 9.986396
1 4 44 13.047162 47 19.599511 23 12.289693 13 11.124704
2 4 18 13.452555 13 18.498389 29 6.992911 22 11.198654
3
0 4 5 17.681832 40 9.460016 28 18.003883 47 13.521313
1 4 39 17.656647 36 7.916196 42 2.311829 25 7.684322
2 4 8 15.731363 16 11.310463 15 6.496510 43 13.198863
3
0 4 5 8.697908 25 19.512255 22 7.404542 41 3.834650
1 4 11 10.583658 44 16.827149 27 14.389396 23 18.781800
2 4 6 10.043922 14 15.903004 42 12.292816 27 18.184634
3
0 4 5 5.146608 36 15.769199 32 6.269721 21 15.484620
1 4 49 13.200502 34 2.315735 14 2.169311 31 6.366577
2 4 30 17.909610 46 4.426834 17 15.725051 5 11.123159
3
0 4 10 2.627471 36 7.554007 38 5.447025 44 2.968782
1 4 31 16.919421 30 11.991542 40 13.614963 33 15.075913
2 4 17 9.717323 38 3.303997 42 1.592712 27 8.416805
3
0 4 10 1.211295 31 7.893515 48 16.504610 21 18.357455
1 4 19 13.027006 22 15.501780 32 1.376457 13 6.030482
2 4 39 19.042190 35 5.770471 12 16.028143 24 16.401938
3
0 4 10 19.358694 16 3.139908 21 3.874720 12 7.017470
1 4 24 16.345712 23 14.919811 46 1.149438 37 4.125800
2 4 43 9.335107 40 5.638718 27 13.431147 44 9.485072
3
0 4 10 18.454653 27 7.733450 49 12.991682 23 11.148234
1 4 41 18.647430 28 13.389924 22 13.753683 38 18.789024
2 4 47 12.178915 16 5.256184 42 15.825934 26 17.814770
3
0 4 10 9.887874 41 15.243112 24 13.944202 47 17.975074
1 4 45 10.768700 49 17.848714 25 12.315291 15 5.996166
2 4 20 15.702976 14 14.794232 19 15.976499 45 13.959945
3
0 4 15 6.869532 37 16.911274 30 13.735048 46 6.763517
1 4 27 3.727140 24 5.963184 30 17.424998 18 17.306890
2 4 17 8.072927 37 3.503794 36 11.907441 45 13.929326
3
0 4 15 7.947726 29 10.783601 22 1.951107 26 8.592031
1 4 48 18.578239 49 1.323784 17 10.740781 15 4.158762
2 4 30 15.419176 44 4.623627 22 12.528115 49 9.984746
3
0 4 15 7.088926 37 10.016003 38 15.668291 35 4.922724
1 4 21 15.384132 30 19.067370 31 6.579092 41 8.680413
2 4 41 11.041597 42 8.228860 20 16.212625 47 10.098453
3
0 4 15 17.220124 40 1.508714 41 13.026998 33 15.336243
1 4 22 8.885041 26 18.201695 49 3.542150 18 17.265470
2 4 19 10.938901 35 8.064505 28 17.933903 24 2.927722
3
0 4 15 4.689884 27 1.228570 45 19.641582 28 9.276044
1 4 42 19.267433 37 17.608291 21 3.702123 33 6.272634
2 4 41 10.275656 21 14.264828 34 14.230729 26 16.390030
3
0 4 20 7.925016 22 3.461032 28 8.734129 29 13.402488
1 4 41 15.822104 38 10.731314 24 8.278185 26 10.647467
2 4 26 8.228575 48 13.011526 31 8.603171 20 4.680635
3
0 4 20 5.641050 46 17.572065 37 11.880884 23 3.368537
1 4 49 6.878016 35 3.352969 25 11.314640 21 2.423920
2 4 35 8.953918 33 9.202247 31 19.108150 26 6.144371
3
0 4 20 15.888409 35 16.736495 23 2.215045 46 1.997340
1 4 43 13.752359 33 15.787166 42 16.400881 28 7.429393
2 4 23 16.808386 42 10.361098 45 2.865304 28 16.411930
3
0 4 20 1.866604 47 7.947150 37 12.420630 33 2.729899
1 4 34 8.917705 44 7.869621 36 16.324207 48 16.221030
2 4 29 17.424523 40 3.880883 28 11.376793 26 15.331886
3
0 4 20 10.929202 31 1.300256 49 10.273346 42 1.225337
1 4 47 15.745211 42 18.364885 37 15.279585 26 10.065645
2 4 27 7.323587 24 1.060252 33 9.779099 35 8.436459
3
0 4 25 2.665982 41 15.368540 28 5.178285 49 15.321555
1 4 49 1.940790 26 13.379507 37 1.727398 35 12.442160
2 4 40 19.967589 29 4.453359 30 14.846315 26 15.285925
3
0 4 25 1.969475 31 1.208700 49 8.706971 27 7.911816
1 4 28 6.024031 26 15.981119 40 4.203057 34 11.116536
2 4 43 1.156330 34 3.795090 26 4.800735 40 1.398402
3
0 4 25 7.967232 38 12.321470 30 1.859487 29 1.395663
1 4 48 2.476303 31 13.913170 40 15.610101 34 16.791935
2 4 39 13.393038 47 15.227651 29 19.786533 40 3.602917
3
0 4 25 1.496016 46 9.381061 26 17.275172 43 1.071243
1 4 44 6.872398 32 18.965051 30 14.327223 26 5.449938
2 4 43 11.003047 31 3.689889 41 10.928921 33 4.995084
3
0 4 25 3.221264 31 10.814661 35 13.953339 34 6.415546
1 4 40 9.479785 46 8.075889 28 5.762281 42 11.502321
2 4 44 7.875670 29 4.957736 39 19.601649 34 4.722429
3
0 4 30 6.647020 48 3.133420 39 16.324517 31 3.341100
1 4 42 1.513744 39 15.662044 34 7.818378 47 17.981793
2 4 48 9.449149 39 6.998473 34 6.633774 36 7.658594
3
0 4 30 13.620272 37 4.512990 34 7.721276 39 2.764488
1 4 32 8.169024 38 13.051302 47 2.210279 46 16.369618
2 4 36 15.735529 41 4.717785 49 18.625437 40 16.340722
3
0 4 30 18.025192 41 2.509658 48 6.737885 42 9.975309
1 4 38 12.826501 39 3.925240 37 15.931949 40 19.623186
2 4 39 11.614035 43 1.616470 48 6.175364 49 2.230180
3
0 4 30 4.953788 41 1.006455 38 17.351271 40 6.139549
1 4 34 1.376822 42 5.342044 30 7.432287 37 6.629592
2 4 37 5.157800 35 17.289343 44 2.726740 49 19.361414
3
0 4 30 1.596026 40 9.013544 45 8.090841 37 17.456387
1 4 48 9.983762 40 18.206373 37 16.878587 49 18.683511
2 4 43 2.777755 41 11.395490 44 10.418613 31 7.509541
3
0 4 35 5.140017 49 5.087639 41 14.686624 44 11.918505
1 4 39 11.901985 40 5.707393 46 14.967065 37 7.947988
2 4 37 17.389554 47 1.719644 46 6.451081 35 12.145800
3
0 4 35 2.097521 36 13.091393 42 17.043045 40 15.436298
1 4 49 9.332421 44 12.022048 36 12.684876 46 19.869723
2 4 47 1.114367 39 15.488982 45 3.297949 49 14.589112
3
0 4 35 1.138421 37 15.928192 49 16.120741 38 6.810346
1 4 38 15.528143 42 18.636503 47 12.166177 44 11.941384
2 4 45 2.471109 41 14.917783 38 1.167711 46 15.130481
3
0 4 35 6.159325 37 17.334649 47 11.374440 36 12.376058
1 4 40 9.976932 41 6.519954 36 4.063754 35 6.747338
2 4 49 6.848150 38 1.918930 43 3.364016 36 9.136138
3
0 4 35 16.051746 38 14.927361 37 9.516565 48 8.836885
1 4 48 16.314913 38 17.473572 40 12.642962 45 3.365605
2 4 39 13.565901 41 14.605070 49 18.454695 35 13.904582
3
0 4 40 9.258815 49 2.922574 47 17.399073 42 11.922271
1 4 40 7.154353 41 18.881041 45 7.411709 43 12.301550
2 4 41 17.003170 48 17.457560 43 8.245677 45 4.047896
3
0 4 40 19.260183 45 14.988574 43 5.053206 44 1.933630
1 4 48 4.532350 47 19.600445 44 7.219635 43 18.874586
2 4 42 4.412873 49 19.783050 44 12.418339 46 14.760859
3
0 4 40 19.717243 45 10.128532 43 10.488190 48 3.555673
1 4 49 11.782278 42 10.907683 43 5.840466 47 17.947824
2 4 41 11.704149 45 13.731354 49 16.946390 42 2.148118
3
0 4 40 9.529940 42 7.764117 48 8.079013 46 7.158239
1 4 44 16.890037 43 3.598122 49 12.483093 48 14.264569
2 4 42 14.439647 49 7.488878 43 14.001846 48 6.008135
3
0 4 40 9.365049 48 3.849192 41 15.393007 47 4.081940
1 4 41 14.910419 42 9.065825 47 14.493975 40 18.322296
2 4 42 8.247176 45 8.393053 48 4.427961 41 3.380917
3
0 4 45 4.915101 47 19.895832 46 11.499197 49 2.005570
1 4 45 3.737295 48 9.430560 49 3.119776 46 7.133480
2 4 45 6.915933 47 12.741091 49 3.515748 46 10.276114
3
0 4 45 14.866760 47 16.585137 46 11.537464 48 5.449709
1 4 45 15.159801 49 9.973846 47 14.617868 46 6.644562
2 4 46 12.417155 48 6.690897 45 4.570060 47 12.061125
3
0 4 45 13.620182 46 7.145467 48 8.151385 49 16.135016
1 4 46 3.934081 45 8.141638 48 1.167961 49 8.866946
2 4 46 18.046292 49 5.528821 47 6.860467 45 4.514865
3
0 4 45 12.278881 47 16.788041 46 5.987900 48 7.825538
1 4 45 15.584951 49 10.525199 48 18.072663 47 10.703489
2 4 48 8.943683 46 17.622534 49 14.332431 47 19.392044
3
0 4 45 18.052005 48 7.884465 49 14.024827 47 2.429285
1 4 47 15.516194 46 12.722852 48 2.605400 45 8.563588
2 4 49 12.671900 47 10.060148 48 18.279785 45 8.148481
3
0 4 49 2.448735 49 17.789961 49 1.640952 49 19.380442
1 4 49 9.258225 49 5.122181 49 7.018685 49 14.243116
2 4 49 5.311892 49 9.028057 49 5.581863 49 5.385603
3
0 4 49 17.077045 49 6.431014 49 6.225006 49 12.553869
1 4 49 3.296617 49 11.475549 49 5.651159 49 3.596251
2 4 49 17.867682 49 14.101165 49 6.076839 49 11.608207
3
0 4 49 16.521928 49 18.862833 49 2.289907 49 15.149669
1 4 49 3.843783 49 19.150430 49 13.976999 49 19.965641
2 4 49 18.811686 49 2.438245 49 6.323955 49 17.361367
3
0 4 49 5.277044 49 12.702692 49 4.092060 49 8.738866
1 4 49 10.637203 49 17.585513 49 8.258651 49 15.034025
2 4 49 9.746176 49 15.805625 49 4.543001 49 11.278576
0
