50 49
3
0 4 5 9.983076 13 7.960497 24 13.411020 31 7.390166
1 4 6 1.011462 34 19.542238 38 18.332726 8 13.802542
2 4 9 13.380788 43 6.579102 13 19.329846 46 18.935260
3
0 4 5 12.146835 41 17.377979 43 3.449929 13 13.582378
1 4 45 19.296662 37 1.131390 20 17.005365 48 16.271343
2 4 21 12.480499 8 5.474623 20 16.083541 30 18.194835
3
0 4 5 1.038358 40 14.300775 10 2.246498 18 11.389288
1 4 49 11.366919 37 12.729135 41 11.392722 20 7.872470
2 4 40 6.564336 20 2.883107 32 8.837701 11 4.085960
3
0 4 5 2.644125 28 7.100196 42 19.594399 48 3.547506
1 4 10 14.843419 44 3.341793 8 1.887818 12 7.552239
2 4 17 12.395797 26 14.031190 32 13.001841 34 9.090593
3
0 4 5 12.969506 23 5.447498 46 16.560027 36 15.463053
1 4 23 10.101720 26 19.013989 34 2.639293 19 7.630759
2 4 35 6.246018 21 11.310239 19 5.418924 22 6.655297
3
0 4 10 9.009960 27 10.411571 15 1.434234 23 15.600755
1 4 35 10.322481 19 17.487132 12 2.152273 25 5.644620
2 4 16 16.277691 47 19.275346 25 18.547076 48 5.940261
3
0 4 10 8.300706 30 10.797383 27 16.786076 39 4.946890
1 4 45 9.300987 15 9.220598 23 9.227966 12 1.578663
2 4 34 15.232650 20 4.503210 21 4.874689 46 4.760824
3
0 4 10 17.511949 38 8.442786 29 11.603022 32 8.199380
1 4 16 16.015721 28 11.242236 26 9.554901 37 4.422160
2 4 19 18.135921 10 10.600217 40 9.190202 28 4.156882
3
0 4 10 13.497998 34 17.963857 43 15.442717 35 17.084448
1 4 31 7.432653 33 1.337701 20 16.876806 37 15.663873
2 4 18 7.101344 24 19.501215 37 14.545691 22 4.176714
3
0 4 10 8.353021 19 17.604384 28 17.675609 42 18.031612
1 4 38 3.818153 16 17.208484 40 14.772195 31 17.937100
2 4 32 16.442138 43 16.841371 25 5.402498 45 7.302804
3
0 4 15 9.077605 36 17.673168 32 12.837135 39 9.400414
1 4 30 15.871565 19 17.743115 36 3.296197 17 18.334881
2 4 32 8.125000 28 18.539757 46 17.383680 35 1.688364
3
0 4 15 2.078935 39 4.473770 35 10.279123 40 4.967601
1 4 26 12.753823 44 10.566584 37 6.742571 24 1.883657
2 4 21 4.661392 43 9.606756 23 8.998881 39 9.973364
3
0 4 15 5.154805 43 19.710926 35 17.189856 47 11.245914
1 4 38 19.660393 26 1.307255 27 3.136980 37 16.978055
2 4 19 10.848036 44 11.714236 28 1.168029 18 17.737721
3
0 4 15 13.679268 17 4.165822 24 10.019549 20 17.045678
1 4 32 9.918336 16 2.563384 46 13.597153 21 11.083786
2 4 46 6.603335 19 16.884072 29 17.000568 23 15.223741
3
0 4 15 8.382855 16 6.890930 33 4.899441 23 2.815683
1 4 44 9.719633 38 13.553400 21 2.123392 26 11.346478
2 4 49 8.526477 46 7.030339 39 3.252203 20 7.922450
3
0 4 20 14.037884 49 6.094300 30 4.092133 21 8.321221
1 4 28 2.901213 40 13.624995 31 19.063268 36 1.386521
2 4 46 14.400075 32 19.073019 23 4.410555 39 4.321977
3
0 4 20 14.015897 27 13.033905 43 6.252133 30 6.530942
1 4 34 15.699337 38 17.993437 24 10.526026 42 5.592783
2 4 36 12.048157 34 9.128539 48 15.534157 46 16.762442
3
0 4 20 13.926432 30 19.307333 48 3.817050 32 9.247488
1 4 22 4.989030 26 10.232181 41 11.675617 46 6.707505
2 4 41 14.839077 28 15.704005 31 18.179526 45 3.973700
3
0 4 20 11.314755 24 19.917228 47 18.631734 27 17.329337
1 4 41 1.888195 21 11.375433 43 6.538063 25 12.831640
2 4 29 6.613004 22 5.135380 28 17.840400 44 8.355152
3
0 4 20 15.757926 29 4.980787 36 16.962789 28 3.683485
1 4 42 10.173031 27 9.905314 32 1.272274 20 14.766551
2 4 49 8.634879 20 7.738494 38 5.849264 24 16.904066
3
0 4 25 2.056313 35 10.774538 31 15.850568 49 16.834540
1 4 45 7.543366 36 9.029946 49 6.386659 41 9.038238
2 4 44 7.852827 49 16.114801 29 14.932474 25 8.768971
3
0 4 25 13.901186 38 17.124176 26 3.323020 44 9.545822
1 4 49 7.487601 44 19.037596 28 2.674916 25 17.575539
2 4 40 13.130781 46 4.075002 36 10.029017 34 13.007423
3
0 4 25 14.081721 28 5.556569 46 17.513744 49 9.412854
1 4 42 4.829306 41 18.380543 36 11.168867 44 2.040788
2 4 47 13.512610 27 17.550121 39 11.405272 30 8.408817
3
0 4 25 8.451288 44 16.171547 46 1.381255 40 10.038016
1 4 42 7.235799 32 4.328735 37 18.224828 31 4.800650
2 4 38 10.891748 30 7.385356 34 15.995588 29 17.003000
3
0 4 25 1.629963 35 11.021451 39 5.434776 32 6.198806
1 4 47 7.691073 28 13.411118 49 10.073240 46 7.221743
2 4 35 1.396723 36 11.163545 27 1.919306 38 12.027011
3
0 4 30 6.018027 36 4.230706 48 17.448625 35 15.079736
1 4 44 4.834695 45 14.944064 34 6.670594 38 9.845936
2 4 48 11.166164 33 6.361781 38 16.436698 45 17.418554
3
0 4 30 6.947142 48 6.510596 42 9.518030 37 1.832178
1 4 34 16.963993 37 17.596111 33 8.286933 36 15.045839
2 4 41 7.681812 35 18.440901 45 19.290740 49 19.191346
3
0 4 30 4.456688 35 3.303161 32 1.412945 47 12.995503
1 4 35 4.255144 31 8.695060 32 5.613364 33 9.213139
2 4 42 3.096068 31 11.843586 47 6.298350 33 4.341240
3
0 4 30 3.220290 44 11.663721 32 16.522256 34 16.400543
1 4 37 5.274031 38 9.157600 34 19.877438 46 7.573169
2 4 32 9.469350 44 1.174550 41 7.508709 35 9.571968
3
0 4 30 10.157067 34 7.100774 40 6.724556 37 19.919384
1 4 44 10.066386 45 7.051734 31 6.608457 39 15.264557
2 4 48 10.947241 34 1.384055 41 5.788560 37 5.590252
3
0 4 35 4.377622 37 1.549447 45 9.952749 44 3.905740
1 4 46 17.227596 35 2.528943 48 14.699267 38 9.499299
2 4 35 15.478203 39 11.047445 37 14.996857 45 3.548508
3
0 4 35 8.652715 46 6.081566 45 10.401610 42 16.549166
1 4 45 2.080074 47 6.171836 48 9.672161 44 18.712731
2 4 47 7.710631 45 7.314651 43 5.633385 48 5.069170
3
0 4 35 6.115960 45 14.140347 48 17.035297 37 10.474218
1 4 43 8.807788 45 2.339290 38 18.992852 35 11.919227
2 4 36 4.370849 40 7.584936 48 13.432383 45 6.376116
3
0 4 35 14.939431 48 9.964502 39 6.644602 36 8.809496
1 4 44 11.076949 42 6.090623 41 4.740130 45 16.301778
2 4 43 15.420015 42 6.950342 39 18.176678 36 8.949859
3
0 4 35 17.591478 38 15.105160 43 10.645279 44 6.824426
1 4 49 14.600081 46 18.469836 42 1.167776 43 7.521669
2 4 41 14.693020 39 5.163308 37 7.449953 44 2.647891
3
0 4 40 2.048403 48 9.480772 49 13.810319 42 4.644234
1 4 44 6.547271 46 14.870377 41 15.839509 40 6.665126
2 4 41 5.099863 47 8.693898 43 14.413188 42 5.644734
3
0 4 40 8.413903 46 7.947243 47 17.818091 44 10.683494
1 4 49 7.188666 47 1.593714 40 3.211964 45 12.736498
2 4 49 4.596551 42 7.143817 41 1.862116 46 6.144011
3
0 4 40 11.935576 42 10.577981 44 16.356445 43 10.736269
1 4 41 12.205476 40 18.484541 45 2.099338 42 5.052527
2 4 46 16.891714 43 15.037976 48 16.089257 49 18.625675
3
0 4 40 16.143449 47 15.874652 48 3.414588 44 12.831357
1 4 48 6.727644 45 14.564148 40 4.045918 47 13.687120
2 4 49 19.199412 41 14.871336 42 13.777142 46 5.267593
3
0 4 40 19.231272 45 3.977329 46 11.588632 41 15.826199
1 4 45 14.706403 49 14.239166 47 4.958259 46 15.613199
2 4 43 10.054026 42 5.436153 40 17.070461 46 2.573782
3
0 4 45 3.452181 46 5.085291 49 10.236105 48 9.378672
1 4 48 10.568899 47 8.972806 45 9.830175 49 9.295797
2 4 47 12.754615 48 16.308487 45 15.688084 49 2.322451
3
0 4 45 5.823017 49 14.025238 47 19.953266 48 15.371819
1 4 46 16.761210 49 17.830567 48 4.573361 47 4.437261
2 4 46 1.733820 48 17.614385 47 10.255917 45 8.589649
3
0 4 45 19.249456 49 17.817177 47 8.800683 48 15.310888
1 4 46 12.586654 47 19.054449 49 2.019041 48 18.009993
2 4 47 19.550900 48 1.165116 46 11.324128 49 7.854978
3
0 4 45 3.591671 47 19.553423 49 3.115052 46 11.489782
1 4 48 5.210461 49 16.295754 45 7.347881 46 10.080236
2 4 48 15.640364 47 11.278162 45 7.766832 49 1.243430
3
0 4 45 11.899959 47 14.254817 46 10.215852 48 13.015147
1 4 46 7.896520 47 18.189169 45 18.040062 48 17.815876
2 4 45 15.132649 48 17.274817 49 13.400533 47 4.648500
3
0 4 49 2.164700 49 19.179700 49 16.217581 49 17.018140
1 4 49 4.160006 49 3.930572 49 1.633856 49 8.268326
2 4 49 2.043106 49 9.454155 49 16.052108 49 15.598438
3
0 4 49 10.148397 49 10.236360 49 17.742699 49 6.883402
1 4 49 2.818956 49 18.407857 49 17.775646 49 4.920220
2 4 49 17.321282 49 9.044659 49 5.391981 49 6.117715
3
0 4 49 11.256247 49 14.559438 49 5.979032 49 6.318555
1 4 49 10.597790 49 15.953822 49 15.535662 49 4.116308
2 4 49 7.990521 49 1.672237 49 17.279937 49 9.646949
3
0 4 49 16.870662 49 15.849306 49 9.233547 49 1.909575
1 4 49 5.040464 49 11.994811 49 3.122188 49 5.709806
2 4 49 1.450429 49 11.713349 49 18.217559 49 16.062467
0
