50 49
3
0 4 5 19.576507 11 15.397376 15 16.843218 16 17.665773
1 4 48 5.499491 18 2.870235 37 15.704872 28 16.386557
2 4 25 11.297778 36 5.883492 47 3.343484 12 13.076092
3
0 4 5 4.868969 46 18.465541 28 2.715598 19 10.296805
1 4 25 9.875637 10 19.373448 6 8.292869 37 8.026828
2 4 37 6.559171 28 12.512081 5 1.887443 14 15.669503
3
0 4 5 14.804727 37 13.117909 19 1.422954 43 9.121073
1 4 40 10.302347 11 19.141546 27 14.754478 18 10.867187
2 4 21 7.272892 25 7.182386 15 11.525415 39 17.912281
3
0 4 5 3.587576 7 8.045846 38 9.288244 9 10.838710
1 4 9 11.828443 35 5.381453 15 10.526241 39 17.977608
2 4 13 19.973482 40 18.841057 29 8.356350 22 14.798535
3
0 4 5 13.072254 20 8.191099 29 6.251584 47 12.004572
1 4 17 8.467901 16 4.345342 7 3.945919 13 8.331973
2 4 12 8.588983 32 12.761438 23 4.968531 17 3.074903
3
0 4 10 13.860776 15 18.166602 34 7.918754 43 17.661219
1 4 36 3.154348 22 19.767303 31 16.885546 25 5.762570
2 4 35 10.794248 20 8.033811 37 11.778776 23 19.419796
3
0 4 10 2.538942 17 10.968136 25 17.935696 31 1.884883
1 4 20 14.904081 13 12.876809 48 14.851853 38 8.140949
2 4 26 16.165966 36 8.842685 41 3.846475 10 17.915495
3
0 4 10 1.835482 44 3.425825 17 4.101505 11 2.651952
1 4 39 5.210919 44 3.066338 47 11.100663 45 9.827478
2 4 30 10.913696 47 10.864483 14 11.929024 34 4.616313
3
0 4 10 15.451110 28 11.073787 33 15.626353 25 11.506935
1 4 27 8.954197 19 12.926729 37 4.022649 39 9.092687
2 4 12 7.658548 24 18.835814 42 3.368398 47 15.042001
3
0 4 10 18.892075 28 14.058526 31 9.820180 34 7.522450
1 4 34 16.946040 49 8.824498 42 8.261982 16 8.860202
2 4 36 10.727451 33 13.109128 28 9.016696 24 5.432048
3
0 4 15 6.501329 40 5.911982 26 1.234132 31 13.927032
1 4 42 2.373099 18 2.188424 29 15.681228 22 11.761759
2 4 18 14.488486 46 8.997639 36 11.024735 35 16.240215
3
0 4 15 2.813925 49 2.359137 32 5.727631 34 5.106617
1 4 41 10.743551 37 11.976390 25 6.641292 19 17.868898
2 4 30 9.605590 24 1.921497 18 2.367872 16 5.763029
3
0 4 15 5.547601 49 4.389359 37 10.004250 27 13.054464
1 4 27 5.771543 30 9.864323 20 16.944128 15 11.984907
2 4 47 12.218856 38 5.269313 19 18.549691 43 7.521929
3
0 4 15 10.945088 29 6.716922 26 17.050126 42 7.579894
1 4 23 7.898343 34 3.335239 45 12.335664 16 8.693471
2 4 23 11.094354 24 12.045640 43 8.514196 30 2.302739
3
0 4 15 16.960735 28 3.857742 24 6.682386 36 11.748363
1 4 38 16.642442 43 5.855601 46 13.223793 16 9.513097
2 4 16 17.837608 28 16.432977 32 5.365054 47 8.849826
3
0 4 20 11.885943 41 10.452617 37 16.265102 31 5.987400
1 4 49 1.379613 39 14.041844 47 7.421880 28 15.948037
2 4 43 7.939671 39 18.164489 34 10.766054 47 5.929479
3
0 4 20 19.060734 22 16.158565 40 16.153637 45 8.692719
1 4 21 15.123357 46 11.074444 26 13.209702 29 17.645683
2 4 33 4.012569 47 3.461578 35 7.097353 22 13.997758
3
0 4 20 19.428221 43 11.081545 26 15.460441 25 6.412461
1 4 21 13.428509 32 15.502592 42 8.146983 49 4.453486
2 4 45 11.209940 26 11.976934 25 1.137605 20 3.046964
3
0 4 20 16.777522 39 1.523054 23 10.592900 43 7.883620
1 4 44 11.242549 28 5.724524 33 18.248536 26 8.072368
2 4 46 12.275572 36 6.628695 28 17.667037 31 16.041839
3
0 4 20 12.858617 21 13.637197 47 6.866982 38 11.161640
1 4 48 13.249015 31 9.011054 43 2.901600 44 7.700358
2 4 21 14.445721 43 16.197847 30 12.030966 35 7.649171
3
0 4 25 4.471169 46 14.536646 43 15.031823 39 7.810042
1 4 31 13.308736 40 19.494517 39 1.723463 27 3.238503
2 4 43 18.690804 41 10.184979 25 4.872034 33 19.963753
3
0 4 25 9.691351 48 19.231248 44 3.341311 47 3.727045
1 4 27 2.469986 26 9.430490 40 15.408149 29 14.053309
2 4 26 18.349956 37 7.570342 34 7.972552 38 6.573757
3
0 4 25 18.881532 45 16.875323 46 1.194415 30 6.400283
1 4 47 12.155415 28 11.483213 45 19.733555 35 1.022136
2 4 44 10.021608 39 2.817463 27 7.024478 35 14.650794
3
0 4 25 8.777284 26 14.934652 30 12.729033 28 16.186980
1 4 40 5.255278 46 4.165503 34 5.523126 48 12.796430
2 4 40 1.402551 48 9.889638 33 12.517088 26 17.825613
3
0 4 25 14.284348 44 13.246444 39 10.064273 33 13.317171
1 4 30 17.345896 34 15.536370 29 8.361434 40 17.198752
2 4 30 7.334104 26 1.113248 38 15.717154 41 4.353700
3
0 4 30 19.680530 42 3.743538 33 14.449270 39 5.226976
1 4 35 8.840018 37 11.914490 34 12.118413 39 3.492539
2 4 45 18.679354 48 17.864171 41 8.200926 43 15.030226
3
0 4 30 5.347193 45 12.705584 35 19.366339 37 13.261784
1 4 35 17.796256 32 8.165436 49 2.024563 42 5.757483
2 4 40 5.506263 45 16.217622 49 3.007061 42 6.398553
3
0 4 30 1.437829 34 1.394016 48 14.894146 36 17.448685
1 4 47 9.429036 36 1.941820 31 7.944911 35 3.711046
2 4 30 3.233630 42 7.626934 45 17.698625 35 5.761281
3
0 4 30 10.140081 35 5.740631 41 8.288344 32 18.727286
1 4 31 6.561497 47 8.161798 42 3.403659 36 16.239909
2 4 47 12.550751 36 13.807583 46 5.482556 33 4.664154
3
0 4 30 16.718855 38 4.927852 37 13.517013 39 11.957194
1 4 39 17.736399 41 17.017480 30 18.401848 45 17.686883
2 4 36 8.072242 39 11.852122 40 13.506244 46 13.381384
3
0 4 35 17.238312 36 8.848555 37 16.458204 44 9.684582
1 4 46 14.546942 41 17.622910 44 3.330154 48 11.789348
2 4 48 2.673966 45 6.741672 47 11.390853 36 7.886958
3
0 4 35 7.382359 48 11.742251 43 6.983205 47 12.639494
1 4 47 11.926464 44 8.096781 38 5.094628 43 9.791758
2 4 44 4.652557 46 3.131932 41 12.815996 43 11.892018
3
0 4 35 1.759890 43 3.822481 40 5.754474 46 4.444804
1 4 39 15.750592 37 1.801573 49 14.039393 40 3.006416
2 4 46 2.571425 39 8.779785 38 7.814354 37 11.154180
3
0 4 35 14.817043 48 16.653098 40 12.062677 45 19.005387
1 4 36 11.873780 37 11.446332 48 1.268859 47 19.284355
2 4 35 13.500420 45 17.587930 39 3.543134 36 3.154342
3
0 4 35 8.664226 39 11.736530 36 12.229966 42 8.698577
1 4 42 8.394725 37 3.435120 41 17.315522 49 9.004050
2 4 43 13.138124 48 2.958471 46 5.825755 44 16.139128
3
0 4 40 6.484001 44 13.612158 42 5.784240 47 12.435968
1 4 43 4.208759 47 3.998425 41 19.509555 42 2.042054
2 4 44 4.099810 48 3.766619 41 13.873832 47 16.759470
3
0 4 40 14.067023 49 14.301004 48 3.432767 42 9.427694
1 4 45 18.474277 44 18.992877 46 19.560274 43 18.841026
2 4 49 10.776481 40 1.319172 46 7.914893 42 9.511314
3
0 4 40 19.200165 41 7.924253 44 19.142064 43 17.191737
1 4 44 9.619247 46 3.770499 42 6.359172 49 2.299169
2 4 43 11.584692 40 5.643289 42 13.444683 46 9.617781
3
0 4 40 18.997035 48 6.549605 41 3.816485 49 13.593708
1 4 47 11.296483 42 2.746540 49 6.365890 48 15.723784
2 4 42 10.986944 45 7.216463 44 13.733717 47 12.037119
3
0 4 40 7.048375 49 10.219995 41 5.952498 44 10.739448
1 4 47 16.373706 48 8.486094 46 13.408518 43 14.468826
2 4 42 19.594718 49 6.165625 48 1.657994 45 14.678126
3
0 4 45 9.684153 49 14.354973 46 6.202152 47 7.896577
1 4 45 9.696590 48 8.714185 46 17.109359 47 19.320128
2 4 45 18.051979 46 3.636500 47 7.500777 48 7.910968
3
0 4 45 18.151435 47 17.247479 49 12.250024 46 11.177203
1 4 48 1.382215 45 6.812573 47 12.300787 46 8.400779
2 4 49 15.507425 47 17.129848 45 13.591721 46 17.040440
3
0 4 45 12.659632 47 1.059872 49 14.066200 46 7.542169
1 4 48 9.101101 45 4.065687 49 1.965022 46 10.862937
2 4 45 7.779189 48 15.218035 49 17.069827 46 8.088531
3
0 4 45 4.947936 46 17.443439 48 4.938332 47 14.478182
1 4 46 15.897493 47 11.049258 49 6.616755 48 19.344907
2 4 47 18.186513 49 11.600892 48 19.605437 46 12.623624
3
0 4 45 12.326078 49 8.099614 46 9.282191 47 13.557725
1 4 47 9.082559 46 18.838214 49 2.847292 48 6.621978
2 4 49 16.932055 47 1.672925 48 18.352575 46 9.198659
3
0 4 49 19.169415 49 16.366066 49 14.917302 49 13.500254
1 4 49 18.922109 49 5.360384 49 2.969669 49 16.311971
2 4 49 19.247891 49 14.197673 49 10.296341 49 13.795016
3
0 4 49 12.777769 49 10.755142 49 3.113034 49 4.020450
1 4 49 7.540353 49 19.833299 49 19.654149 49 18.803481
2 4 49 10.426623 49 15.229388 49 14.644741 49 6.332392
3
0 4 49 5.951147 49 13.359270 49 5.233756 49 17.525616
1 4 49 3.058976 49 13.157603 49 2.418682 49 16.958408
2 4 49 11.640374 49 2.004408 49 18.558785 49 9.862460
3
0 4 49 11.789916 49 13.804522 49 13.908286 49 12.125172
1 4 49 16.813318 49 19.605634 49 5.386616 49 14.539357
2 4 49 7.908241 49 14.685687 49 2.700647 49 17.879694
0
