50 49
3
0 3 5 18.077547 27 1.380236 22 2.141692
1 3 18 17.936647 28 13.266928 21 5.901623
2 3 30 18.419004 28 13.739158 45 9.227239
3
0 3 5 10.044743 39 17.138562 37 11.496499
1 3 29 4.501004 15 19.410162 24 12.881225
2 3 32 2.667233 31 11.041353 5 8.121220
3
0 3 5 16.871445 34 4.876886 20 13.627515
1 3 14 16.382284 34 17.762038 33 17.557018
2 3 8 18.429805 23 16.026645 17 16.509675
3
0 3 5 6.182393 32 2.321711 36 13.585800
1 3 6 17.871484 32 14.325762 31 19.947851
2 3 39 6.657942 13 4.791808 32 5.230768
3
0 3 5 18.559574 44 11.931482 42 17.444874
1 3 6 15.810513 34 17.467605 29 7.151727
2 3 15 5.636957 49 3.257029 48 5.796386
3
0 3 10 1.511849 42 17.675731 32 9.048033
1 3 25 12.259346 47 19.849159 11 12.259654
2 3 47 3.341155 32 11.879061 30 11.497116
3
0 3 10 16.072285 12 15.093822 13 13.690063
1 3 24 19.159988 20 11.407071 37 10.664987
2 3 13 17.109287 14 5.861553 19 18.758297
3
0 3 10 8.251005 37 5.949297 25 10.955696
1 3 42 17.798759 13 1.149903 36 19.197326
2 3 22 19.339521 27 1.203441 41 2.238711
3
0 3 10 2.628292 46 15.803130 17 11.438762
1 3 23 10.329045 14 2.687860 41 9.539902
2 3 20 3.856750 36 19.691702 43 18.086034
3
0 3 10 13.142498 34 11.808182 37 11.584720
1 3 24 10.419716 16 7.446274 20 10.424333
2 3 32 11.151061 44 16.572962 14 2.541778
3
0 3 15 7.153602 16 7.216914 41 3.511539
1 3 34 19.098476 16 9.406749 40 14.234720
2 3 42 10.741315 23 16.857435 49 3.222389
3
0 3 15 16.986659 28 1.890049 43 9.253191
1 3 34 10.691355 25 13.569177 18 18.396946
2 3 30 11.804835 27 7.226258 32 1.466475
3
0 3 15 10.164096 49 13.523322 43 9.116103
1 3 40 15.339127 44 11.708465 26 3.849040
2 3 37 2.141203 15 7.842283 33 19.673332
3
0 3 15 18.654477 31 17.921844 16 4.953650
1 3 36 7.319000 44 4.391983 20 15.730769
2 3 40 8.370770 25 9.875849 28 17.883388
3
0 3 15 18.015545 17 18.260961 38 7.275854
1 3 32 7.371120 42 10.403757 19 2.510605
2 3 20 17.444154 43 13.035398 35 15.008232
3
0 3 20 4.373647 29 15.296904 24 9.537619
1 3 24 16.795549 31 8.639622 22 17.172497
2 3 38 10.460564 35 9.360701 33 17.706905
3
0 3 20 8.165867 26 12.939383 30 9.520717
1 3 45 12.765808 44 5.562257 27 14.274059
2 3 35 12.634136 46 10.621171 33 5.066936
3
0 3 20 19.414242 37 14.297564 33 2.636100
1 3 21 2.204114 39 7.965435 43 3.634788
2 3 49 9.668410 48 8.232613 34 18.122679
3
0 3 20 8.881075 42 11.083344 26 14.532669
1 3 23 16.406628 28 15.872965 39 1.911255
2 3 30 17.123631 35 3.202627 22 9.771419
3
0 3 20 7.420888 21 12.121156 33 8.616997
1 3 23 1.455925 35 13.263242 40 9.715214
2 3 30 4.394865 26 1.012299 38 17.595235
3
0 3 25 5.768140 43 3.593956 28 5.523139
1 3 45 14.556012 30 13.543926 48 13.054262
2 3 48 8.723516 39 6.987072 35 6.098391
3
0 3 25 15.550415 37 1.672800 47 8.828945
1 3 46 19.128514 35 8.182223 36 1.929141
2 3 43 2.513349 44 14.534736 29 5.236368
3
0 3 25 16.803578 26 19.144705 42 17.028347
1 3 36 6.982907 30 8.971525 26 4.577368
2 3 31 3.339670 27 1.232437 40 18.109930
3
0 3 25 7.218881 37 16.461934 43 7.008903
1 3 36 16.139493 27 6.050889 49 13.349190
2 3 27 18.720435 39 5.528834 35 8.915220
3
0 3 25 10.046977 40 12.149613 26 13.475408
1 3 27 15.194158 47 6.323837 28 10.373737
2 3 40 6.135405 42 12.367472 35 13.696964
3
0 3 30 16.037027 43 6.249893 31 7.909829
1 3 30 13.773939 36 7.190040 44 12.506694
2 3 33 18.565344 43 8.006915 30 15.945107
3
0 3 30 10.045936 40 3.765104 37 15.021164
1 3 34 16.010362 48 14.535516 32 8.662623
2 3 36 4.931603 34 16.975628 32 19.316196
3
0 3 30 13.582008 38 11.625782 36 7.171223
1 3 38 5.215228 49 13.979748 37 16.153575
2 3 42 9.249203 30 2.460617 44 16.962621
3
0 3 30 1.042314 34 3.014069 46 9.405716
1 3 34 14.740712 48 18.537558 42 13.641522
2 3 34 11.892108 36 10.168518 45 9.837397
3
0 3 30 8.506460 47 8.555809 48 18.706993
1 3 36 13.282017 49 14.037087 44 12.208519
2 3 47 7.246665 37 11.347766 32 12.991384
3
0 3 35 17.369219 46 12.087194 42 10.125650
1 3 36 16.800672 47 8.418626 35 17.371381
2 3 47 13.973097 40 12.159139 48 4.593146
3
0 3 35 19.665215 39 3.992106 42 3.538644
1 3 45 10.867084 37 11.438770 42 7.872476
2 3 48 13.876283 44 9.243927 35 4.640903
3
0 3 35 17.338286 36 14.097372 49 10.150531
1 3 44 10.331556 38 16.372581 47 17.391653
2 3 38 4.840107 39 8.902065 48 9.624473
3
0 3 35 8.863002 38 6.708747 37 17.839477
1 3 44 6.230694 47 5.455908 39 15.513136
2 3 47 19.717959 38 6.249038 43 2.884340
3
0 3 35 13.250554 39 7.511194 36 12.177378
1 3 46 11.177436 35 1.662411 42 17.069154
2 3 45 8.300905 40 9.196495 39 1.131133
3
0 3 40 18.115452 48 9.005423 43 5.176239
1 3 48 1.837359 40 7.328398 46 18.309422
2 3 47 10.745459 45 9.842645 41 6.057689
3
0 3 40 7.759341 49 6.123265 45 15.752340
1 3 49 3.636420 42 18.403956 43 11.476131
2 3 40 7.987988 49 17.723061 46 11.475291
3
0 3 40 6.868867 49 10.076638 47 4.530273
1 3 48 7.432326 43 8.619615 40 15.965823
2 3 49 13.295142 42 17.478109 47 11.294416
3
0 3 40 15.470287 49 10.064342 47 3.297020
1 3 48 10.324343 46 5.543165 40 8.008831
2 3 43 11.418539 44 17.385553 42 1.464134
3
0 3 40 6.120461 42 19.308674 47 17.276737
1 3 42 15.531481 40 2.417111 43 17.025831
2 3 45 1.888944 49 3.708844 41 18.389422
3
0 3 45 8.146065 48 15.443421 47 9.969258
1 3 45 14.054242 46 1.540310 48 8.533647
2 3 46 15.296839 47 6.838259 48 11.614107
3
0 3 45 9.650745 46 10.838773 47 16.615922
1 3 46 5.125133 48 6.818283 45 15.662345
2 3 49 4.440409 46 4.608259 47 6.870801
3
0 3 45 1.102595 49 10.126622 47 3.912017
1 3 47 8.203327 48 3.497776 49 12.142571
2 3 45 15.770597 48 6.392904 46 6.626160
3
0 3 45 14.967134 48 10.786703 47 5.538218
1 3 49 4.162855 45 11.806913 47 18.393729
2 3 49 16.875916 46 15.105897 45 13.932091
3
0 3 45 13.930822 47 18.592668 48 3.391618
1 3 49 5.774579 47 18.795796 45 12.592751
2 3 49 10.519261 45 18.758554 47 17.808596
3
0 3 49 13.465261 49 13.668719 49 19.720190
1 3 49 3.088424 49 4.233711 49 10.253253
2 3 49 1.818537 49 19.178954 49 15.237581
3
0 3 49 16.196696 49 5.566388 49 5.458344
1 3 49 13.354065 49 18.770454 49 11.715776
2 3 49 18.070796 49 18.815504 49 1.233713
3
0 3 49 4.753654 49 12.339097 49 12.365457
1 3 49 16.913973 49 5.104258 49 4.926752
2 3 49 19.243539 49 17.818146 49 11.284374
3
0 3 49 8.289712 49 5.030826 49 14.047622
1 3 49 12.583294 49 12.090143 49 7.598636
2 3 49 15.762926 49 8.534561 49 18.440402
0
