50 49
3
0 3 5 16.442963 46 16.611926 28 16.604687
1 3 15 13.264198 29 15.436692 22 14.904984
2 3 36 15.526687 41 19.946936 38 17.968360
3
0 3 5 2.521596 44 14.054735 14 1.068114
1 3 26 15.142887 41 9.408955 5 3.399734
2 3 30 1.450984 10 15.966873 36 17.979309
3
0 3 5 12.938614 45 4.529845 26 17.448711
1 3 40 13.933997 20 5.658260 17 4.701875
2 3 9 6.973119 29 8.271816 48 9.933787
3
0 3 5 1.424120 22 18.021047 33 19.904910
1 3 14 10.458097 21 10.723163 29 2.032024
2 3 35 9.589386 7 1.073419 34 19.664647
3
0 3 5 11.490583 28 5.504369 34 13.724576
1 3 19 2.948769 16 7.533139 24 13.339024
2 3 44 7.737570 36 2.888750 33 15.290785
3
0 3 10 19.615994 16 2.919498 14 2.804856
1 3 37 13.299526 19 16.724504 11 9.330617
2 3 24 7.971207 26 8.733582 20 9.725082
3
0 3 10 8.711332 32 5.583359 49 10.573442
1 3 22 7.854311 13 8.047380 19 10.882329
2 3 35 13.247053 18 17.298053 19 16.217644
3
0 3 10 9.507822 48 12.941073 29 12.709679
1 3 18 17.512348 34 15.195906 25 7.209733
2 3 49 16.424290 18 10.241156 24 16.686262
3
0 3 10 12.986835 15 11.445688 22 16.692406
1 3 22 13.512536 48 12.085903 41 12.908036
2 3 23 8.512355 49 3.273128 25 5.634556
3
0 3 10 13.529804 48 16.439510 17 7.102008
1 3 43 1.606320 45 6.482615 37 15.668908
2 3 38 13.043813 40 16.312481 47 14.148919
3
0 3 15 11.799154 49 15.482669 25 14.654122
1 3 40 16.209174 42 15.135865 39 14.247432
2 3 31 6.981943 48 13.437457 40 2.404972
3
0 3 15 5.149238 39 14.871436 22 3.919580
1 3 48 13.284332 42 10.587084 46 5.100630
2 3 31 11.324781 47 8.974485 44 8.264683
3
0 3 15 9.264482 32 5.977073 45 8.396340
1 3 25 7.558038 48 4.075816 27 11.442921
2 3 22 11.068243 32 4.033764 41 19.368781
3
0 3 15 16.893279 28 15.854025 31 12.104283
1 3 39 1.317779 47 15.350035 17 19.378050
2 3 21 1.627730 16 14.628332 48 2.001932
3
0 3 15 3.747007 30 6.618541 37 6.520700
1 3 20 11.215048 42 6.761112 37 7.881761
2 3 41 4.025762 28 2.370155 27 14.886339
3
0 3 20 9.093919 27 12.781575 45 18.296171
1 3 35 9.077133 45 1.506590 46 8.495516
2 3 48 2.159810 26 13.863752 23 4.646793
3
0 3 20 18.589006 22 19.367247 39 3.733385
1 3 32 3.656529 30 14.977088 29 17.302899
2 3 34 4.431210 23 9.243818 48 4.225504
3
0 3 20 7.533765 38 14.339117 36 14.181205
1 3 30 19.804311 20 17.606474 21 7.297018
2 3 48 5.487316 43 7.081032 34 2.504825
3
0 3 20 8.005590 22 6.434254 26 2.608841
1 3 37 5.896591 38 9.307474 20 13.637438
2 3 29 3.540829 35 16.095011 26 10.926941
3
0 3 20 16.206158 26 15.810839 22 19.062649
1 3 36 10.678351 46 11.202736 45 17.650434
2 3 46 10.283086 26 13.115405 41 6.281293
3
0 3 25 1.602406 48 15.068848 29 1.326007
1 3 25 8.187554 46 13.964029 31 8.405849
2 3 32 2.098168 38 17.899942 27 2.343412
3
0 3 25 10.291698 43 13.916548 44 3.195235
1 3 43 10.044882 33 8.898557 30 2.324506
2 3 27 3.410781 29 2.089292 33 2.482085
3
0 3 25 13.164651 40 9.561865 47 2.387349
1 3 44 19.925236 25 5.159126 46 10.680544
2 3 31 2.936471 25 6.343386 27 11.782025
3
0 3 25 8.113406 42 7.695600 44 9.806336
1 3 45 2.395994 49 2.863331 36 6.429732
2 3 48 3.760791 33 15.628481 32 3.130652
3
0 3 25 8.019497 49 15.157100 36 16.396263
1 3 25 4.349975 28 14.240834 32 12.567723
2 3 49 4.197335 38 7.178865 44 16.363765
3
0 3 30 12.509744 45 18.980528 34 16.713016
1 3 41 16.937545 36 15.876108 44 6.107865
2 3 49 19.605030 48 5.694121 36 13.582284
3
0 3 30 19.040271 38 1.019572 31 5.415218
1 3 41 14.119071 44 15.107713 32 4.322993
2 3 31 14.345942 37 11.668174 39 19.409929
3
0 3 30 12.748037 44 19.988375 31 7.051431
1 3 45 2.227621 30 10.957094 48 17.182958
2 3 48 5.915991 44 15.018702 31 11.585843
3
0 3 30 14.859410 31 16.876384 43 13.252599
1 3 41 16.198207 32 16.189717 36 15.875385
2 3 34 15.298416 45 5.453861 37 3.953296
3
0 3 30 7.294177 34 17.460639 37 13.055958
1 3 48 8.016949 33 12.959838 32 13.668334
2 3 48 3.379060 36 12.995510 45 15.990113
3
0 3 35 19.385440 38 18.371794 36 14.901001
1 3 40 12.160832 35 9.834399 38 7.674480
2 3 41 11.926203 46 15.146617 35 10.656088
3
0 3 35 16.515981 45 14.643274 49 10.620709
1 3 47 14.121675 48 2.833263 35 19.040579
2 3 49 4.499372 48 10.524542 41 9.487113
3
0 3 35 15.490909 36 12.130372 49 2.501958
1 3 36 7.940987 48 1.237454 46 6.407852
2 3 46 5.451578 48 6.969672 42 8.677576
3
0 3 35 6.930706 48 1.949744 45 19.294049
1 3 48 18.820251 35 8.245651 40 9.223478
2 3 36 10.012456 38 4.335056 41 19.817704
3
0 3 35 18.529787 44 11.933959 40 18.332834
1 3 37 17.516247 42 1.884216 44 3.130415
2 3 39 8.320612 44 5.395881 49 3.396671
3
0 3 40 7.406075 43 8.428620 42 13.157927
1 3 48 18.060084 42 8.330845 43 19.291455
2 3 40 13.493935 47 4.772501 41 9.314006
3
0 3 40 19.647809 41 2.411111 49 19.839859
1 3 48 17.197857 42 9.374448 40 7.419711
2 3 40 14.081357 42 17.264996 47 18.004152
3
0 3 40 6.235694 41 3.359367 43 5.001743
1 3 45 4.439027 42 12.313119 47 5.368010
2 3 48 1.886880 43 14.163370 46 9.797836
3
0 3 40 4.183310 42 13.341539 44 2.949148
1 3 41 17.554247 40 11.674355 47 8.130664
2 3 49 16.728535 46 10.978990 41 13.218605
3
0 3 40 12.097126 48 15.996949 45 8.260460
1 3 45 11.436514 42 17.794852 48 4.623933
2 3 47 19.837100 43 2.686899 42 17.517448
3
0 3 45 19.639433 46 15.416526 47 1.676989
1 3 49 16.510614 47 4.860920 46 16.821525
2 3 46 7.021564 47 13.904077 48 3.461398
3
0 3 45 6.483058 48 6.083438 47 7.819605
1 3 48 17.582990 45 1.340600 49 2.870719
2 3 45 12.508993 48 5.228494 49 8.094371
3
0 3 45 14.165927 46 2.528503 48 13.858721
1 3 48 10.555422 49 7.575956 45 13.327594
2 3 49 13.406844 45 4.322956 47 11.408396
3
0 3 45 5.239984 47 2.012782 48 10.844415
1 3 46 13.014782 47 13.368507 48 14.592549
2 3 47 8.242447 45 15.224602 48 16.025083
3
0 3 45 16.911212 47 11.052069 49 8.563456
1 3 46 14.042747 48 11.287477 45 19.225100
2 3 46 17.738931 45 6.065018 47 3.548038
3
0 3 49 13.141047 49 13.307909 49 11.632020
1 3 49 3.472963 49 16.845191 49 3.976681
2 3 49 15.716275 49 10.450117 49 5.450365
3
0 3 49 1.449744 49 6.611494 49 1.716177
1 3 49 10.289356 49 18.855629 49 4.287967
2 3 49 4.596079 49 15.536730 49 9.514606
3
0 3 49 18.027983 49 18.427743 49 1.200373
1 3 49 9.671740 49 16.864578 49 8.414705
2 3 49 10.939399 49 5.750441 49 11.297279
3
0 3 49 11.068919 49 12.993586 49 1.189095
1 3 49 19.129692 49 10.710194 49 14.885803
2 3 49 18.479157 49 12.041640 49 8.097020
0
