50 49
3
0 3 5 18.227517 49 17.585157 21 5.732407
1 3 28 8.534973 26 19.245434 14 4.694962
2 3 27 17.878709 47 10.535475 33 2.276308
3
0 3 5 15.831909 29 8.416104 48 2.703665
1 3 10 2.170497 29 4.592212 40 8.543722
2 3 25 11.715696 35 1.903078 22 1.488607
3
0 3 5 4.595028 14 1.165092 8 3.957109
1 3 27 5.717112 11 15.567754 8 12.645496
2 3 5 10.991619 26 4.338758 43 13.575655
3
0 3 5 12.028351 30 14.951023 44 18.421822
1 3 9 12.152273 30 19.519218 11 5.203484
2 3 7 2.792531 17 14.170694 43 15.212768
3
0 3 5 15.359184 43 13.308373 39 9.540421
1 3 9 6.503330 20 15.964049 38 6.124413
2 3 41 2.146477 21 3.266329 17 12.669893
3
0 3 10 3.360019 11 5.389888 26 12.018941
1 3 11 7.392738 48 1.288480 30 15.673697
2 3 34 13.111767 22 9.682503 38 9.376877
3
0 3 10 19.509150 39 16.570831 26 18.409169
1 3 45 12.976104 39 5.387283 16 14.721597
2 3 42 14.732109 37 8.614093 36 15.645368
3
0 3 10 13.977220 43 6.877847 17 3.097555
1 3 15 5.658103 23 18.669204 12 4.271525
2 3 45 12.044801 18 3.579420 36 7.734399
3
0 3 10 2.661685 24 15.309825 33 2.915260
1 3 10 10.469069 30 13.011080 40 13.365158
2 3 27 4.086242 40 8.165292 28 18.413132
3
0 3 10 15.232305 34 13.130884 15 8.853911
1 3 30 15.411312 18 17.178640 40 4.836400
2 3 24 16.939915 14 16.188251 13 9.251399
3
0 3 15 2.415534 23 17.888605 42 18.424302
1 3 45 18.825935 34 6.553430 20 7.047227
2 3 16 13.642124 19 5.637600 24 17.629435
3
0 3 15 6.895894 29 7.961642 43 3.349455
1 3 46 12.111940 27 18.050906 45 18.807827
2 3 24 12.449634 45 4.786633 17 18.410905
3
0 3 15 16.233262 44 8.353079 46 17.647351
1 3 37 14.959795 42 4.607268 36 1.701811
2 3 22 5.590592 19 4.800817 15 11.818285
3
0 3 15 9.461958 46 14.110721 16 3.483346
1 3 16 2.072659 36 4.534161 27 5.416247
2 3 33 11.284351 26 4.200549 35 17.843326
3
0 3 15 19.581569 19 6.072628 43 17.997462
1 3 34 10.160753 30 8.924797 26 6.472196
2 3 31 13.133837 36 8.832010 48 14.926382
3
0 3 20 4.060007 46 10.318379 27 11.130503
1 3 47 6.925400 34 15.537749 27 1.097354
2 3 33 5.421634 23 15.894239 35 2.258125
3
0 3 20 7.943698 43 7.751440 44 16.843047
1 3 42 11.035656 30 16.756190 43 14.947102
2 3 48 3.814749 29 3.378548 38 15.885235
3
0 3 20 11.347692 30 5.957737 49 1.976210
1 3 46 9.436879 38 3.198846 44 4.254508
2 3 29 8.396979 35 2.839864 22 18.537895
3
0 3 20 2.885190 30 9.981350 38 7.722218
1 3 46 6.491202 41 6.281595 45 7.704682
2 3 25 15.456504 26 13.532407 22 2.149945
3
0 3 20 2.566239 39 7.831329 41 13.834255
1 3 41 13.739350 38 1.259010 43 6.349287
2 3 29 15.777772 31 18.513396 23 15.219856
3
0 3 25 17.040791 30 3.727412 43 3.471969
1 3 37 19.167730 38 12.123812 31 6.265003
2 3 42 18.337213 35 16.506422 47 13.051227
3
0 3 25 4.160774 44 1.066845 43 1.535017
1 3 40 12.970813 49 11.245906 35 16.031257
2 3 47 17.918420 26 9.228861 29 9.806693
3
0 3 25 19.900499 36 11.746110 41 7.673475
1 3 32 2.201394 41 1.492471 35 6.493848
2 3 25 13.679670 47 19.168941 31 10.602626
3
0 3 25 3.013580 35 10.046998 45 14.522557
1 3 26 1.526686 30 2.686978 27 12.219699
2 3 28 18.353850 38 3.077165 25 3.415739
3
0 3 25 19.785045 44 15.213437 34 1.797256
1 3 34 12.419746 44 15.451752 35 15.685837
2 3 49 5.453709 46 16.572045 42 12.140569
3
0 3 30 17.769630 45 2.827478 38 4.586958
1 3 38 19.017265 36 4.253242 48 7.073932
2 3 32 5.795791 44 3.885759 36 13.540068
3
0 3 30 2.719248 44 3.990490 33 16.778766
1 3 30 3.340130 31 17.942438 34 5.639811
2 3 31 8.826621 32 8.916760 46 3.579134
3
0 3 30 10.336581 44 17.471441 31 1.722058
1 3 47 13.781327 40 17.066024 33 10.674133
2 3 36 5.622361 42 2.404168 33 4.142910
3
0 3 30 6.580410 41 15.324865 35 12.342096
1 3 49 19.003826 39 8.587907 35 16.795096
2 3 35 7.952430 45 14.234624 39 1.453273
3
0 3 30 6.825714 43 17.883890 45 9.145959
1 3 36 8.242810 49 9.047647 31 10.225196
2 3 44 6.137944 31 8.009439 38 14.522874
3
0 3 35 15.824382 45 16.748020 36 13.320601
1 3 42 16.002873 46 2.848713 44 19.808946
2 3 47 14.129842 41 9.150195 39 9.604276
3
0 3 35 14.325719 48 15.746666 40 18.385930
1 3 40 11.865289 45 9.321538 42 4.504820
2 3 35 1.855335 40 9.193603 45 15.762347
3
0 3 35 6.125126 47 4.618856 42 4.754914
1 3 47 13.215742 43 15.091058 42 12.638487
2 3 41 19.913029 43 1.633327 42 7.010151
3
0 3 35 16.590722 39 16.271969 37 4.162007
1 3 36 4.444527 43 5.740785 48 11.105844
2 3 41 5.333364 46 3.233182 44 3.455646
3
0 3 35 3.204483 42 12.289667 47 15.781903
1 3 48 10.152042 42 17.518584 45 4.557758
2 3 41 3.189766 43 19.697364 45 5.707332
3
0 3 40 19.486814 47 18.240740 41 11.607057
1 3 43 8.948709 41 15.178749 42 16.969808
2 3 41 16.755157 47 10.498628 49 12.103782
3
0 3 40 17.020732 46 5.280874 42 14.959794
1 3 48 4.588247 43 6.710515 46 15.828035
2 3 41 17.366298 43 2.333349 47 4.906119
3
0 3 40 13.322091 45 13.973404 44 10.953488
1 3 48 9.530333 46 5.569545 47 6.629441
2 3 42 5.456608 44 4.058868 45 5.321298
3
0 3 40 2.908891 49 16.252980 48 1.304577
1 3 48 19.480526 49 13.989709 43 6.450219
2 3 43 6.908680 44 7.235532 47 14.244606
3
0 3 40 16.113160 41 3.167998 44 19.127920
1 3 48 6.090348 43 13.623484 46 13.665412
2 3 43 18.078585 42 7.035299 49 13.134169
3
0 3 45 10.103021 47 10.571877 49 9.407196
1 3 47 17.373528 48 17.056386 49 10.888526
2 3 47 5.097574 48 3.743408 45 17.222601
3
0 3 45 1.128261 46 16.925783 47 7.854798
1 3 48 8.189876 45 16.138676 47 1.617756
2 3 47 3.846003 49 18.683435 46 14.573056
3
0 3 45 10.564400 49 15.062531 47 3.503801
1 3 45 16.684964 46 18.293383 49 3.338829
2 3 47 18.842199 46 5.000237 49 3.651202
3
0 3 45 2.584319 48 10.985847 47 18.714014
1 3 48 17.526751 47 12.645277 46 2.421270
2 3 48 14.049350 46 8.172691 49 8.045383
3
0 3 45 14.321424 47 3.152477 46 13.407500
1 3 49 1.412576 48 12.755385 47 18.370089
2 3 47 16.922609 45 7.970228 46 5.597608
3
0 3 49 5.027470 49 1.112426 49 4.040536
1 3 49 13.039283 49 7.530932 49 8.069406
2 3 49 4.096835 49 1.740910 49 12.306009
3
0 3 49 9.573591 49 2.105471 49 14.446286
1 3 49 12.846364 49 9.161706 49 1.797849
2 3 49 12.803108 49 19.979378 49 1.837604
3
0 3 49 17.574840 49 12.321739 49 19.461031
1 3 49 6.155600 49 5.756971 49 3.202994
2 3 49 4.829101 49 18.908707 49 13.945057
3
0 3 49 6.600078 49 19.606168 49 9.498323
1 3 49 6.805908 49 11.185660 49 2.895657
2 3 49 6.114284 49 16.248564 49 16.621260
0
