50 49
3
0 3 5 15.300904 18 2.707836 49 7.263018
1 3 38 1.011254 28 18.286783 35 6.272146
2 3 23 7.683099 39 6.028360 31 2.368724
3
0 3 5 6.197509 32 7.945186 31 4.044114
1 3 34 16.032292 41 15.891860 36 5.181432
2 3 42 3.636893 22 6.120258 20 7.526553
3
0 3 5 5.789751 41 11.436779 39 13.019776
1 3 21 1.254200 15 6.865419 47 19.127785
2 3 44 12.874724 23 7.964549 19 14.901573
3
0 3 5 17.427317 33 13.248952 26 12.234020
1 3 32 8.193525 47 7.405046 12 1.101937
2 3 25 11.109520 23 4.032148 12 6.016555
3
0 3 5 14.781028 23 12.725530 49 11.737780
1 3 45 12.004284 37 13.686219 41 7.600631
2 3 49 17.417827 42 19.303951 25 10.948140
3
0 3 10 6.439232 23 4.082750 30 11.118360
1 3 14 8.650187 42 16.744528 25 5.601180
2 3 23 19.102184 28 8.110471 17 12.045778
3
0 3 10 1.014589 18 1.474319 45 7.565355
1 3 47 3.573446 25 3.561894 42 18.889452
2 3 30 7.449483 17 18.033450 14 17.207431
3
0 3 10 2.886325 47 6.034179 24 15.220715
1 3 42 2.390750 28 18.830531 34 12.962447
2 3 35 8.247059 23 8.343379 34 3.260335
3
0 3 10 5.263909 16 9.804183 20 17.153318
1 3 31 15.281146 10 19.625499 12 3.114167
2 3 47 17.640744 33 10.862077 20 8.080717
3
0 3 10 18.239258 22 3.762964 40 2.079771
1 3 25 5.920631 40 11.911062 19 11.666719
2 3 21 18.437490 38 1.407175 18 10.254721
3
0 3 15 14.598874 29 12.825327 47 1.068288
1 3 49 3.882938 34 12.274192 36 7.927646
2 3 23 10.432323 37 6.815905 27 13.065776
3
0 3 15 14.771301 33 12.834345 42 5.895779
1 3 22 4.423866 21 15.900304 35 16.682874
2 3 40 11.525676 28 11.690371 48 19.537016
3
0 3 15 4.490482 34 11.606527 29 14.933934
1 3 31 13.203017 24 16.745851 34 2.986416
2 3 19 1.398450 49 14.285983 30 1.778639
3
0 3 15 16.520872 40 4.527144 43 2.630254
1 3 47 11.025399 27 19.976892 48 12.563462
2 3 29 2.402007 40 10.142390 18 15.121712
3
0 3 15 17.478675 29 18.840786 24 17.167592
1 3 49 11.609097 43 14.332425 20 6.395638
2 3 17 17.099086 37 5.640238 34 4.116656
3
0 3 20 13.498471 39 14.197915 37 8.853521
1 3 41 11.306368 32 18.960152 37 18.107030
2 3 48 9.193564 37 1.434732 30 3.587108
3
0 3 20 7.249267 40 7.159613 23 10.807298
1 3 35 11.404897 37 14.338692 24 2.661381
2 3 24 18.941575 38 16.140306 46 11.636084
3
0 3 20 3.695836 45 11.416965 30 13.020540
1 3 41 16.176380 47 8.771388 37 7.603682
2 3 23 19.953384 49 4.682327 40 12.645108
3
0 3 20 7.393212 33 4.922091 24 2.862300
1 3 29 1.936114 24 11.903293 41 5.668493
2 3 26 5.663539 49 5.472565 25 7.950953
3
0 3 20 18.396925 42 13.574076 23 15.999173
1 3 23 2.213686 31 16.921972 47 14.382496
2 3 49 2.773179 32 10.312062 37 17.340053
3
0 3 25 17.671251 49 4.306670 47 13.105418
1 3 30 2.222671 26 16.621966 35 2.402779
2 3 48 11.847325 38 10.175797 30 3.473224
3
0 3 25 6.618848 26 4.653402 32 4.709889
1 3 48 1.286841 34 2.774383 27 16.952962
2 3 42 1.433828 30 1.198400 40 19.787713
3
0 3 25 14.465754 31 13.016623 49 14.174812
1 3 41 12.644179 39 17.490051 25 19.962868
2 3 26 9.283576 44 2.200682 35 3.944961
3
0 3 25 2.955479 41 7.622538 33 5.836510
1 3 31 11.025557 49 1.425773 42 6.855937
2 3 48 14.899537 38 14.926294 43 11.293009
3
0 3 25 17.576505 31 2.686695 39 18.500439
1 3 38 14.775828 44 3.731431 32 17.923005
2 3 44 14.623601 39 5.835632 46 6.782963
3
0 3 30 15.166077 35 6.738402 34 7.642623
1 3 48 12.759662 30 19.583956 39 2.531313
2 3 36 3.880537 48 2.118219 40 9.462730
3
0 3 30 19.564551 47 19.745911 45 2.003275
1 3 32 19.694852 33 10.340417 30 7.536433
2 3 43 6.159308 36 4.442914 46 5.323539
3
0 3 30 17.222200 44 12.122554 45 15.640412
1 3 39 5.461555 45 12.144159 46 9.738273
2 3 47 9.719435 35 8.239433 42 18.137136
3
0 3 30 2.607659 33 5.548666 44 11.060124
1 3 42 11.758366 37 4.163588 44 3.964377
2 3 33 7.737123 37 6.843025 46 9.347851
3
0 3 30 17.882317 45 4.158762 33 9.571923
1 3 46 13.126441 48 3.083201 42 12.915648
2 3 30 2.121430 31 8.274647 42 2.043445
3
0 3 35 18.456910 37 16.094575 45 18.106842
1 3 44 2.098870 49 13.509703 39 2.161955
2 3 37 4.565758 49 6.366828 43 5.588976
3
0 3 35 3.775528 46 18.029852 37 9.779039
1 3 36 15.261566 48 7.432163 42 10.386982
2 3 42 11.418510 48 15.777876 45 4.089940
3
0 3 35 10.565492 43 4.759033 37 6.891159
1 3 44 17.687253 35 4.017949 41 19.196045
2 3 37 1.911731 36 7.911856 47 2.168195
3
0 3 35 4.649029 49 17.618155 41 15.751562
1 3 38 5.388528 46 14.874084 41 19.508513
2 3 44 15.625504 46 13.495166 35 11.998161
3
0 3 35 8.094912 42 13.125293 39 18.591826
1 3 40 5.363802 43 2.405011 36 2.396843
2 3 39 10.783830 40 18.594563 46 14.959506
3
0 3 40 5.819921 41 1.202865 43 2.415139
1 3 46 12.670643 43 12.363586 47 15.109548
2 3 42 2.344688 45 19.744228 49 5.165373
3
0 3 40 12.927159 49 9.712208 45 1.257670
1 3 49 18.814040 48 4.844353 43 16.547399
2 3 44 14.939172 40 13.310420 47 8.710277
3
0 3 40 6.712552 45 16.111818 42 9.333224
1 3 41 19.097437 48 2.725419 43 4.502118
2 3 49 6.818940 40 1.446304 44 7.954384
3
0 3 40 10.711090 46 13.377512 47 2.926541
1 3 41 12.981462 43 10.362162 40 13.189943
2 3 47 15.979680 40 9.631490 42 17.514448
3
0 3 40 4.544419 47 12.320448 43 8.930676
1 3 49 19.961433 46 10.674081 45 8.912305
2 3 44 8.287146 45 11.186018 40 13.167803
3
0 3 45 10.871430 46 12.487764 47 5.428542
1 3 45 1.596336 49 4.900981 47 7.884115
2 3 46 19.086593 49 17.058829 45 19.282820
3
0 3 45 3.645863 48 17.474712 46 18.553561
1 3 46 6.276695 47 8.277535 49 19.183320
2 3 48 2.866986 47 17.356791 45 15.963740
3
0 3 45 9.026785 46 16.074633 48 2.801293
1 3 45 1.306706 49 17.173371 46 3.799939
2 3 49 9.134141 45 15.429045 46 15.337957
3
0 3 45 14.235241 46 9.630520 48 3.269658
1 3 47 10.046299 45 9.078654 46 10.005901
2 3 48 12.791891 45 18.513408 49 17.065890
3
0 3 45 10.684482 49 6.258324 47 2.670484
1 3 47 2.880652 49 8.741529 46 3.909187
2 3 45 1.451471 48 12.766672 46 15.456841
3
0 3 49 8.343040 49 17.648556 49 12.156182
1 3 49 4.088631 49 5.140279 49 8.250594
2 3 49 6.168842 49 1.277329 49 7.830681
3
0 3 49 10.066493 49 16.301524 49 19.992758
1 3 49 4.535236 49 7.061000 49 16.407767
2 3 49 3.584124 49 5.940165 49 4.310427
3
0 3 49 6.619536 49 17.627055 49 16.507237
1 3 49 3.937847 49 15.796189 49 5.853589
2 3 49 11.527609 49 12.632787 49 15.188637
3
0 3 49 3.113498 49 5.078268 49 8.983553
1 3 49 8.134715 49 11.165002 49 5.644894
2 3 49 5.597624 49 13.567802 49 8.312746
0
