50 49
3
0 3 5 9.382277 13 17.662263 16 12.234574
1 3 8 14.780846 14 8.857459 37 8.351469
2 3 22 9.745286 42 14.398224 36 15.181699
3
0 3 5 10.033241 40 10.039329 8 6.405086
1 3 26 12.211254 42 19.089124 43 10.119396
2 3 47 18.795963 45 4.086993 14 16.005897
3
0 3 5 15.933835 28 18.702689 8 12.697988
1 3 9 3.653982 16 5.985110 18 12.375170
2 3 21 1.262589 42 1.093054 15 3.884755
3
0 3 5 6.991150 40 9.585400 27 7.319590
1 3 27 5.690362 5 4.311443 47 18.543055
2 3 15 16.781288 17 2.521794 42 8.123486
3
0 3 5 1.369895 40 10.654358 42 10.362937
1 3 11 15.893654 26 6.098559 17 5.757470
2 3 7 15.918047 33 12.334493 31 13.705620
3
0 3 10 1.209700 32 14.379398 11 18.984796
1 3 35 5.918656 46 17.578984 28 12.777458
2 3 26 8.689341 16 16.984873 37 12.275924
3
0 3 10 14.738200 26 17.424548 27 17.073279
1 3 39 10.335843 36 16.415038 26 16.781394
2 3 20 16.456104 43 6.627720 36 18.314844
3
0 3 10 13.615053 33 8.013223 12 1.350368
1 3 43 4.392962 19 9.251432 21 16.173169
2 3 46 19.674818 39 15.738321 45 5.632015
3
0 3 10 14.287825 32 6.890480 11 2.965000
1 3 13 8.067324 18 12.275633 22 11.323088
2 3 25 1.549096 24 16.897160 23 7.239901
3
0 3 10 19.722229 43 18.044432 26 13.914031
1 3 11 9.603564 24 15.237983 25 19.052759
2 3 28 12.246669 32 15.702668 41 3.295491
3
0 3 15 7.248955 24 18.529732 22 15.224341
1 3 23 1.001523 18 18.012785 39 11.796361
2 3 29 17.763780 33 18.057419 41 6.164532
3
0 3 15 8.717044 46 14.100382 19 3.532152
1 3 18 11.310573 20 16.824854 22 1.363747
2 3 16 4.368131 15 7.253442 40 7.881083
3
0 3 15 3.432347 26 4.385856 35 14.735481
1 3 20 9.970402 24 11.073488 47 1.173255
2 3 45 12.892681 24 9.318438 27 5.990307
3
0 3 15 17.292054 49 1.297832 39 4.412552
1 3 46 4.744942 38 3.024222 43 9.011005
2 3 45 8.839067 33 7.206875 25 15.961158
3
0 3 15 17.944648 30 1.418494 44 12.541335
1 3 29 19.887070 44 14.548864 24 1.033581
2 3 30 16.756143 29 2.005422 37 16.330434
3
0 3 20 6.759897 25 16.362200 42 14.104284
1 3 34 2.023172 46 10.366707 37 6.685238
2 3 23 13.965386 22 8.100678 25 15.210191
3
0 3 20 11.025335 47 16.421365 30 7.606094
1 3 49 5.223841 20 16.212948 36 10.451634
2 3 24 7.446565 26 3.416019 30 16.662389
3
0 3 20 18.125375 27 13.253906 49 12.009827
1 3 35 16.819344 46 12.980600 40 17.256213
2 3 23 11.316017 22 7.790504 40 16.246600
3
0 3 20 14.396666 42 17.965147 39 10.838080
1 3 26 18.169432 45 10.188993 23 14.419007
2 3 48 11.156618 23 3.309296 39 18.172170
3
0 3 20 17.743148 22 11.834218 34 17.835173
1 3 32 1.527665 49 2.930246 20 15.561875
2 3 38 2.757016 35 13.534627 28 12.093494
3
0 3 25 1.296797 34 4.959550 28 3.114595
1 3 41 13.114952 34 11.037413 29 4.044314
2 3 47 4.783052 29 9.307159 31 18.407544
3
0 3 25 6.721511 47 7.083358 49 6.231730
1 3 38 5.044899 45 12.496414 28 6.080723
2 3 37 5.948236 30 11.384478 25 1.153958
3
0 3 25 7.221661 35 17.634720 46 12.675193
1 3 43 7.278354 41 3.420378 48 19.710949
2 3 30 11.788243 26 19.511936 47 9.255701
3
0 3 25 8.869515 40 6.017446 39 16.372199
1 3 28 6.276037 43 4.933818 32 7.415462
2 3 39 10.431138 29 7.399457 25 12.930726
3
0 3 25 16.776402 30 7.028516 36 7.013355
1 3 25 3.838205 32 6.821064 47 1.423788
2 3 34 2.961575 45 7.400108 30 3.616822
3
0 3 30 16.987036 33 6.201176 42 11.560173
1 3 40 15.583527 45 9.065362 43 19.994803
2 3 43 7.909889 45 9.060710 47 9.971881
3
0 3 30 8.815788 38 11.633434 45 17.995033
1 3 46 8.815797 34 11.323911 49 2.342032
2 3 33 2.538380 30 8.935361 43 3.853238
3
0 3 30 13.426938 41 11.229348 31 10.892720
1 3 49 7.484244 39 2.399880 37 15.677211
2 3 45 8.531033 44 17.656849 34 13.513101
3
0 3 30 16.938911 38 14.182372 33 6.989480
1 3 33 3.804167 49 18.740948 45 13.185380
2 3 36 2.200131 33 16.321403 48 6.990333
3
0 3 30 18.318161 37 9.070750 44 6.895211
1 3 35 19.749743 36 7.411791 30 12.776637
2 3 37 11.064612 30 11.465856 38 9.241192
3
0 3 35 10.023877 41 19.996281 44 4.397423
1 3 43 12.475069 49 12.971293 39 16.348555
2 3 43 3.985825 47 19.151048 38 4.640458
3
0 3 35 5.173533 36 10.727365 44 3.004157
1 3 38 4.164573 47 4.796755 41 15.381659
2 3 36 16.205227 45 14.057468 40 6.733122
3
0 3 35 17.588960 37 16.637723 39 18.599420
1 3 47 6.381743 40 6.971995 35 7.032181
2 3 43 14.088959 46 7.450344 41 11.356547
3
0 3 35 12.827247 45 19.651134 48 7.701704
1 3 40 14.057457 36 18.800888 42 14.708166
2 3 46 13.790397 38 19.316579 35 7.857134
3
0 3 35 2.019396 48 2.208854 49 5.464012
1 3 43 3.276497 36 6.863768 47 5.314505
2 3 36 12.754977 49 11.102461 38 6.869472
3
0 3 40 7.732566 44 17.236088 49 2.458100
1 3 44 15.713689 43 4.694959 41 5.461538
2 3 46 4.153214 42 19.152205 45 3.240061
3
0 3 40 10.006805 44 10.529195 48 12.331247
1 3 42 8.808995 40 3.811826 46 11.291204
2 3 45 7.946296 40 15.925195 42 2.651240
3
0 3 40 1.070602 42 2.650216 45 6.632740
1 3 47 18.875711 49 8.887554 42 8.860344
2 3 48 4.302913 47 3.915962 45 15.582060
3
0 3 40 9.486710 47 9.732402 41 15.570853
1 3 46 14.718402 48 7.935553 49 9.035167
2 3 44 10.351212 41 9.644398 48 3.154461
3
0 3 40 2.154411 47 17.667177 42 15.024621
1 3 49 6.466483 44 3.955876 46 10.898212
2 3 41 12.780388 40 1.988906 44 19.046198
3
0 3 45 11.941393 46 1.342552 49 2.134140
1 3 48 13.691372 49 9.944624 47 8.409593
2 3 48 2.300474 49 8.460914 47 6.642858
3
0 3 45 16.109192 47 14.985026 48 3.139120
1 3 45 19.393555 47 17.230959 49 1.835713
2 3 46 9.467797 48 3.947025 47 4.351030
3
0 3 45 11.485524 47 11.796801 46 18.845511
1 3 46 2.433094 47 11.394150 48 2.462142
2 3 45 1.350951 47 11.335920 46 15.052469
3
0 3 45 6.819988 49 17.756155 48 5.949490
1 3 46 2.818078 48 19.279182 47 10.028057
2 3 45 4.556399 46 17.229821 49 3.019992
3
0 3 45 19.047793 48 8.506570 47 13.915812
1 3 45 18.521411 46 9.458288 47 8.657891
2 3 45 6.001001 47 3.774978 46 1.134699
3
0 3 49 11.621679 49 7.706912 49 15.497838
1 3 49 13.121359 49 17.662889 49 13.729346
2 3 49 13.928494 49 16.281342 49 17.683588
3
0 3 49 9.767056 49 14.444402 49 16.554626
1 3 49 3.922908 49 8.475842 49 14.573290
2 3 49 10.817495 49 19.634728 49 12.816594
3
0 3 49 6.704328 49 10.781721 49 17.772696
1 3 49 11.607458 49 13.368709 49 12.600528
2 3 49 14.922459 49 1.608511 49 14.661549
3
0 3 49 2.506142 49 11.617322 49 13.756581
1 3 49 11.539336 49 7.141443 49 19.593808
2 3 49 10.735407 49 11.873506 49 15.744306
0
