50 49
3
0 3 5 17.606309 22 18.962734 11 10.707381
1 3 12 2.619156 29 17.539303 20 12.569169
2 3 20 14.435689 40 7.937708 14 4.964457
3
0 3 5 19.079310 37 19.137579 36 12.159254
1 3 17 4.118525 37 3.381948 35 8.697644
2 3 35 10.403811 30 17.086417 37 17.895549
3
0 3 5 6.397802 40 8.609676 32 16.626704
1 3 28 16.517915 34 7.678585 39 10.313137
2 3 27 5.987350 49 17.992515 15 12.242776
3
0 3 5 11.187254 28 12.596225 35 9.831829
1 3 13 1.576895 24 12.855592 5 2.678694
2 3 47 8.970464 6 9.981993 17 1.923995
3
0 3 5 4.498606 47 17.471251 27 2.448202
1 3 35 18.433421 16 17.924362 5 11.579418
2 3 8 3.552994 12 3.476518 31 10.566732
3
0 3 10 13.175727 17 14.803071 22 9.068011
1 3 45 1.151163 26 1.304475 31 5.802859
2 3 14 17.856719 39 9.903263 23 7.917186
3
0 3 10 10.188994 13 18.537383 42 2.683660
1 3 42 16.973555 32 1.545959 19 5.230915
2 3 45 5.080893 15 17.266921 27 3.363029
3
0 3 10 5.893895 47 15.600807 13 6.762435
1 3 18 1.484797 32 13.711845 20 13.112886
2 3 26 15.891196 15 6.709347 19 14.198545
3
0 3 10 9.034172 48 18.490502 41 7.953222
1 3 12 11.761233 34 15.151157 47 4.321155
2 3 36 9.235998 44 2.413390 49 4.299056
3
0 3 10 13.333497 16 2.478658 49 8.689626
1 3 32 8.301552 45 8.991532 31 19.375796
2 3 10 15.175059 15 19.501171 38 3.418586
3
0 3 15 12.700549 18 13.500026 31 13.438207
1 3 32 9.628837 37 19.674108 27 14.699270
2 3 47 17.654822 40 5.945815 45 6.798515
3
0 3 15 5.301498 39 10.173187 19 6.039758
1 3 21 15.888407 17 10.450029 43 1.765568
2 3 18 4.510882 37 5.364919 34 11.200218
3
0 3 15 19.899229 42 17.044742 21 15.737366
1 3 17 1.326672 15 10.942428 45 17.601780
2 3 31 9.334612 45 12.575359 16 1.388115
3
0 3 15 13.239644 18 3.316117 25 17.128946
1 3 15 4.386847 16 5.781935 19 18.452703
2 3 31 7.773947 18 2.136242 26 5.837232
3
0 3 15 4.089705 41 15.719472 19 7.221357
1 3 20 19.164550 36 12.049569 40 13.222363
2 3 42 3.126706 15 12.385080 35 7.802105
3
0 3 20 5.112449 43 4.182641 29 1.970116
1 3 43 12.641634 24 2.428482 40 10.655695
2 3 30 11.266485 39 17.300027 42 1.956461
3
0 3 20 3.386453 32 1.175553 34 9.176945
1 3 24 15.638806 36 4.616446 46 14.002419
2 3 23 1.530565 26 11.596639 45 13.149750
3
0 3 20 9.618905 22 6.843380 27 1.084597
1 3 36 15.586453 38 11.316225 27 7.391830
2 3 36 8.105061 48 3.305958 20 4.668505
3
0 3 20 18.002018 44 9.438898 26 17.385288
1 3 47 6.363882 24 19.784751 26 7.775182
2 3 22 12.222655 45 1.257855 30 10.203543
3
0 3 20 12.843893 25 5.607584 47 6.732902
1 3 35 12.515986 32 19.581172 25 11.877479
2 3 26 5.016051 33 15.846053 35 14.694716
3
0 3 25 11.816404 49 8.276989 38 13.067385
1 3 39 18.367169 41 17.827430 33 9.664357
2 3 46 10.254812 34 13.928635 39 19.272083
3
0 3 25 11.515725 35 18.959906 36 5.987909
1 3 26 8.188544 38 16.888074 30 2.724720
2 3 40 11.513942 25 6.944906 41 1.140784
3
0 3 25 5.309074 44 18.556110 29 3.369208
1 3 35 11.045105 27 16.173329 38 6.901732
2 3 42 2.104788 43 12.855070 28 15.315989
3
0 3 25 4.051915 34 3.376370 28 18.740750
1 3 37 15.301634 33 10.021543 49 8.678149
2 3 38 8.332282 44 17.405745 26 6.397570
3
0 3 25 17.424606 38 6.022936 28 14.519628
1 3 38 17.841724 37 7.830006 41 19.177454
2 3 35 14.452799 38 8.805787 49 1.303395
3
0 3 30 7.312417 48 15.808580 47 1.776380
1 3 49 3.229631 37 15.210936 41 3.493739
2 3 44 10.765734 33 16.782683 49 13.741035
3
0 3 30 9.257582 31 15.282624 33 9.907544
1 3 32 19.669950 35 19.186403 37 8.856524
2 3 42 9.914652 46 16.650466 41 13.118008
3
0 3 30 10.221567 45 8.906185 44 7.229656
1 3 45 10.128631 31 11.107174 33 9.352794
2 3 30 1.426856 43 12.649937 42 1.751698
3
0 3 30 19.182331 40 18.422300 49 3.542087
1 3 49 4.411304 40 10.066509 44 9.394183
2 3 43 19.153512 36 12.012201 34 8.258732
3
0 3 30 4.670479 47 2.625344 38 3.062124
1 3 33 7.149362 44 19.581466 32 14.163382
2 3 39 1.842272 46 9.799772 32 11.530581
3
0 3 35 9.306522 48 2.205260 36 19.506517
1 3 44 13.481678 40 15.942697 45 11.705771
2 3 45 17.595462 40 10.140718 39 7.261864
3
0 3 35 5.402248 43 15.159317 46 1.237968
1 3 42 1.573589 47 13.635130 49 10.685148
2 3 38 15.769132 39 11.907290 45 16.115212
3
0 3 35 19.617528 37 9.637691 39 7.510993
1 3 47 5.499566 35 11.260653 48 14.205159
2 3 37 13.558826 42 11.177436 40 19.640930
3
0 3 35 11.556738 46 19.741482 36 15.890489
1 3 38 13.761874 42 16.239507 49 5.757974
2 3 40 5.182294 43 9.069016 48 11.788897
3
0 3 35 7.789852 44 11.113468 49 1.563919
1 3 40 10.376666 47 11.714471 43 14.151381
2 3 35 11.934438 37 13.311672 43 2.424682
3
0 3 40 18.622729 45 6.154822 48 6.214297
1 3 49 2.495084 47 5.545324 43 12.636779
2 3 47 9.868775 40 7.277495 42 4.911655
3
0 3 40 6.831899 41 3.586190 42 7.863727
1 3 47 1.572599 41 17.260597 48 4.809128
2 3 43 15.913373 46 3.181119 42 8.633176
3
0 3 40 9.562176 47 14.298401 46 19.923203
1 3 49 15.679106 44 13.005705 42 18.453314
2 3 41 2.596292 48 3.335991 40 3.190839
3
0 3 40 8.153136 43 10.084342 42 9.530371
1 3 48 17.117200 44 19.325523 40 4.154305
2 3 45 10.033968 48 4.912795 44 14.286307
3
0 3 40 18.569122 41 11.462400 48 17.601829
1 3 48 4.551958 46 4.481289 47 5.500754
2 3 41 13.663972 45 5.105538 48 10.668584
3
0 3 45 4.981327 46 2.559436 47 12.445525
1 3 48 15.193870 45 9.397029 47 18.732638
2 3 48 19.062852 46 15.156868 45 1.488862
3
0 3 45 13.788697 49 17.261158 48 9.494546
1 3 48 14.637456 49 11.431334 47 4.733240
2 3 49 12.103583 48 5.599025 45 8.449664
3
0 3 45 16.811332 47 6.102609 48 18.706931
1 3 46 7.875650 48 15.763073 47 12.480055
2 3 49 12.208353 47 15.419363 45 3.411466
3
0 3 45 3.418883 47 18.036297 49 11.867855
1 3 46 1.716613 47 8.684840 48 19.392563
2 3 48 15.294300 47 13.481443 49 11.827321
3
0 3 45 15.417233 47 17.544516 46 8.424038
1 3 49 12.135150 47 16.316619 46 2.269465
2 3 49 16.573337 45 19.480798 46 5.107130
3
0 3 49 15.547982 49 6.462703 49 18.157182
1 3 49 9.889286 49 11.164149 49 4.655176
2 3 49 8.748429 49 9.111521 49 5.406924
3
0 3 49 3.465238 49 18.554823 49 3.297337
1 3 49 2.066658 49 17.002969 49 11.347038
2 3 49 18.105398 49 5.002814 49 4.882314
3
0 3 49 7.037750 49 18.485642 49 17.695140
1 3 49 16.230409 49 10.286937 49 5.775323
2 3 49 4.721336 49 4.596559 49 10.597911
3
0 3 49 18.035477 49 3.803439 49 4.398740
1 3 49 16.958386 49 8.013232 49 6.191375
2 3 49 5.689921 49 19.643502 49 8.184242
0
