50 49
3
0 3 5 13.401914 46 10.163273 44 6.832304
1 3 23 18.678265 44 16.650269 8 16.685490
2 3 16 12.071596 7 15.096246 42 6.706454
3
0 3 5 13.949249 48 5.634704 18 5.669464
1 3 31 11.653055 19 6.794660 28 8.333359
2 3 23 9.370529 7 3.264179 10 9.036421
3
0 3 5 2.849158 42 10.560832 22 10.222561
1 3 49 19.643722 5 2.846824 18 2.265690
2 3 28 6.939063 30 5.824292 18 16.272254
3
0 3 5 1.068893 39 9.522826 30 13.280419
1 3 40 9.144194 18 2.670514 27 4.593421
2 3 28 6.904868 34 15.776560 24 12.747548
3
0 3 5 13.095679 40 7.326905 12 13.415057
1 3 24 15.176813 17 14.709840 20 16.320616
2 3 36 11.912049 17 14.055823 47 19.898397
3
0 3 10 19.690120 19 6.098888 17 16.088359
1 3 21 5.781389 31 11.330848 23 8.755071
2 3 44 8.396671 28 2.890236 47 6.572374
3
0 3 10 19.314915 31 4.516986 28 7.813597
1 3 18 8.444362 39 11.541215 48 14.139287
2 3 25 1.152589 35 4.639741 13 7.652199
3
0 3 10 9.803999 23 10.009828 28 8.146527
1 3 34 15.954536 21 1.367654 47 5.613491
2 3 24 10.727731 30 4.117770 41 8.006424
3
0 3 10 2.496281 16 2.698155 27 8.875087
1 3 20 5.722131 48 19.821896 40 10.425079
2 3 48 17.418942 43 1.094642 38 6.194146
3
0 3 10 16.872517 12 14.303975 43 19.789582
1 3 46 15.348687 20 13.597536 11 13.488485
2 3 21 5.089935 45 10.633394 36 2.193308
3
0 3 15 3.178496 40 12.697835 30 10.939214
1 3 28 5.937769 40 7.677572 45 11.817172
2 3 35 6.778755 33 2.688666 44 7.262885
3
0 3 15 15.118239 24 6.523142 39 9.429338
1 3 31 13.406666 17 9.799681 30 4.667423
2 3 23 8.698065 41 19.380400 37 6.015236
3
0 3 15 6.597038 28 7.459976 40 7.446494
1 3 16 9.909337 48 4.934946 27 15.103342
2 3 39 6.637815 29 16.541601 43 1.441957
3
0 3 15 11.949194 17 11.536330 38 11.713811
1 3 44 12.704714 47 10.463537 28 5.937914
2 3 27 17.516443 46 11.232158 19 2.037205
3
0 3 15 12.228215 39 5.188686 48 11.122154
1 3 28 9.632777 23 15.712172 18 5.304371
2 3 15 18.117882 20 12.083664 22 3.615885
3
0 3 20 8.369676 21 9.984826 41 13.138407
1 3 32 18.749137 34 11.277814 22 15.196625
2 3 30 16.041673 34 15.769267 48 3.823436
3
0 3 20 5.386693 48 16.127240 26 19.073941
1 3 20 12.967836 45 14.535483 41 1.642099
2 3 35 16.705013 49 18.696482 26 6.413777
3
0 3 20 10.051084 33 3.044592 27 12.431918
1 3 23 8.793990 42 9.534886 33 8.423087
2 3 36 11.397169 24 6.191263 48 16.176684
3
0 3 20 1.159781 22 18.139157 32 17.658001
1 3 47 15.540748 37 4.541913 46 16.342904
2 3 46 5.995394 31 7.025461 20 17.136965
3
0 3 20 16.699727 37 2.161609 29 16.552902
1 3 24 12.383296 49 17.320083 25 3.196862
2 3 24 18.217838 30 14.326178 39 1.953765
3
0 3 25 13.779771 33 8.998021 34 14.686061
1 3 45 3.796085 37 1.043637 43 1.533983
2 3 48 13.664931 31 13.440618 38 14.458837
3
0 3 25 3.623209 42 12.201365 41 5.961528
1 3 41 19.085845 45 8.063542 29 15.590986
2 3 25 5.362079 37 12.781438 42 4.618268
3
0 3 25 18.517499 39 6.715570 49 9.662865
1 3 34 7.117535 39 1.150847 33 2.644887
2 3 37 7.439806 42 3.692234 28 19.059804
3
0 3 25 14.985111 33 19.366700 26 6.820788
1 3 31 8.360996 46 15.003789 42 2.652856
2 3 48 16.501227 40 7.690683 45 9.323296
3
0 3 25 12.160399 42 1.380976 46 15.139791
1 3 35 3.226961 34 19.944245 26 16.709031
2 3 35 3.248801 38 3.068784 29 2.067576
3
0 3 30 18.146439 48 9.953991 42 15.415557
1 3 42 8.568764 48 1.188338 37 1.523410
2 3 44 7.333644 30 13.390361 49 7.515140
3
0 3 30 18.867746 37 7.483596 36 14.393959
1 3 45 19.407381 32 9.689221 33 5.996691
2 3 42 15.043628 47 4.302644 39 12.981160
3
0 3 30 7.365104 41 17.266566 36 12.703312
1 3 38 13.716435 47 12.124851 31 9.327207
2 3 43 7.738609 48 16.904914 39 19.193297
3
0 3 30 13.326684 33 16.444028 35 11.884400
1 3 49 9.641329 32 9.067193 30 1.637486
2 3 32 4.155346 43 11.638368 36 2.689319
3
0 3 30 17.941884 36 3.670953 45 14.032952
1 3 47 19.370891 44 13.961149 35 5.850207
2 3 30 3.027466 43 4.572451 41 6.076486
3
0 3 35 7.040776 47 14.368817 40 7.958797
1 3 42 14.614930 47 12.650019 48 10.745213
2 3 46 14.121594 37 5.427575 47 16.245314
3
0 3 35 19.169676 37 9.753378 43 15.331479
1 3 37 5.442626 47 11.495454 44 1.157038
2 3 41 19.003657 45 17.322247 36 9.141689
3
0 3 35 12.286805 36 17.086483 43 13.956704
1 3 41 3.744371 45 2.120727 38 14.567088
2 3 37 9.061902 43 10.250136 41 11.070567
3
0 3 35 13.630605 38 17.849511 46 14.914269
1 3 37 7.710590 39 4.906129 35 7.274317
2 3 49 6.982637 46 8.290209 36 16.065262
3
0 3 35 3.795027 37 7.681968 47 8.827853
1 3 43 13.584685 44 5.774148 49 8.966198
2 3 48 7.344186 42 2.765656 44 3.189596
3
0 3 40 13.233155 43 1.209032 45 3.080218
1 3 48 5.960583 47 6.353212 40 6.159200
2 3 46 12.222009 48 10.781485 43 8.127497
3
0 3 40 7.815244 48 18.989126 49 17.628348
1 3 49 4.032171 42 12.039830 45 4.407649
2 3 41 10.329986 47 15.645211 42 9.983975
3
0 3 40 2.005129 46 12.324247 47 14.003068
1 3 46 8.866029 41 18.236203 42 17.898707
2 3 40 17.932533 47 10.632030 43 19.853783
3
0 3 40 2.338717 41 1.596901 42 9.708423
1 3 40 11.698542 48 14.663349 42 18.892473
2 3 47 17.514467 40 2.527620 42 11.748484
3
0 3 40 10.552943 46 15.011843 43 17.623498
1 3 44 14.631465 48 17.961613 49 5.733922
2 3 47 5.596061 42 13.146875 46 18.994737
3
0 3 45 8.987327 48 7.574662 49 6.807905
1 3 46 8.897207 49 5.640758 48 15.480451
2 3 46 3.941115 45 3.574151 49 5.024147
3
0 3 45 18.182941 49 6.074106 48 12.482809
1 3 47 13.158281 48 13.084037 45 7.183862
2 3 45 3.878270 46 8.699819 47 7.798641
3
0 3 45 13.014047 48 10.738578 47 14.762601
1 3 49 6.651934 47 15.895581 45 11.212156
2 3 46 11.838625 47 6.842629 45 2.380865
3
0 3 45 19.380417 47 4.747197 46 8.408414
1 3 47 6.665324 49 6.015029 45 4.947116
2 3 46 14.484510 47 18.367477 45 1.762826
3
0 3 45 5.273476 47 1.485695 46 8.961027
1 3 49 16.873328 45 14.881304 47 10.489727
2 3 49 8.084070 45 4.616955 48 14.833840
3
0 3 49 16.272949 49 10.009674 49 6.904105
1 3 49 18.221694 49 3.720793 49 7.409916
2 3 49 19.319645 49 17.893505 49 5.524618
3
0 3 49 8.621280 49 2.791319 49 19.154559
1 3 49 5.244431 49 19.363638 49 7.111148
2 3 49 10.655829 49 11.924446 49 4.251633
3
0 3 49 11.222804 49 9.900988 49 4.895546
1 3 49 6.115599 49 18.850571 49 11.739212
2 3 49 10.186348 49 13.984895 49 17.471130
3
0 3 49 12.277623 49 19.618123 49 3.938466
1 3 49 11.069903 49 10.964521 49 4.453516
2 3 49 14.033220 49 5.227958 49 9.773188
0
