50 49
3
0 3 5 15.290050 7 7.609918 41 14.186747
1 3 45 4.246754 23 13.350134 43 4.028879
2 3 46 10.777637 23 9.457261 39 12.644431
3
0 3 5 10.789995 12 1.064466 13 12.217651
1 3 39 15.468096 10 5.410902 45 2.153512
2 3 20 12.465214 12 6.348021 15 10.142404
3
0 3 5 17.266386 18 18.800272 20 15.442723
1 3 15 1.286323 43 16.989690 31 1.500789
2 3 16 4.708345 21 13.708352 19 8.840155
3
0 3 5 3.255931 14 11.248996 30 18.156561
1 3 28 13.289595 18 9.679156 43 18.638484
2 3 46 14.193015 9 17.210464 44 13.297628
3
0 3 5 6.003946 9 19.178655 28 11.855491
1 3 48 4.328507 36 19.162596 26 13.595061
2 3 30 5.016574 15 19.897034 27 13.048776
3
0 3 10 17.527697 26 10.068636 22 9.783151
1 3 44 6.705800 17 5.676945 16 5.858396
2 3 17 6.166837 48 5.044277 12 13.601266
3
0 3 10 10.015864 35 8.156278 17 17.713220
1 3 36 4.299281 26 6.567958 30 9.692172
2 3 17 17.670377 36 15.629560 45 10.366824
3
0 3 10 13.977468 35 12.381557 23 4.217083
1 3 37 12.387214 13 13.667679 18 19.634983
2 3 37 1.029068 40 3.476496 46 10.745867
3
0 3 10 3.436514 48 15.778916 49 13.313609
1 3 40 19.520805 12 9.247929 11 17.775203
2 3 10 17.439724 29 12.711641 39 12.251727
3
0 3 10 12.464847 49 15.016038 32 11.373406
1 3 25 5.963410 47 10.582935 14 6.792256
2 3 24 18.640988 39 11.888023 42 17.185290
3
0 3 15 16.420336 40 15.180263 24 3.186711
1 3 28 19.234866 18 7.063832 16 10.148191
2 3 23 9.290766 43 2.670479 45 4.575558
3
0 3 15 16.545426 26 18.026707 46 5.218448
1 3 38 18.440457 36 1.107507 34 10.176973
2 3 42 19.948950 18 1.304285 21 13.347556
3
0 3 15 18.777282 30 18.255962 45 14.267333
1 3 32 3.802536 18 1.155388 48 10.586165
2 3 20 19.360372 24 16.251366 39 15.136534
3
0 3 15 15.563409 45 14.165779 44 7.607229
1 3 25 3.853710 28 15.608301 27 19.908568
2 3 23 7.086289 40 17.962839 30 18.206800
3
0 3 15 18.344971 26 6.835762 18 6.755244
1 3 40 11.303075 35 18.423504 25 18.925923
2 3 16 9.451747 36 6.909890 20 16.752529
3
0 3 20 7.762157 44 18.104907 33 11.578952
1 3 42 19.811635 44 6.591698 30 2.914316
2 3 31 18.719396 33 4.400427 48 7.144403
3
0 3 20 2.381719 47 12.754933 21 9.089691
1 3 40 17.227897 25 18.904708 49 14.081767
2 3 33 6.121530 41 17.444408 20 2.714286
3
0 3 20 16.764443 41 2.599803 21 7.853051
1 3 27 9.170591 48 8.879233 36 13.031752
2 3 28 17.555936 32 9.181717 20 19.298236
3
0 3 20 13.502375 29 13.354305 47 19.200204
1 3 41 1.769527 46 4.417258 20 7.404980
2 3 40 16.732248 49 18.793067 33 8.420094
3
0 3 20 6.752214 36 4.840733 34 13.625214
1 3 42 8.253197 28 8.270067 35 19.929576
2 3 28 19.942607 27 17.331496 31 7.679786
3
0 3 25 14.245951 48 17.750423 41 1.292955
1 3 38 13.000787 32 18.062609 41 11.462872
2 3 44 17.844412 32 1.141871 26 9.699505
3
0 3 25 13.513274 27 4.538064 35 11.436996
1 3 29 17.625074 44 16.863469 32 11.240289
2 3 42 4.316503 33 15.739725 31 1.777701
3
0 3 25 2.445469 49 2.562703 43 15.394710
1 3 46 10.258481 31 13.587737 27 14.582930
2 3 37 16.797125 43 7.948482 39 4.288854
3
0 3 25 8.094008 35 16.118974 31 12.629510
1 3 41 1.770094 39 14.001146 40 17.637187
2 3 41 13.916234 29 11.531554 44 14.319547
3
0 3 25 6.527090 29 11.322767 35 4.196644
1 3 30 13.327784 46 16.697168 39 16.815989
2 3 47 8.875196 33 9.781319 30 14.390823
3
0 3 30 8.283474 31 17.909741 47 9.863201
1 3 42 15.716771 40 18.425888 31 12.366800
2 3 49 3.941571 33 7.973250 34 10.567819
3
0 3 30 15.545050 48 6.397908 44 15.879438
1 3 32 6.762756 31 1.978832 41 19.950943
2 3 45 5.181080 38 8.732727 30 14.530940
3
0 3 30 1.486312 47 1.106006 32 15.740819
1 3 38 18.116639 34 10.538847 45 16.862466
2 3 45 11.880412 46 16.091620 37 10.350615
3
0 3 30 3.562138 42 11.536166 31 2.735053
1 3 45 3.521763 38 17.204811 43 3.399304
2 3 40 1.992368 33 9.515709 32 4.826221
3
0 3 30 13.298201 42 12.878038 43 18.911845
1 3 46 11.309608 40 3.360397 49 17.118484
2 3 48 13.262023 30 14.456119 44 16.535409
3
0 3 35 2.381048 45 1.358735 37 5.088296
1 3 40 1.457278 37 18.225989 36 12.525034
2 3 45 11.012110 44 17.523818 46 11.929770
3
0 3 35 15.189516 43 4.236488 41 1.897441
1 3 38 8.887180 43 4.529920 35 7.886075
2 3 41 12.129305 35 17.759089 40 1.173167
3
0 3 35 5.577716 41 3.106773 49 17.217319
1 3 48 8.459648 44 9.559631 35 8.986535
2 3 35 19.854813 37 8.137423 39 7.761434
3
0 3 35 11.963218 42 13.090010 36 19.872964
1 3 35 1.603657 36 18.608609 40 2.190296
2 3 41 9.238686 47 7.870232 49 16.460926
3
0 3 35 8.375790 46 8.432042 45 6.818111
1 3 37 7.338634 38 4.651031 45 12.316754
2 3 35 10.250270 39 1.083006 45 13.393922
3
0 3 40 19.791532 44 16.338254 49 8.997347
1 3 49 5.523847 41 13.009250 42 19.882416
2 3 42 1.939946 44 6.325549 43 18.820732
3
0 3 40 2.752761 47 17.258794 41 16.090300
1 3 43 9.436007 48 14.155275 47 3.468774
2 3 44 2.774703 45 11.254140 41 18.573261
3
0 3 40 7.466523 48 18.679673 46 5.134457
1 3 45 9.575745 47 18.539343 46 12.012445
2 3 41 11.293639 49 13.487517 48 18.116522
3
0 3 40 19.440839 44 2.218830 42 6.470135
1 3 46 12.070932 43 10.570602 49 3.869875
2 3 49 11.681321 40 4.777755 41 13.959562
3
0 3 40 18.307907 47 15.719619 41 14.117049
1 3 40 17.265367 42 9.469745 48 9.283032
2 3 49 9.576035 42 12.221612 45 12.533129
3
0 3 45 3.080604 46 18.928862 47 15.388698
1 3 45 19.120272 46 9.870793 49 18.082164
2 3 48 17.389395 46 4.228342 49 14.914952
3
0 3 45 4.256985 48 13.418162 49 4.537807
1 3 45 9.704567 48 10.331460 47 4.682680
2 3 47 11.577981 45 3.045514 46 5.794107
3
0 3 45 2.721214 49 2.473334 48 1.455740
1 3 46 12.673617 49 1.012658 47 10.435643
2 3 45 18.928068 49 3.846588 47 10.186723
3
0 3 45 6.872781 49 4.106511 46 10.904821
1 3 48 4.039088 45 19.012992 46 18.878138
2 3 45 13.451102 48 16.920526 47 3.089135
3
0 3 45 3.925102 47 11.176854 46 16.792216
1 3 47 9.217611 45 5.361687 49 5.576896
2 3 49 13.057359 48 13.301800 45 4.593469
3
0 3 49 11.608789 49 10.276615 49 19.996569
1 3 49 16.728007 49 4.929776 49 15.271045
2 3 49 16.922652 49 13.949149 49 15.477151
3
0 3 49 4.307565 49 13.928993 49 9.047758
1 3 49 14.252182 49 7.128621 49 4.331365
2 3 49 14.178589 49 10.003873 49 4.671277
3
0 3 49 11.614357 49 10.520049 49 8.490443
1 3 49 4.035058 49 3.619193 49 13.228730
2 3 49 7.990267 49 6.498755 49 11.717173
3
0 3 49 13.541497 49 7.007913 49 17.229226
1 3 49 15.764231 49 13.890552 49 4.887159
2 3 49 19.816272 49 16.852149 49 2.921677
0
