50 49
3
0 3 5 19.589958 44 13.646519 32 10.335351
1 3 42 7.833271 24 10.303185 12 14.318180
2 3 45 12.235458 36 11.461270 6 10.309522
3
0 3 5 4.029517 40 1.116771 13 4.099871
1 3 22 17.481766 6 3.513252 36 13.219232
2 3 27 5.609935 22 11.202487 10 3.847550
3
0 3 5 18.177874 28 8.875160 17 12.779987
1 3 24 12.290806 34 16.277247 21 6.280698
2 3 8 15.082044 41 13.307829 11 16.037074
3
0 3 5 5.082193 33 3.641679 25 13.347972
1 3 16 8.631814 44 1.132764 17 1.114600
2 3 18 18.203306 17 5.361871 30 1.065121
3
0 3 5 17.495356 14 12.362402 13 9.617826
1 3 30 1.960665 21 17.829877 48 13.823368
2 3 35 2.282230 13 15.227517 32 18.095431
3
0 3 10 6.518050 37 7.307484 22 15.373378
1 3 17 7.857814 14 12.184011 42 12.112648
2 3 27 14.002737 46 4.973330 35 16.798947
3
0 3 10 17.824938 16 16.149610 49 11.810315
1 3 19 19.600650 40 9.463808 11 14.814141
2 3 46 7.267266 26 12.375347 33 8.638224
3
0 3 10 5.532900 12 13.513199 45 7.061866
1 3 22 4.182772 32 14.104249 13 4.225500
2 3 22 11.291972 27 5.860715 10 15.390193
3
0 3 10 2.958909 40 2.996008 30 7.775372
1 3 42 9.725518 44 16.995035 11 4.287699
2 3 19 4.342398 44 4.544312 17 14.559865
3
0 3 10 10.689916 44 14.911386 22 19.820550
1 3 40 13.268610 36 4.297126 25 19.378503
2 3 27 5.517138 40 2.051093 25 7.915774
3
0 3 15 9.577827 28 12.641127 30 12.225435
1 3 36 17.519085 18 7.301504 40 17.020424
2 3 32 12.066742 46 15.700366 20 6.780430
3
0 3 15 3.899869 46 9.522647 42 19.577035
1 3 32 19.847198 40 5.099288 25 3.933905
2 3 26 13.103150 19 1.911382 18 12.334590
3
0 3 15 12.055179 38 18.366662 22 4.107102
1 3 33 7.833740 43 10.594358 27 17.550477
2 3 22 5.378496 44 11.525178 45 8.043208
3
0 3 15 10.647038 37 3.624251 47 7.207349
1 3 18 5.477324 25 10.845325 30 2.714117
2 3 31 9.462732 27 15.055991 35 6.113590
3
0 3 15 5.791153 43 11.196624 32 6.014453
1 3 49 19.450568 47 10.178133 34 3.873205
2 3 30 14.198614 33 12.666182 43 18.722910
3
0 3 20 19.234169 22 14.435757 42 3.912809
1 3 49 8.547859 43 3.316543 26 16.582694
2 3 46 19.963653 26 9.241775 24 8.796543
3
0 3 20 7.241622 24 6.626455 28 7.174760
1 3 31 2.813459 34 8.984672 25 14.433719
2 3 31 11.240213 20 15.514819 41 19.066470
3
0 3 20 7.672957 39 4.038161 33 15.186160
1 3 49 10.726129 33 4.958860 24 10.609328
2 3 28 19.886587 21 9.679711 30 18.850016
3
0 3 20 4.508386 26 10.706102 31 7.969782
1 3 42 7.042139 44 16.895539 29 19.795915
2 3 35 5.067553 39 18.848758 31 1.657417
3
0 3 20 3.701521 43 6.651830 31 11.768898
1 3 26 12.454208 45 4.201113 39 1.803528
2 3 25 9.685416 37 12.676691 46 6.319017
3
0 3 25 13.015035 47 14.751449 41 5.766639
1 3 46 16.333565 39 8.835096 48 14.845488
2 3 41 9.925858 27 2.475430 35 1.936927
3
0 3 25 2.188971 36 10.382288 46 4.034842
1 3 26 12.079937 47 8.031889 27 10.132193
2 3 35 12.679657 37 17.890131 29 4.530246
3
0 3 25 17.284926 29 8.416373 30 10.469885
1 3 47 1.016585 30 10.631190 45 1.488695
2 3 39 14.836064 28 8.619743 43 13.154775
3
0 3 25 5.422635 49 10.997607 26 4.602444
1 3 37 16.555631 41 6.946344 32 9.694165
2 3 40 11.453154 32 1.831673 29 19.498948
3
0 3 25 5.855042 32 1.643862 39 13.761763
1 3 40 7.743526 26 18.825561 33 13.715282
2 3 39 14.331319 29 15.265478 38 10.876638
3
0 3 30 13.239070 38 10.399774 32 15.188188
1 3 39 15.366787 47 17.326853 38 15.714335
2 3 33 5.090600 39 2.648888 40 6.361176
3
0 3 30 18.630663 32 5.383579 45 19.496445
1 3 32 8.968779 38 18.457164 42 13.567050
2 3 45 7.827885 48 14.855680 42 5.203776
3
0 3 30 18.350332 48 6.667880 39 2.140313
1 3 36 2.992454 38 9.558603 35 14.318774
2 3 34 19.321111 42 3.790638 35 7.436127
3
0 3 30 7.140313 35 15.521291 36 15.339601
1 3 39 9.828658 43 13.901211 35 2.228518
2 3 42 5.830054 49 2.096818 35 17.862624
3
0 3 30 19.836220 45 3.376676 31 3.066186
1 3 44 12.787727 31 7.977596 47 13.294183
2 3 33 14.421194 41 17.898344 31 8.724992
3
0 3 35 9.817897 41 14.032283 45 10.381429
1 3 44 7.195746 46 16.694379 49 8.579768
2 3 40 4.745250 46 6.336549 43 12.272919
3
0 3 35 7.929989 42 3.638765 47 15.479687
1 3 38 10.297958 37 16.936205 47 16.227082
2 3 45 6.241285 40 11.756902 39 3.248302
3
0 3 35 11.882055 47 18.825317 37 13.730162
1 3 36 8.949715 47 1.022583 35 12.262059
2 3 39 13.504454 42 4.211392 43 3.880343
3
0 3 35 18.207967 47 13.203491 44 2.833892
1 3 36 14.430004 40 5.060943 38 12.991214
2 3 40 2.120534 39 12.171627 42 16.686436
3
0 3 35 8.904752 46 11.231604 45 7.162878
1 3 48 4.113349 49 12.991945 46 16.561375
2 3 48 6.978837 40 2.753283 42 13.778317
3
0 3 40 15.963746 45 19.333343 44 8.606027
1 3 40 1.195594 41 1.566967 49 6.366414
2 3 43 1.231711 40 7.354936 45 9.861236
3
0 3 40 11.543854 42 10.790728 46 13.024263
1 3 46 16.196829 41 6.218179 48 17.496913
2 3 48 19.956137 49 2.844710 44 7.756517
3
0 3 40 15.946457 48 18.930865 41 7.259883
1 3 46 18.598416 47 5.934156 42 4.120355
2 3 47 10.118705 43 19.063211 44 3.870989
3
0 3 40 7.170366 41 5.094618 42 13.708480
1 3 40 15.531567 47 1.846475 48 2.559025
2 3 40 16.842598 45 9.380101 48 9.575915
3
0 3 40 1.440088 44 10.240863 46 9.715529
1 3 41 5.121134 49 7.879437 43 8.712312
2 3 41 12.329994 46 16.810458 43 4.748642
3
0 3 45 12.490028 49 1.499302 46 8.636175
1 3 46 2.221191 45 4.688911 49 17.687765
2 3 49 12.107692 47 18.901611 48 9.986309
3
0 3 45 18.639138 49 9.816102 46 19.819328
1 3 46 1.254545 48 19.381047 47 17.244017
2 3 48 9.747483 46 7.813697 47 17.605382
3
0 3 45 15.361020 48 8.266830 49 16.717450
1 3 46 8.487336 48 2.161308 49 14.530631
2 3 46 3.812365 45 1.351956 47 7.690360
3
0 3 45 3.669321 48 4.063191 49 8.075230
1 3 48 5.202630 49 1.559593 46 17.732275
2 3 46 12.347060 45 4.662839 48 16.956731
3
0 3 45 13.612232 46 17.167169 47 11.483157
1 3 46 10.271373 48 6.002617 45 9.900364
2 3 46 12.631917 45 4.217399 47 6.918645
3
0 3 49 4.092855 49 1.041403 49 1.110597
1 3 49 5.514235 49 10.067226 49 16.102017
2 3 49 10.917082 49 15.155309 49 3.584603
3
0 3 49 6.222026 49 16.839264 49 17.286187
1 3 49 17.817536 49 7.916861 49 7.943631
2 3 49 2.410640 49 6.231094 49 7.789346
3
0 3 49 9.446797 49 7.502630 49 17.901213
1 3 49 7.129811 49 4.911575 49 14.650182
2 3 49 8.310795 49 15.634094 49 15.447400
3
0 3 49 19.425241 49 2.232827 49 5.536683
1 3 49 1.090280 49 17.814233 49 5.062165
2 3 49 11.391482 49 8.350863 49 13.775309
0
