50 49
3
0 3 5 15.731356 39 18.057260 12 10.231485
1 3 48 5.632856 14 3.866061 22 14.661230
2 3 19 11.734230 49 7.752939 38 1.198851
3
0 3 5 14.270582 12 9.315170 29 10.856816
1 3 46 8.345518 40 15.407942 33 8.560588
2 3 46 16.034083 22 8.923273 33 17.259555
3
0 3 5 18.365811 36 19.399046 11 17.752444
1 3 42 12.840008 28 4.120936 13 4.383381
2 3 11 2.547166 16 7.689023 17 10.179672
3
0 3 5 17.882129 48 3.674632 24 17.205567
1 3 27 18.585986 16 16.900001 14 18.883737
2 3 13 15.325247 28 19.089426 48 19.925742
3
0 3 5 4.270880 30 2.196723 13 15.383209
1 3 7 19.101628 30 16.756201 8 18.920549
2 3 46 5.900277 31 6.335011 6 7.580648
3
0 3 10 16.080806 33 16.899051 14 8.661537
1 3 44 10.044386 41 13.788657 33 5.641750
2 3 18 19.631772 49 5.968947 21 3.029820
3
0 3 10 9.505180 30 16.568946 37 18.518263
1 3 24 15.316862 23 6.708155 34 2.665764
2 3 18 4.950817 34 2.764831 33 16.484092
3
0 3 10 3.716673 28 6.369189 37 19.334327
1 3 21 14.559600 36 3.134764 49 15.688177
2 3 30 2.486537 26 4.429763 44 14.358579
3
0 3 10 9.015317 44 9.232755 20 9.756893
1 3 17 10.808177 46 17.302173 48 2.609576
2 3 33 3.341732 44 13.753898 34 13.133755
3
0 3 10 17.854048 40 14.490400 48 12.231724
1 3 37 18.182550 10 13.685962 13 8.862064
2 3 38 17.199135 42 6.505203 18 18.378666
3
0 3 15 2.083056 34 16.603509 19 12.482952
1 3 21 3.637897 37 4.702290 15 1.495378
2 3 29 3.922744 47 3.219029 31 12.708782
3
0 3 15 3.549079 45 19.500108 44 10.692622
1 3 38 6.001704 49 15.753440 34 1.798758
2 3 24 7.562661 39 4.280877 35 19.449449
3
0 3 15 7.852324 40 12.261463 36 9.239000
1 3 24 3.853135 49 12.900463 25 5.154017
2 3 19 2.455389 26 1.389447 32 10.703968
3
0 3 15 12.575320 26 19.321511 24 18.953731
1 3 17 1.127648 24 7.238105 36 12.538270
2 3 34 18.222374 36 14.079084 46 2.805438
3
0 3 15 17.338276 42 16.724892 36 15.945682
1 3 27 3.715261 15 14.680009 43 7.017446
2 3 31 17.409755 18 9.183890 23 5.422307
3
0 3 20 7.097391 24 8.638038 49 11.195361
1 3 38 9.661768 35 12.791109 47 7.958735
2 3 20 8.412790 27 10.145431 42 17.336939
3
0 3 20 3.036301 31 10.076116 41 3.457109
1 3 36 4.560227 42 10.129787 48 1.284400
2 3 43 15.737481 44 4.372721 27 3.100752
3
0 3 20 17.358405 28 17.628933 36 3.317051
1 3 43 17.134326 30 4.155162 22 10.199316
2 3 25 19.452488 33 14.201991 45 12.584044
3
0 3 20 8.219876 31 2.535449 32 16.426635
1 3 32 6.383062 35 13.030083 25 19.216671
2 3 34 10.760613 46 9.399395 48 9.362035
3
0 3 20 18.753881 38 8.359559 35 7.183924
1 3 48 7.290915 26 7.968472 27 7.785111
2 3 33 17.636469 47 10.802622 30 1.066618
3
0 3 25 17.222998 47 12.024263 48 15.252983
1 3 48 18.184863 44 10.724353 31 17.818907
2 3 47 6.023208 42 12.311428 34 19.529114
3
0 3 25 19.134966 36 15.960064 34 1.396090
1 3 33 18.845806 27 4.850621 31 5.857566
2 3 40 14.102407 48 17.746159 45 10.955702
3
0 3 25 3.135185 38 6.865174 46 4.821164
1 3 43 6.869576 45 14.265788 33 17.953625
2 3 43 15.926270 26 19.354149 46 8.446757
3
0 3 25 17.634245 49 5.451358 48 1.984682
1 3 49 11.404308 29 5.988051 33 14.208196
2 3 31 2.588411 28 12.623926 47 15.112312
3
0 3 25 10.056372 26 17.342026 45 18.875293
1 3 42 11.743676 33 11.139931 40 13.925246
2 3 49 13.656758 35 13.391862 48 14.498413
3
0 3 30 11.614620 42 4.240623 45 12.712250
1 3 41 16.779963 47 4.679011 40 13.562835
2 3 32 19.664920 41 3.388505 37 15.273905
3
0 3 30 3.473954 32 2.356480 35 17.814576
1 3 33 18.715171 46 9.815171 34 15.340844
2 3 39 16.124572 44 14.198267 30 3.058106
3
0 3 30 11.073464 35 19.881140 36 15.199261
1 3 37 18.167188 47 10.976504 30 6.367210
2 3 42 8.187338 41 5.644495 43 3.841231
3
0 3 30 15.671752 47 12.355484 49 12.149567
1 3 39 14.798799 33 16.527100 43 14.325976
2 3 42 1.785655 45 6.025844 43 4.137098
3
0 3 30 17.907262 33 2.904554 37 4.570823
1 3 44 10.155677 37 5.549116 39 5.825250
2 3 49 4.829501 38 13.124544 31 2.388451
3
0 3 35 8.406666 42 7.337731 37 1.578238
1 3 39 10.388683 44 4.039929 45 5.784393
2 3 42 7.498730 44 16.409198 36 8.842130
3
0 3 35 14.812736 48 6.016777 45 9.137039
1 3 39 11.338720 43 5.516523 40 4.868868
2 3 47 8.599597 44 15.834914 39 8.985610
3
0 3 35 15.451803 43 17.534329 49 6.829079
1 3 38 3.957732 44 11.738137 48 8.885416
2 3 48 13.444267 44 19.951923 43 6.906956
3
0 3 35 10.591261 45 14.499494 43 6.784134
1 3 40 4.679856 39 15.362496 37 5.593518
2 3 46 11.142890 40 19.637096 44 12.544625
3
0 3 35 2.548727 41 10.313334 45 13.130130
1 3 44 8.911864 49 8.822508 41 5.813650
2 3 48 4.483859 45 11.610746 41 19.928558
3
0 3 40 7.569559 46 17.951682 45 14.041098
1 3 41 8.262976 47 4.112130 42 4.178391
2 3 45 13.877265 46 7.785550 41 5.249832
3
0 3 40 1.492668 48 13.005114 43 18.988465
1 3 48 12.815723 41 11.147715 43 19.848854
2 3 47 15.608225 48 16.965128 46 17.091932
3
0 3 40 16.676063 41 4.819074 43 14.444712
1 3 46 4.257638 47 4.742410 43 4.360809
2 3 49 9.353419 46 16.948964 44 3.128309
3
0 3 40 13.208191 41 7.596579 48 15.340809
1 3 49 14.055334 48 6.473852 44 4.323594
2 3 40 12.051280 44 6.201103 48 16.837226
3
0 3 40 1.782176 46 11.332529 47 6.072068
1 3 48 14.889614 40 18.195894 42 10.427414
2 3 46 5.352290 42 13.030188 40 16.864404
3
0 3 45 1.613349 46 10.364992 49 5.362408
1 3 45 8.450050 47 5.056246 48 1.352772
2 3 49 18.561066 46 7.714647 48 19.551362
3
0 3 45 15.337556 48 16.147593 49 7.795867
1 3 46 19.029149 47 10.964750 49 7.031927
2 3 48 19.188449 49 12.058589 47 2.945573
3
0 3 45 9.136210 49 19.936568 48 9.045376
1 3 47 16.811398 45 15.039030 46 19.641802
2 3 49 16.431644 47 15.743592 45 4.304350
3
0 3 45 7.693745 46 5.955112 49 19.453046
1 3 47 5.708477 49 11.457152 48 7.910766
2 3 47 5.803331 48 4.693362 49 15.657069
3
0 3 45 18.150161 46 2.011884 48 4.022152
1 3 48 14.590548 49 18.678083 47 11.669801
2 3 48 7.138218 45 19.387167 46 13.611227
3
0 3 49 12.478739 49 12.481595 49 12.783992
1 3 49 13.939772 49 17.089889 49 2.845690
2 3 49 2.450491 49 6.876706 49 16.737531
3
0 3 49 3.393260 49 12.786893 49 12.641457
1 3 49 10.324558 49 10.727614 49 16.881251
2 3 49 9.559619 49 1.436481 49 3.656821
3
0 3 49 6.862567 49 5.333049 49 1.081976
1 3 49 19.276272 49 14.270683 49 17.006112
2 3 49 15.850882 49 4.310635 49 3.967297
3
0 3 49 18.961759 49 13.186082 49 12.589924
1 3 49 8.741363 49 17.777447 49 10.941838
2 3 49 5.109690 49 19.993936 49 10.650188
0
