50 49
3
0 3 5 19.504598 49 3.210414 16 2.463260
1 3 20 1.756059 24 16.733038 38 15.968441
2 3 14 5.879396 18 9.273169 38 15.965521
3
0 3 5 8.672333 42 13.852640 29 1.321367
1 3 36 1.984055 40 19.889786 32 15.344458
2 3 7 16.568321 13 2.401042 41 13.368519
3
0 3 5 15.206819 19 18.879334 25 16.739264
1 3 17 7.513331 46 16.889765 30 9.916504
2 3 9 4.725709 27 9.973655 35 9.819089
3
0 3 5 8.625056 36 6.844975 43 13.443569
1 3 26 3.761992 19 19.723083 42 14.760765
2 3 17 8.154279 35 11.644436 48 19.676649
3
0 3 5 8.247979 28 14.870967 30 17.444253
1 3 26 3.678431 35 13.582103 6 1.783013
2 3 29 2.472840 16 1.651030 41 1.411074
3
0 3 10 9.302716 14 17.846440 23 16.340006
1 3 44 6.768466 17 3.900891 35 15.113798
2 3 31 1.749305 14 14.156405 19 8.992210
3
0 3 10 19.755788 16 8.544453 49 12.999247
1 3 49 2.033995 19 18.450751 30 6.235288
2 3 21 8.981487 20 8.206514 28 15.290131
3
0 3 10 10.114618 43 4.103664 15 9.590970
1 3 42 6.101507 45 14.593544 30 16.116097
2 3 35 3.490560 49 5.660796 13 6.543646
3
0 3 10 4.982922 31 10.874393 14 12.541923
1 3 32 2.458267 15 12.083961 11 8.724233
2 3 41 14.744536 29 18.135938 18 12.631548
3
0 3 10 8.913498 24 12.997370 12 9.731828
1 3 46 18.269259 20 16.352084 43 15.521363
2 3 11 17.655049 35 11.449623 19 5.542075
3
0 3 15 5.609087 20 18.869998 32 12.361597
1 3 16 1.133697 33 5.086914 18 13.555005
2 3 49 19.678603 27 6.315219 15 19.021692
3
0 3 15 14.119438 21 3.210156 26 7.356932
1 3 23 11.067108 34 15.692666 47 6.173849
2 3 15 9.217468 19 6.194234 16 14.171305
3
0 3 15 18.193183 36 13.390839 29 19.536460
1 3 27 1.253016 41 16.304493 31 3.531443
2 3 41 5.009591 26 5.643639 15 5.285315
3
0 3 15 9.814313 33 11.768756 18 18.737162
1 3 45 17.981386 24 18.019829 49 16.776568
2 3 43 15.583687 19 5.752528 27 18.914928
3
0 3 15 13.565112 25 5.044526 27 3.642476
1 3 34 6.016649 39 4.716045 24 12.120742
2 3 49 11.151703 23 9.479358 25 19.286450
3
0 3 20 13.759902 31 7.224909 44 17.025632
1 3 20 2.239312 32 16.451417 37 14.952486
2 3 45 5.230666 39 9.220392 43 13.279702
3
0 3 20 1.661238 46 1.563521 41 13.515230
1 3 30 13.664933 44 13.583240 47 12.135478
2 3 47 1.700262 42 3.223495 43 7.790864
3
0 3 20 11.340558 39 1.760036 24 14.011765
1 3 48 7.405805 23 15.272528 24 10.219341
2 3 39 17.479565 20 2.861330 36 7.609682
3
0 3 20 11.988545 49 5.637373 41 4.551560
1 3 42 17.704485 33 6.662888 25 14.549013
2 3 47 15.592301 33 5.385948 28 17.106804
3
0 3 20 15.283623 22 18.687799 39 3.280683
1 3 32 5.029724 35 10.254413 41 13.115768
2 3 32 8.120913 34 15.517735 43 9.540143
3
0 3 25 15.670055 44 16.871966 31 2.649153
1 3 32 1.925045 47 12.305973 36 7.776091
2 3 32 5.175513 38 10.968098 26 8.210756
3
0 3 25 4.139657 41 3.549623 36 8.083728
1 3 33 11.799135 46 8.103894 39 10.426767
2 3 31 12.962278 38 5.303798 37 6.930711
3
0 3 25 4.376069 36 18.329174 27 8.793175
1 3 28 3.438313 48 18.117995 26 3.352026
2 3 32 7.017374 42 9.842157 26 11.348680
3
0 3 25 9.908882 42 17.092233 26 1.181958
1 3 31 13.554397 49 19.120452 38 10.957187
2 3 49 7.542937 46 14.830617 37 6.394883
3
0 3 25 15.904548 27 16.069887 35 12.204666
1 3 29 14.114186 28 15.744934 27 1.493296
2 3 44 1.787856 26 9.928313 25 7.155145
3
0 3 30 7.682298 43 12.538271 38 11.939665
1 3 31 5.604313 41 3.509940 39 3.352899
2 3 34 10.257489 45 6.189878 39 12.451485
3
0 3 30 15.136924 43 13.171920 37 11.710511
1 3 32 11.141841 44 18.152128 40 7.569145
2 3 37 1.988707 39 8.271916 46 4.203946
3
0 3 30 14.069893 36 15.886388 46 5.004072
1 3 35 17.917045 30 15.749311 49 8.690222
2 3 44 10.370838 40 16.261879 41 12.644081
3
0 3 30 14.815684 40 14.091388 37 16.729361
1 3 45 3.498705 32 10.297245 43 1.317213
2 3 38 11.811128 36 14.341432 41 9.440402
3
0 3 30 5.740011 46 3.438676 36 19.413767
1 3 36 15.204898 47 16.363645 32 6.509403
2 3 33 6.567274 44 12.929331 49 10.101189
3
0 3 35 16.035552 40 3.720032 41 5.585025
1 3 35 3.951565 39 6.384394 43 5.622175
2 3 48 12.395721 37 19.260649 41 8.236543
3
0 3 35 7.839380 40 10.882293 42 13.899454
1 3 48 6.141046 46 7.670435 39 15.065905
2 3 37 12.647777 45 19.674178 40 8.363022
3
0 3 35 7.458697 41 6.683497 49 7.275811
1 3 35 9.554739 49 8.437068 41 17.166723
2 3 40 9.760352 41 19.992081 43 2.698326
3
0 3 35 4.200143 46 13.275057 36 14.424661
1 3 35 15.235445 46 2.854451 36 11.761073
2 3 45 5.388452 49 14.803610 38 3.820578
3
0 3 35 11.746746 39 1.098135 41 4.020722
1 3 45 14.995242 39 14.436001 49 19.831457
2 3 36 5.437976 44 9.037573 37 1.513559
3
0 3 40 7.999653 44 7.926334 43 10.861357
1 3 47 10.272316 44 9.273860 46 15.518878
2 3 49 17.338200 44 13.610274 41 6.308598
3
0 3 40 8.488661 48 1.525441 42 19.346311
1 3 42 12.869133 43 18.210931 41 13.178029
2 3 43 5.252593 42 10.721084 45 18.344478
3
0 3 40 13.920349 42 5.369930 49 15.458824
1 3 46 2.691481 40 16.200520 41 6.673123
2 3 47 10.786672 41 8.982636 43 15.689869
3
0 3 40 8.036729 41 9.513843 46 8.169770
1 3 40 3.630366 45 13.699240 49 15.710952
2 3 47 11.951295 41 11.964245 46 10.982204
3
0 3 40 11.307924 42 2.606897 44 13.561535
1 3 41 3.795017 42 8.452061 46 6.696620
2 3 45 11.557308 47 9.610797 40 7.588280
3
0 3 45 11.444189 48 2.897223 49 5.929230
1 3 49 14.913807 47 4.506312 46 19.269342
2 3 48 2.776710 49 12.677892 47 19.354837
3
0 3 45 17.717824 48 17.439921 47 5.512585
1 3 49 10.662509 47 18.635971 45 2.121194
2 3 48 19.193703 47 12.131386 45 3.542031
3
0 3 45 1.430383 47 2.581753 49 11.238559
1 3 47 4.411384 48 1.910895 49 11.080925
2 3 45 11.449743 48 13.325779 49 7.931828
3
0 3 45 1.287272 46 12.910665 49 8.833324
1 3 48 11.784805 45 1.174145 46 6.295626
2 3 49 7.391581 45 1.870948 46 18.751519
3
0 3 45 9.421090 49 8.057244 46 6.117175
1 3 47 2.479120 45 12.120489 49 13.582406
2 3 47 14.206821 46 15.816038 45 18.830949
3
0 3 49 15.171875 49 4.486277 49 11.386589
1 3 49 9.648853 49 3.624123 49 1.900199
2 3 49 9.814199 49 11.368713 49 16.849208
3
0 3 49 16.530455 49 12.490768 49 18.087009
1 3 49 13.456443 49 6.870092 49 13.048919
2 3 49 8.540007 49 15.008320 49 12.289975
3
0 3 49 6.105524 49 17.657464 49 7.108512
1 3 49 5.307656 49 2.886201 49 14.469720
2 3 49 18.222079 49 15.041420 49 3.908986
3
0 3 49 17.743394 49 8.149919 49 6.346781
1 3 49 14.293342 49 15.311036 49 3.412201
2 3 49 3.005806 49 1.292452 49 4.615803
0
