50 49
3
0 3 5 8.272747 21 13.711236 11 9.436766
1 3 30 14.623973 32 5.120541 35 17.167186
2 3 33 16.406247 48 14.585543 5 6.612405
3
0 3 5 11.355006 21 11.616478 41 18.380829
1 3 15 15.898920 44 15.798852 38 18.184487
2 3 47 7.298362 31 12.026425 28 6.261301
3
0 3 5 13.831260 24 8.195216 26 16.492950
1 3 40 3.657377 29 17.977620 42 7.095444
2 3 11 2.650599 40 5.789385 18 2.363889
3
0 3 5 17.496197 47 15.883902 24 7.352141
1 3 27 14.164601 34 14.207135 5 3.752904
2 3 6 16.392317 29 15.856664 22 14.666035
3
0 3 5 2.974014 27 6.790153 11 6.183783
1 3 44 9.045299 32 7.878195 11 11.352623
2 3 24 12.806893 43 14.634189 32 16.862823
3
0 3 10 14.676493 18 15.788513 17 5.857875
1 3 11 7.407733 12 3.255902 34 19.688901
2 3 12 17.980564 17 18.702251 16 11.030171
3
0 3 10 19.874576 40 15.322708 37 9.608112
1 3 16 2.402751 28 11.645680 29 11.948642
2 3 30 11.161462 35 3.955327 47 13.453593
3
0 3 10 19.417868 17 8.547161 41 1.505079
1 3 25 10.158120 31 15.000734 21 17.506308
2 3 34 3.170746 19 18.994005 17 9.911743
3
0 3 10 4.384422 36 12.398201 26 11.702231
1 3 25 3.482938 17 9.568850 16 19.137958
2 3 34 10.907822 39 3.165017 10 12.303315
3
0 3 10 11.821368 11 19.638452 17 11.417896
1 3 39 6.212140 20 5.174932 38 6.988475
2 3 42 14.978067 17 7.173932 44 11.262028
3
0 3 15 1.101222 27 10.428592 20 15.602622
1 3 48 2.087166 28 12.785243 44 4.670283
2 3 42 16.691270 20 15.016283 15 2.204450
3
0 3 15 13.165695 21 3.149586 42 6.490950
1 3 15 14.856845 22 3.454917 16 15.808713
2 3 38 3.132771 36 12.804971 40 3.334535
3
0 3 15 16.856923 27 12.700043 41 5.620401
1 3 20 9.685960 17 11.112704 22 3.661437
2 3 20 7.937140 31 13.226601 18 15.959424
3
0 3 15 8.712797 36 5.077571 42 14.452371
1 3 34 7.365230 32 13.061243 25 5.004094
2 3 33 18.805071 30 1.605899 41 18.384746
3
0 3 15 18.589995 45 1.998483 25 18.052879
1 3 43 15.541671 49 17.753260 40 14.262336
2 3 26 18.824570 33 7.406734 27 19.372684
3
0 3 20 3.408317 23 16.019638 38 10.515157
1 3 47 14.067545 27 8.456084 26 8.177826
2 3 36 18.356546 35 10.511203 26 19.468179
3
0 3 20 16.620268 35 3.742029 39 10.054859
1 3 21 13.276271 47 4.689495 30 8.399141
2 3 27 13.428568 41 17.608179 23 4.466166
3
0 3 20 16.676240 30 11.400908 49 12.386136
1 3 26 6.906646 43 8.630380 46 15.909407
2 3 37 15.601888 32 17.788322 21 17.171352
3
0 3 20 13.895249 24 14.045800 42 18.395441
1 3 29 3.803450 36 6.088505 20 14.745711
2 3 41 12.007404 28 6.522868 22 19.931650
3
0 3 20 4.582750 33 14.097731 32 6.625588
1 3 43 8.196156 44 19.975319 32 8.398906
2 3 40 17.954417 23 15.151681 45 10.484028
3
0 3 25 11.652652 49 6.969244 48 4.343254
1 3 26 5.373997 31 9.433607 30 1.230034
2 3 27 8.894550 43 17.213463 46 9.536117
3
0 3 25 10.344478 40 15.026841 36 5.398174
1 3 27 4.438601 47 1.961447 34 4.433744
2 3 33 12.855013 46 12.090108 41 17.132718
3
0 3 25 13.954028 34 14.792026 44 11.325406
1 3 32 14.614269 38 11.771910 31 8.563035
2 3 35 8.865450 40 12.138014 48 16.620160
3
0 3 25 10.220949 45 5.851783 44 13.221808
1 3 27 2.717306 25 1.590839 47 15.050537
2 3 33 16.739205 48 16.583916 35 15.340592
3
0 3 25 9.737425 36 17.005980 47 10.052842
1 3 30 14.618356 34 7.482349 48 15.896360
2 3 36 14.725146 35 1.821448 40 4.892662
3
0 3 30 10.854343 42 1.547592 47 8.094138
1 3 40 3.661484 38 10.461194 42 18.845764
2 3 43 19.489049 40 7.430689 31 15.744524
3
0 3 30 6.598028 44 15.300612 37 10.135433
1 3 47 16.735564 38 4.920417 31 2.349011
2 3 48 4.616417 44 12.620989 41 5.691425
3
0 3 30 15.947605 46 15.686109 45 5.953313
1 3 48 5.847337 42 8.651573 38 10.899410
2 3 48 12.125722 33 9.985432 32 8.898102
3
0 3 30 9.654079 46 1.305248 45 17.790601
1 3 33 17.810536 44 6.308092 43 5.267035
2 3 37 6.400472 39 1.512432 49 3.343803
3
0 3 30 17.445879 38 6.281499 40 9.647642
1 3 39 12.373909 33 19.978138 34 14.178883
2 3 46 3.148153 39 18.956584 49 11.752005
3
0 3 35 6.567357 38 3.359108 46 2.481768
1 3 49 18.781841 39 9.773430 35 8.800800
2 3 35 8.107560 37 13.417045 48 6.055690
3
0 3 35 17.640843 36 2.555342 42 6.308883
1 3 39 12.614976 36 10.273331 42 2.229990
2 3 49 9.850529 45 6.818223 39 14.991690
3
0 3 35 15.175806 40 5.024740 48 4.868642
1 3 45 2.506433 35 18.733902 41 6.310260
2 3 38 14.280250 45 13.052042 36 9.582714
3
0 3 35 2.722857 42 8.787688 37 8.397447
1 3 40 6.921785 38 9.356097 45 16.263563
2 3 40 4.690716 47 3.375659 48 6.581768
3
0 3 35 12.760592 41 10.864970 47 11.711570
1 3 40 3.068730 49 14.971279 39 6.254241
2 3 38 2.595694 43 19.614727 37 14.285798
3
0 3 40 19.467313 43 6.985261 46 6.471277
1 3 41 9.728976 43 1.329352 49 11.511488
2 3 48 9.984896 45 18.077607 49 9.788002
3
0 3 40 10.720497 41 12.003430 46 5.984615
1 3 49 16.085764 43 4.016404 47 14.424934
2 3 45 14.892622 48 15.035870 49 7.205301
3
0 3 40 15.504184 43 3.944315 48 19.885471
1 3 43 13.416497 42 7.413451 48 12.554562
2 3 44 13.477748 40 17.525773 49 9.155947
3
0 3 40 16.752059 47 18.595021 45 18.966577
1 3 43 7.163734 46 15.440658 48 4.626231
2 3 49 19.642905 45 15.287119 40 12.187703
3
0 3 40 12.295970 47 8.664715 41 16.165363
1 3 43 7.916811 46 12.911326 40 1.362032
2 3 46 11.467189 48 16.560987 41 6.994456
3
0 3 45 17.823642 46 12.749771 48 13.290769
1 3 45 18.829433 49 5.679239 48 19.389215
2 3 49 7.829006 46 13.287594 48 2.886231
3
0 3 45 10.397475 47 13.961531 48 3.215876
1 3 48 3.798305 45 2.512894 46 10.997098
2 3 47 11.304158 48 15.956594 45 7.079656
3
0 3 45 15.223290 47 6.462402 46 11.330972
1 3 46 3.134721 48 1.795772 47 15.203098
2 3 45 19.900728 48 19.708193 49 8.344688
3
0 3 45 10.976321 46 7.736401 49 4.719013
1 3 49 19.881487 45 13.115511 46 4.715718
2 3 47 16.475109 48 1.192851 49 9.346947
3
0 3 45 19.975701 49 2.288901 46 12.872699
1 3 49 3.433673 47 8.672442 45 16.458822
2 3 46 5.592623 49 10.796696 45 10.236045
3
0 3 49 19.113381 49 4.489972 49 12.451748
1 3 49 12.187608 49 18.580787 49 10.774786
2 3 49 2.714541 49 15.118023 49 17.689582
3
0 3 49 9.853601 49 11.975800 49 17.240829
1 3 49 2.021918 49 9.248193 49 2.518956
2 3 49 4.961645 49 12.480897 49 9.145484
3
0 3 49 16.630492 49 9.103147 49 15.458313
1 3 49 13.791185 49 1.978851 49 18.707289
2 3 49 15.334336 49 7.193412 49 7.199596
3
0 3 49 5.595866 49 4.104216 49 12.197733
1 3 49 7.466489 49 15.764593 49 16.306286
2 3 49 2.905580 49 10.808291 49 4.274421
0
