50 49
3
0 3 5 12.059368 35 13.665864 17 13.115158
1 3 44 2.135654 31 14.895923 28 1.379981
2 3 17 14.126165 23 18.454536 32 2.729485
3
0 3 5 12.691416 9 18.547774 41 12.226840
1 3 46 18.542860 27 13.625003 32 14.485645
2 3 46 6.950705 43 10.353057 6 12.462053
3
0 3 5 10.459455 9 4.009594 27 17.705797
1 3 42 7.809533 19 19.600995 24 5.135413
2 3 47 10.800565 21 14.429389 8 3.651606
3
0 3 5 3.853870 22 9.852015 41 6.099101
1 3 43 14.844782 22 9.056172 19 4.013464
2 3 37 7.637119 38 7.125850 44 2.544769
3
0 3 5 4.038770 43 13.058769 47 5.428828
1 3 23 6.636558 27 8.954032 30 17.785292
2 3 28 2.175426 26 2.323792 37 18.118377
3
0 3 10 1.816056 31 1.662494 20 8.968230
1 3 11 8.849964 17 5.984924 43 6.525353
2 3 36 9.816737 49 1.531438 26 11.544156
3
0 3 10 14.759943 32 7.021617 14 3.116229
1 3 36 12.039110 44 3.156578 11 4.952382
2 3 34 10.832343 36 16.671047 32 3.890607
3
0 3 10 6.465771 27 10.448124 37 10.984998
1 3 35 2.591470 11 16.644209 30 9.807043
2 3 31 11.938674 28 13.895852 36 15.786803
3
0 3 10 1.598705 23 10.020182 41 12.593544
1 3 19 11.899081 21 10.999775 14 4.732251
2 3 17 3.573355 39 14.332288 28 17.175058
3
0 3 10 18.138984 19 13.444846 15 13.802084
1 3 26 4.228384 46 8.052096 32 12.793997
2 3 45 15.680269 27 17.830109 31 5.318066
3
0 3 15 15.450556 43 11.130857 38 17.580934
1 3 46 3.396781 34 13.679375 15 14.137518
2 3 35 13.997382 38 18.395552 49 8.515895
3
0 3 15 18.896003 43 3.553782 27 8.793233
1 3 46 11.111870 28 6.457102 24 1.458850
2 3 20 3.630826 23 18.901434 48 1.600993
3
0 3 15 14.879414 29 19.297090 49 17.440589
1 3 25 17.553614 17 6.466951 35 16.983541
2 3 18 10.423512 25 18.545896 26 13.296953
3
0 3 15 5.284035 21 18.720708 19 13.628562
1 3 23 2.938926 20 11.218469 47 1.080007
2 3 36 16.923550 24 7.131151 41 6.037478
3
0 3 15 2.900502 34 12.936059 37 17.972669
1 3 27 13.379502 21 10.401307 37 2.845257
2 3 18 15.695465 33 1.892996 32 12.908282
3
0 3 20 2.675754 48 19.512190 35 2.758777
1 3 48 11.408023 31 14.270451 42 10.936647
2 3 32 19.504088 46 13.880691 24 18.696133
3
0 3 20 15.571766 36 1.218574 33 11.458747
1 3 49 13.661651 25 15.312197 39 2.003723
2 3 24 11.240542 23 5.569760 31 19.153543
3
0 3 20 2.859203 33 3.022006 35 17.032518
1 3 34 5.496272 33 10.521481 38 19.280203
2 3 36 13.675448 21 16.272684 27 17.483380
3
0 3 20 11.921901 28 7.053641 23 1.301447
1 3 33 11.518900 37 8.983079 49 16.560497
2 3 48 15.995359 34 18.327146 36 7.351622
3
0 3 20 7.506395 33 18.403130 35 11.861553
1 3 46 4.662942 28 15.416247 49 11.320731
2 3 25 16.842050 26 5.828128 37 3.563428
3
0 3 25 14.924267 30 18.608348 38 16.997491
1 3 28 16.612079 47 3.047309 42 17.920233
2 3 39 13.611115 35 19.974263 34 14.846086
3
0 3 25 8.507963 33 6.718346 36 1.476018
1 3 25 15.806660 26 1.432289 37 16.698827
2 3 43 16.164316 44 10.937127 45 18.650074
3
0 3 25 14.756693 32 12.108308 26 10.467911
1 3 35 3.278692 26 14.958810 49 1.835931
2 3 36 16.792611 27 18.849838 28 16.683269
3
0 3 25 5.347601 43 5.074872 49 6.599805
1 3 41 16.694178 34 5.448498 37 3.283417
2 3 33 9.220026 45 15.901561 41 14.511162
3
0 3 25 13.815685 41 3.789967 49 17.832221
1 3 44 12.276934 41 12.390533 28 17.152340
2 3 40 8.996355 33 10.000911 49 4.432346
3
0 3 30 10.086375 43 4.102739 36 4.045003
1 3 35 5.114246 33 11.739391 39 4.905000
2 3 35 19.090010 32 6.483608 36 14.283679
3
0 3 30 18.926878 31 2.345121 36 8.709111
1 3 48 7.241625 30 14.867697 33 2.764831
2 3 44 3.934502 31 12.424667 33 5.057570
3
0 3 30 13.669245 44 1.238883 36 14.508139
1 3 49 8.255385 31 11.608532 44 15.336752
2 3 38 16.501768 32 10.867098 48 8.960466
3
0 3 30 4.435743 49 19.932161 48 16.392118
1 3 33 19.271681 48 3.569360 30 5.129895
2 3 30 14.896552 32 13.034617 38 14.102270
3
0 3 30 3.187325 45 11.093408 39 12.470641
1 3 35 11.348257 48 19.903296 40 5.124936
2 3 46 9.731697 35 16.291385 36 1.771597
3
0 3 35 2.361323 36 11.580628 48 8.025855
1 3 36 16.062491 38 16.253562 43 2.597483
2 3 40 4.475038 38 14.248631 46 4.647358
3
0 3 35 3.554891 43 4.427292 45 15.702198
1 3 43 3.822673 38 8.992469 40 6.758661
2 3 39 9.348188 36 12.914502 37 6.328682
3
0 3 35 12.282639 38 16.870254 42 9.422159
1 3 42 8.822306 46 19.019555 39 3.071135
2 3 45 13.358098 36 17.112366 49 11.610690
3
0 3 35 14.120985 45 2.376922 38 7.584473
1 3 36 15.745162 42 5.400492 43 19.166172
2 3 37 18.641903 45 11.604090 43 7.148713
3
0 3 35 10.228726 41 4.551344 49 1.795169
1 3 40 19.991708 48 17.108299 44 19.128711
2 3 48 3.955812 39 4.457715 35 6.617968
3
0 3 40 12.953525 41 2.354691 44 19.114955
1 3 45 17.755998 47 3.885560 49 4.196853
2 3 45 18.034888 42 18.795263 41 17.535067
3
0 3 40 7.274478 42 6.031513 43 16.872123
1 3 44 8.138068 40 8.066708 43 16.574304
2 3 47 3.188656 40 5.584399 45 15.560552
3
0 3 40 6.154459 43 1.885405 44 11.412825
1 3 45 7.682361 46 2.127956 49 17.603138
2 3 41 11.574135 43 3.554901 40 5.102150
3
0 3 40 3.285266 43 10.649403 48 8.443441
1 3 45 17.251909 43 13.562894 40 3.687884
2 3 42 5.232564 41 11.366952 47 12.052069
3
0 3 40 18.710605 41 4.265251 45 7.343349
1 3 48 18.503149 43 1.981116 42 4.573501
2 3 44 13.907514 41 16.694064 40 13.026304
3
0 3 45 6.688131 48 1.459036 47 9.761768
1 3 46 6.356491 49 19.161554 47 8.572742
2 3 48 6.264894 49 9.095470 45 16.043754
3
0 3 45 19.122297 46 11.222521 48 6.326755
1 3 47 15.055147 45 12.184843 48 3.785438
2 3 48 9.086739 47 17.696372 45 17.869331
3
0 3 45 5.270338 49 9.854024 48 14.702407
1 3 45 10.342733 49 11.436087 47 14.309560
2 3 49 10.536848 48 17.663612 46 16.759098
3
0 3 45 3.679949 48 12.551163 47 13.409556
1 3 49 1.626614 47 1.287627 45 12.766353
2 3 48 18.416385 45 16.307181 46 8.564000
3
0 3 45 4.338769 49 11.908015 47 17.910021
1 3 46 7.577064 49 16.560652 45 19.939970
2 3 48 10.200576 49 16.647513 46 18.460025
3
0 3 49 15.717987 49 3.224590 49 18.897076
1 3 49 1.941123 49 8.690936 49 12.288762
2 3 49 11.491308 49 17.041231 49 19.150446
3
0 3 49 5.941168 49 2.150260 49 15.122417
1 3 49 15.629286 49 5.519476 49 13.589317
2 3 49 10.698206 49 9.713507 49 9.900279
3
0 3 49 8.401252 49 16.497204 49 18.720680
1 3 49 11.632322 49 15.487830 49 10.178871
2 3 49 3.166791 49 5.597409 49 15.626752
3
0 3 49 2.255971 49 18.135764 49 12.263031
1 3 49 5.388254 49 3.349987 49 16.787489
2 3 49 6.194961 49 1.695252 49 16.216195
0
