50 49
3
0 3 5 17.193640 15 3.034117 26 5.531337
1 3 17 10.357872 21 3.675244 37 15.632421
2 3 8 13.003821 5 8.402984 33 7.546548
3
0 3 5 10.498637 6 5.239600 21 8.324537
1 3 21 11.005605 26 18.423292 35 19.357483
2 3 15 4.824921 10 12.509796 27 16.481711
3
0 3 5 7.092794 27 1.926352 31 1.541416
1 3 15 10.206244 22 18.582749 41 3.067276
2 3 9 17.088822 5 1.747110 41 17.781569
3
0 3 5 8.399475 38 12.066369 28 6.806799
1 3 18 9.427374 24 9.688115 14 10.242618
2 3 20 6.994025 21 9.119618 26 3.107600
3
0 3 5 16.190298 48 11.167793 43 7.473334
1 3 40 15.187756 13 17.711795 19 10.353014
2 3 41 7.876678 21 1.802375 15 17.027381
3
0 3 10 9.858491 14 19.181127 18 12.350168
1 3 30 15.960035 41 10.284625 35 11.460830
2 3 30 9.155179 13 18.647449 21 10.625758
3
0 3 10 7.304402 34 7.916676 27 17.053357
1 3 45 16.564374 21 6.211088 41 10.888634
2 3 43 12.592738 15 3.157274 18 7.601654
3
0 3 10 18.613731 13 14.534529 44 3.305696
1 3 16 11.252924 40 2.875799 48 1.207538
2 3 38 18.740408 21 13.563450 15 8.910632
3
0 3 10 11.014936 29 15.602151 22 14.436966
1 3 48 17.199438 32 6.152417 46 7.257397
2 3 18 17.023415 43 5.266099 23 15.376802
3
0 3 10 12.840454 49 15.309865 46 9.643644
1 3 44 14.937238 33 4.357581 12 18.157733
2 3 30 19.759591 29 16.698395 32 7.572494
3
0 3 15 14.029708 41 15.301676 21 19.577902
1 3 28 1.539810 35 1.583492 38 17.227867
2 3 20 18.521722 40 11.363155 34 19.781120
3
0 3 15 3.254106 31 2.795876 20 1.935756
1 3 23 18.005491 19 11.199459 29 2.421364
2 3 30 11.529755 22 8.074541 24 5.127513
3
0 3 15 12.881270 19 10.787739 29 15.059907
1 3 41 8.617721 18 13.619047 30 2.614430
2 3 25 8.095904 34 13.648027 42 1.588319
3
0 3 15 5.718859 43 9.062548 46 18.412039
1 3 23 14.035738 15 11.012178 47 13.993051
2 3 29 19.312200 33 13.017752 37 16.974609
3
0 3 15 17.239880 17 17.654596 48 9.980029
1 3 48 18.457876 43 16.995895 39 3.668557
2 3 36 5.889083 49 10.133298 18 18.200913
3
0 3 20 15.947385 36 13.712241 23 18.855260
1 3 26 11.793376 38 16.016641 33 16.091724
2 3 34 8.207292 29 14.803545 27 10.866891
3
0 3 20 18.127009 49 1.493390 23 9.481633
1 3 45 11.100059 30 19.221828 22 12.582140
2 3 33 5.989703 34 2.776614 32 12.732027
3
0 3 20 5.436670 30 5.587459 22 2.419552
1 3 39 7.228287 34 19.936783 38 15.008142
2 3 49 4.532825 20 19.357513 39 12.332154
3
0 3 20 4.911300 27 3.286343 40 4.429806
1 3 32 2.305160 40 3.294457 30 11.989025
2 3 27 13.058965 29 16.813344 22 14.672476
3
0 3 20 8.486272 30 4.597385 47 14.708161
1 3 25 19.243939 38 16.837346 34 13.502872
2 3 22 5.522659 34 18.427613 46 13.888915
3
0 3 25 11.608770 47 8.239180 35 1.953219
1 3 25 10.910188 37 19.600258 35 12.040203
2 3 25 13.303057 42 6.168978 38 12.339994
3
0 3 25 6.797261 49 13.122590 36 17.585119
1 3 45 9.638971 29 6.069586 46 8.233762
2 3 25 8.467680 26 8.525366 28 16.455698
3
0 3 25 18.781723 33 15.285148 43 3.851838
1 3 25 5.590329 36 17.516663 49 4.134676
2 3 40 1.604199 29 10.222133 31 18.713968
3
0 3 25 12.946461 36 14.715609 30 15.482228
1 3 28 13.622149 47 19.061306 48 16.284735
2 3 34 12.917459 40 12.132114 45 10.029875
3
0 3 25 9.813902 47 19.999456 28 12.254886
1 3 25 8.461612 30 14.102557 43 4.103743
2 3 48 8.370190 40 12.876321 33 3.023938
3
0 3 30 1.483503 36 9.013029 49 4.785353
1 3 43 11.514767 33 13.032084 41 17.504186
2 3 32 18.320541 44 12.021333 46 7.765453
3
0 3 30 16.459141 45 16.960171 47 1.956257
1 3 37 9.027451 34 18.533325 43 15.807450
2 3 43 12.255526 39 4.065160 30 1.989866
3
0 3 30 13.147768 38 5.709355 44 5.680648
1 3 34 5.345906 49 6.622613 31 19.454469
2 3 43 1.122712 41 17.404229 49 19.112588
3
0 3 30 7.157007 43 18.456109 44 1.914048
1 3 41 12.663509 46 8.665883 40 8.757092
2 3 30 2.284160 48 18.566612 37 16.007329
3
0 3 30 12.042538 34 12.746105 40 17.257643
1 3 40 5.468947 32 15.442269 41 5.555515
2 3 43 19.645148 39 16.238733 37 5.012544
3
0 3 35 15.687857 43 13.079664 40 1.020070
1 3 45 4.636140 43 18.434386 39 18.510367
2 3 36 6.034781 47 18.109270 46 17.872660
3
0 3 35 10.038948 42 8.673381 37 12.826913
1 3 45 19.001689 46 9.159539 35 14.335023
2 3 49 5.992602 40 2.356210 35 2.667796
3
0 3 35 1.470249 42 15.902349 39 17.269768
1 3 41 10.440217 46 16.091925 45 11.059151
2 3 42 13.182611 49 11.479979 44 19.609786
3
0 3 35 10.025771 47 1.754800 41 13.821540
1 3 35 3.284034 47 16.907209 41 17.322309
2 3 45 18.750017 40 13.588314 41 16.048524
3
0 3 35 15.373867 43 15.019192 47 16.238259
1 3 44 1.080713 45 2.560076 48 11.110942
2 3 35 11.049124 44 7.659272 38 5.800607
3
0 3 40 3.843600 49 5.122100 46 18.272403
1 3 49 6.472629 46 4.156704 40 3.593230
2 3 43 8.824084 45 15.584582 46 3.576823
3
0 3 40 15.304376 44 17.610258 48 9.285653
1 3 42 9.325243 44 12.686320 49 9.855932
2 3 47 7.985257 49 16.761182 40 10.717816
3
0 3 40 15.504296 42 18.882955 47 4.706529
1 3 49 9.013940 43 3.759144 47 15.768500
2 3 44 9.818095 45 16.597362 41 12.918118
3
0 3 40 7.721483 42 2.694441 45 15.151867
1 3 49 1.079449 43 7.895237 42 7.648434
2 3 49 19.901906 42 4.423113 41 4.222542
3
0 3 40 2.909807 42 7.695641 46 11.436757
1 3 42 2.065067 46 12.684885 40 19.917435
2 3 49 19.762754 42 10.043127 46 10.173654
3
0 3 45 12.037466 48 5.220298 47 9.391400
1 3 49 14.734631 48 15.652590 47 12.088736
2 3 45 18.388822 49 19.254608 46 5.744406
3
0 3 45 14.270681 47 18.238346 46 4.977961
1 3 49 17.340073 48 2.958742 46 4.637585
2 3 47 5.836929 48 10.717252 49 1.063950
3
0 3 45 16.223937 47 8.373166 48 13.404541
1 3 48 1.249295 45 1.709277 46 15.599800
2 3 46 5.848935 49 2.158119 47 4.015519
3
0 3 45 15.144221 49 15.576516 48 18.420594
1 3 49 8.984946 47 12.596868 45 15.334477
2 3 45 11.309404 48 2.571979 49 16.440495
3
0 3 45 18.597619 47 9.217374 49 3.376045
1 3 45 2.931879 47 1.540806 49 13.925454
2 3 46 16.155055 49 3.520318 45 6.490824
3
0 3 49 10.251818 49 3.968378 49 5.408754
1 3 49 17.582801 49 7.825081 49 4.835145
2 3 49 2.067106 49 10.339770 49 1.002150
3
0 3 49 1.164186 49 18.521500 49 10.043074
1 3 49 2.758745 49 15.937757 49 7.805841
2 3 49 16.332226 49 18.217728 49 17.482392
3
0 3 49 8.446632 49 5.490207 49 14.993121
1 3 49 15.061145 49 14.739657 49 14.807006
2 3 49 7.589249 49 6.765782 49 8.542723
3
0 3 49 4.345700 49 4.226436 49 10.922095
1 3 49 5.939821 49 10.206515 49 9.375878
2 3 49 9.537027 49 7.623494 49 6.324100
0
