50 49
3
0 3 5 7.368878 15 14.098134 18 10.957063
1 3 31 3.845874 10 11.569093 29 17.931180
2 3 32 12.824335 46 13.266668 31 4.470093
3
0 3 5 11.003091 17 6.931418 18 16.900993
1 3 40 1.780736 39 8.110664 27 15.793291
2 3 47 10.829512 49 12.946916 17 18.569673
3
0 3 5 11.775956 9 1.929373 39 5.837350
1 3 10 7.474792 17 13.010253 34 17.179568
2 3 17 9.853009 47 2.158651 33 5.135670
3
0 3 5 10.386687 11 11.859264 47 5.064707
1 3 23 19.440623 49 9.041931 14 13.823833
2 3 45 19.922337 23 4.299178 13 9.745371
3
0 3 5 4.829622 34 4.065013 13 11.697350
1 3 41 5.933104 5 5.811763 7 11.869528
2 3 28 9.015216 44 3.964198 16 4.359816
3
0 3 10 5.260681 34 16.946076 40 3.332328
1 3 38 13.909926 21 11.245438 39 7.943621
2 3 33 10.455005 10 9.875707 37 13.275597
3
0 3 10 8.142581 16 9.760413 42 16.978289
1 3 13 9.257481 43 11.595225 10 19.680004
2 3 24 18.651504 47 9.744545 39 15.707042
3
0 3 10 12.053147 25 10.819678 33 14.160131
1 3 34 3.316487 32 3.697006 38 16.489086
2 3 18 8.341556 41 1.347850 25 19.468848
3
0 3 10 1.145951 35 12.578654 43 12.654011
1 3 26 15.536775 34 16.824305 12 1.646635
2 3 15 2.540502 40 15.070069 13 1.585791
3
0 3 10 2.196070 33 8.935674 28 13.153920
1 3 30 18.246796 29 4.260745 28 4.971318
2 3 25 4.477756 39 13.816510 28 18.757316
3
0 3 15 12.872984 29 1.155168 43 15.067487
1 3 43 14.485048 44 19.695131 29 19.893307
2 3 16 4.313105 35 15.266776 33 14.449771
3
0 3 15 8.139931 26 17.091849 22 19.373558
1 3 49 14.688503 28 12.328562 38 8.831321
2 3 44 5.580051 35 19.593813 41 14.744788
3
0 3 15 7.321065 16 16.849755 17 15.976982
1 3 29 8.685243 40 3.587343 34 9.992260
2 3 32 16.377442 29 15.317829 18 19.695269
3
0 3 15 11.367872 32 5.950831 17 13.947583
1 3 39 13.246814 37 6.656291 33 8.959330
2 3 32 16.103002 49 1.335138 40 15.105634
3
0 3 15 6.237636 34 18.200892 37 11.141579
1 3 17 10.322641 33 19.409013 44 15.550011
2 3 32 10.390114 16 3.338690 37 8.340720
3
0 3 20 10.288838 33 18.178169 45 8.158206
1 3 37 7.944692 21 6.566107 28 8.733766
2 3 30 13.439929 49 19.854473 34 4.863415
3
0 3 20 11.633005 31 6.638103 36 2.181141
1 3 46 14.833862 35 15.463542 37 15.040253
2 3 32 4.327420 38 11.852970 25 14.638612
3
0 3 20 18.753427 31 8.897669 23 13.335038
1 3 40 19.074874 32 16.682900 24 9.996691
2 3 26 2.847407 28 1.502636 49 10.719382
3
0 3 20 9.920199 30 7.777491 27 18.828908
1 3 46 10.170414 35 11.946429 48 8.218765
2 3 24 14.068076 34 16.405581 48 15.745035
3
0 3 20 18.450393 32 2.071131 33 18.897213
1 3 34 8.219713 42 5.042940 41 1.504807
2 3 34 17.977334 39 12.381577 25 7.328120
3
0 3 25 3.544164 26 9.238759 35 1.453531
1 3 32 16.084936 47 6.602419 39 1.026951
2 3 28 12.827198 44 13.149006 38 11.422234
3
0 3 25 19.715244 28 18.375844 31 12.396422
1 3 32 12.620548 43 6.220701 31 19.332635
2 3 49 6.881592 34 4.037825 33 14.941258
3
0 3 25 15.680580 47 13.263151 36 2.655501
1 3 28 2.795235 34 6.338802 39 1.823331
2 3 31 11.793748 28 7.463487 48 7.336938
3
0 3 25 6.705437 47 11.079173 43 7.863755
1 3 45 13.470475 27 19.066669 48 8.938315
2 3 43 16.234852 48 6.674943 25 12.608555
3
0 3 25 3.480097 49 13.887799 31 7.756706
1 3 48 6.946407 46 16.495497 31 10.941567
2 3 27 16.357674 37 19.387568 41 13.591377
3
0 3 30 8.960328 44 17.769884 35 18.341134
1 3 39 14.756915 48 14.195731 41 6.078265
2 3 34 9.068892 37 4.929018 39 13.192992
3
0 3 30 17.562432 41 12.755641 31 14.548926
1 3 48 8.273064 46 4.325787 38 11.015983
2 3 46 16.940120 37 7.062726 30 7.298342
3
0 3 30 13.220191 32 19.219046 31 9.720430
1 3 38 19.542413 30 1.721276 36 19.173456
2 3 40 13.833081 43 3.409128 33 4.390766
3
0 3 30 19.706835 33 14.381991 37 17.092235
1 3 45 3.959111 48 8.369309 40 10.250138
2 3 43 13.837449 44 13.024343 46 19.106530
3
0 3 30 5.096274 36 6.374803 42 9.802017
1 3 43 8.317073 44 2.605897 42 15.215469
2 3 45 7.636303 36 19.093439 33 5.227789
3
0 3 35 4.651296 47 9.100183 43 9.315658
1 3 44 3.329662 41 8.919824 40 17.845841
2 3 39 2.891311 37 11.345802 40 2.610504
3
0 3 35 12.918033 42 18.957989 43 6.098211
1 3 42 10.437950 43 19.037655 41 1.555974
2 3 39 11.291899 44 15.658114 48 7.485469
3
0 3 35 6.756639 47 7.343732 36 3.433751
1 3 47 14.031245 40 5.380658 36 6.657942
2 3 45 16.099205 37 5.178752 38 10.892933
3
0 3 35 14.262335 42 15.886229 44 13.528700
1 3 46 3.052484 40 7.753654 49 12.835689
2 3 48 10.244356 36 16.969417 35 11.856023
3
0 3 35 6.172863 36 14.920758 46 3.396236
1 3 46 14.670888 47 12.866579 45 6.447859
2 3 36 2.904329 47 11.058559 40 9.852004
3
0 3 40 16.824292 43 6.113487 46 17.277856
1 3 47 9.752548 45 6.139110 44 10.532887
2 3 42 15.170216 41 13.893929 40 5.890192
3
0 3 40 15.971495 46 7.884204 49 3.745062
1 3 48 3.801564 46 6.476777 41 2.221021
2 3 44 5.980564 42 9.413679 41 17.784065
3
0 3 40 9.237439 41 4.986909 47 5.548774
1 3 44 4.173116 46 8.859064 48 12.908112
2 3 46 5.888055 45 9.084774 42 9.926254
3
0 3 40 3.199273 41 14.324590 44 19.137518
1 3 47 19.348272 41 2.717936 44 14.975770
2 3 45 6.099812 41 3.198954 44 15.328728
3
0 3 40 12.669735 49 17.991889 47 19.699425
1 3 48 11.941440 46 4.650336 40 6.777394
2 3 46 17.674854 40 6.475628 49 17.004246
3
0 3 45 15.882515 48 16.144288 49 14.408330
1 3 49 1.487015 46 14.483230 48 18.448307
2 3 47 16.992603 48 2.204117 49 5.324136
3
0 3 45 13.205184 46 4.599912 49 5.321668
1 3 47 13.107673 46 18.803690 49 12.136692
2 3 46 14.167928 47 2.707208 45 10.232347
3
0 3 45 18.066438 47 16.858169 49 11.087481
1 3 48 6.786579 46 8.237801 49 17.203188
2 3 48 7.103989 46 7.333320 45 12.484997
3
0 3 45 9.509474 47 9.030022 48 1.939430
1 3 47 4.997960 49 1.877083 48 4.777500
2 3 49 17.853006 48 3.261086 47 8.811079
3
0 3 45 5.003384 49 18.614431 46 18.017948
1 3 45 14.416647 48 12.934592 46 3.067099
2 3 46 9.380016 47 11.248745 49 12.875182
3
0 3 49 11.540273 49 2.742847 49 7.291509
1 3 49 17.740139 49 13.351604 49 9.350796
2 3 49 2.909900 49 6.000630 49 13.723453
3
0 3 49 11.081050 49 18.601510 49 15.647223
1 3 49 8.822442 49 16.309495 49 19.897108
2 3 49 19.400517 49 2.977877 49 3.191711
3
0 3 49 17.034452 49 5.152772 49 7.501855
1 3 49 5.114315 49 10.873091 49 5.647572
2 3 49 1.383876 49 10.982735 49 17.926929
3
0 3 49 3.220771 49 11.752812 49 3.013377
1 3 49 11.120345 49 13.690592 49 2.839488
2 3 49 3.640455 49 16.183661 49 3.911706
0
