50 49
3
0 3 5 4.589611 37 18.189612 48 3.700117
1 3 47 5.860443 36 13.378200 27 14.342653
2 3 23 14.883018 33 10.004025 24 7.106273
3
0 3 5 2.729653 28 17.088245 15 8.451913
1 3 42 5.487327 7 5.412971 36 17.871248
2 3 8 4.554125 41 7.806384 47 13.780921
3
0 3 5 14.575732 43 3.682940 29 14.410640
1 3 26 2.856931 21 4.443472 24 17.671171
2 3 39 6.486551 30 3.390403 48 9.785304
3
0 3 5 17.427820 19 15.704670 43 18.234651
1 3 20 19.405203 41 15.814754 25 17.389449
2 3 5 2.762715 46 9.674424 18 11.666765
3
0 3 5 2.610642 46 17.256372 48 2.798040
1 3 12 2.779776 24 7.763895 26 14.583139
2 3 49 4.059828 46 13.340269 39 14.108332
3
0 3 10 10.414362 38 9.556589 19 1.950191
1 3 30 18.873812 19 3.795005 12 18.253656
2 3 28 11.549309 11 19.373015 38 12.885262
3
0 3 10 16.734241 14 12.143312 11 11.399375
1 3 27 3.009031 21 4.452258 42 1.833358
2 3 20 15.094688 41 15.932496 36 5.404768
3
0 3 10 3.557648 30 18.993330 46 13.907298
1 3 16 17.122247 17 9.829601 26 4.079937
2 3 19 2.773645 34 15.130107 28 19.570950
3
0 3 10 12.533848 42 9.250984 31 15.453784
1 3 32 5.534319 30 7.248519 45 17.947537
2 3 14 18.006989 23 11.343323 22 11.339306
3
0 3 10 7.426805 24 15.220776 25 7.586592
1 3 32 14.259710 22 16.543310 17 3.705384
2 3 34 16.937487 41 9.852955 38 7.227549
3
0 3 15 11.749324 43 14.999641 41 13.587444
1 3 40 8.662495 15 3.871241 33 12.432813
2 3 16 18.782333 32 13.639209 44 8.403824
3
0 3 15 19.332265 42 1.056428 37 2.410559
1 3 15 3.067518 48 11.200631 31 19.353921
2 3 37 11.587980 23 12.772141 17 9.296215
3
0 3 15 16.423448 17 15.114680 48 11.124175
1 3 46 14.434591 43 5.803724 45 16.719217
2 3 23 17.217572 45 5.543421 42 13.748543
3
0 3 15 3.807385 49 8.265939 36 9.810642
1 3 45 18.290272 44 15.993034 33 1.311435
2 3 16 9.354135 41 5.217139 40 9.970087
3
0 3 15 14.015719 47 16.474108 41 7.434136
1 3 40 12.045966 32 18.776892 34 12.577157
2 3 45 17.328705 32 19.334971 17 19.237962
3
0 3 20 8.507165 22 16.519353 24 18.175428
1 3 36 15.500963 46 3.320116 25 18.807500
2 3 20 19.184196 28 15.506226 24 4.500644
3
0 3 20 4.760033 33 12.488688 43 6.805867
1 3 28 3.818507 43 8.174905 44 12.998655
2 3 38 6.361443 42 12.012517 45 13.421210
3
0 3 20 9.386691 48 6.889811 23 5.642544
1 3 46 9.976018 44 3.046630 28 19.529330
2 3 40 4.594216 49 9.778233 39 8.126727
3
0 3 20 8.179308 45 16.864002 29 16.441858
1 3 43 6.396231 29 3.149257 26 7.424283
2 3 43 16.396907 24 12.873566 27 3.778894
3
0 3 20 15.596195 33 2.714204 28 6.857747
1 3 45 7.976725 41 5.343948 32 1.240341
2 3 25 4.182627 35 18.699746 41 1.881928
3
0 3 25 16.295565 29 12.723065 38 2.702345
1 3 42 9.086006 49 15.487372 31 1.766958
2 3 46 1.229584 29 19.502051 43 5.424302
3
0 3 25 12.812190 27 11.145343 35 16.197733
1 3 25 14.840822 48 14.784702 45 2.509437
2 3 48 4.247350 34 4.985643 47 10.061761
3
0 3 25 6.396905 37 12.953605 49 10.242846
1 3 46 8.865163 39 12.299896 29 12.624932
2 3 47 13.403219 49 4.273910 35 17.758812
3
0 3 25 13.112684 44 7.014011 33 1.406815
1 3 33 5.068645 36 3.765261 47 10.807873
2 3 37 18.105731 36 15.010301 33 12.628446
3
0 3 25 11.208197 48 9.522521 36 3.668987
1 3 28 2.063949 40 8.784782 29 8.578867
2 3 36 14.940132 26 10.232850 39 2.206644
3
0 3 30 5.313665 49 10.694137 47 12.205300
1 3 47 13.566119 44 1.898120 41 7.300360
2 3 43 12.458064 44 11.209695 49 5.452095
3
0 3 30 18.100301 33 16.705233 43 4.187761
1 3 36 4.887259 34 12.336698 41 2.471152
2 3 48 12.099562 47 3.644597 30 13.053857
3
0 3 30 15.830458 39 6.347844 38 18.802967
1 3 37 8.060621 38 3.127950 32 19.033855
2 3 43 2.673816 48 16.194012 45 5.600611
3
0 3 30 18.447058 45 4.988197 38 12.830656
1 3 46 10.266921 49 14.981721 45 14.211510
2 3 35 8.846664 47 2.489608 31 13.522483
3
0 3 30 3.815200 43 7.082529 49 16.124846
1 3 44 11.491116 40 15.476233 42 6.860147
2 3 37 11.614424 45 5.269962 32 7.963996
3
0 3 35 1.265334 45 6.654511 43 5.726697
1 3 47 8.798877 41 1.130513 38 2.206188
2 3 37 1.413271 42 3.269762 44 12.383332
3
0 3 35 17.307519 44 9.825387 45 16.717381
1 3 38 10.572025 36 9.331630 37 4.095916
2 3 46 5.042581 40 19.380384 43 10.561562
3
0 3 35 7.900726 41 9.373820 38 17.626621
1 3 43 2.452538 45 19.153081 35 9.007452
2 3 42 15.913044 38 11.859592 48 13.571264
3
0 3 35 2.041145 43 1.676342 39 4.851974
1 3 42 17.982869 43 16.036095 44 3.194014
2 3 37 4.196207 46 12.418235 41 1.981775
3
0 3 35 14.830331 49 6.472889 39 13.223213
1 3 39 7.351558 38 8.528976 48 12.837316
2 3 41 2.195469 44 6.212643 39 2.873308
3
0 3 40 19.061775 44 4.883131 49 11.126683
1 3 43 18.001135 47 14.606561 45 4.310845
2 3 48 10.844313 45 12.758088 49 19.323509
3
0 3 40 7.144945 49 2.311254 42 3.218804
1 3 42 14.414368 45 1.222184 47 3.322926
2 3 48 18.978994 42 16.614643 43 6.745468
3
0 3 40 2.078694 42 5.937477 46 13.048477
1 3 43 11.813130 42 4.023703 45 18.616219
2 3 45 3.148007 41 16.638095 42 5.684887
3
0 3 40 7.220824 43 16.764956 42 5.865606
1 3 44 10.781678 42 13.121838 40 5.558611
2 3 43 14.821859 40 1.572560 44 14.450339
3
0 3 40 2.215405 49 15.644795 42 16.222859
1 3 45 17.490297 44 5.156375 47 7.354063
2 3 47 16.057213 40 6.370586 48 8.090240
3
0 3 45 7.598121 47 13.890177 46 9.807440
1 3 45 16.245443 46 11.494937 47 3.377734
2 3 45 2.393970 49 7.346377 47 14.784967
3
0 3 45 19.898352 47 18.237406 49 5.964987
1 3 47 12.429935 46 5.350890 49 2.044469
2 3 45 16.697481 46 17.836160 48 19.537768
3
0 3 45 3.990571 47 15.449754 49 8.177403
1 3 47 18.046223 46 17.042089 48 5.618405
2 3 47 14.794496 45 16.312492 48 4.047182
3
0 3 45 6.545869 48 13.236745 47 4.520643
1 3 49 11.186990 46 4.113834 48 11.257656
2 3 45 11.764375 46 9.393881 47 16.845147
3
0 3 45 2.081346 48 17.364734 46 15.630547
1 3 47 14.081291 49 4.172981 48 8.719673
2 3 45 11.622303 47 19.065415 49 7.153297
3
0 3 49 10.560078 49 5.079642 49 17.068322
1 3 49 11.697179 49 11.892285 49 5.410147
2 3 49 3.415025 49 17.444081 49 17.539739
3
0 3 49 9.074505 49 10.074640 49 16.326129
1 3 49 8.246169 49 8.866302 49 1.641021
2 3 49 12.168850 49 14.162991 49 16.592072
3
0 3 49 8.811333 49 6.478446 49 3.136574
1 3 49 11.572574 49 18.081547 49 14.919034
2 3 49 10.935959 49 19.339798 49 14.624825
3
0 3 49 4.859872 49 11.744224 49 14.210436
1 3 49 17.326350 49 17.544813 49 4.721997
2 3 49 2.500028 49 6.738217 49 13.333540
0
