50 49
3
0 3 5 5.308446 31 3.574933 20 9.061513
1 3 34 12.416456 8 13.155282 19 13.981933
2 3 40 13.347500 25 4.475258 23 14.325668
3
0 3 5 8.680775 30 1.675114 25 12.697263
1 3 41 6.183928 26 8.180457 35 15.454675
2 3 26 16.889779 19 15.267232 47 11.516694
3
0 3 5 19.533809 22 1.559871 38 13.590822
1 3 45 5.151672 8 3.324212 19 16.238737
2 3 9 19.591151 38 17.043448 49 3.539362
3
0 3 5 12.047551 38 10.121959 43 12.055801
1 3 8 1.089348 41 3.457545 15 12.342872
2 3 11 8.743706 31 8.249222 49 2.754886
3
0 3 5 10.897934 16 6.599398 15 7.760442
1 3 42 9.482179 48 3.493990 27 17.615283
2 3 45 1.417898 49 11.093336 48 9.311425
3
0 3 10 17.794912 19 16.273303 49 13.080175
1 3 34 15.405866 47 3.827183 19 13.630362
2 3 40 2.940353 10 4.384788 25 15.950079
3
0 3 10 8.036457 35 17.938115 32 15.632622
1 3 22 18.901422 17 8.431849 34 5.336431
2 3 39 5.559459 22 8.195020 24 3.133437
3
0 3 10 16.035087 41 13.084931 20 15.098225
1 3 29 15.779464 20 12.110628 30 18.893089
2 3 41 17.198879 16 6.027492 12 16.977081
3
0 3 10 4.964062 43 3.355511 25 6.353300
1 3 49 14.290697 13 2.021979 21 13.252558
2 3 34 4.868982 11 18.128985 46 16.900988
3
0 3 10 3.056468 14 12.600152 33 7.284889
1 3 43 10.344173 26 4.610712 32 13.405138
2 3 25 13.621918 32 2.460080 42 4.236087
3
0 3 15 4.755715 21 8.407089 32 19.235554
1 3 46 15.263663 21 6.132601 44 18.972992
2 3 36 8.571336 29 6.524492 15 4.232620
3
0 3 15 19.906232 22 17.120156 41 4.788673
1 3 20 13.703400 46 16.585866 45 9.178397
2 3 34 10.549185 40 17.487170 27 8.610681
3
0 3 15 1.613515 22 12.704910 34 10.383471
1 3 36 5.885915 38 4.625283 20 9.270837
2 3 45 8.292559 47 12.067978 43 1.280373
3
0 3 15 5.006316 30 6.955749 32 2.402603
1 3 43 3.678423 33 16.916065 17 10.810074
2 3 46 13.135016 20 16.987824 42 15.461360
3
0 3 15 12.870058 49 7.566859 41 2.892731
1 3 37 15.255831 20 9.319424 43 14.895202
2 3 20 17.977778 49 13.579666 47 11.791654
3
0 3 20 5.438249 24 15.444721 41 12.746373
1 3 38 7.302349 49 2.175262 41 10.587942
2 3 22 7.111071 37 13.121342 34 16.267251
3
0 3 20 6.095035 44 2.100734 24 1.967873
1 3 45 12.165255 30 19.456816 34 8.696743
2 3 21 6.202466 20 19.426645 25 19.533774
3
0 3 20 16.967854 31 18.879432 41 3.143865
1 3 34 3.460199 47 18.414727 30 9.309669
2 3 29 7.382280 35 1.463315 38 6.443474
3
0 3 20 14.319909 48 19.896480 31 18.434692
1 3 32 14.557789 44 17.145101 48 12.707352
2 3 42 15.212247 45 18.341773 43 5.270594
3
0 3 20 2.431426 49 1.678158 21 14.873441
1 3 23 16.026009 44 18.899273 20 8.898236
2 3 33 16.852039 30 12.864207 26 7.301527
3
0 3 25 16.015411 26 12.200915 27 7.480495
1 3 33 13.734703 32 17.072041 44 10.185675
2 3 33 4.560696 30 4.536038 26 13.182881
3
0 3 25 14.376339 40 15.041480 34 11.848221
1 3 45 18.515195 31 7.895063 39 16.202508
2 3 37 15.541042 48 4.305514 35 18.853777
3
0 3 25 18.463892 26 2.392581 31 8.116335
1 3 35 8.104659 34 1.717133 43 4.631037
2 3 36 7.076760 27 8.979747 47 13.314948
3
0 3 25 14.783316 35 15.701382 34 5.792516
1 3 32 17.537890 27 1.645874 34 2.627309
2 3 32 13.281041 39 18.847770 47 6.624465
3
0 3 25 18.646043 45 10.240689 27 16.638263
1 3 27 2.146709 42 19.413116 31 10.798201
2 3 35 1.434178 37 12.530279 31 3.545554
3
0 3 30 17.899151 38 1.901564 43 14.795763
1 3 47 17.649082 49 11.422971 40 3.589257
2 3 43 8.386793 46 13.500388 48 17.945039
3
0 3 30 17.821886 32 15.493297 43 9.383987
1 3 31 5.804580 49 5.453317 32 15.903364
2 3 35 9.316710 38 18.628741 34 9.564553
3
0 3 30 3.542267 31 3.690712 33 6.304579
1 3 47 3.880001 35 13.145381 38 11.569921
2 3 45 12.240309 35 3.679802 33 5.229566
3
0 3 30 9.441013 34 7.313043 31 13.030328
1 3 48 7.226700 30 12.337528 49 8.641061
2 3 47 14.904260 40 19.144819 42 12.506365
3
0 3 30 13.034539 36 17.303216 39 14.319187
1 3 41 12.343342 36 5.361580 39 12.402198
2 3 44 19.976076 43 4.617712 39 3.547529
3
0 3 35 7.607148 45 13.551113 39 14.891686
1 3 49 5.739931 47 11.288580 37 6.215154
2 3 37 7.515652 46 10.175556 43 18.161740
3
0 3 35 13.618160 36 11.557806 37 6.797926
1 3 48 6.632710 47 10.158015 38 12.760894
2 3 42 14.220688 47 13.974416 37 4.899866
3
0 3 35 17.090973 38 9.238546 47 10.304656
1 3 47 16.240670 37 19.887339 36 19.987161
2 3 36 2.371567 45 11.461411 39 6.411975
3
0 3 35 19.010878 41 5.879999 44 5.862945
1 3 40 2.508976 47 5.443236 44 3.818356
2 3 40 9.149916 45 8.518039 39 9.001750
3
0 3 35 8.480336 44 19.866928 42 9.898234
1 3 37 6.637594 47 5.754045 44 10.312903
2 3 46 11.121375 49 1.769931 47 1.973569
3
0 3 40 12.037670 49 2.564576 41 13.413540
1 3 41 3.315797 46 8.356117 40 15.831438
2 3 41 10.444638 45 4.044815 43 18.616038
3
0 3 40 4.305179 49 1.640412 43 3.160765
1 3 40 18.938606 49 18.445639 43 1.017705
2 3 44 15.434638 46 8.896472 45 12.959738
3
0 3 40 3.764733 45 8.340653 49 11.002181
1 3 43 17.665529 47 16.602799 48 16.023873
2 3 47 10.526252 46 10.396551 42 13.874602
3
0 3 40 12.560335 43 19.559241 48 14.191550
1 3 42 7.159897 48 15.280280 44 4.066542
2 3 48 14.336993 46 9.820583 42 9.934874
3
0 3 40 1.708340 48 19.634437 47 2.987692
1 3 42 7.221705 43 4.578193 46 18.873783
2 3 46 10.329463 47 19.653031 43 16.098406
3
0 3 45 14.040290 49 13.319060 46 6.702074
1 3 47 13.127594 45 14.529154 48 5.126858
2 3 47 9.747396 45 1.438998 49 17.186200
3
0 3 45 8.427950 49 7.995164 47 15.050950
1 3 49 2.661682 46 6.068518 47 12.590478
2 3 45 6.334166 47 10.189047 46 8.828760
3
0 3 45 17.043418 47 2.285878 46 14.816136
1 3 46 2.069879 47 16.184146 49 11.274750
2 3 46 18.113207 47 5.889327 45 7.120866
3
0 3 45 2.453157 49 13.505347 48 16.447002
1 3 47 7.087212 48 1.681723 49 17.459641
2 3 45 17.351724 49 3.327553 47 9.367169
3
0 3 45 7.655178 48 18.682477 49 14.600811
1 3 47 11.765932 46 11.365796 45 19.837052
2 3 47 1.337641 48 1.449653 45 14.083610
3
0 3 49 9.557860 49 9.848586 49 11.526395
1 3 49 11.808649 49 10.434338 49 9.405098
2 3 49 4.940099 49 3.722271 49 1.257218
3
0 3 49 13.112395 49 8.499656 49 3.806587
1 3 49 17.194228 49 18.901058 49 4.454106
2 3 49 13.213318 49 2.768018 49 8.210609
3
0 3 49 15.898905 49 13.610194 49 11.106949
1 3 49 3.650817 49 6.591051 49 11.729374
2 3 49 8.499572 49 10.281489 49 8.266939
3
0 3 49 2.710851 49 2.797159 49 4.726567
1 3 49 14.273934 49 15.173039 49 2.550687
2 3 49 17.800433 49 13.362522 49 18.684233
0
