50 49
3
0 3 5 16.173591 35 17.281675 37 3.886011
1 3 14 1.914876 25 6.423920 34 17.713482
2 3 45 16.087931 32 7.017340 34 10.876291
3
0 3 5 3.824634 32 18.596736 46 5.638415
1 3 12 9.092986 41 9.120789 35 15.541243
2 3 17 11.019983 41 14.006965 8 4.176821
3
0 3 5 17.020149 18 8.614342 43 9.770321
1 3 17 10.736247 42 6.260556 29 10.601560
2 3 45 15.154747 38 6.164747 20 14.283225
3
0 3 5 17.034341 28 4.288915 13 13.915683
1 3 36 18.719886 43 1.643284 18 9.026283
2 3 24 10.321120 42 10.383397 37 11.946575
3
0 3 5 4.185972 41 8.505442 45 19.961447
1 3 14 3.517889 27 19.805254 32 10.507513
2 3 15 14.051419 12 18.503440 39 9.763053
3
0 3 10 17.111935 33 16.630370 16 15.854428
1 3 36 17.651717 38 19.978683 23 7.205990
2 3 19 13.309982 28 1.189056 23 19.735721
3
0 3 10 17.099354 20 12.340628 30 16.089789
1 3 36 18.326829 33 19.337990 24 8.817210
2 3 33 13.586259 42 4.699326 44 1.027868
3
0 3 10 3.846759 41 5.536566 33 17.449141
1 3 41 3.172229 44 1.259491 31 5.025830
2 3 30 1.084932 19 7.415876 12 1.498512
3
0 3 10 3.197967 12 12.395227 19 12.262669
1 3 31 17.828307 22 18.183720 18 2.980176
2 3 20 12.651750 12 3.476437 34 6.666313
3
0 3 10 10.287891 23 9.053973 31 15.537065
1 3 44 11.054773 41 19.345925 19 10.209141
2 3 30 15.401322 29 8.997206 19 12.149042
3
0 3 15 14.257999 23 6.484867 40 16.418738
1 3 23 6.883304 34 18.004483 44 6.884357
2 3 20 2.139317 33 2.886978 25 16.671490
3
0 3 15 9.644184 26 1.522391 44 18.233705
1 3 38 18.818913 33 17.887439 48 3.314352
2 3 48 1.004248 42 11.721226 22 5.974167
3
0 3 15 3.183482 38 19.829963 36 11.169457
1 3 32 18.418570 30 13.653536 39 6.957187
2 3 47 9.549168 43 15.257791 32 15.061580
3
0 3 15 5.998015 28 11.316964 22 8.722847
1 3 24 8.870487 45 10.100833 47 7.021123
2 3 20 19.908529 18 14.738783 28 19.936111
3
0 3 15 16.870474 24 14.248013 40 5.314081
1 3 27 7.469858 24 11.811088 32 3.577066
2 3 34 9.144105 47 13.898673 23 12.433187
3
0 3 20 15.417782 48 1.666117 26 3.534802
1 3 23 11.168383 39 10.216407 25 10.345842
2 3 21 3.661034 40 19.305661 20 17.721962
3
0 3 20 10.996533 22 1.788777 33 9.917211
1 3 28 13.469736 37 8.844360 21 18.871095
2 3 32 18.301371 49 1.267105 22 7.606623
3
0 3 20 14.190512 32 19.104680 46 7.828642
1 3 38 16.134611 22 5.132609 40 10.544980
2 3 33 7.436639 38 12.255253 35 10.676468
3
0 3 20 17.479514 41 2.107775 33 12.392119
1 3 35 14.445734 41 12.662057 38 2.669699
2 3 32 1.942045 26 18.876377 37 5.685824
3
0 3 20 6.237170 45 16.702087 35 6.745112
1 3 43 12.161756 27 9.310961 29 16.037235
2 3 35 1.611379 25 17.591424 26 2.057642
3
0 3 25 3.001487 35 4.429139 31 4.507378
1 3 29 3.147867 44 6.413075 46 14.676991
2 3 37 11.580847 34 4.066301 33 10.210009
3
0 3 25 4.895725 37 16.961697 46 14.065514
1 3 26 17.000955 35 18.805402 36 6.564285
2 3 30 1.969551 26 16.958687 42 11.782209
3
0 3 25 1.930206 28 5.533233 39 4.633471
1 3 47 6.593960 29 15.242680 48 16.331616
2 3 25 16.518754 39 1.545474 48 19.970522
3
0 3 25 7.532909 49 15.912018 47 13.737479
1 3 43 14.927027 46 2.201630 29 9.725013
2 3 38 10.543409 35 11.173109 36 17.318146
3
0 3 25 5.910511 36 10.025323 32 16.147919
1 3 36 4.958039 28 7.313209 26 13.104619
2 3 38 16.381032 28 4.231638 40 18.806622
3
0 3 30 19.278769 38 9.760446 36 18.680284
1 3 33 17.092306 32 8.636787 43 3.623084
2 3 30 17.721800 36 5.429069 32 2.320409
3
0 3 30 3.759304 45 4.515095 37 2.354033
1 3 41 13.793004 43 11.996764 38 9.966519
2 3 38 14.828229 42 5.660465 45 13.326081
3
0 3 30 9.455614 40 7.026671 43 15.827609
1 3 45 17.882736 44 19.353486 48 18.353466
2 3 46 8.613556 31 19.880879 44 9.735320
3
0 3 30 1.765857 49 1.323168 39 7.453238
1 3 39 2.963563 48 1.157447 34 14.545691
2 3 45 13.972892 43 17.295293 30 7.695786
3
0 3 30 15.857635 35 7.037160 31 1.548932
1 3 42 2.169674 49 7.232839 33 6.667736
2 3 36 7.670559 39 13.006997 40 12.782784
3
0 3 35 8.053153 39 4.093384 41 1.202275
1 3 35 1.227620 37 19.192015 41 17.740842
2 3 41 17.220503 49 6.521043 45 11.695479
3
0 3 35 17.994582 42 1.248394 39 11.446383
1 3 41 8.126450 35 9.851794 47 3.314783
2 3 41 15.578313 36 13.538233 39 8.458381
3
0 3 35 14.182546 47 19.797455 37 2.279398
1 3 38 4.578542 37 7.730167 42 5.730285
2 3 37 10.629395 47 8.132454 40 4.485575
3
0 3 35 3.340561 36 1.186959 45 9.108878
1 3 35 13.733358 38 1.977225 49 10.820297
2 3 37 15.244883 39 19.267205 43 14.482070
3
0 3 35 7.933655 44 8.908659 39 13.323081
1 3 49 4.394697 44 6.005459 47 5.012307
2 3 35 18.129070 44 10.739224 39 15.017850
3
0 3 40 6.616011 44 2.001871 47 14.387964
1 3 41 16.340836 49 11.320281 43 1.301356
2 3 43 18.321114 49 2.084011 46 3.761098
3
0 3 40 6.656512 44 9.200452 48 12.430676
1 3 41 3.777806 44 8.493084 49 7.886128
2 3 47 19.067863 49 16.193818 46 4.819614
3
0 3 40 13.351168 48 7.008137 49 18.067418
1 3 44 4.058086 47 13.824405 42 13.547555
2 3 45 16.207977 47 9.026104 44 19.457736
3
0 3 40 11.664701 49 18.366125 45 6.142152
1 3 46 11.260949 42 17.452937 44 5.790222
2 3 45 10.767208 49 19.670631 42 19.741146
3
0 3 40 15.508558 45 4.895378 44 11.846343
1 3 43 13.592382 47 9.237827 44 16.996655
2 3 42 14.707008 41 4.693021 40 14.312870
3
0 3 45 16.688258 49 14.773971 48 6.881568
1 3 47 13.242359 48 12.970160 45 2.922205
2 3 47 17.104955 48 13.252593 49 10.904519
3
0 3 45 16.121131 49 4.957995 46 10.994774
1 3 49 10.251371 46 8.678552 45 5.900420
2 3 48 8.873376 49 1.587282 45 2.829519
3
0 3 45 9.860342 47 17.468325 48 2.355568
1 3 48 5.369251 46 8.480444 49 8.035263
2 3 48 16.505698 46 16.630765 47 3.958345
3
0 3 45 12.121488 48 3.916103 47 1.667371
1 3 45 10.809311 46 3.758078 49 12.747590
2 3 45 7.836967 47 9.275148 46 18.144433
3
0 3 45 10.305621 47 15.886583 46 9.322681
1 3 47 12.684172 45 5.126924 48 14.092368
2 3 47 10.429069 46 15.696333 49 13.219460
3
0 3 49 9.135234 49 9.217022 49 13.007433
1 3 49 9.056113 49 2.735507 49 19.051439
2 3 49 12.869733 49 8.245609 49 19.022104
3
0 3 49 1.646287 49 8.010700 49 6.088656
1 3 49 12.150841 49 7.990100 49 16.469039
2 3 49 19.567437 49 6.867257 49 5.643901
3
0 3 49 8.513498 49 3.323049 49 14.568435
1 3 49 2.234663 49 18.658296 49 13.924293
2 3 49 4.383382 49 18.081460 49 5.230404
3
0 3 49 2.207865 49 17.074722 49 18.871341
1 3 49 13.690517 49 4.689821 49 16.476780
2 3 49 18.689123 49 13.347930 49 6.438079
0
