50 49
3
0 3 5 9.632577 9 13.652677 14 17.220106
1 3 49 4.189449 16 11.441194 39 11.894300
2 3 21 3.297251 41 19.812448 23 11.550952
3
0 3 5 2.853048 26 2.628159 17 4.782088
1 3 47 10.612415 24 15.175381 41 5.458195
2 3 7 17.526787 46 15.406738 49 11.565988
3
0 3 5 2.021700 15 7.625350 35 16.591938
1 3 30 9.361455 44 16.737942 48 9.421193
2 3 11 4.923398 8 18.394046 15 12.121180
3
0 3 5 11.306341 23 16.948255 37 13.642091
1 3 42 4.815698 47 7.600533 41 9.346963
2 3 41 6.411277 39 11.729945 17 12.987960
3
0 3 5 1.637212 32 10.676973 31 2.478155
1 3 11 3.712422 41 14.848259 23 17.709762
2 3 48 7.089632 13 14.624226 9 17.184867
3
0 3 10 2.789665 26 8.098950 11 14.865527
1 3 17 18.080804 48 5.032822 20 17.150816
2 3 20 6.737123 16 14.554700 26 1.848837
3
0 3 10 8.836548 30 1.407060 40 5.018547
1 3 44 16.505492 15 7.128165 10 9.605069
2 3 12 2.022790 33 15.075884 19 15.714468
3
0 3 10 8.036138 38 10.016785 31 1.447828
1 3 42 2.078098 28 4.253631 43 15.639166
2 3 17 15.205654 47 5.615140 10 19.143333
3
0 3 10 19.455198 16 4.243580 13 13.547467
1 3 14 1.422691 48 2.968526 47 1.042812
2 3 27 18.099319 23 3.899971 42 16.362795
3
0 3 10 6.741258 49 10.561547 27 13.760172
1 3 25 8.616077 40 9.922535 19 3.202644
2 3 47 10.829739 22 3.827130 32 7.544543
3
0 3 15 12.292460 21 16.455751 23 9.195571
1 3 20 11.380607 41 14.826117 16 2.974022
2 3 40 3.219611 35 10.860723 48 3.389200
3
0 3 15 10.973580 32 7.086407 40 7.162171
1 3 33 3.785191 42 6.087274 36 16.422547
2 3 23 9.529475 38 1.230592 45 12.380822
3
0 3 15 7.488260 49 2.153687 22 7.188612
1 3 46 18.474205 15 8.325813 34 6.295182
2 3 20 1.202099 47 4.453054 46 11.786988
3
0 3 15 2.807095 47 17.668971 34 9.244570
1 3 46 13.967495 37 19.345895 19 7.159734
2 3 32 19.722405 44 12.236786 34 16.948488
3
0 3 15 6.463310 44 1.779361 21 8.927330
1 3 24 4.540837 26 5.893759 19 1.049375
2 3 31 7.856231 37 17.944202 41 11.081812
3
0 3 20 14.210596 45 12.048493 37 10.537941
1 3 34 4.246541 25 5.376525 20 18.585397
2 3 31 16.062884 27 12.556967 41 6.339653
3
0 3 20 10.115989 49 8.343401 30 13.594408
1 3 41 16.613524 40 7.024038 20 18.048665
2 3 39 17.576184 33 13.285755 25 13.167431
3
0 3 20 1.965479 29 11.094805 45 12.009648
1 3 41 8.969184 43 12.285083 36 14.914179
2 3 43 3.822533 37 5.275500 34 3.843912
3
0 3 20 1.570402 33 5.655335 48 9.771514
1 3 40 15.205224 35 9.021297 41 10.730174
2 3 35 3.687915 28 9.705225 38 17.599881
3
0 3 20 6.165355 34 4.383507 46 1.990971
1 3 29 15.040138 36 18.394251 37 18.875619
2 3 48 8.339979 47 10.642705 33 15.253986
3
0 3 25 7.299900 37 15.434927 39 7.087299
1 3 47 13.072840 29 10.755453 31 2.496999
2 3 33 10.408844 47 17.166546 42 8.295964
3
0 3 25 12.722096 49 5.255586 27 6.420010
1 3 38 8.275819 47 3.875748 30 11.722830
2 3 35 10.128635 28 11.525998 31 2.921282
3
0 3 25 2.732139 30 14.581620 27 18.060124
1 3 38 5.131107 26 8.272444 34 8.940162
2 3 44 11.012021 27 10.051560 33 9.493811
3
0 3 25 11.970619 35 1.990747 45 1.601233
1 3 31 2.408460 33 2.290173 42 14.406411
2 3 48 13.489961 28 14.705063 39 18.894370
3
0 3 25 18.319345 48 4.760193 28 4.255405
1 3 28 10.421577 31 11.090482 33 6.208949
2 3 44 15.649991 32 3.634084 43 7.013960
3
0 3 30 10.216492 46 4.629024 31 14.796157
1 3 46 6.938280 37 15.104532 44 17.876582
2 3 47 18.772290 41 4.201626 35 10.985880
3
0 3 30 6.249341 33 8.653589 39 12.598517
1 3 35 19.283647 41 14.787556 31 4.937084
2 3 40 1.781932 36 16.489989 45 1.018541
3
0 3 30 13.055138 49 12.014754 39 12.888700
1 3 42 1.550920 48 2.944043 38 18.237171
2 3 37 2.533909 30 11.627445 34 12.953112
3
0 3 30 8.960245 31 12.186857 33 8.479538
1 3 35 13.977345 39 9.857750 45 19.085930
2 3 43 1.625449 39 18.333147 35 14.972005
3
0 3 30 17.466508 34 19.466379 35 8.906457
1 3 45 15.952020 44 8.602541 34 14.327305
2 3 38 10.253403 39 7.271572 32 14.137253
3
0 3 35 10.618868 48 4.844111 49 13.776779
1 3 38 5.891671 47 4.074310 45 14.997701
2 3 35 17.345007 41 4.394577 48 5.113650
3
0 3 35 14.135872 37 13.455219 42 10.391684
1 3 44 9.449962 43 11.789830 42 2.959449
2 3 43 1.574188 36 16.865276 46 16.074334
3
0 3 35 12.145847 40 13.121966 45 9.243355
1 3 48 4.462794 38 12.419994 37 14.677706
2 3 44 14.972328 47 19.634023 39 4.651515
3
0 3 35 9.417078 44 9.887919 46 19.296307
1 3 48 19.806827 45 16.296404 42 12.225852
2 3 38 18.342419 43 6.278580 37 10.694959
3
0 3 35 11.515059 40 2.313374 45 14.050151
1 3 39 16.748957 43 8.417855 35 7.540354
2 3 45 10.619896 35 4.803479 37 1.260582
3
0 3 40 17.267586 48 1.637862 41 15.189180
1 3 48 12.953375 45 1.474925 46 8.228519
2 3 43 2.766018 40 17.793589 44 8.144275
3
0 3 40 9.392977 44 2.711832 42 9.615636
1 3 48 6.253333 41 17.191835 43 5.097951
2 3 46 5.538993 48 12.124910 47 15.578074
3
0 3 40 12.757671 45 7.941625 48 8.350182
1 3 42 15.854227 43 15.725090 48 2.977228
2 3 45 18.653994 41 13.036570 43 8.167392
3
0 3 40 4.255453 41 14.447440 49 14.638911
1 3 45 7.595854 48 8.289813 41 3.038486
2 3 43 3.426124 42 4.572132 47 14.399098
3
0 3 40 19.390941 49 12.574565 41 15.957799
1 3 40 19.329643 48 19.266918 42 4.689570
2 3 46 3.088746 41 2.768437 44 15.610423
3
0 3 45 8.197450 47 3.449765 48 3.705165
1 3 45 7.091002 47 19.650300 48 7.378661
2 3 47 19.791754 45 12.951159 46 19.294084
3
0 3 45 9.259597 46 3.515416 49 11.255806
1 3 48 14.749538 49 1.026363 47 19.726700
2 3 47 3.039854 45 4.264144 48 3.254055
3
0 3 45 3.056535 49 11.325804 48 14.401058
1 3 45 18.934955 49 11.198335 46 15.043137
2 3 49 15.091673 46 7.613191 47 11.957019
3
0 3 45 5.066444 49 18.676869 46 7.201479
1 3 47 5.366561 45 9.049332 48 5.035977
2 3 47 8.301606 45 4.517015 46 4.686686
3
0 3 45 16.225222 49 17.305790 46 11.422609
1 3 49 10.695969 45 12.494313 48 11.878435
2 3 46 3.010821 48 4.142142 47 15.771294
3
0 3 49 3.889112 49 15.869237 49 6.638502
1 3 49 11.133163 49 16.399356 49 14.337545
2 3 49 4.075530 49 18.010484 49 15.615680
3
0 3 49 6.265589 49 5.226678 49 11.173642
1 3 49 18.604304 49 4.166140 49 19.410564
2 3 49 9.647929 49 16.552791 49 19.986901
3
0 3 49 5.767881 49 5.617843 49 19.135996
1 3 49 1.696203 49 3.263204 49 7.378363
2 3 49 2.747825 49 12.863820 49 10.402509
3
0 3 49 16.580258 49 15.741824 49 18.451945
1 3 49 9.002819 49 4.155553 49 11.332539
2 3 49 3.746580 49 7.712917 49 9.483484
0
