50 49
3
0 3 5 5.371959 34 19.176046 11 6.446874
1 3 15 8.104203 47 17.422868 43 3.659820
2 3 5 10.019185 13 11.775125 12 5.761105
3
0 3 5 19.744241 19 19.457853 7 6.347194
1 3 14 2.455942 26 7.429992 18 16.887461
2 3 30 16.811147 36 9.558346 19 16.430652
3
0 3 5 11.679220 7 4.680533 44 3.491256
1 3 35 5.218655 22 12.916250 23 7.192181
2 3 47 19.407421 38 17.282847 26 4.011055
3
0 3 5 9.901135 45 13.026771 19 4.893429
1 3 17 18.803523 46 9.936204 35 4.895561
2 3 38 3.218999 12 4.306032 24 13.689597
3
0 3 5 18.831402 24 13.313634 19 11.852474
1 3 37 9.801125 35 18.153723 22 3.068728
2 3 38 3.486178 6 19.688584 36 15.331369
3
0 3 10 5.939406 21 14.564307 18 6.251072
1 3 41 10.435786 12 5.575204 35 1.285231
2 3 33 12.711508 12 4.561919 32 16.651621
3
0 3 10 13.362319 28 14.461584 46 19.029831
1 3 10 13.532715 22 7.442612 26 10.655086
2 3 34 16.134459 23 17.187300 31 4.287974
3
0 3 10 13.532917 12 19.128234 11 4.100487
1 3 41 9.495270 38 11.519748 35 11.152144
2 3 16 14.953264 40 13.500480 43 2.669852
3
0 3 10 13.911991 46 6.476302 32 11.341505
1 3 47 8.452157 14 14.907688 43 17.869626
2 3 16 13.134584 46 9.303309 28 18.947735
3
0 3 10 2.756536 14 11.714030 20 16.258299
1 3 41 5.912097 25 15.078913 35 9.982771
2 3 35 14.763395 38 14.017510 13 5.253113
3
0 3 15 16.796969 32 7.875214 36 14.953442
1 3 43 4.638307 31 18.122833 37 1.668132
2 3 44 3.622348 32 4.787327 48 6.910760
3
0 3 15 12.694277 19 7.171728 18 4.872943
1 3 42 17.530113 38 2.278144 37 7.011967
2 3 15 18.393166 28 5.589424 17 14.936423
3
0 3 15 8.254303 31 8.936196 49 12.617349
1 3 22 7.700735 43 19.303448 40 1.667107
2 3 30 8.425545 34 19.356978 27 18.050497
3
0 3 15 13.594877 49 8.491114 23 7.470790
1 3 22 14.062907 49 14.132629 36 3.034130
2 3 29 3.521180 28 10.126988 16 12.651155
3
0 3 15 1.589429 30 12.417292 34 12.494220
1 3 49 11.743219 39 16.738840 19 2.492695
2 3 22 17.993050 42 1.318980 37 13.504727
3
0 3 20 13.782098 41 3.017327 38 10.084437
1 3 30 18.164050 22 10.036012 46 11.361312
2 3 48 7.193321 42 15.445778 36 7.234327
3
0 3 20 1.528007 46 6.691823 44 5.632897
1 3 27 8.921102 33 9.697221 45 8.573760
2 3 22 5.120892 43 6.696157 37 5.498441
3
0 3 20 6.230805 26 15.418015 34 12.244242
1 3 40 19.526320 37 2.892122 38 12.511305
2 3 43 4.961875 41 3.184005 23 6.589807
3
0 3 20 9.911440 40 8.607763 25 10.005818
1 3 47 16.640033 49 6.596508 44 13.044152
2 3 36 6.405090 26 4.691252 40 13.302526
3
0 3 20 2.625683 44 13.171106 46 15.017604
1 3 49 11.687848 38 10.672477 46 10.166990
2 3 26 8.811577 22 14.361585 21 3.859392
3
0 3 25 1.657855 34 16.760369 41 13.116663
1 3 44 6.723974 43 4.266138 31 9.611358
2 3 44 14.801198 45 14.301727 49 6.199105
3
0 3 25 2.054932 43 12.132741 44 1.676863
1 3 44 1.752791 46 15.919462 38 7.160950
2 3 31 16.056701 34 3.186407 48 14.527972
3
0 3 25 7.407995 26 12.472804 38 11.091890
1 3 49 17.876578 28 5.225832 27 6.942754
2 3 28 6.148823 32 16.576287 38 2.697006
3
0 3 25 10.842939 47 11.925605 46 17.544548
1 3 41 14.456428 28 10.241528 32 11.992756
2 3 34 16.444896 42 2.656830 28 19.617565
3
0 3 25 4.373694 36 1.177198 43 2.715091
1 3 34 12.177923 31 2.271774 37 8.575198
2 3 30 12.135919 45 5.129687 46 1.552716
3
0 3 30 7.732160 37 13.768506 31 12.049875
1 3 41 19.194791 44 2.351147 49 16.415517
2 3 34 4.308475 44 10.886031 30 5.480567
3
0 3 30 4.507386 44 19.372928 40 15.549133
1 3 37 5.480536 40 16.609022 34 15.655511
2 3 45 19.611629 35 4.453689 36 4.028971
3
0 3 30 8.192142 38 12.012612 47 18.557288
1 3 43 13.636771 40 5.704992 33 11.996331
2 3 37 3.425048 49 12.813143 45 10.090202
3
0 3 30 1.398846 45 17.256384 46 5.648786
1 3 42 5.632594 33 5.892749 34 8.802817
2 3 35 18.603779 44 10.713896 40 2.987781
3
0 3 30 19.077489 44 14.757480 35 11.339127
1 3 49 19.954870 33 3.227105 30 9.908580
2 3 33 10.844417 31 13.376648 42 19.575402
3
0 3 35 18.821926 43 12.171567 46 18.463995
1 3 41 8.763379 39 16.522524 43 1.668210
2 3 35 13.862066 42 13.011639 40 13.996114
3
0 3 35 16.358818 45 1.890618 41 13.174983
1 3 42 18.886537 49 16.779360 48 15.889471
2 3 47 12.701001 49 6.150624 36 17.047404
3
0 3 35 14.454674 44 12.730162 42 9.802741
1 3 40 12.387991 45 4.050063 38 19.673645
2 3 38 18.535076 36 10.014546 43 16.251629
3
0 3 35 19.538186 46 19.546468 40 1.485336
1 3 46 16.879574 40 10.451493 35 10.402859
2 3 36 19.811947 49 19.575763 38 15.995367
3
0 3 35 17.507564 42 11.318652 46 10.213973
1 3 44 12.165815 45 13.970590 48 7.318398
2 3 43 18.584195 38 8.502771 40 10.699169
3
0 3 40 7.444702 42 3.686980 48 9.185742
1 3 49 12.559387 48 5.807699 46 5.176600
2 3 43 1.619084 44 3.613878 48 10.335586
3
0 3 40 18.944757 46 9.849790 49 3.556643
1 3 48 10.812918 43 15.375497 49 18.508451
2 3 45 11.595705 40 8.856192 48 10.637742
3
0 3 40 10.339839 41 14.466434 49 14.315108
1 3 44 19.068691 45 17.161041 41 19.386166
2 3 46 14.511978 41 9.390070 49 6.229851
3
0 3 40 18.306173 49 1.783961 43 9.517978
1 3 49 6.578204 40 1.683576 41 13.501855
2 3 49 13.634457 40 17.520156 47 19.773286
3
0 3 40 6.382189 43 16.489337 42 16.180065
1 3 48 16.489936 47 1.516267 44 18.972104
2 3 47 12.715506 44 7.140762 49 10.264586
3
0 3 45 15.464968 47 1.937294 49 18.040932
1 3 49 14.073899 48 3.459858 45 17.237370
2 3 48 1.616465 47 1.618797 49 15.761909
3
0 3 45 3.606428 48 1.069943 49 6.075244
1 3 47 19.889259 45 8.380067 48 16.017127
2 3 45 16.955387 47 9.962728 46 3.185024
3
0 3 45 12.765884 46 11.423016 49 15.144648
1 3 48 5.689976 45 19.892873 47 1.374933
2 3 47 2.999882 45 4.025394 49 2.765740
3
0 3 45 6.688810 47 5.905341 46 11.653614
1 3 48 11.517901 46 19.004631 47 7.448026
2 3 45 10.144386 47 14.465536 49 10.776875
3
0 3 45 6.494432 46 8.037954 48 3.432854
1 3 47 14.872226 49 13.647062 48 12.561154
2 3 45 9.599136 49 5.452747 46 16.837733
3
0 3 49 5.817180 49 18.226767 49 8.819371
1 3 49 13.092984 49 10.984848 49 16.093588
2 3 49 1.609038 49 10.044989 49 19.255437
3
0 3 49 7.712031 49 16.834301 49 12.328521
1 3 49 6.439994 49 19.643836 49 13.335817
2 3 49 17.291242 49 12.720476 49 1.543780
3
0 3 49 14.558989 49 18.053664 49 18.514974
1 3 49 12.037701 49 18.447804 49 17.348159
2 3 49 6.085415 49 9.879254 49 12.808722
3
0 3 49 15.531243 49 3.698976 49 1.989426
1 3 49 19.089753 49 10.322165 49 16.888613
2 3 49 3.363558 49 7.059630 49 1.201036
0
