50 49
3
0 2 5 12.715080 49 11.726668
1 2 45 7.682112 9 4.657697
2 2 10 6.229827 34 10.554199
3
0 2 5 12.167254 12 2.130355
1 2 8 5.486894 45 14.017147
2 2 49 4.773514 11 11.918307
3
0 2 5 11.056676 32 1.537036
1 2 24 3.945429 17 1.152843
2 2 39 8.438207 12 18.639100
3
0 2 5 6.781578 11 15.370377
1 2 18 6.360668 28 12.184087
2 2 41 16.640326 16 4.467700
3
0 2 5 17.601144 36 4.815231
1 2 19 12.088123 7 6.085161
2 2 33 16.417535 46 14.627538
3
0 2 10 17.015090 49 4.140339
1 2 26 13.194021 44 9.588375
2 2 11 1.406969 25 8.425983
3
0 2 10 8.951229 28 9.619345
1 2 37 9.333027 19 2.391977
2 2 15 10.530388 24 15.032576
3
0 2 10 14.658385 35 4.066331
1 2 39 7.094426 15 7.030458
2 2 33 14.558347 24 17.234832
3
0 2 10 16.679669 37 12.847093
1 2 34 19.155648 31 15.393655
2 2 18 16.857304 10 19.387702
3
0 2 10 1.643912 15 1.528779
1 2 40 1.325598 31 6.431554
2 2 29 18.448606 43 18.432026
3
0 2 15 8.041164 33 11.931487
1 2 36 8.434127 45 1.348319
2 2 18 4.375222 28 14.194000
3
0 2 15 10.865351 48 6.534470
1 2 18 7.047029 30 10.965656
2 2 46 18.950770 15 14.289251
3
0 2 15 3.065312 37 8.884523
1 2 48 5.921849 26 11.037180
2 2 36 3.724538 19 4.375801
3
0 2 15 10.159655 22 3.607609
1 2 46 13.883397 40 4.494158
2 2 25 15.876971 32 18.991453
3
0 2 15 4.846400 39 14.310898
1 2 46 10.519756 34 1.363101
2 2 40 7.979716 47 6.227549
3
0 2 20 4.733682 27 11.248884
1 2 34 14.310034 30 4.992498
2 2 36 10.596948 48 5.376200
3
0 2 20 10.835708 21 2.436858
1 2 42 16.714120 21 13.396908
2 2 25 15.235525 34 6.568608
3
0 2 20 4.591704 24 3.919517
1 2 45 2.305464 20 11.089462
2 2 44 11.011061 47 6.939677
3
0 2 20 1.338966 40 7.325370
1 2 42 13.066347 27 1.402335
2 2 46 19.117709 40 1.119384
3
0 2 20 11.937434 24 6.012593
1 2 45 6.736149 25 8.604835
2 2 49 6.902560 33 11.922103
3
0 2 25 3.880287 48 7.276723
1 2 41 4.684835 32 19.082082
2 2 31 7.456919 44 10.339752
3
0 2 25 14.204851 31 18.113508
1 2 34 4.386026 45 10.666430
2 2 46 18.286608 30 2.282828
3
0 2 25 2.715269 28 18.072184
1 2 41 8.322251 29 11.507168
2 2 49 8.415375 30 10.613917
3
0 2 25 14.918773 41 19.079581
1 2 40 15.543602 37 12.495729
2 2 26 5.363365 38 11.970479
3
0 2 25 18.748109 42 9.582324
1 2 30 9.628516 28 4.712036
2 2 37 11.856547 47 3.588294
3
0 2 30 5.951774 43 8.739595
1 2 34 13.563860 41 16.389430
2 2 33 1.036442 31 19.710490
3
0 2 30 12.074617 48 16.172164
1 2 33 4.399657 37 19.792531
2 2 38 9.848528 40 10.451058
3
0 2 30 11.702079 44 1.882398
1 2 35 10.001470 39 6.447030
2 2 40 5.334365 48 10.185842
3
0 2 30 9.681724 34 8.365849
1 2 32 9.417741 31 10.114057
2 2 34 8.105194 32 15.624340
3
0 2 30 6.508522 46 16.238359
1 2 32 9.135602 41 16.897327
2 2 43 17.753766 33 5.100894
3
0 2 35 7.243576 40 15.660225
1 2 37 17.180497 43 11.645998
2 2 36 18.997870 39 19.335229
3
0 2 35 6.548107 44 2.256642
1 2 37 10.142919 35 15.332166
2 2 42 17.137009 39 1.018076
3
0 2 35 3.363844 45 15.715556
1 2 38 12.685760 42 9.394357
2 2 44 18.955071 43 17.539453
3
0 2 35 11.034448 39 16.170045
1 2 37 5.558546 35 10.584248
2 2 49 7.322641 41 13.231427
3
0 2 35 6.155882 36 8.858123
1 2 36 13.655079 41 3.272287
2 2 49 6.197580 46 13.036965
3
0 2 40 10.346757 45 10.155569
1 2 45 10.697277 44 16.870373
2 2 46 8.319851 47 14.238387
3
0 2 40 7.163846 48 2.904809
1 2 46 15.446603 40 9.188834
2 2 40 12.652674 43 6.419856
3
0 2 40 5.071358 45 2.367703
1 2 48 3.666158 42 16.484275
2 2 40 18.053516 45 11.997978
3
0 2 40 1.078017 41 3.570088
1 2 43 14.763902 48 10.129695
2 2 46 11.250109 49 1.614678
3
0 2 40 16.702770 48 13.905910
1 2 45 3.032945 42 7.505165
2 2 46 10.552944 44 11.907301
3
0 2 45 15.520461 46 4.254072
1 2 45 15.794894 48 5.029546
2 2 48 17.131361 46 17.308258
3
0 2 45 13.842320 46 9.194363
1 2 47 10.005820 48 18.682035
2 2 49 8.481299 46 12.552613
3
0 2 45 13.586400 46 19.143120
1 2 47 12.910846 46 4.582983
2 2 46 19.449140 47 2.006477
3
0 2 45 14.357878 49 12.960467
1 2 45 15.903299 47 12.993441
2 2 47 7.080052 48 12.565439
3
0 2 45 2.005829 49 14.994444
1 2 47 6.892579 48 6.425754
2 2 47 14.550933 46 16.262560
3
0 2 49 19.483314 49 15.646242
1 2 49 1.275732 49 14.360610
2 2 49 12.770244 49 3.833351
3
0 2 49 5.362950 49 17.938642
1 2 49 3.672425 49 8.511665
2 2 49 16.714629 49 1.645995
3
0 2 49 6.310445 49 19.879867
1 2 49 18.679855 49 18.766736
2 2 49 9.309377 49 13.276560
3
0 2 49 10.095551 49 14.117989
1 2 49 18.297723 49 5.113748
2 2 49 17.261946 49 6.743860
0
