50 49
3
0 2 5 19.031986 35 6.480607
1 2 29 1.588253 9 1.321761
2 2 34 14.589364 18 11.647858
3
0 2 5 18.596591 36 6.535071
1 2 11 1.187331 26 11.710259
2 2 34 2.291732 7 1.589659
3
0 2 5 12.263138 21 8.949305
1 2 49 3.862552 34 8.594437
2 2 7 12.832859 32 16.207294
3
0 2 5 6.004687 7 19.330700
1 2 49 5.521067 26 14.517941
2 2 40 15.234365 19 2.121191
3
0 2 5 4.878239 15 10.424872
1 2 18 16.847650 31 9.301034
2 2 38 12.075896 37 12.149999
3
0 2 10 13.235916 25 3.803356
1 2 25 3.355161 43 17.729792
2 2 21 19.643516 45 16.298945
3
0 2 10 15.904072 49 8.206903
1 2 48 6.021366 31 7.549381
2 2 15 7.494534 31 19.540876
3
0 2 10 10.412262 18 6.967958
1 2 14 3.694750 36 4.957648
2 2 15 6.005386 48 5.356238
3
0 2 10 19.428437 49 7.206968
1 2 36 8.467549 31 18.956326
2 2 15 17.086237 18 17.582098
3
0 2 10 19.210072 28 3.917699
1 2 33 8.005261 29 13.262174
2 2 23 10.006289 48 15.435954
3
0 2 15 17.516814 40 12.742728
1 2 34 17.093035 25 16.951642
2 2 30 9.050801 37 14.606570
3
0 2 15 4.617910 43 1.673448
1 2 19 19.977829 23 18.604704
2 2 37 19.387406 23 4.976515
3
0 2 15 15.205935 37 19.505535
1 2 39 15.344569 47 7.345854
2 2 36 12.610239 43 17.443344
3
0 2 15 15.577302 22 18.081109
1 2 30 14.258685 46 9.417035
2 2 47 18.956846 38 17.379086
3
0 2 15 12.888316 19 2.265013
1 2 33 10.133903 34 8.864754
2 2 24 9.885958 27 17.112492
3
0 2 20 3.326214 37 12.690498
1 2 44 15.764132 27 10.583724
2 2 21 16.340654 45 16.510130
3
0 2 20 6.868500 24 13.599809
1 2 31 7.929140 33 16.081611
2 2 35 10.157927 49 2.235037
3
0 2 20 7.549790 43 7.405770
1 2 43 14.033736 40 17.970778
2 2 46 2.222570 48 7.678662
3
0 2 20 12.204724 23 2.006270
1 2 46 9.849621 29 10.960798
2 2 23 13.615616 49 11.435236
3
0 2 20 2.497859 41 7.889889
1 2 49 8.649116 32 5.699456
2 2 23 13.303015 49 6.644883
3
0 2 25 15.748196 43 5.847711
1 2 39 14.561264 25 7.967956
2 2 30 13.451064 29 7.878044
3
0 2 25 7.041300 35 8.047294
1 2 36 16.792678 48 12.451320
2 2 44 18.762093 37 1.761091
3
0 2 25 9.380211 28 5.938316
1 2 40 6.918355 36 5.784214
2 2 34 7.519267 48 5.736621
3
0 2 25 5.862605 36 16.496373
1 2 46 17.950380 42 5.826102
2 2 31 16.295537 38 8.253864
3
0 2 25 13.852361 35 3.602354
1 2 45 17.119122 30 7.314405
2 2 29 8.855651 35 10.773344
3
0 2 30 3.675166 46 16.150885
1 2 44 9.999664 36 12.968833
2 2 47 7.629234 37 2.311028
3
0 2 30 10.693832 38 6.119262
1 2 48 17.403244 49 1.714998
2 2 37 10.818516 34 8.197482
3
0 2 30 4.120980 39 16.164153
1 2 45 8.422216 36 7.066423
2 2 30 3.827196 41 3.801800
3
0 2 30 16.536634 39 17.436914
1 2 33 15.739704 47 4.031674
2 2 47 5.144769 48 5.967968
3
0 2 30 5.322343 40 18.261185
1 2 40 8.208989 42 1.592069
2 2 30 2.947714 34 1.821415
3
0 2 35 14.872358 36 2.169299
1 2 41 10.087686 42 9.362850
2 2 39 15.169393 47 18.630603
3
0 2 35 10.030622 38 10.178460
1 2 38 4.695627 45 6.222972
2 2 37 1.267867 48 5.547172
3
0 2 35 14.916909 45 8.803219
1 2 39 11.024092 46 15.927102
2 2 45 15.620230 43 10.449432
3
0 2 35 15.300199 44 5.297465
1 2 49 1.265266 48 4.734349
2 2 39 6.810700 49 1.803785
3
0 2 35 16.746780 44 11.091919
1 2 45 16.970843 40 12.620852
2 2 36 6.755778 39 12.784584
3
0 2 40 3.653662 46 2.276822
1 2 44 8.684038 43 5.578581
2 2 47 13.132310 43 16.502158
3
0 2 40 3.204566 49 8.483512
1 2 48 16.976181 41 7.961765
2 2 44 10.014483 46 12.763704
3
0 2 40 19.343893 41 3.551492
1 2 40 2.821161 47 8.532471
2 2 43 18.952048 42 18.756479
3
0 2 40 16.109747 47 8.819825
1 2 49 17.528275 42 11.975261
2 2 49 9.534665 40 11.241359
3
0 2 40 10.781113 49 15.984862
1 2 45 14.815227 44 17.006353
2 2 42 4.008634 44 2.230626
3
0 2 45 9.846110 47 13.055131
1 2 48 16.786956 46 14.652519
2 2 48 12.907989 45 15.451460
3
0 2 45 17.981997 48 3.658632
1 2 48 6.584883 47 2.580367
2 2 46 11.758736 45 4.609008
3
0 2 45 11.671086 49 2.839207
1 2 48 13.783188 46 15.866007
2 2 48 10.550489 47 14.908710
3
0 2 45 9.470183 49 6.489741
1 2 46 7.009319 47 16.215269
2 2 47 10.073122 49 14.652284
3
0 2 45 9.303277 48 1.669201
1 2 45 7.107167 46 6.574635
2 2 46 2.303887 49 14.892313
3
0 2 49 10.026209 49 16.585051
1 2 49 17.576577 49 7.389008
2 2 49 5.150271 49 13.408937
3
0 2 49 18.239929 49 15.352872
1 2 49 19.839150 49 5.075836
2 2 49 16.089029 49 10.202279
3
0 2 49 13.641463 49 4.967386
1 2 49 7.733648 49 19.350883
2 2 49 7.130683 49 2.142169
3
0 2 49 18.868455 49 2.846707
1 2 49 14.800356 49 11.261329
2 2 49 4.245760 49 8.145175
0
