50 49
3
0 2 5 2.404547 32 2.950697
1 2 13 16.383390 27 16.508194
2 2 43 5.985543 8 6.224061
3
0 2 5 12.668134 7 2.256086
1 2 28 18.614751 47 2.515628
2 2 34 4.471311 47 2.139492
3
0 2 5 12.543074 19 11.204267
1 2 24 15.145493 45 12.705611
2 2 13 11.638700 21 8.062828
3
0 2 5 19.558364 16 7.601693
1 2 46 15.803658 5 4.412125
2 2 35 6.254668 20 8.327851
3
0 2 5 19.409878 19 5.033958
1 2 15 16.225801 36 17.856179
2 2 37 1.586032 34 3.827959
3
0 2 10 6.344453 47 19.914950
1 2 22 16.159194 45 7.346116
2 2 44 10.619564 10 11.762950
3
0 2 10 7.535417 18 9.299024
1 2 29 5.623971 37 9.850275
2 2 33 8.161380 11 4.084574
3
0 2 10 8.887655 36 13.930964
1 2 24 5.805428 11 10.315954
2 2 15 16.581377 34 11.470250
3
0 2 10 8.770348 42 18.149170
1 2 35 18.141692 33 15.832270
2 2 24 8.321512 42 11.145868
3
0 2 10 12.514558 26 5.175149
1 2 26 9.485127 27 1.024971
2 2 23 9.470353 14 7.935970
3
0 2 15 8.976552 33 5.074819
1 2 46 12.184887 35 4.681183
2 2 32 13.973827 19 18.035569
3
0 2 15 19.109995 38 10.139308
1 2 34 17.864562 42 15.001685
2 2 18 13.675246 30 16.287942
3
0 2 15 5.174869 17 1.330099
1 2 44 4.408657 30 11.614607
2 2 37 8.745456 19 15.568658
3
0 2 15 3.607487 31 3.384257
1 2 21 1.180343 32 8.935391
2 2 40 12.697714 34 15.070042
3
0 2 15 4.063445 47 7.863866
1 2 25 3.378820 41 5.482980
2 2 35 16.614963 38 3.557068
3
0 2 20 6.240158 21 15.195696
1 2 29 15.047464 32 5.139609
2 2 29 13.815708 20 6.783751
3
0 2 20 12.860878 40 17.591879
1 2 39 14.131726 35 13.328270
2 2 27 2.613826 32 1.555382
3
0 2 20 13.845323 43 14.183898
1 2 27 3.332991 45 12.276475
2 2 49 1.577844 31 11.017855
3
0 2 20 9.320548 45 19.000902
1 2 32 2.233822 29 14.708745
2 2 33 6.691359 35 17.143224
3
0 2 20 8.371588 27 1.877983
1 2 39 9.373826 37 18.984374
2 2 45 6.247456 24 2.479582
3
0 2 25 9.511038 39 12.409379
1 2 39 4.476907 37 11.743725
2 2 36 17.616117 32 12.028456
3
0 2 25 2.282323 35 18.310286
1 2 39 7.777512 42 7.824800
2 2 47 8.928451 45 19.558449
3
0 2 25 14.150484 26 11.559323
1 2 45 5.395365 33 3.069138
2 2 38 18.292214 30 12.845392
3
0 2 25 2.397931 44 19.736227
1 2 39 7.568755 38 1.561818
2 2 47 13.331649 25 5.996307
3
0 2 25 10.710035 46 17.639849
1 2 31 19.625138 29 12.806877
2 2 39 9.292600 38 2.698969
3
0 2 30 19.329048 32 8.299911
1 2 36 9.205952 43 16.500594
2 2 45 14.374447 36 14.473055
3
0 2 30 6.904213 45 2.084602
1 2 32 1.507438 40 15.034464
2 2 46 5.257239 41 10.314783
3
0 2 30 8.559675 41 10.641100
1 2 31 3.462108 44 16.590262
2 2 39 11.195695 42 6.829545
3
0 2 30 2.094090 36 6.187353
1 2 48 14.497867 36 13.926576
2 2 42 16.689882 31 14.020137
3
0 2 30 9.960698 33 9.895491
1 2 34 1.696357 43 5.071977
2 2 33 7.320657 45 17.768367
3
0 2 35 9.303124 47 2.678114
1 2 47 1.845619 36 9.106765
2 2 49 10.192181 37 9.744263
3
0 2 35 2.341501 43 19.507057
1 2 42 2.118639 36 6.910271
2 2 43 13.716611 45 10.736106
3
0 2 35 12.577348 36 10.684026
1 2 39 18.663745 37 1.401092
2 2 41 10.913427 36 7.710937
3
0 2 35 16.898869 43 11.509714
1 2 40 12.563481 36 17.183365
2 2 46 12.197696 43 1.516364
3
0 2 35 9.089966 39 11.382211
1 2 48 13.700768 39 12.669535
2 2 43 13.268139 42 9.003797
3
0 2 40 2.571432 41 11.220604
1 2 40 4.013434 44 15.914275
2 2 44 10.034939 49 1.331332
3
0 2 40 19.550091 42 19.870839
1 2 40 10.371239 42 18.578660
2 2 48 12.901674 44 14.943973
3
0 2 40 7.161419 49 5.126756
1 2 48 4.986916 47 11.668683
2 2 47 11.205158 49 9.581362
3
0 2 40 16.557896 42 5.267192
1 2 44 16.941983 43 4.557036
2 2 44 8.192413 41 12.645740
3
0 2 40 11.087890 44 7.756213
1 2 43 18.302458 48 2.534543
2 2 44 4.584770 41 5.714882
3
0 2 45 2.592466 49 5.488845
1 2 47 17.899433 45 5.392115
2 2 47 8.016371 49 2.573684
3
0 2 45 7.640690 49 13.059102
1 2 48 7.493961 49 5.057284
2 2 49 9.080381 46 16.018440
3
0 2 45 8.014464 46 9.508574
1 2 47 9.831510 48 9.831258
2 2 49 9.565574 47 11.721208
3
0 2 45 16.252586 46 19.726774
1 2 49 4.112416 46 1.430485
2 2 47 6.736315 48 6.662623
3
0 2 45 18.531329 49 8.037774
1 2 45 14.768127 48 12.114794
2 2 49 2.230313 48 4.569731
3
0 2 49 11.471744 49 8.017709
1 2 49 18.290036 49 7.400458
2 2 49 6.397560 49 10.800961
3
0 2 49 11.449423 49 13.656780
1 2 49 19.749326 49 3.384418
2 2 49 4.817669 49 19.965895
3
0 2 49 12.361353 49 17.900523
1 2 49 8.711978 49 3.822517
2 2 49 9.767799 49 2.881872
3
0 2 49 4.553509 49 5.839479
1 2 49 12.479145 49 15.493901
2 2 49 16.499758 49 11.690641
0
