50 49
3
0 2 5 13.880104 19 17.013508
1 2 18 13.498857 37 17.071814
2 2 19 6.793380 39 1.897439
3
0 2 5 15.231992 7 16.670122
1 2 30 3.640827 46 14.426478
2 2 15 19.632726 41 14.457740
3
0 2 5 3.950598 36 4.556560
1 2 20 16.126000 37 10.572396
2 2 42 1.720778 11 5.214074
3
0 2 5 13.814940 33 6.204506
1 2 44 4.004851 37 10.393839
2 2 9 19.987246 38 18.813413
3
0 2 5 1.881015 35 3.203483
1 2 6 10.331774 41 8.898370
2 2 17 13.348984 18 18.641194
3
0 2 10 7.123590 49 1.896445
1 2 15 14.189148 43 9.067655
2 2 43 14.992881 11 3.519693
3
0 2 10 8.857483 48 14.503041
1 2 26 5.981414 27 4.149662
2 2 22 11.227183 34 16.979846
3
0 2 10 4.600733 14 19.348074
1 2 48 4.822540 16 8.819308
2 2 14 4.311736 19 3.144485
3
0 2 10 7.174608 23 3.624155
1 2 45 6.078651 14 18.916298
2 2 39 9.578046 20 16.022662
3
0 2 10 6.282355 31 5.811610
1 2 40 1.305851 38 16.157035
2 2 27 17.245553 20 15.837402
3
0 2 15 10.977805 21 11.059727
1 2 28 8.516681 43 5.245783
2 2 47 8.149545 29 19.803217
3
0 2 15 16.737020 31 12.978892
1 2 22 5.434780 49 9.947638
2 2 22 14.312300 45 7.042952
3
0 2 15 7.239520 22 7.332478
1 2 49 12.409186 35 11.225920
2 2 33 4.567088 49 1.492821
3
0 2 15 10.212506 22 7.918622
1 2 24 14.728061 22 19.594512
2 2 32 18.925006 42 5.440451
3
0 2 15 2.394078 21 16.647414
1 2 24 10.916218 28 1.959294
2 2 40 7.810950 21 1.872053
3
0 2 20 1.125091 36 5.514285
1 2 46 6.559455 43 18.598802
2 2 25 11.770908 24 3.059144
3
0 2 20 15.738513 34 11.667457
1 2 34 8.710727 49 8.961706
2 2 48 11.063342 25 16.527884
3
0 2 20 4.352789 34 18.134472
1 2 28 10.651582 20 16.764786
2 2 23 3.694278 37 8.355012
3
0 2 20 8.792486 29 13.201467
1 2 38 19.621061 30 18.037307
2 2 20 11.766688 32 8.048178
3
0 2 20 8.024132 30 3.020250
1 2 23 12.291784 41 15.714574
2 2 35 11.396135 26 3.961617
3
0 2 25 15.892220 42 2.569129
1 2 48 19.376232 44 4.507378
2 2 48 6.051482 33 17.326859
3
0 2 25 3.181253 31 13.558797
1 2 30 16.868077 29 7.466747
2 2 32 5.245400 38 13.643859
3
0 2 25 4.739903 41 18.029271
1 2 36 7.203577 34 3.342318
2 2 42 12.792823 35 14.140215
3
0 2 25 2.810618 27 6.128879
1 2 45 15.593845 49 4.642577
2 2 46 17.882206 35 18.424636
3
0 2 25 8.109281 32 2.708878
1 2 34 15.910034 30 1.741510
2 2 47 6.923357 25 14.197198
3
0 2 30 10.570275 34 1.678818
1 2 31 16.508240 39 14.729477
2 2 34 18.312886 41 9.290955
3
0 2 30 8.369587 46 12.938006
1 2 45 14.661623 36 4.648160
2 2 36 15.300054 32 9.322751
3
0 2 30 7.520738 37 17.705713
1 2 30 1.456002 31 11.481117
2 2 40 13.721501 32 15.372957
3
0 2 30 6.569062 46 19.017582
1 2 39 4.304255 44 14.548853
2 2 36 5.771081 40 7.914395
3
0 2 30 18.195145 41 15.560437
1 2 30 4.619149 39 7.181416
2 2 41 19.096398 49 18.188766
3
0 2 35 18.483576 44 8.106412
1 2 36 7.505080 45 3.966168
2 2 42 4.042051 41 10.038043
3
0 2 35 17.698407 48 14.474315
1 2 49 15.250852 44 15.673322
2 2 38 8.028607 48 2.501449
3
0 2 35 5.202806 45 11.704583
1 2 40 10.745170 36 2.818152
2 2 45 12.946038 37 12.678083
3
0 2 35 16.326212 48 3.558906
1 2 42 18.627345 35 9.128062
2 2 37 18.658584 41 3.387163
3
0 2 35 6.378363 38 5.131122
1 2 36 2.945488 44 14.169326
2 2 39 1.559798 45 7.958630
3
0 2 40 5.440191 46 9.314610
1 2 46 17.687939 47 5.699947
2 2 40 3.014375 44 13.931712
3
0 2 40 15.767922 47 6.415361
1 2 49 16.707748 44 11.150679
2 2 46 10.656669 47 2.828909
3
0 2 40 9.118173 46 6.661415
1 2 43 13.899061 45 6.458074
2 2 49 6.186462 45 16.287453
3
0 2 40 15.261037 43 19.605609
1 2 46 8.414764 42 7.549396
2 2 43 7.037402 44 7.111629
3
0 2 40 19.085963 49 2.873784
1 2 42 19.134036 43 2.875665
2 2 48 12.394416 49 8.510848
3
0 2 45 16.035271 49 19.896132
1 2 46 9.507120 45 9.967658
2 2 48 12.638715 45 7.207741
3
0 2 45 4.739486 48 14.342751
1 2 47 3.016203 49 2.627775
2 2 46 3.322868 45 9.858778
3
0 2 45 8.943273 48 8.295384
1 2 48 4.262496 49 14.408213
2 2 47 18.100592 48 18.813043
3
0 2 45 15.572178 46 9.945915
1 2 48 7.946401 47 1.037249
2 2 46 12.411780 49 13.684032
3
0 2 45 10.793693 47 6.699270
1 2 49 16.287598 46 9.157062
2 2 47 8.980634 48 6.815086
3
0 2 49 12.044836 49 12.533265
1 2 49 12.921396 49 16.475514
2 2 49 17.635354 49 14.766451
3
0 2 49 19.450886 49 14.664641
1 2 49 7.560018 49 18.548494
2 2 49 5.442954 49 15.375828
3
0 2 49 7.454599 49 18.657964
1 2 49 10.142435 49 16.173516
2 2 49 7.241168 49 18.869596
3
0 2 49 13.233065 49 3.106442
1 2 49 14.062636 49 6.738594
2 2 49 11.751949 49 15.803852
0
