50 49
3
0 2 5 17.910070 42 13.833576
1 2 20 15.992862 40 7.395914
2 2 23 12.141358 37 10.997075
3
0 2 5 1.064748 44 12.598998
1 2 18 16.764552 37 6.738679
2 2 7 8.661385 22 2.719386
3
0 2 5 14.530773 45 5.778242
1 2 41 9.846273 17 2.552814
2 2 14 6.639509 33 9.485160
3
0 2 5 17.968817 11 16.676582
1 2 19 1.245586 45 19.312116
2 2 22 13.285797 21 12.014754
3
0 2 5 7.668734 32 9.890774
1 2 31 19.419982 38 3.755593
2 2 41 13.954431 14 1.759185
3
0 2 10 15.672368 42 17.951174
1 2 35 18.542544 19 1.015851
2 2 46 11.300768 37 8.922152
3
0 2 10 9.768512 35 1.206677
1 2 34 12.026022 15 7.831371
2 2 23 1.471273 29 17.224742
3
0 2 10 3.292368 44 15.334549
1 2 16 11.016502 46 10.461308
2 2 39 18.783525 12 17.071192
3
0 2 10 10.401005 22 10.388701
1 2 43 3.406406 35 16.297851
2 2 28 3.318888 32 13.157472
3
0 2 10 4.832382 36 17.782502
1 2 11 11.581822 27 12.283812
2 2 12 7.145192 19 8.533680
3
0 2 15 8.733610 49 10.970871
1 2 23 17.453144 19 4.369738
2 2 25 3.920135 45 8.942016
3
0 2 15 17.260164 30 14.538777
1 2 32 3.394803 27 10.214692
2 2 21 17.617962 25 10.743361
3
0 2 15 19.561392 43 19.196704
1 2 23 6.659107 39 13.851142
2 2 17 14.420216 31 18.787748
3
0 2 15 13.118497 40 11.123046
1 2 24 5.223085 35 10.163917
2 2 30 19.288301 17 13.752687
3
0 2 15 8.182884 33 13.428133
1 2 23 6.330777 47 5.877368
2 2 19 9.255797 35 2.992435
3
0 2 20 10.148148 21 1.066568
1 2 42 7.283031 46 2.345876
2 2 20 14.831123 25 16.262861
3
0 2 20 13.353610 30 11.752200
1 2 45 5.072427 40 5.562732
2 2 38 10.890094 30 15.801659
3
0 2 20 16.738073 46 18.982493
1 2 33 1.730164 26 9.361452
2 2 36 10.810521 31 14.150768
3
0 2 20 4.584517 48 15.840488
1 2 29 3.667593 24 15.419684
2 2 27 4.087746 35 9.758218
3
0 2 20 13.179407 40 4.947183
1 2 32 3.190292 45 9.567694
2 2 31 18.013050 47 9.177732
3
0 2 25 13.321971 35 1.099609
1 2 45 1.872348 27 8.171080
2 2 41 11.471416 28 1.011824
3
0 2 25 4.167510 32 19.011504
1 2 37 12.143870 38 5.642990
2 2 33 15.061007 38 7.346044
3
0 2 25 17.053872 39 15.385377
1 2 27 1.057580 43 13.344179
2 2 49 2.690364 47 7.976388
3
0 2 25 9.927204 40 9.633003
1 2 46 4.189672 32 13.735614
2 2 27 14.660079 49 4.738899
3
0 2 25 1.984497 33 11.241456
1 2 38 13.618607 40 12.226291
2 2 46 16.522226 41 9.424034
3
0 2 30 4.141280 43 3.592663
1 2 42 16.461135 38 3.380149
2 2 39 8.284252 38 9.015991
3
0 2 30 12.734702 35 13.395205
1 2 49 8.655628 37 10.159155
2 2 38 3.105444 48 10.287023
3
0 2 30 17.357950 48 18.333520
1 2 38 16.642662 30 12.196219
2 2 33 18.390471 48 7.983044
3
0 2 30 15.505676 48 19.308660
1 2 45 13.758551 34 19.256341
2 2 49 14.442748 43 5.667902
3
0 2 30 6.624485 47 18.907496
1 2 47 3.310295 43 8.466120
2 2 31 16.033696 39 17.946055
3
0 2 35 6.836195 47 8.360925
1 2 39 19.535793 41 11.972739
2 2 39 9.038326 38 13.510991
3
0 2 35 6.674219 46 8.685446
1 2 47 2.479846 46 16.721343
2 2 41 12.831228 48 3.019191
3
0 2 35 12.659592 37 17.608847
1 2 45 3.456086 46 12.737882
2 2 41 13.463354 38 5.403623
3
0 2 35 18.861481 37 14.455878
1 2 47 16.025448 35 10.357101
2 2 49 12.859242 40 17.195589
3
0 2 35 17.082930 37 2.432603
1 2 49 12.973364 42 3.303066
2 2 39 17.575261 38 17.861520
3
0 2 40 1.199498 44 3.501289
1 2 49 7.998819 41 16.283609
2 2 43 10.133913 40 2.564610
3
0 2 40 11.149031 42 15.154341
1 2 46 3.559811 41 18.738747
2 2 45 10.213037 44 8.032598
3
0 2 40 6.801234 45 17.451619
1 2 49 7.469544 44 17.743559
2 2 48 1.194430 40 10.629854
3
0 2 40 16.946388 45 6.766670
1 2 49 2.843305 48 18.915703
2 2 41 18.400974 49 14.165323
3
0 2 40 4.618009 43 9.912989
1 2 41 19.079134 45 10.656464
2 2 45 15.498513 49 9.467470
3
0 2 45 9.206477 48 19.867996
1 2 49 5.543289 45 5.141742
2 2 47 4.845633 48 2.664216
3
0 2 45 13.457256 47 15.738772
1 2 45 16.080485 46 2.357199
2 2 48 5.454887 49 8.324326
3
0 2 45 4.545679 47 11.769145
1 2 45 1.562645 48 15.747329
2 2 45 6.182950 48 9.130956
3
0 2 45 5.674388 47 12.097224
1 2 49 4.316348 45 17.439462
2 2 46 11.894449 45 8.029063
3
0 2 45 14.396401 49 19.243806
1 2 49 14.297637 47 18.285947
2 2 49 4.674076 46 6.240618
3
0 2 49 15.068999 49 16.383344
1 2 49 12.233262 49 18.605856
2 2 49 9.414303 49 19.699199
3
0 2 49 6.298382 49 19.574496
1 2 49 13.328073 49 6.105243
2 2 49 1.492440 49 5.504354
3
0 2 49 19.224295 49 12.886189
1 2 49 1.063353 49 11.736944
2 2 49 4.532065 49 12.319692
3
0 2 49 9.098657 49 15.867596
1 2 49 18.256504 49 17.475464
2 2 49 6.081915 49 14.893064
0
