50 49
3
0 2 5 5.838944 46 15.410390
1 2 6 18.534026 9 4.062186
2 2 9 1.233030 8 8.138281
3
0 2 5 6.529976 49 2.797331
1 2 9 19.155564 14 18.289234
2 2 25 10.853363 35 5.971929
3
0 2 5 5.382601 37 5.358397
1 2 28 11.959181 34 1.268217
2 2 23 3.339876 18 9.808857
3
0 2 5 8.979552 42 7.893545
1 2 32 17.842366 41 15.049356
2 2 35 5.621493 22 8.578286
3
0 2 5 18.928288 12 3.816305
1 2 30 9.092860 22 7.608869
2 2 32 4.221309 29 7.710719
3
0 2 10 9.991176 47 10.608800
1 2 13 17.074126 24 19.086221
2 2 33 6.704202 11 17.176534
3
0 2 10 5.103450 42 15.973307
1 2 24 1.101547 31 1.806819
2 2 20 16.165682 49 19.781619
3
0 2 10 5.878268 43 6.457872
1 2 14 1.910349 22 10.270953
2 2 32 3.278123 43 14.472582
3
0 2 10 1.895321 29 12.384304
1 2 43 11.248501 29 8.770849
2 2 37 7.646543 16 15.379288
3
0 2 10 15.629331 17 18.225384
1 2 18 17.181888 36 7.670498
2 2 29 3.169190 34 4.562518
3
0 2 15 16.214901 48 9.968981
1 2 43 6.088028 23 8.949234
2 2 27 15.940745 38 12.220963
3
0 2 15 4.122700 32 12.326560
1 2 16 11.481917 42 17.209010
2 2 39 11.348550 20 17.437802
3
0 2 15 2.851351 31 15.359347
1 2 35 6.710566 39 13.837165
2 2 40 18.483133 31 8.954895
3
0 2 15 10.214643 38 5.762788
1 2 21 9.430320 46 13.317892
2 2 29 12.243809 33 13.320225
3
0 2 15 17.379172 36 3.883444
1 2 39 16.782136 29 19.592954
2 2 33 8.817425 21 17.167955
3
0 2 20 9.891922 35 19.928391
1 2 40 14.850980 35 6.488327
2 2 40 7.320443 33 5.830425
3
0 2 20 17.290483 35 13.982001
1 2 22 2.596073 20 2.736669
2 2 32 9.981163 42 8.337213
3
0 2 20 16.855815 47 11.148339
1 2 23 13.099028 34 15.074601
2 2 27 2.483979 33 16.330222
3
0 2 20 1.953063 44 6.854356
1 2 28 13.378623 21 16.903147
2 2 22 6.122774 28 5.242844
3
0 2 20 5.893289 27 6.981219
1 2 22 3.097064 25 14.048415
2 2 39 5.855939 35 1.815171
3
0 2 25 6.816775 47 5.741325
1 2 28 14.921197 27 2.815094
2 2 31 14.986539 41 17.114769
3
0 2 25 13.792169 26 2.731055
1 2 35 13.872935 29 14.245452
2 2 44 5.694554 26 9.871040
3
0 2 25 4.658860 36 19.723674
1 2 48 6.636300 27 18.911154
2 2 45 3.928815 46 5.144214
3
0 2 25 8.445427 40 1.293846
1 2 48 9.267271 45 18.472916
2 2 36 13.189736 45 9.815589
3
0 2 25 8.942581 47 12.956762
1 2 48 9.435059 40 17.970688
2 2 45 16.700821 33 5.107471
3
0 2 30 10.433661 41 6.593649
1 2 48 2.484815 34 9.382823
2 2 36 7.809297 31 3.532853
3
0 2 30 17.804638 40 15.030190
1 2 40 13.341107 39 14.931949
2 2 32 3.040912 42 1.564218
3
0 2 30 1.438271 45 19.579838
1 2 46 18.602057 31 6.741882
2 2 45 8.573199 46 5.001019
3
0 2 30 15.407272 49 14.482546
1 2 48 5.510134 46 14.585118
2 2 44 5.823164 41 12.235281
3
0 2 30 7.037962 32 13.900129
1 2 48 5.294443 40 10.253689
2 2 45 7.543064 32 11.768816
3
0 2 35 10.538461 44 2.164874
1 2 35 17.591340 36 5.563166
2 2 49 1.360390 43 6.407507
3
0 2 35 3.571808 41 2.020281
1 2 36 12.343975 46 18.152843
2 2 46 4.777077 41 2.558127
3
0 2 35 8.984922 47 8.902462
1 2 44 12.074016 43 7.915775
2 2 38 8.512098 39 3.885963
3
0 2 35 3.526503 49 15.066478
1 2 46 5.255499 35 11.698426
2 2 47 3.740760 45 14.549539
3
0 2 35 17.229149 49 15.298138
1 2 38 1.832966 36 14.542944
2 2 47 7.067701 40 10.559578
3
0 2 40 19.213642 49 17.130206
1 2 49 16.908658 45 5.651218
2 2 49 19.751029 44 19.935919
3
0 2 40 7.469106 48 15.542785
1 2 48 10.980455 43 13.578301
2 2 44 12.959465 48 5.072010
3
0 2 40 9.025458 48 14.473957
1 2 43 9.192226 45 7.920437
2 2 41 13.507900 40 16.589901
3
0 2 40 3.599409 42 4.553842
1 2 43 11.418145 45 1.074786
2 2 49 10.432082 45 18.955541
3
0 2 40 1.966742 43 13.206669
1 2 41 18.926337 45 10.387750
2 2 44 8.748720 45 9.529468
3
0 2 45 15.841703 47 16.243931
1 2 48 6.280663 46 17.954215
2 2 47 10.987914 45 5.430942
3
0 2 45 19.570497 46 1.260439
1 2 48 15.846954 45 14.562374
2 2 48 10.220103 49 19.671429
3
0 2 45 2.993950 49 17.648973
1 2 48 8.402550 45 3.312522
2 2 46 3.879968 47 15.521355
3
0 2 45 16.935614 48 1.736944
1 2 46 14.252619 47 10.966938
2 2 45 4.394888 49 19.080150
3
0 2 45 18.814531 47 8.893778
1 2 47 14.327820 48 17.067009
2 2 49 4.441183 48 2.030353
3
0 2 49 10.220832 49 14.222595
1 2 49 4.340546 49 5.356337
2 2 49 15.728336 49 19.531876
3
0 2 49 3.032196 49 2.274731
1 2 49 1.563794 49 4.288181
2 2 49 4.739968 49 3.063671
3
0 2 49 1.638049 49 8.588674
1 2 49 11.892823 49 5.919415
2 2 49 14.273237 49 14.149749
3
0 2 49 8.399239 49 7.224897
1 2 49 14.055003 49 17.682295
2 2 49 3.490005 49 18.220453
0
