50 49
3
0 2 5 5.686104 6 9.226253
1 2 25 5.431110 14 17.413299
2 2 40 14.210195 12 1.219288
3
0 2 5 12.517981 46 4.387431
1 2 20 1.824637 8 18.243409
2 2 18 1.662798 40 18.967453
3
0 2 5 6.915653 22 4.699170
1 2 45 14.822354 25 11.854033
2 2 37 19.826389 30 13.092052
3
0 2 5 11.747975 38 18.003562
1 2 29 2.208563 5 14.167421
2 2 42 15.050793 20 5.737492
3
0 2 5 19.813042 23 17.687828
1 2 46 14.078789 25 5.420060
2 2 6 17.827406 34 6.658879
3
0 2 10 8.058259 16 6.725012
1 2 44 17.803037 18 5.834932
2 2 20 4.252143 36 17.357976
3
0 2 10 5.789550 45 18.193060
1 2 13 10.672955 26 15.905157
2 2 45 15.831611 39 13.516631
3
0 2 10 13.852310 46 4.283808
1 2 35 11.522560 26 3.440117
2 2 47 17.187030 40 14.415563
3
0 2 10 8.339670 22 3.757118
1 2 37 9.591849 34 18.788563
2 2 24 7.944121 32 12.394945
3
0 2 10 7.219457 47 19.686378
1 2 26 10.726499 42 11.061988
2 2 30 5.546928 17 4.871547
3
0 2 15 5.818012 30 16.982900
1 2 38 12.777300 27 14.674897
2 2 44 1.515753 35 15.924088
3
0 2 15 1.562724 30 16.543613
1 2 34 2.195714 17 12.464468
2 2 19 8.154988 36 8.624509
3
0 2 15 3.765982 30 1.044736
1 2 40 10.348730 31 15.102177
2 2 33 6.337712 36 5.906749
3
0 2 15 8.700138 26 1.837841
1 2 35 12.814129 32 14.889476
2 2 16 7.895945 45 18.858513
3
0 2 15 6.695548 21 19.246189
1 2 26 12.519974 25 9.731172
2 2 18 15.431681 24 19.705474
3
0 2 20 9.987315 22 16.106821
1 2 22 15.272576 31 4.453641
2 2 49 19.226388 47 14.624920
3
0 2 20 6.659069 44 7.945894
1 2 35 17.869272 21 19.881331
2 2 27 11.380222 46 18.104088
3
0 2 20 3.134532 33 10.731162
1 2 31 18.331605 35 15.910278
2 2 43 11.987567 38 5.375715
3
0 2 20 6.717706 43 7.660443
1 2 23 5.873793 46 9.070102
2 2 38 5.738014 30 11.469583
3
0 2 20 17.428915 29 3.296841
1 2 41 2.317799 48 1.063830
2 2 36 3.706581 21 9.294946
3
0 2 25 2.718417 28 17.822915
1 2 48 2.546288 37 4.107632
2 2 35 10.870667 37 1.699914
3
0 2 25 1.749466 26 2.595636
1 2 49 18.508352 26 5.593072
2 2 25 18.184446 36 14.934302
3
0 2 25 1.555418 35 16.152625
1 2 30 9.991263 37 13.800652
2 2 31 6.035338 38 5.358948
3
0 2 25 1.683216 46 9.973903
1 2 34 8.954316 37 15.938300
2 2 41 8.779154 43 9.193495
3
0 2 25 17.570355 43 1.525867
1 2 43 10.499190 49 19.254348
2 2 39 2.083820 28 18.075525
3
0 2 30 17.602084 33 3.044037
1 2 45 3.824540 44 2.093616
2 2 49 11.609871 45 2.359834
3
0 2 30 11.298435 45 11.656753
1 2 33 1.302984 36 11.208423
2 2 40 3.486795 47 1.750083
3
0 2 30 1.127430 34 14.492448
1 2 45 11.145497 37 3.257200
2 2 47 8.544491 44 6.692485
3
0 2 30 14.247316 43 18.852678
1 2 46 10.503073 31 12.766075
2 2 39 19.999825 36 6.028142
3
0 2 30 8.312175 41 8.842212
1 2 31 8.684870 45 6.291660
2 2 46 19.530348 38 16.834966
3
0 2 35 3.096368 36 3.773171
1 2 41 1.991481 40 10.716801
2 2 46 4.002080 40 18.305973
3
0 2 35 5.092801 37 4.069449
1 2 35 1.942879 46 14.793052
2 2 40 2.306586 44 18.442429
3
0 2 35 10.384233 38 4.220382
1 2 37 5.874787 48 8.146901
2 2 47 19.587673 38 7.299696
3
0 2 35 14.384834 43 14.325596
1 2 35 6.629155 47 13.259306
2 2 37 13.847737 39 17.237114
3
0 2 35 14.065490 36 16.522051
1 2 49 11.266682 42 11.068609
2 2 38 16.727917 45 11.572945
3
0 2 40 18.184431 48 15.833087
1 2 48 14.834780 45 11.986025
2 2 44 9.628169 49 8.697557
3
0 2 40 8.470012 46 1.206572
1 2 41 16.525970 43 13.056290
2 2 43 2.032487 47 10.980481
3
0 2 40 10.041783 47 9.572170
1 2 46 12.253814 43 5.084010
2 2 47 7.131642 41 7.361934
3
0 2 40 6.190772 45 8.330956
1 2 41 17.097585 47 6.044601
2 2 40 13.165680 41 4.890307
3
0 2 40 12.961993 44 17.322939
1 2 48 13.805065 43 9.606854
2 2 49 8.678844 42 1.083653
3
0 2 45 14.596468 49 11.702636
1 2 46 13.698181 48 12.616223
2 2 47 1.814042 48 4.308210
3
0 2 45 19.211099 48 8.584007
1 2 47 12.013634 46 6.927099
2 2 45 18.298547 48 5.196551
3
0 2 45 13.873256 48 17.946299
1 2 45 3.754788 49 8.706271
2 2 49 1.623416 46 3.650676
3
0 2 45 2.378255 47 15.951080
1 2 46 8.058457 47 8.762907
2 2 48 1.071617 46 5.810719
3
0 2 45 5.232628 47 2.873087
1 2 47 19.425463 48 4.091781
2 2 48 11.408589 46 3.904513
3
0 2 49 9.685274 49 6.623929
1 2 49 7.606596 49 11.405151
2 2 49 7.104424 49 4.843394
3
0 2 49 2.600144 49 10.082487
1 2 49 5.506126 49 13.117983
2 2 49 2.493092 49 6.320290
3
0 2 49 5.296852 49 13.360595
1 2 49 9.956981 49 11.952637
2 2 49 2.756088 49 2.400171
3
0 2 49 14.437183 49 15.235808
1 2 49 3.811416 49 7.409001
2 2 49 4.364670 49 13.884635
0
