50 49
3
0 2 5 13.691260 17 3.654610
1 2 20 13.849105 12 4.870975
2 2 25 9.380766 28 6.764179
3
0 2 5 17.688513 28 10.556186
1 2 19 18.101409 15 8.811814
2 2 31 4.542894 23 8.737682
3
0 2 5 2.165309 42 3.312967
1 2 9 4.941497 49 18.428752
2 2 35 5.586633 34 4.481445
3
0 2 5 17.188518 45 5.628532
1 2 31 9.009868 35 6.311555
2 2 11 18.911378 46 15.142296
3
0 2 5 5.336708 46 3.342960
1 2 21 19.103438 32 17.838800
2 2 33 12.450586 6 10.415885
3
0 2 10 1.707372 48 8.817542
1 2 15 16.927571 45 7.713376
2 2 12 14.795362 46 7.159599
3
0 2 10 15.760120 25 14.756551
1 2 14 10.627966 17 15.912744
2 2 46 8.580730 32 6.997627
3
0 2 10 4.028121 34 10.973242
1 2 12 2.549803 34 1.779780
2 2 27 2.034506 39 2.902243
3
0 2 10 3.831180 45 7.500134
1 2 43 7.537713 19 13.666221
2 2 43 6.586954 27 8.856993
3
0 2 10 15.220795 24 15.011418
1 2 10 3.821729 44 4.493357
2 2 31 8.184173 20 3.396502
3
0 2 15 13.353120 40 14.099107
1 2 38 12.160090 28 1.254217
2 2 18 3.412844 40 15.504597
3
0 2 15 17.904937 25 8.640952
1 2 48 6.646848 25 5.651509
2 2 46 3.004878 35 17.729188
3
0 2 15 13.968014 46 10.498965
1 2 23 11.838516 20 12.304734
2 2 25 19.430843 38 8.272868
3
0 2 15 4.738514 47 7.984586
1 2 19 1.701497 36 11.009698
2 2 30 18.767465 26 15.776164
3
0 2 15 17.417701 20 10.293005
1 2 32 11.353302 35 14.172675
2 2 46 15.660546 29 9.118021
3
0 2 20 9.877945 43 3.676079
1 2 25 3.804740 33 6.004998
2 2 47 14.958054 42 19.060532
3
0 2 20 2.630568 43 12.542053
1 2 47 4.680957 42 15.667895
2 2 35 1.364038 48 14.178989
3
0 2 20 19.421849 45 12.797362
1 2 20 3.030675 33 5.572366
2 2 40 16.915480 43 19.168596
3
0 2 20 17.630861 24 13.165761
1 2 41 11.003411 42 7.638520
2 2 26 1.327477 31 12.056461
3
0 2 20 10.610740 26 3.838937
1 2 48 3.698274 28 10.256015
2 2 36 8.921900 33 13.603379
3
0 2 25 6.798528 49 12.719818
1 2 27 1.154533 25 7.713101
2 2 40 8.921068 39 2.041439
3
0 2 25 8.894602 38 11.068819
1 2 41 2.140802 35 11.556383
2 2 46 7.858603 27 18.528511
3
0 2 25 2.347689 33 15.849783
1 2 43 6.191354 32 9.193073
2 2 46 13.007738 44 12.375307
3
0 2 25 3.124783 26 5.007411
1 2 45 9.311374 47 10.094945
2 2 36 2.353981 34 4.162826
3
0 2 25 16.404320 43 8.422751
1 2 35 17.928911 26 13.808549
2 2 35 5.713221 33 2.323603
3
0 2 30 18.459015 46 10.626969
1 2 33 4.718310 37 10.880936
2 2 49 2.953495 36 19.805264
3
0 2 30 9.254471 49 1.773457
1 2 32 18.915074 37 10.785824
2 2 43 17.979494 38 11.065993
3
0 2 30 16.883421 43 15.482374
1 2 48 16.244720 34 15.120717
2 2 41 3.034063 36 2.904027
3
0 2 30 15.927182 38 18.582732
1 2 49 7.502712 41 5.923178
2 2 47 12.988102 49 8.413601
3
0 2 30 9.136261 46 17.441339
1 2 48 4.888981 35 3.644614
2 2 49 10.950125 48 3.361138
3
0 2 35 4.409947 40 15.040331
1 2 39 16.851779 48 9.045866
2 2 37 10.444332 40 12.768448
3
0 2 35 15.053709 37 12.632568
1 2 38 2.900400 46 17.040154
2 2 45 1.925555 42 14.797738
3
0 2 35 6.209312 46 9.577136
1 2 46 3.424686 41 16.025434
2 2 48 10.535072 44 7.313816
3
0 2 35 17.620098 37 3.260329
1 2 44 3.754738 38 1.092014
2 2 40 10.306840 48 9.600749
3
0 2 35 14.595720 44 8.049911
1 2 37 4.271492 47 14.739811
2 2 38 11.888481 36 18.802897
3
0 2 40 1.167494 45 18.633886
1 2 42 18.692087 44 11.946012
2 2 48 6.561917 43 5.764651
3
0 2 40 16.955868 41 2.503083
1 2 40 15.972416 47 7.626093
2 2 41 7.822896 48 10.418957
3
0 2 40 1.096682 45 2.660079
1 2 47 19.730834 43 6.441579
2 2 40 13.129396 41 4.565612
3
0 2 40 2.107575 44 8.539541
1 2 46 5.836807 44 17.571264
2 2 42 12.919839 47 3.172415
3
0 2 40 5.407833 48 7.345664
1 2 45 3.133154 49 16.313548
2 2 45 15.700890 43 8.909670
3
0 2 45 18.879799 49 12.638861
1 2 47 15.563018 49 17.923983
2 2 47 19.963247 48 4.809331
3
0 2 45 1.005900 47 19.902817
1 2 47 19.979684 49 12.293604
2 2 48 18.840655 45 7.452611
3
0 2 45 8.273927 47 3.080958
1 2 45 14.718037 47 11.108773
2 2 45 16.640535 49 19.108536
3
0 2 45 8.711202 48 16.401010
1 2 47 15.964912 48 5.255901
2 2 45 7.790488 49 9.775175
3
0 2 45 4.360950 46 19.903252
1 2 47 19.397665 48 16.029110
2 2 49 8.888887 45 14.352460
3
0 2 49 17.435914 49 3.274134
1 2 49 1.855468 49 11.626212
2 2 49 15.551938 49 14.093876
3
0 2 49 3.431517 49 6.244699
1 2 49 17.730881 49 7.690199
2 2 49 6.649891 49 11.808927
3
0 2 49 1.962598 49 17.477958
1 2 49 16.304804 49 6.274711
2 2 49 6.203121 49 18.597013
3
0 2 49 2.072990 49 16.882362
1 2 49 5.198327 49 14.829727
2 2 49 9.352816 49 16.890313
0
