50 49
3
0 2 5 18.542918 6 18.220536
1 2 35 13.275832 5 17.777926
2 2 47 2.238483 44 5.379002
3
0 2 5 14.638926 27 4.150338
1 2 45 5.111383 9 15.712981
2 2 6 18.661244 44 18.520494
3
0 2 5 11.479438 41 16.247181
1 2 35 5.682804 30 13.093418
2 2 26 18.931103 41 16.398367
3
0 2 5 6.347162 30 11.758360
1 2 9 5.258918 11 3.890195
2 2 49 12.564988 12 11.325922
3
0 2 5 14.446811 32 1.896277
1 2 16 11.565619 19 17.795392
2 2 20 5.275276 37 16.943566
3
0 2 10 15.530934 21 11.030275
1 2 11 14.646380 14 16.480259
2 2 38 9.278529 30 10.671398
3
0 2 10 16.354035 31 7.818286
1 2 39 19.011680 31 8.873664
2 2 13 11.246010 48 13.269389
3
0 2 10 12.850955 32 2.468819
1 2 41 18.125041 21 16.456710
2 2 46 2.997110 31 19.981333
3
0 2 10 1.194433 32 14.624732
1 2 42 18.573048 45 1.011707
2 2 17 5.648217 32 11.404790
3
0 2 10 2.214299 34 8.922492
1 2 17 18.963183 34 2.284693
2 2 34 11.713725 42 12.985617
3
0 2 15 3.750275 33 11.084359
1 2 15 3.825191 47 8.000273
2 2 39 17.673776 49 7.427228
3
0 2 15 17.648254 27 15.058078
1 2 22 17.054203 44 16.796462
2 2 45 3.002823 48 10.738228
3
0 2 15 17.315876 48 3.130465
1 2 31 13.906657 34 7.195947
2 2 23 13.130373 35 16.384561
3
0 2 15 6.290550 24 3.344322
1 2 19 3.958009 25 17.314787
2 2 28 16.842818 23 15.630805
3
0 2 15 15.942499 39 17.337962
1 2 45 17.080209 19 11.044193
2 2 42 8.846531 30 7.957171
3
0 2 20 6.029879 40 17.358513
1 2 34 8.472918 41 17.874569
2 2 38 9.844131 39 13.542435
3
0 2 20 2.552330 48 8.229159
1 2 44 10.282697 26 19.089612
2 2 23 2.214233 37 2.142806
3
0 2 20 15.904752 36 7.309213
1 2 31 13.149015 36 9.853724
2 2 24 18.791495 31 1.299586
3
0 2 20 12.182369 37 1.713495
1 2 20 15.467870 48 9.377605
2 2 40 5.280801 30 11.223002
3
0 2 20 3.475696 35 11.502208
1 2 41 6.218127 33 12.411754
2 2 48 7.108152 27 19.995593
3
0 2 25 16.839776 28 16.060817
1 2 28 17.645941 29 3.000013
2 2 25 6.008192 26 8.640902
3
0 2 25 7.334062 46 9.425041
1 2 40 9.782373 30 16.604988
2 2 27 13.823172 35 13.257867
3
0 2 25 9.782657 45 16.720222
1 2 28 16.296737 42 18.750875
2 2 26 13.768101 44 5.417125
3
0 2 25 1.970816 38 12.466934
1 2 43 14.778226 30 3.225555
2 2 45 7.651097 31 11.008417
3
0 2 25 10.288893 45 4.736896
1 2 30 7.489215 42 12.853398
2 2 34 6.880678 33 4.832657
3
0 2 30 4.368777 38 8.558986
1 2 49 3.786000 33 17.638403
2 2 46 16.097973 36 17.362361
3
0 2 30 6.964549 35 15.214689
1 2 49 18.185324 31 5.788506
2 2 47 19.629676 34 13.503038
3
0 2 30 19.559908 48 7.054444
1 2 46 12.575714 31 19.165839
2 2 49 18.051879 33 7.287724
3
0 2 30 6.632896 41 16.183859
1 2 46 10.514822 48 12.172427
2 2 48 5.990034 31 18.827748
3
0 2 30 11.894732 44 14.000835
1 2 31 4.195355 30 6.609310
2 2 37 4.023147 39 10.960072
3
0 2 35 9.348917 44 8.936211
1 2 39 2.054022 44 14.989591
2 2 46 18.432591 35 11.780840
3
0 2 35 19.474394 38 8.241233
1 2 36 3.838871 39 14.826971
2 2 37 8.989646 40 19.918850
3
0 2 35 8.506495 42 1.936468
1 2 46 9.480186 38 8.367342
2 2 39 10.745214 45 4.342306
3
0 2 35 1.657294 42 15.648215
1 2 35 8.668747 36 15.447949
2 2 38 9.357384 47 6.212676
3
0 2 35 8.153456 40 4.390106
1 2 36 19.289046 49 12.661718
2 2 37 12.363678 44 5.953598
3
0 2 40 4.257824 42 13.189049
1 2 48 12.530389 46 17.234360
2 2 49 16.788748 43 2.855506
3
0 2 40 16.734965 46 1.947591
1 2 42 19.681442 45 3.970895
2 2 43 10.598792 45 1.086414
3
0 2 40 3.408652 47 13.348584
1 2 45 16.347376 49 17.073980
2 2 41 6.459623 43 4.255784
3
0 2 40 16.127688 49 17.252205
1 2 40 9.672482 47 6.864509
2 2 44 3.939074 45 1.171100
3
0 2 40 16.381668 43 2.802529
1 2 47 19.295816 45 19.384717
2 2 49 6.511078 44 17.740188
3
0 2 45 16.876742 49 1.022639
1 2 49 12.278392 48 12.800995
2 2 46 7.680858 49 13.470342
3
0 2 45 7.980023 48 12.979962
1 2 48 14.716178 49 18.564926
2 2 48 11.655896 45 14.739844
3
0 2 45 19.931127 48 2.756186
1 2 49 14.861033 46 1.088002
2 2 45 18.651063 48 17.479712
3
0 2 45 14.207285 46 3.951215
1 2 48 11.483816 45 8.608718
2 2 45 10.498801 46 1.508816
3
0 2 45 11.040451 47 13.249408
1 2 45 13.939790 46 12.646983
2 2 47 7.844807 48 11.868718
3
0 2 49 15.503258 49 5.292904
1 2 49 12.248632 49 10.926792
2 2 49 11.216540 49 16.900635
3
0 2 49 16.748591 49 12.700694
1 2 49 14.117917 49 18.257200
2 2 49 4.785016 49 10.460697
3
0 2 49 1.356232 49 5.862998
1 2 49 16.582038 49 12.216963
2 2 49 13.912310 49 12.888594
3
0 2 49 6.770015 49 18.445880
1 2 49 12.449536 49 18.178225
2 2 49 15.568784 49 4.668854
0
