50 49
3
0 2 5 18.842082 15 9.914098
1 2 27 17.609633 20 19.345800
2 2 41 11.451634 21 7.821272
3
0 2 5 14.181735 43 13.701357
1 2 48 1.759907 49 6.518281
2 2 12 14.715975 34 11.288201
3
0 2 5 11.778235 23 6.932198
1 2 15 19.134986 6 11.792017
2 2 8 15.226911 40 11.701952
3
0 2 5 5.706227 23 1.037496
1 2 39 10.330287 19 4.699135
2 2 19 3.293418 33 12.137138
3
0 2 5 14.541978 46 18.201890
1 2 46 12.535199 22 12.089458
2 2 41 10.310880 22 8.957360
3
0 2 10 16.268261 35 17.569626
1 2 13 18.729908 25 3.838592
2 2 28 1.212599 49 15.773010
3
0 2 10 9.273297 13 9.739896
1 2 29 17.724553 33 14.339696
2 2 27 6.147670 48 12.120732
3
0 2 10 10.155529 48 15.730481
1 2 36 10.587190 31 7.627940
2 2 23 2.424765 48 3.064751
3
0 2 10 18.507197 34 5.096652
1 2 13 8.374970 10 14.684412
2 2 40 8.299305 29 13.800375
3
0 2 10 19.022792 25 6.561011
1 2 38 6.170549 32 9.304026
2 2 16 12.430210 29 10.476738
3
0 2 15 16.721577 16 9.830249
1 2 39 13.412572 23 7.029975
2 2 25 13.548151 19 6.486698
3
0 2 15 12.748254 39 5.886243
1 2 21 14.840243 18 1.150398
2 2 38 4.525033 41 17.034448
3
0 2 15 19.604890 30 4.905260
1 2 48 8.608110 23 9.283445
2 2 15 4.067359 28 14.265219
3
0 2 15 6.435165 38 6.200492
1 2 16 15.457165 18 5.968636
2 2 24 2.239662 27 9.844812
3
0 2 15 4.671640 23 4.161416
1 2 35 15.938476 38 19.206320
2 2 18 4.414176 29 15.043968
3
0 2 20 8.943885 26 5.248292
1 2 41 1.362301 22 4.170894
2 2 45 13.808465 25 6.460042
3
0 2 20 13.993144 21 13.179900
1 2 37 16.842173 30 18.614897
2 2 37 15.222258 40 2.515940
3
0 2 20 9.058930 28 6.503464
1 2 26 1.303093 23 3.544869
2 2 44 12.647981 35 6.295021
3
0 2 20 3.026147 47 11.227916
1 2 30 3.819860 40 10.038775
2 2 40 2.701957 35 10.751065
3
0 2 20 15.301671 29 8.292548
1 2 42 4.028338 35 10.147987
2 2 33 14.380329 38 14.856213
3
0 2 25 8.757250 31 13.485707
1 2 38 8.129030 47 7.983208
2 2 41 15.949572 46 10.730252
3
0 2 25 12.901835 42 6.909314
1 2 35 16.863510 47 1.059054
2 2 36 19.573409 30 18.792079
3
0 2 25 17.626234 27 6.531660
1 2 28 19.011701 37 6.094244
2 2 32 14.110911 42 7.007625
3
0 2 25 9.131487 32 4.538417
1 2 37 2.396627 28 17.678186
2 2 29 18.739685 42 19.148485
3
0 2 25 10.446496 26 14.940290
1 2 45 7.859635 36 2.197098
2 2 49 8.483562 36 8.172153
3
0 2 30 15.092496 33 1.035481
1 2 46 15.993812 39 1.419916
2 2 45 15.671199 49 12.560813
3
0 2 30 2.356952 47 8.918536
1 2 46 9.551597 40 4.600140
2 2 49 4.543439 48 18.609742
3
0 2 30 17.834395 40 7.834164
1 2 46 13.116754 49 7.107135
2 2 48 5.020810 37 10.624927
3
0 2 30 5.313986 46 19.220846
1 2 36 5.083662 46 19.738150
2 2 32 6.493502 44 1.124567
3
0 2 30 1.504338 35 12.117501
1 2 31 16.313243 37 2.563795
2 2 38 19.382542 49 8.873947
3
0 2 35 17.825675 49 15.651739
1 2 38 4.328493 37 13.101269
2 2 46 12.213697 35 13.477078
3
0 2 35 14.409100 45 9.922289
1 2 39 9.513728 35 10.607305
2 2 39 15.925745 36 6.864982
3
0 2 35 14.024738 41 4.124971
1 2 39 12.561079 46 17.186196
2 2 44 1.459202 41 15.076587
3
0 2 35 10.011898 39 8.098736
1 2 37 19.670396 45 7.315610
2 2 42 10.714096 37 10.987194
3
0 2 35 2.517322 43 2.233647
1 2 39 13.705539 42 5.610767
2 2 46 17.158296 41 19.150383
3
0 2 40 5.022421 42 2.762659
1 2 48 15.394243 46 5.952011
2 2 43 13.731150 45 4.762813
3
0 2 40 12.874724 45 3.316836
1 2 45 6.657702 40 13.483416
2 2 45 17.233378 42 15.450571
3
0 2 40 17.360076 48 17.380644
1 2 41 18.580007 46 17.123040
2 2 45 9.782190 49 11.188151
3
0 2 40 11.408705 46 17.297462
1 2 43 12.324950 46 12.294017
2 2 42 16.514393 45 14.748562
3
0 2 40 19.191620 45 10.787492
1 2 42 18.990676 49 11.012166
2 2 48 9.567849 47 1.137859
3
0 2 45 14.424754 47 13.346423
1 2 49 1.700860 48 14.120701
2 2 49 11.947880 48 4.335902
3
0 2 45 13.994490 49 13.165439
1 2 49 11.515036 46 17.751538
2 2 46 18.421560 49 12.035280
3
0 2 45 18.193895 48 3.391857
1 2 45 16.639137 46 18.783591
2 2 45 4.503649 47 13.541661
3
0 2 45 4.569693 47 2.948685
1 2 47 15.721117 48 1.235951
2 2 49 16.399001 45 19.417414
3
0 2 45 4.390892 46 10.342991
1 2 46 16.950060 49 17.894676
2 2 46 15.086689 47 3.259527
3
0 2 49 2.300308 49 4.759415
1 2 49 18.778285 49 8.238530
2 2 49 14.713899 49 7.809219
3
0 2 49 14.409896 49 9.558880
1 2 49 9.471714 49 15.692447
2 2 49 7.502873 49 16.342295
3
0 2 49 19.712359 49 18.700559
1 2 49 6.105703 49 11.533220
2 2 49 3.623595 49 17.797235
3
0 2 49 7.495795 49 16.200167
1 2 49 2.226919 49 12.119063
2 2 49 16.713116 49 15.485294
0
