50 49
3
0 2 5 6.975954 23 10.334513
1 2 46 5.051251 31 14.311527
2 2 18 2.682651 37 15.891507
3
0 2 5 9.154234 30 16.851960
1 2 26 19.479845 36 5.302212
2 2 41 5.064930 48 15.780933
3
0 2 5 9.008703 33 18.055761
1 2 45 12.510625 5 13.323036
2 2 19 11.670018 39 13.524638
3
0 2 5 17.500689 42 6.256442
1 2 20 8.497826 40 6.792511
2 2 48 1.828128 30 3.443200
3
0 2 5 5.163184 6 17.190571
1 2 9 3.126885 44 10.862723
2 2 44 8.683383 6 7.115343
3
0 2 10 17.203007 14 14.191786
1 2 36 8.422342 26 9.691724
2 2 29 18.590374 44 18.097867
3
0 2 10 3.725727 44 7.459710
1 2 49 9.154568 18 8.813081
2 2 38 7.192322 18 11.507375
3
0 2 10 10.536197 21 16.290457
1 2 10 2.140322 25 12.632439
2 2 38 5.166524 35 15.131088
3
0 2 10 7.056801 42 6.872820
1 2 27 13.613308 19 11.180197
2 2 36 17.029907 12 5.965425
3
0 2 10 3.557534 41 10.338792
1 2 16 13.962817 31 14.901399
2 2 23 1.035269 33 10.454537
3
0 2 15 16.031037 23 8.694311
1 2 31 13.272478 22 15.273409
2 2 42 1.324589 21 5.949064
3
0 2 15 10.941218 24 15.880090
1 2 41 13.914871 46 15.085926
2 2 49 17.231405 35 12.997058
3
0 2 15 4.771032 40 13.759699
1 2 48 9.173170 49 3.475704
2 2 28 12.085090 44 3.390926
3
0 2 15 19.326578 30 19.359900
1 2 20 1.586843 21 12.077403
2 2 31 16.930727 40 7.474392
3
0 2 15 3.709625 44 19.336685
1 2 36 17.874914 28 19.133817
2 2 34 18.136920 27 18.870276
3
0 2 20 1.574468 37 4.174094
1 2 42 3.272170 26 14.160216
2 2 41 2.883043 36 2.761884
3
0 2 20 13.672442 30 10.100305
1 2 48 19.107731 20 5.818255
2 2 41 15.129593 26 2.722470
3
0 2 20 13.211038 24 2.362186
1 2 24 15.393334 32 6.731913
2 2 29 7.939150 23 19.447189
3
0 2 20 3.655641 28 18.288350
1 2 21 18.634634 37 9.001658
2 2 25 1.586843 24 14.461045
3
0 2 20 19.827165 44 2.673491
1 2 48 1.789487 41 6.112963
2 2 30 19.435481 43 19.771907
3
0 2 25 2.439065 43 3.947347
1 2 47 8.035045 39 14.421657
2 2 28 4.852759 29 17.053219
3
0 2 25 6.690192 45 19.058121
1 2 34 19.896405 40 16.753897
2 2 28 2.635034 31 6.511014
3
0 2 25 17.538325 29 1.176396
1 2 34 2.710665 49 4.850298
2 2 45 8.486381 44 10.038240
3
0 2 25 9.997121 42 10.385744
1 2 41 13.593933 35 8.049831
2 2 29 10.136995 38 3.015279
3
0 2 25 16.293298 26 14.701032
1 2 26 4.726094 45 11.044486
2 2 28 12.028924 32 15.199158
3
0 2 30 17.394395 36 12.093289
1 2 39 14.931868 47 16.545217
2 2 35 12.400827 32 6.449913
3
0 2 30 5.099319 34 10.202820
1 2 39 10.375788 37 19.464017
2 2 47 6.754639 35 5.074241
3
0 2 30 4.568891 33 4.015053
1 2 33 14.223327 31 2.264401
2 2 36 5.076425 46 11.569902
3
0 2 30 6.270419 43 7.132544
1 2 38 10.342087 45 15.062546
2 2 46 12.731357 48 4.142425
3
0 2 30 18.389641 33 11.973812
1 2 37 7.234117 31 6.478643
2 2 41 3.894315 44 5.847493
3
0 2 35 7.901410 40 14.972699
1 2 40 10.141457 37 5.283813
2 2 38 13.019662 43 2.732290
3
0 2 35 18.748318 40 19.725988
1 2 44 11.433528 38 3.933082
2 2 36 8.556301 41 13.595881
3
0 2 35 1.312384 39 1.466694
1 2 38 13.256465 45 12.298477
2 2 44 8.151305 46 19.143758
3
0 2 35 13.206499 46 14.293517
1 2 38 9.492113 35 17.946712
2 2 49 14.866700 36 19.350006
3
0 2 35 11.479994 42 11.668866
1 2 37 13.516783 43 12.042749
2 2 46 12.663084 47 9.295537
3
0 2 40 4.770805 47 11.775761
1 2 41 13.676890 42 8.044843
2 2 44 3.296852 42 13.582828
3
0 2 40 4.876644 42 2.905648
1 2 43 4.404120 47 15.028344
2 2 49 7.660715 42 8.307286
3
0 2 40 15.016196 45 16.135189
1 2 41 11.004613 40 16.186558
2 2 42 1.607472 47 2.896313
3
0 2 40 13.841688 43 3.599341
1 2 46 17.400056 45 17.148203
2 2 42 4.667637 43 13.296669
3
0 2 40 9.866181 46 2.114502
1 2 44 13.003717 47 8.021975
2 2 48 6.535495 45 18.038359
3
0 2 45 11.051853 47 6.806608
1 2 47 14.772236 46 17.274368
2 2 48 9.189942 47 14.595762
3
0 2 45 5.746695 46 15.619720
1 2 48 19.660899 49 8.480617
2 2 45 5.096440 49 8.868870
3
0 2 45 18.965008 47 4.396769
1 2 49 19.794485 48 1.606321
2 2 49 2.419507 47 18.227049
3
0 2 45 1.465890 49 11.605122
1 2 46 1.902145 45 10.937725
2 2 45 3.000573 46 19.681794
3
0 2 45 8.048464 46 10.517169
1 2 49 12.130581 48 5.867920
2 2 46 14.911667 49 18.632392
3
0 2 49 14.210005 49 15.236539
1 2 49 13.444439 49 9.003715
2 2 49 14.487392 49 18.613174
3
0 2 49 10.046385 49 10.146680
1 2 49 8.106979 49 12.234371
2 2 49 8.021409 49 9.846773
3
0 2 49 4.953452 49 17.292397
1 2 49 16.362952 49 6.868082
2 2 49 13.850127 49 17.774664
3
0 2 49 9.666812 49 18.747798
1 2 49 9.250889 49 13.106368
2 2 49 1.924249 49 3.155642
0
