50 49
3
0 2 5 7.307152 49 2.014945
1 2 21 19.564281 45 13.429447
2 2 10 4.050255 15 17.379196
3
0 2 5 10.064417 46 6.628827
1 2 38 14.140621 33 12.201410
2 2 8 17.864983 13 11.782267
3
0 2 5 7.952084 48 2.604815
1 2 46 4.054508 16 11.079596
2 2 13 9.412233 47 3.821740
3
0 2 5 2.891414 46 11.776396
1 2 14 19.323990 37 7.084920
2 2 35 11.257282 45 4.671959
3
0 2 5 8.676431 7 2.850916
1 2 40 4.400027 12 5.436057
2 2 11 12.078690 18 4.060363
3
0 2 10 14.431216 41 2.997366
1 2 47 11.602564 26 19.859624
2 2 20 2.785632 39 13.711656
3
0 2 10 19.777808 46 14.340607
1 2 42 6.098671 30 5.504641
2 2 36 6.016080 46 5.584270
3
0 2 10 7.119296 40 7.402873
1 2 38 6.741518 15 8.074009
2 2 18 8.919395 24 11.951650
3
0 2 10 1.010498 20 9.871707
1 2 49 1.596531 47 16.657297
2 2 18 19.704260 38 19.043427
3
0 2 10 14.328704 25 9.983150
1 2 14 16.063349 27 6.946441
2 2 40 19.558399 10 8.224914
3
0 2 15 15.946154 24 11.047366
1 2 33 2.317998 23 17.357736
2 2 48 7.289992 45 16.076472
3
0 2 15 9.661708 16 6.625602
1 2 48 12.767410 18 17.640642
2 2 48 7.298572 36 10.225533
3
0 2 15 9.706859 30 19.090690
1 2 33 14.303591 40 11.498358
2 2 47 10.785359 28 19.981639
3
0 2 15 12.889323 30 11.006156
1 2 39 1.497469 37 10.652029
2 2 42 3.335079 30 17.676198
3
0 2 15 12.402646 19 18.090631
1 2 33 9.008498 49 10.859348
2 2 16 1.067050 40 8.870774
3
0 2 20 8.358417 26 2.449096
1 2 41 12.457298 34 18.296290
2 2 36 19.877843 42 2.736065
3
0 2 20 11.102895 48 5.427590
1 2 20 10.233090 48 1.134191
2 2 44 17.058462 22 13.245866
3
0 2 20 11.651477 23 16.076328
1 2 36 19.317794 39 19.601155
2 2 20 18.849564 21 14.159425
3
0 2 20 11.608763 49 12.489690
1 2 23 2.305898 45 6.135022
2 2 20 17.488741 22 17.032514
3
0 2 20 14.280713 33 5.797537
1 2 43 15.089373 44 15.794753
2 2 21 19.308423 26 9.847006
3
0 2 25 8.423132 36 5.694994
1 2 42 13.607963 40 5.972945
2 2 46 1.003522 44 3.096966
3
0 2 25 16.232201 46 9.771921
1 2 39 9.568518 44 18.361229
2 2 29 9.416620 34 3.344006
3
0 2 25 11.475537 39 8.156136
1 2 45 18.519323 46 6.597261
2 2 49 2.063966 42 3.554317
3
0 2 25 19.247062 27 1.422137
1 2 32 1.867167 27 9.764611
2 2 25 13.248616 41 15.638278
3
0 2 25 8.538112 49 12.152139
1 2 42 12.002143 27 10.887303
2 2 49 2.167568 37 12.892199
3
0 2 30 8.509119 47 19.023480
1 2 30 7.954658 49 15.184314
2 2 37 14.853379 32 17.692775
3
0 2 30 4.961071 43 8.750043
1 2 44 8.895461 46 8.757257
2 2 36 14.287853 45 15.388627
3
0 2 30 12.062674 38 13.698616
1 2 46 11.759951 44 1.135470
2 2 44 8.124119 40 7.897747
3
0 2 30 17.660925 47 17.719958
1 2 39 10.238061 45 16.235863
2 2 31 16.601301 37 15.689449
3
0 2 30 2.312982 42 1.866677
1 2 37 12.987496 38 5.860624
2 2 35 2.798795 31 14.153663
3
0 2 35 3.776611 41 12.284418
1 2 35 17.800485 36 1.773945
2 2 38 8.937068 40 4.551656
3
0 2 35 11.161609 41 19.632798
1 2 35 11.499823 45 2.840446
2 2 38 17.855203 35 3.747830
3
0 2 35 4.008022 47 1.474507
1 2 43 17.729840 45 16.132335
2 2 36 1.111069 46 14.114438
3
0 2 35 3.238486 44 12.381440
1 2 35 15.214999 38 8.744611
2 2 47 4.360923 42 1.553116
3
0 2 35 12.886063 37 18.768797
1 2 36 4.065568 46 10.817625
2 2 36 7.840587 45 4.371299
3
0 2 40 4.801147 46 17.051484
1 2 49 5.938882 44 1.865691
2 2 46 4.666019 47 7.854935
3
0 2 40 9.347519 41 6.656708
1 2 40 17.152108 41 4.776178
2 2 41 11.759287 47 13.656242
3
0 2 40 11.036669 42 12.171725
1 2 42 5.708267 45 18.010101
2 2 43 7.347409 42 6.364475
3
0 2 40 5.653254 42 16.125281
1 2 40 10.110280 43 6.684004
2 2 45 5.206656 41 13.503213
3
0 2 40 2.152468 43 8.498609
1 2 43 10.785548 45 10.635957
2 2 45 16.180077 48 4.371509
3
0 2 45 18.156863 47 4.763966
1 2 49 3.471319 48 10.063564
2 2 49 6.323982 45 16.096326
3
0 2 45 14.073380 49 12.762113
1 2 46 10.187793 49 2.577781
2 2 47 10.092090 48 7.756663
3
0 2 45 8.019090 46 5.240339
1 2 48 5.501916 46 12.773409
2 2 49 15.589822 47 8.987704
3
0 2 45 7.414641 47 6.750444
1 2 49 1.967503 48 14.797043
2 2 45 8.361337 46 13.179031
3
0 2 45 18.804315 47 12.908529
1 2 46 6.662354 49 14.186959
2 2 49 13.928280 48 15.068461
3
0 2 49 19.965953 49 12.612316
1 2 49 12.323462 49 4.282467
2 2 49 17.201802 49 13.479248
3
0 2 49 16.886332 49 11.677284
1 2 49 10.065238 49 2.377247
2 2 49 13.348558 49 16.107185
3
0 2 49 18.979242 49 15.137889
1 2 49 10.522747 49 9.937386
2 2 49 14.030028 49 2.148600
3
0 2 49 10.051910 49 4.637117
1 2 49 14.274998 49 16.664603
2 2 49 11.286568 49 18.952530
0
