50 49
3
0 2 5 4.276388 15 10.635550
1 2 39 7.562389 46 8.735582
2 2 24 10.758082 32 12.710154
3
0 2 5 4.482142 36 8.366793
1 2 15 8.934501 12 10.728119
2 2 5 1.551244 19 18.214395
3
0 2 5 8.842752 7 7.687788
1 2 23 4.221649 11 18.717093
2 2 13 19.976787 49 17.994720
3
0 2 5 5.368112 21 7.911243
1 2 14 15.043370 43 2.146569
2 2 49 16.881420 41 18.557779
3
0 2 5 10.973450 39 4.224888
1 2 36 9.114273 17 10.315478
2 2 33 3.985819 21 4.539932
3
0 2 10 6.144343 18 16.062149
1 2 30 1.408849 45 17.883562
2 2 32 18.282490 21 3.800656
3
0 2 10 18.879364 26 6.210090
1 2 29 8.836408 10 5.158908
2 2 43 11.122830 33 18.121508
3
0 2 10 2.564608 40 19.028249
1 2 20 2.409875 45 7.769949
2 2 22 4.632118 43 18.452701
3
0 2 10 16.371161 19 4.649736
1 2 49 10.795736 36 12.308976
2 2 16 2.055006 24 19.407589
3
0 2 10 10.306765 32 19.346489
1 2 10 16.529893 43 9.221494
2 2 40 16.281276 31 1.948367
3
0 2 15 10.841272 44 12.830671
1 2 22 14.512748 16 10.508180
2 2 29 10.223151 28 12.421190
3
0 2 15 9.175291 21 1.148756
1 2 38 5.581028 45 19.920649
2 2 48 2.582819 34 13.150638
3
0 2 15 1.849585 30 5.499320
1 2 33 15.746658 17 15.667902
2 2 15 17.432033 47 8.230240
3
0 2 15 14.114439 33 2.650601
1 2 23 13.690728 42 14.555786
2 2 48 2.449693 31 15.542130
3
0 2 15 2.544677 48 17.081098
1 2 17 10.601875 42 5.553609
2 2 28 18.979219 39 16.538107
3
0 2 20 11.235448 47 9.466566
1 2 41 9.284293 45 7.625508
2 2 27 14.491846 49 6.340844
3
0 2 20 15.443921 25 5.004802
1 2 40 4.725517 47 17.457580
2 2 27 10.760523 39 12.075909
3
0 2 20 9.013001 40 18.494941
1 2 38 5.050146 26 10.730561
2 2 37 13.528118 26 16.563468
3
0 2 20 14.511640 36 12.320522
1 2 26 1.829302 42 7.628354
2 2 49 19.195200 35 2.395110
3
0 2 20 10.413308 43 17.141001
1 2 43 5.437402 38 19.480428
2 2 35 7.218997 33 9.047458
3
0 2 25 12.105195 31 17.173386
1 2 34 7.801034 39 12.616000
2 2 38 5.038452 29 6.791915
3
0 2 25 14.126288 29 3.996750
1 2 30 1.519901 27 14.215439
2 2 47 2.859675 36 16.244344
3
0 2 25 7.097332 27 7.070573
1 2 32 8.756525 39 16.062069
2 2 40 9.702276 39 14.853279
3
0 2 25 2.003639 45 7.674900
1 2 44 16.264716 42 5.679308
2 2 39 3.294448 31 2.296142
3
0 2 25 9.695949 44 6.000829
1 2 35 5.533462 30 2.270993
2 2 45 11.508779 42 2.619603
3
0 2 30 16.462903 32 9.895737
1 2 48 7.380610 36 16.992448
2 2 42 14.107227 44 19.299771
3
0 2 30 13.391249 46 16.552697
1 2 48 15.723110 36 18.526336
2 2 36 3.886892 49 11.707461
3
0 2 30 17.181017 46 1.743146
1 2 47 8.960207 40 2.128126
2 2 46 9.866952 41 11.178077
3
0 2 30 16.455353 45 4.261210
1 2 36 5.846329 30 1.760380
2 2 36 7.792815 31 7.162077
3
0 2 30 7.687370 39 4.823936
1 2 40 16.837595 46 9.879566
2 2 31 19.129677 49 3.806960
3
0 2 35 15.412632 42 5.631656
1 2 42 8.055335 37 1.670506
2 2 43 17.878728 44 19.087048
3
0 2 35 4.893478 38 10.061045
1 2 45 2.194733 36 8.629919
2 2 41 11.176940 43 3.871859
3
0 2 35 5.211444 42 19.511636
1 2 46 3.630315 43 17.220060
2 2 42 12.698853 44 6.265292
3
0 2 35 2.787594 49 14.066035
1 2 43 19.617506 47 17.701762
2 2 48 18.100089 38 15.899139
3
0 2 35 12.634765 49 17.982734
1 2 44 8.760210 42 8.164916
2 2 46 1.818748 35 10.456076
3
0 2 40 8.482332 49 19.717808
1 2 49 14.668641 45 4.789399
2 2 43 15.191349 40 12.752167
3
0 2 40 5.777668 43 2.040681
1 2 46 17.004732 48 10.328173
2 2 41 7.321646 45 7.491951
3
0 2 40 19.299477 41 12.885995
1 2 43 18.071689 49 1.194653
2 2 48 3.901661 41 2.168135
3
0 2 40 11.734288 47 17.023619
1 2 45 12.216531 41 4.130255
2 2 44 19.237789 40 4.461642
3
0 2 40 18.116259 45 15.969133
1 2 42 9.582914 44 2.230991
2 2 44 13.961221 45 2.980299
3
0 2 45 14.513074 47 18.052393
1 2 47 10.444107 46 19.249942
2 2 48 2.723429 46 2.665847
3
0 2 45 15.711414 46 1.866018
1 2 48 11.783107 46 7.205639
2 2 49 6.633012 48 9.701209
3
0 2 45 4.781990 49 13.014193
1 2 46 15.687706 47 1.735136
2 2 46 6.939499 49 13.933886
3
0 2 45 3.954563 46 1.353878
1 2 46 13.421905 45 14.918967
2 2 45 6.140217 49 16.662410
3
0 2 45 1.672732 49 9.262729
1 2 49 5.608170 45 2.641256
2 2 48 10.350872 46 12.297964
3
0 2 49 3.338300 49 10.746712
1 2 49 18.437217 49 12.708506
2 2 49 6.842762 49 18.221916
3
0 2 49 6.582196 49 5.333097
1 2 49 15.068318 49 8.123305
2 2 49 6.515401 49 10.814684
3
0 2 49 9.801519 49 17.518364
1 2 49 7.294147 49 3.975069
2 2 49 19.727818 49 9.166394
3
0 2 49 3.398057 49 15.328715
1 2 49 9.713717 49 12.309326
2 2 49 7.928160 49 18.729545
0
