50 49
3
0 2 5 13.427488 41 1.966173
1 2 5 19.211913 49 1.785229
2 2 24 4.066285 27 14.298184
3
0 2 5 13.927020 15 8.053909
1 2 14 12.802481 49 3.265267
2 2 16 16.554340 41 11.237655
3
0 2 5 14.484710 10 18.587052
1 2 15 5.372145 44 13.951489
2 2 20 18.384629 41 9.360558
3
0 2 5 2.126909 39 8.065626
1 2 46 12.353999 41 14.164323
2 2 11 11.019915 18 2.765645
3
0 2 5 14.370754 17 4.185751
1 2 28 13.728493 25 6.142800
2 2 20 17.241748 23 11.134650
3
0 2 10 1.329409 25 18.748507
1 2 46 9.875181 19 7.407592
2 2 45 8.220591 40 3.771732
3
0 2 10 16.649790 39 2.659562
1 2 35 3.276878 17 14.029534
2 2 41 14.563013 14 18.020279
3
0 2 10 14.473511 45 1.161498
1 2 41 13.316305 45 7.331086
2 2 46 18.102317 42 19.117017
3
0 2 10 2.139497 39 15.326726
1 2 37 4.999924 29 11.402146
2 2 27 2.840578 48 16.005518
3
0 2 10 17.973517 44 7.820626
1 2 47 6.955965 48 18.407350
2 2 46 7.037267 48 16.605811
3
0 2 15 13.077197 24 8.268072
1 2 38 17.227320 21 10.375157
2 2 29 3.853430 40 18.508993
3
0 2 15 3.353644 17 2.140737
1 2 44 12.835113 21 4.619436
2 2 46 1.102561 49 10.261211
3
0 2 15 16.299243 42 15.913323
1 2 16 8.661329 26 2.203735
2 2 17 8.699079 48 9.430694
3
0 2 15 18.224182 33 6.684761
1 2 15 1.854957 40 6.956992
2 2 22 9.824456 39 17.868599
3
0 2 15 3.668371 21 12.099524
1 2 44 19.104757 47 8.169702
2 2 20 6.855680 29 1.424886
3
0 2 20 3.118012 45 16.671481
1 2 39 7.323079 29 15.902879
2 2 27 13.462367 39 16.986986
3
0 2 20 15.675077 34 1.622117
1 2 49 9.628582 28 14.646420
2 2 22 17.345233 36 18.606480
3
0 2 20 1.182091 37 8.618570
1 2 44 8.940392 49 8.127075
2 2 23 9.743403 40 15.533945
3
0 2 20 8.839650 23 14.676382
1 2 38 18.483405 25 18.414159
2 2 38 2.780358 27 11.880040
3
0 2 20 12.464808 34 7.826374
1 2 44 13.568786 40 15.331655
2 2 30 13.255117 46 7.354683
3
0 2 25 5.109997 42 14.775673
1 2 44 5.617273 46 9.548029
2 2 29 18.221158 31 15.755023
3
0 2 25 18.506099 32 7.216592
1 2 28 9.340839 33 13.368772
2 2 37 4.871054 25 15.635473
3
0 2 25 17.199710 36 1.557628
1 2 25 13.990459 36 8.428851
2 2 40 10.147144 49 3.166860
3
0 2 25 9.383458 33 17.998475
1 2 31 3.790330 45 1.271314
2 2 27 3.973581 37 2.794120
3
0 2 25 18.075765 44 5.486101
1 2 48 15.655928 25 10.181636
2 2 35 12.732161 40 18.247885
3
0 2 30 2.900040 43 10.601464
1 2 34 2.082598 36 11.648635
2 2 31 2.383369 34 19.517958
3
0 2 30 9.456121 34 9.109219
1 2 34 13.088883 32 2.507430
2 2 31 6.698087 39 7.812898
3
0 2 30 14.582163 49 2.174759
1 2 32 7.417189 46 8.569876
2 2 32 4.152041 37 1.235638
3
0 2 30 8.324639 37 5.265242
1 2 32 9.350253 34 1.853082
2 2 39 4.551839 45 12.894064
3
0 2 30 1.187321 34 18.280872
1 2 41 17.670732 33 7.552833
2 2 41 9.901701 33 6.849890
3
0 2 35 12.253907 42 10.856775
1 2 47 12.589042 46 5.812696
2 2 47 1.580285 40 1.558629
3
0 2 35 11.331582 36 12.408998
1 2 44 7.417344 42 15.855139
2 2 36 15.781875 39 15.905514
3
0 2 35 19.709194 42 11.744425
1 2 45 12.000852 46 19.530502
2 2 47 15.441339 36 3.070571
3
0 2 35 5.490274 45 5.763996
1 2 47 11.148860 39 3.506973
2 2 36 7.945973 35 2.245952
3
0 2 35 7.743290 40 2.791529
1 2 37 5.020999 40 8.530834
2 2 41 19.830825 42 10.498825
3
0 2 40 15.743445 42 18.891082
1 2 44 19.551997 42 3.424444
2 2 48 6.698986 43 16.555086
3
0 2 40 12.989031 42 4.378154
1 2 48 12.101837 44 3.469456
2 2 47 5.970199 48 18.065223
3
0 2 40 19.184866 49 10.361324
1 2 41 12.203565 45 10.350246
2 2 48 18.376612 46 6.918030
3
0 2 40 15.468432 47 17.847969
1 2 42 4.542064 44 13.824993
2 2 46 15.116852 48 13.701241
3
0 2 40 2.402216 45 3.752770
1 2 41 14.867972 44 16.863255
2 2 45 6.554180 43 12.542230
3
0 2 45 15.049639 49 4.937431
1 2 48 18.173343 47 18.027290
2 2 46 9.826772 47 4.035060
3
0 2 45 16.160413 46 16.979440
1 2 46 19.791384 45 7.474106
2 2 48 17.471502 46 9.109090
3
0 2 45 7.833199 49 11.231900
1 2 46 15.056608 45 4.563803
2 2 49 11.414591 48 5.155077
3
0 2 45 11.632184 49 18.576914
1 2 48 12.846562 46 1.506890
2 2 46 16.619462 49 16.797831
3
0 2 45 16.537516 47 17.882188
1 2 48 9.260584 47 12.412713
2 2 49 14.852337 45 1.684891
3
0 2 49 18.195418 49 11.293047
1 2 49 14.542115 49 18.758174
2 2 49 2.263107 49 4.933758
3
0 2 49 6.720762 49 16.673247
1 2 49 10.263001 49 17.743135
2 2 49 19.881778 49 17.066776
3
0 2 49 6.736949 49 11.747734
1 2 49 7.214743 49 8.769974
2 2 49 17.592542 49 7.682332
3
0 2 49 18.138023 49 13.975708
1 2 49 1.809629 49 2.404256
2 2 49 5.697148 49 2.732077
0
