50 49
3
0 2 5 18.975876 18 9.073223
1 2 22 10.229612 28 18.684332
2 2 17 2.490101 25 6.089312
3
0 2 5 16.321469 43 17.783264
1 2 31 11.705688 35 12.372864
2 2 29 5.078968 27 12.586706
3
0 2 5 2.086330 30 8.873157
1 2 23 12.661513 44 4.593305
2 2 40 12.803291 30 10.987760
3
0 2 5 2.992295 17 1.257646
1 2 32 13.402898 14 2.131862
2 2 6 2.946016 38 15.412336
3
0 2 5 17.028730 18 11.237578
1 2 15 18.124820 37 8.832425
2 2 19 6.484181 43 17.976909
3
0 2 10 9.419452 39 11.025285
1 2 13 11.451893 27 17.817047
2 2 10 4.760754 40 6.245071
3
0 2 10 19.546038 21 14.509095
1 2 23 13.474110 12 7.253612
2 2 20 11.478245 17 14.180420
3
0 2 10 10.901903 28 2.109914
1 2 13 16.578647 24 4.722648
2 2 27 8.953023 29 7.995435
3
0 2 10 17.252809 26 10.370256
1 2 35 19.031568 24 3.190133
2 2 34 19.493032 25 17.611052
3
0 2 10 8.248938 37 16.504897
1 2 36 1.451826 44 19.415279
2 2 48 5.446409 38 12.632331
3
0 2 15 18.182145 34 18.138585
1 2 23 8.064798 47 9.483608
2 2 24 5.559909 29 15.509054
3
0 2 15 5.843401 22 14.406564
1 2 34 16.536735 46 7.452283
2 2 31 3.693780 37 17.602880
3
0 2 15 11.201977 28 7.738293
1 2 19 9.962504 15 7.363693
2 2 23 7.373429 28 16.563820
3
0 2 15 8.967091 47 16.079923
1 2 26 19.908178 16 7.165341
2 2 47 17.820868 49 15.588590
3
0 2 15 16.430242 47 12.116030
1 2 25 18.154498 15 14.162448
2 2 21 16.236613 36 4.688802
3
0 2 20 17.714193 45 1.809059
1 2 40 14.600720 24 1.243336
2 2 32 2.053335 39 10.476164
3
0 2 20 10.645545 24 19.708521
1 2 47 6.034386 21 9.076815
2 2 31 4.862346 44 6.685031
3
0 2 20 19.131733 34 13.684376
1 2 29 2.170576 39 19.880553
2 2 25 5.710547 30 7.859042
3
0 2 20 17.359148 36 5.859605
1 2 41 17.618968 37 12.051029
2 2 21 13.845066 24 15.365119
3
0 2 20 13.578799 35 12.991990
1 2 48 6.331007 32 9.200872
2 2 35 9.512593 26 19.870577
3
0 2 25 17.389367 33 16.368584
1 2 49 7.270624 35 17.890953
2 2 32 18.714287 31 18.400889
3
0 2 25 15.305196 34 19.844185
1 2 47 10.133515 38 19.868333
2 2 38 8.796415 43 2.262701
3
0 2 25 13.585453 36 14.801376
1 2 34 3.648410 37 14.756601
2 2 30 7.496960 26 2.618200
3
0 2 25 18.684517 36 6.576859
1 2 46 3.500478 49 4.605369
2 2 29 8.248129 37 16.287793
3
0 2 25 16.692294 42 3.272790
1 2 47 3.745314 48 14.460606
2 2 42 13.383942 31 2.294925
3
0 2 30 7.653130 39 10.822777
1 2 32 9.828007 37 9.879318
2 2 45 14.110605 38 12.964255
3
0 2 30 14.793327 44 9.621896
1 2 33 10.040591 38 17.416594
2 2 31 9.917860 38 11.440919
3
0 2 30 7.484747 36 2.298820
1 2 33 9.811312 30 7.400161
2 2 39 15.910924 48 7.944074
3
0 2 30 4.036539 48 17.445214
1 2 47 5.645343 46 15.382563
2 2 40 17.377265 34 16.892379
3
0 2 30 18.969192 45 13.472462
1 2 40 9.972357 31 15.558668
2 2 47 4.471192 36 11.875275
3
0 2 35 7.414347 42 12.767591
1 2 37 11.372296 39 4.025313
2 2 44 4.009535 37 2.580234
3
0 2 35 17.172658 48 5.047744
1 2 49 19.723950 43 1.328641
2 2 47 5.704405 37 7.059297
3
0 2 35 1.284648 42 12.794380
1 2 49 19.351324 42 12.593631
2 2 45 6.538819 47 13.318842
3
0 2 35 12.719300 41 1.662919
1 2 49 16.588426 43 1.504628
2 2 47 13.416218 38 13.855491
3
0 2 35 10.487265 40 3.056240
1 2 45 4.965518 36 17.301922
2 2 48 13.008483 46 3.476243
3
0 2 40 8.818835 49 16.468169
1 2 44 16.348080 46 11.492747
2 2 40 12.789538 45 19.217039
3
0 2 40 4.821721 42 10.082899
1 2 43 19.764578 47 7.481376
2 2 42 12.345781 44 3.238018
3
0 2 40 2.127644 45 8.478226
1 2 47 17.321659 45 19.087962
2 2 46 10.666657 43 8.832111
3
0 2 40 13.360333 46 11.024713
1 2 48 2.263711 44 13.766391
2 2 44 12.982740 41 9.199837
3
0 2 40 9.370465 46 16.844176
1 2 41 17.307736 48 12.709204
2 2 40 13.200822 44 17.886610
3
0 2 45 10.775894 49 11.387929
1 2 47 12.166559 48 11.910113
2 2 46 7.185528 45 10.889020
3
0 2 45 8.728745 49 15.709491
1 2 45 8.276794 49 6.674414
2 2 47 11.140650 48 16.704330
3
0 2 45 18.496053 48 2.589323
1 2 48 11.877342 47 9.861714
2 2 47 18.915808 48 2.055938
3
0 2 45 7.144601 48 8.323332
1 2 49 15.688120 46 17.630545
2 2 49 3.810685 46 6.524553
3
0 2 45 15.301900 47 16.508313
1 2 45 10.219442 48 14.282807
2 2 49 9.837622 46 14.931130
3
0 2 49 8.590251 49 14.184174
1 2 49 5.378893 49 16.283231
2 2 49 12.198923 49 16.985803
3
0 2 49 19.817357 49 6.184076
1 2 49 15.320084 49 4.100914
2 2 49 14.408712 49 16.692788
3
0 2 49 12.606807 49 14.183178
1 2 49 14.151643 49 10.502057
2 2 49 12.053271 49 1.209867
3
0 2 49 10.418593 49 13.758297
1 2 49 17.998300 49 5.448691
2 2 49 8.434184 49 12.120183
0
