50 49
3
0 2 5 13.938545 24 4.419140
1 2 47 16.269743 35 4.086752
2 2 28 8.746665 46 12.521914
3
0 2 5 6.291910 6 4.681135
1 2 34 16.235200 30 14.562045
2 2 16 15.164140 31 13.173492
3
0 2 5 16.955902 31 13.834301
1 2 29 15.593705 16 1.915056
2 2 21 1.928259 34 12.371693
3
0 2 5 4.309833 26 6.426947
1 2 10 3.960697 30 17.823478
2 2 29 2.286601 15 6.286761
3
0 2 5 8.702962 42 9.631398
1 2 27 8.063067 42 16.228788
2 2 5 13.874431 37 11.566467
3
0 2 10 15.681310 42 16.562776
1 2 42 9.774190 23 7.546214
2 2 30 1.504953 26 12.671936
3
0 2 10 10.447577 22 13.443666
1 2 16 17.255451 13 16.780551
2 2 11 11.735991 31 12.879544
3
0 2 10 5.445029 31 3.970634
1 2 40 7.579819 35 3.288252
2 2 17 17.496642 12 19.026913
3
0 2 10 16.417831 44 8.783787
1 2 25 1.743605 14 13.349224
2 2 16 15.043078 35 18.143418
3
0 2 10 9.013741 21 12.863196
1 2 49 9.906185 25 11.936738
2 2 31 4.348206 11 6.692950
3
0 2 15 13.122575 30 4.878636
1 2 46 18.572826 16 16.791562
2 2 43 11.051609 18 4.813482
3
0 2 15 7.717334 33 13.851489
1 2 46 8.149290 25 6.572737
2 2 37 15.794665 32 17.049556
3
0 2 15 16.487583 29 6.210580
1 2 46 3.187348 25 11.091637
2 2 30 3.094995 17 17.790802
3
0 2 15 7.807449 34 8.397077
1 2 27 2.179572 19 12.151909
2 2 27 14.207301 43 5.035142
3
0 2 15 16.626842 41 17.531489
1 2 41 11.631934 23 10.472355
2 2 34 9.799803 23 3.743395
3
0 2 20 10.513449 32 10.706212
1 2 47 2.234935 46 2.079518
2 2 22 18.769157 42 9.251113
3
0 2 20 15.499387 47 18.687692
1 2 44 15.528283 42 17.632577
2 2 30 11.530899 28 10.400632
3
0 2 20 8.072504 29 10.044479
1 2 22 13.197321 29 15.164994
2 2 46 3.474333 36 15.162043
3
0 2 20 2.469857 41 4.928842
1 2 43 1.326597 41 17.516091
2 2 21 3.985031 26 2.301011
3
0 2 20 3.630184 36 6.637579
1 2 32 15.182465 23 11.851902
2 2 29 18.906794 27 18.572827
3
0 2 25 16.082130 38 6.085248
1 2 37 18.870928 26 13.364757
2 2 38 7.423060 36 3.594715
3
0 2 25 13.658134 32 16.896528
1 2 32 14.660579 26 4.075411
2 2 45 5.676551 46 5.442711
3
0 2 25 9.072330 26 15.620292
1 2 26 14.729193 46 8.802441
2 2 37 8.618842 41 19.271064
3
0 2 25 4.847110 45 1.113039
1 2 39 19.190446 34 12.821112
2 2 25 16.941729 29 19.169220
3
0 2 25 10.122949 43 4.035338
1 2 48 5.127968 30 19.944706
2 2 30 4.187001 26 14.076084
3
0 2 30 9.231388 38 14.968690
1 2 49 7.310829 48 14.925545
2 2 46 4.927710 40 7.541100
3
0 2 30 11.821128 37 15.679434
1 2 40 8.716966 38 7.121646
2 2 41 13.458662 37 17.460548
3
0 2 30 2.220220 34 1.514197
1 2 42 7.159316 49 14.493808
2 2 33 12.409832 45 8.351385
3
0 2 30 2.406749 40 14.284791
1 2 48 14.851108 35 12.379389
2 2 44 13.430387 47 4.037932
3
0 2 30 1.519891 31 10.194360
1 2 39 4.159169 44 7.075646
2 2 31 19.061492 33 7.728732
3
0 2 35 1.539190 40 6.108519
1 2 39 5.427668 49 14.979970
2 2 42 18.977733 35 17.084130
3
0 2 35 2.911887 41 11.962324
1 2 42 17.651260 41 19.766269
2 2 49 14.560673 42 13.592431
3
0 2 35 6.248575 39 2.421642
1 2 46 5.366091 40 4.730025
2 2 46 8.386829 44 11.629332
3
0 2 35 9.145869 46 1.979019
1 2 48 10.954447 36 6.386058
2 2 35 11.800810 36 18.068184
3
0 2 35 13.242977 41 11.887555
1 2 41 18.894120 45 12.344935
2 2 42 19.059476 40 15.296049
3
0 2 40 11.938783 42 8.272807
1 2 43 8.584474 49 1.039039
2 2 48 8.329880 42 10.832702
3
0 2 40 5.474575 48 4.260971
1 2 43 9.594867 49 11.957572
2 2 42 6.090374 40 12.365095
3
0 2 40 18.572885 43 4.576862
1 2 40 13.333986 45 5.936717
2 2 40 9.890290 43 10.536823
3
0 2 40 18.088324 42 15.323645
1 2 48 19.955479 44 16.932630
2 2 44 8.872399 46 3.321771
3
0 2 40 16.476202 43 4.661421
1 2 40 17.515176 42 10.586540
2 2 48 2.472234 42 19.948865
3
0 2 45 7.665383 47 9.930769
1 2 46 15.196076 45 5.978813
2 2 46 6.688047 49 16.049935
3
0 2 45 14.488683 48 4.795099
1 2 46 5.509929 45 14.237300
2 2 46 16.711349 47 13.721833
3
0 2 45 1.938694 49 14.027425
1 2 47 13.852710 48 13.664965
2 2 48 2.986519 47 8.391000
3
0 2 45 2.095878 47 7.753182
1 2 49 11.573994 47 11.166079
2 2 48 9.748284 49 7.004130
3
0 2 45 16.118395 46 16.958516
1 2 45 4.435623 46 2.907955
2 2 45 14.668533 48 15.492936
3
0 2 49 8.931065 49 16.245616
1 2 49 9.157511 49 7.320455
2 2 49 14.621329 49 15.283027
3
0 2 49 1.831069 49 17.045376
1 2 49 19.381525 49 15.042253
2 2 49 4.468952 49 17.317417
3
0 2 49 3.724439 49 8.547655
1 2 49 12.070388 49 19.659653
2 2 49 7.362440 49 6.299814
3
0 2 49 13.719027 49 15.538154
1 2 49 4.785204 49 2.250843
2 2 49 19.524855 49 8.759910
0
