50 49
3
0 2 5 2.455070 28 10.495118
1 2 46 1.981221 28 13.824007
2 2 27 19.139945 25 3.840492
3
0 2 5 13.095010 12 1.742755
1 2 23 10.088159 28 11.800914
2 2 24 8.838708 31 17.736926
3
0 2 5 10.686735 8 8.135128
1 2 35 16.690864 10 16.836675
2 2 26 10.628354 27 18.075547
3
0 2 5 12.070336 39 18.006772
1 2 9 12.230418 6 10.245580
2 2 17 3.279235 29 3.549320
3
0 2 5 9.291224 29 5.582497
1 2 43 9.757397 25 14.567658
2 2 32 4.713037 11 6.230526
3
0 2 10 9.010640 33 11.208656
1 2 15 7.500381 36 19.764632
2 2 22 13.880762 31 17.070626
3
0 2 10 9.402149 36 16.468310
1 2 33 15.125281 35 8.616612
2 2 38 11.477270 36 4.079118
3
0 2 10 12.976995 38 15.764212
1 2 45 17.195118 42 7.641299
2 2 10 15.473234 21 19.910137
3
0 2 10 17.222781 36 10.142845
1 2 37 7.944831 35 5.404176
2 2 37 3.873652 16 13.963511
3
0 2 10 6.943579 18 8.394125
1 2 25 1.117445 45 14.348013
2 2 49 3.158863 10 19.296312
3
0 2 15 7.200240 18 19.305075
1 2 18 12.796135 23 6.540184
2 2 29 7.845904 19 11.169016
3
0 2 15 2.047393 24 17.860522
1 2 37 11.576262 49 16.108389
2 2 29 12.083218 34 18.391854
3
0 2 15 13.980989 39 14.704111
1 2 19 12.013638 39 2.432196
2 2 24 7.523682 17 2.708348
3
0 2 15 9.070023 44 17.430384
1 2 48 10.754060 33 16.868381
2 2 42 9.974528 17 10.263746
3
0 2 15 3.979502 36 11.697530
1 2 49 11.408697 29 1.926235
2 2 17 12.020584 30 12.672388
3
0 2 20 13.368551 32 12.709384
1 2 32 7.558021 25 17.782075
2 2 22 12.194282 47 6.266864
3
0 2 20 12.019340 35 18.394951
1 2 33 19.191133 32 5.011580
2 2 41 18.963329 24 17.970597
3
0 2 20 17.952496 26 1.808345
1 2 27 16.156462 42 8.760981
2 2 37 8.712294 34 10.492885
3
0 2 20 14.418188 32 9.103860
1 2 20 19.220958 39 19.372903
2 2 20 4.341310 41 1.492032
3
0 2 20 8.920119 46 8.801455
1 2 25 6.697529 41 10.166539
2 2 20 11.894262 39 14.935474
3
0 2 25 15.741305 45 1.925283
1 2 35 12.221487 25 19.616644
2 2 30 1.921539 45 4.168447
3
0 2 25 9.104097 44 2.048796
1 2 30 2.396806 27 17.296111
2 2 42 5.755908 46 15.034134
3
0 2 25 10.973300 36 11.465354
1 2 43 11.772884 38 16.411649
2 2 42 16.149239 36 10.141965
3
0 2 25 12.380374 42 6.147017
1 2 38 12.670228 43 9.951306
2 2 26 13.703332 33 5.878188
3
0 2 25 7.826226 33 3.645467
1 2 46 7.805155 25 10.664768
2 2 49 15.572433 27 18.907273
3
0 2 30 9.994161 40 13.122963
1 2 36 19.831597 32 17.450149
2 2 40 2.548010 47 1.151657
3
0 2 30 13.016070 32 9.676428
1 2 46 11.482938 40 17.069310
2 2 37 3.151522 36 15.425818
3
0 2 30 11.135641 48 18.912420
1 2 49 8.309393 44 19.932395
2 2 32 1.198055 44 8.632256
3
0 2 30 16.083708 32 16.071123
1 2 38 11.013719 30 16.117025
2 2 30 15.354976 36 15.199363
3
0 2 30 1.627076 44 17.520552
1 2 49 19.292445 47 17.233525
2 2 47 18.055328 45 13.160763
3
0 2 35 2.182678 38 16.449662
1 2 39 6.060484 40 7.585733
2 2 47 11.794842 44 16.107545
3
0 2 35 15.981128 47 8.729178
1 2 36 5.888568 35 15.001349
2 2 47 18.004332 48 1.695484
3
0 2 35 12.479580 40 1.297686
1 2 40 7.225510 36 10.180754
2 2 39 12.549045 40 6.654643
3
0 2 35 2.192824 43 15.961049
1 2 36 5.353437 40 15.043828
2 2 46 8.003254 45 14.604264
3
0 2 35 10.772723 39 17.149767
1 2 49 19.564244 39 3.414925
2 2 37 8.792335 36 4.061300
3
0 2 40 6.278535 47 5.019289
1 2 40 8.936647 42 16.708529
2 2 45 10.565729 41 15.034984
3
0 2 40 4.115098 49 9.989820
1 2 41 3.321246 42 11.769260
2 2 49 1.071409 44 3.970643
3
0 2 40 8.655117 47 14.639717
1 2 48 12.873206 41 1.308672
2 2 41 16.288623 46 3.626831
3
0 2 40 13.114532 47 5.405693
1 2 43 2.991576 45 9.520244
2 2 47 15.629139 43 9.203482
3
0 2 40 16.494099 49 16.972924
1 2 47 9.488547 48 9.370828
2 2 49 15.588050 40 5.982882
3
0 2 45 5.009387 47 8.993358
1 2 47 14.894477 48 19.871598
2 2 47 13.871001 49 14.394247
3
0 2 45 11.537029 46 6.632027
1 2 45 8.932161 47 10.012445
2 2 48 6.016148 47 3.356337
3
0 2 45 14.744072 48 12.573772
1 2 46 12.633158 49 2.867001
2 2 48 14.081863 49 15.665915
3
0 2 45 11.915171 47 10.944890
1 2 46 4.770663 45 16.087040
2 2 45 6.705607 47 13.623768
3
0 2 45 1.047374 47 5.023343
1 2 48 5.929151 47 6.098063
2 2 49 4.258167 47 5.349108
3
0 2 49 3.832581 49 19.924573
1 2 49 14.550480 49 2.679948
2 2 49 18.204738 49 19.416211
3
0 2 49 2.214030 49 18.270673
1 2 49 6.794447 49 11.876224
2 2 49 16.962052 49 16.110520
3
0 2 49 3.521150 49 5.268145
1 2 49 11.870231 49 17.640303
2 2 49 17.940073 49 19.746418
3
0 2 49 2.170169 49 9.773985
1 2 49 5.372936 49 19.564976
2 2 49 18.130813 49 15.434824
0
