50 49
3
0 2 5 6.481281 26 10.892124
1 2 28 6.958436 49 1.768735
2 2 17 12.235678 39 4.478728
3
0 2 5 11.856522 42 6.661862
1 2 19 15.479397 10 3.674911
2 2 38 16.094156 28 4.186920
3
0 2 5 15.732141 18 15.426121
1 2 33 10.702620 36 7.275689
2 2 16 18.669225 9 17.532987
3
0 2 5 4.230051 41 13.617205
1 2 13 6.077133 42 16.186560
2 2 7 16.169400 21 14.961710
3
0 2 5 12.958068 37 14.934341
1 2 15 14.096468 11 11.023790
2 2 28 18.686081 10 6.690019
3
0 2 10 7.508126 17 11.486222
1 2 14 5.485858 45 14.251784
2 2 11 2.812922 26 16.335957
3
0 2 10 2.445156 20 2.773755
1 2 17 15.361759 35 4.676912
2 2 42 9.848739 32 4.256927
3
0 2 10 14.316012 16 3.295312
1 2 36 19.174619 41 14.087526
2 2 19 11.707631 17 17.056284
3
0 2 10 11.025098 34 13.686282
1 2 11 18.533859 14 14.143088
2 2 25 11.029431 27 18.819873
3
0 2 10 4.993155 34 8.090322
1 2 11 8.870899 21 8.782292
2 2 35 9.332068 23 2.556110
3
0 2 15 14.237669 36 9.863903
1 2 48 13.001490 31 17.861407
2 2 35 19.988778 42 4.271932
3
0 2 15 11.354460 21 10.792433
1 2 16 17.260592 36 10.744617
2 2 38 17.813108 18 6.591486
3
0 2 15 18.408989 22 11.130649
1 2 47 2.272513 35 2.053901
2 2 26 7.897876 30 18.487172
3
0 2 15 1.852795 25 13.113037
1 2 39 6.894513 24 18.454306
2 2 29 15.234723 33 16.241668
3
0 2 15 9.352833 35 7.577545
1 2 37 9.889034 30 11.352263
2 2 16 12.366204 15 3.162102
3
0 2 20 19.079217 27 11.784750
1 2 29 13.330105 43 15.509382
2 2 45 10.699891 26 12.712995
3
0 2 20 7.404994 43 14.418767
1 2 44 18.682840 31 14.799103
2 2 30 10.481719 49 17.713393
3
0 2 20 4.470924 34 4.399723
1 2 22 18.417161 48 18.331913
2 2 41 18.342840 31 13.806391
3
0 2 20 14.462627 39 15.325325
1 2 34 10.323376 27 16.581345
2 2 21 11.152503 47 6.783570
3
0 2 20 3.911937 47 7.582060
1 2 47 9.840228 43 1.401421
2 2 41 3.023322 34 16.749229
3
0 2 25 16.653721 44 1.260544
1 2 49 10.195425 37 14.736174
2 2 36 7.480705 40 8.800674
3
0 2 25 17.152565 33 19.003876
1 2 26 2.570233 39 19.736160
2 2 34 4.978914 32 6.253448
3
0 2 25 15.893199 38 8.918057
1 2 45 19.238520 41 3.201745
2 2 29 7.477604 42 15.973835
3
0 2 25 15.323715 36 16.490971
1 2 44 1.792364 27 19.164875
2 2 31 1.914151 37 4.791348
3
0 2 25 6.353475 35 13.615258
1 2 36 6.851813 26 12.303481
2 2 26 19.568642 39 9.249128
3
0 2 30 5.540100 31 12.614060
1 2 31 6.423567 44 14.511216
2 2 32 13.042484 33 12.922224
3
0 2 30 16.380753 44 3.350938
1 2 32 18.896263 38 11.973358
2 2 48 3.743508 49 12.690975
3
0 2 30 12.784274 44 12.158460
1 2 47 9.327250 41 16.127770
2 2 33 11.943087 39 7.178230
3
0 2 30 5.267657 46 13.423158
1 2 42 2.177792 30 3.965550
2 2 49 11.554093 33 5.300039
3
0 2 30 4.796517 31 18.143137
1 2 38 8.356557 41 15.921290
2 2 38 4.934786 34 15.343255
3
0 2 35 16.062131 45 8.883307
1 2 37 10.038250 39 16.686376
2 2 37 5.702731 41 14.651110
3
0 2 35 14.747532 40 16.210095
1 2 49 13.157077 45 5.100917
2 2 35 18.829637 44 18.599613
3
0 2 35 16.719308 45 1.502291
1 2 46 13.291758 36 2.112685
2 2 42 14.740959 45 1.178457
3
0 2 35 1.435110 44 2.142066
1 2 40 12.326891 49 9.653038
2 2 38 1.520497 37 11.144501
3
0 2 35 2.702658 48 14.657821
1 2 36 11.758853 35 19.786361
2 2 41 17.781615 39 7.120194
3
0 2 40 11.251459 43 7.819939
1 2 43 2.639346 49 8.742076
2 2 45 5.988501 42 7.829537
3
0 2 40 12.882518 48 15.857628
1 2 46 2.883210 44 10.300456
2 2 49 15.650870 41 18.164390
3
0 2 40 5.922980 47 1.848713
1 2 40 6.648375 44 13.687728
2 2 41 12.166133 49 17.753787
3
0 2 40 17.065121 48 16.881970
1 2 40 19.026217 45 11.857082
2 2 42 8.483932 46 12.122293
3
0 2 40 6.128217 44 1.658264
1 2 41 17.624644 43 12.839523
2 2 41 5.202373 42 12.311368
3
0 2 45 7.863050 46 15.301736
1 2 49 15.686416 46 9.204575
2 2 49 15.189303 46 19.951888
3
0 2 45 16.382746 47 7.850289
1 2 49 19.924778 46 2.195799
2 2 48 9.916555 47 11.932622
3
0 2 45 14.445924 47 13.685901
1 2 45 1.757425 47 2.578060
2 2 45 12.876284 48 18.123430
3
0 2 45 12.597497 48 14.491106
1 2 47 15.425152 49 14.184473
2 2 46 10.264979 45 15.661499
3
0 2 45 3.130050 48 1.836922
1 2 46 16.231555 49 17.225582
2 2 46 7.455624 48 3.560069
3
0 2 49 6.901752 49 15.915006
1 2 49 18.109539 49 2.520853
2 2 49 3.996025 49 16.693810
3
0 2 49 10.160122 49 4.593837
1 2 49 19.226135 49 19.865461
2 2 49 7.762889 49 18.448955
3
0 2 49 12.964141 49 17.410410
1 2 49 4.284688 49 6.901828
2 2 49 3.535677 49 19.303833
3
0 2 49 19.100508 49 7.993471
1 2 49 15.634674 49 14.283075
2 2 49 18.860118 49 1.197620
0
