50 49
3
0 2 5 18.396306 40 11.717952
1 2 48 19.750805 42 11.964265
2 2 26 6.210207 13 19.769227
3
0 2 5 5.240458 31 5.483119
1 2 28 5.916449 33 12.294345
2 2 37 4.291105 32 11.396936
3
0 2 5 9.664609 22 2.675449
1 2 6 11.939556 19 16.891223
2 2 21 11.945513 33 6.062879
3
0 2 5 1.472090 29 2.538331
1 2 13 17.624735 27 17.004998
2 2 41 9.455299 9 7.939600
3
0 2 5 19.389211 35 11.490193
1 2 37 10.459006 21 18.835676
2 2 17 14.887973 45 11.040034
3
0 2 10 4.212013 39 17.256160
1 2 42 2.052958 40 7.136019
2 2 11 9.619946 18 13.232907
3
0 2 10 2.777103 29 17.111735
1 2 39 13.045109 25 3.943962
2 2 46 17.782636 41 6.723063
3
0 2 10 16.297655 45 2.167609
1 2 23 13.320353 39 4.186766
2 2 43 6.713738 34 14.166985
3
0 2 10 4.975839 33 19.227491
1 2 40 12.919577 28 10.407070
2 2 33 16.085940 42 15.943600
3
0 2 10 5.641428 47 11.254275
1 2 49 7.296959 16 5.972604
2 2 17 12.415914 23 10.575970
3
0 2 15 18.729037 36 14.710099
1 2 36 19.003106 37 12.019435
2 2 18 16.258243 33 15.220426
3
0 2 15 3.429192 30 1.915450
1 2 18 2.583389 16 14.210084
2 2 38 13.129112 23 11.770995
3
0 2 15 17.222702 40 12.358486
1 2 39 9.579428 24 5.411630
2 2 29 17.163342 46 1.479077
3
0 2 15 9.744875 20 4.204380
1 2 24 13.994459 26 8.666778
2 2 37 11.863311 46 6.750068
3
0 2 15 2.576001 29 2.320066
1 2 34 2.540354 22 15.513645
2 2 49 17.490687 19 6.607288
3
0 2 20 1.066432 41 17.623429
1 2 30 1.932325 37 2.081880
2 2 27 3.594646 22 15.843603
3
0 2 20 1.340905 46 2.532043
1 2 21 13.017931 26 2.816852
2 2 28 6.771948 25 4.228939
3
0 2 20 18.819935 25 9.828060
1 2 21 8.039409 46 10.049807
2 2 39 19.570364 26 12.608750
3
0 2 20 19.937912 22 4.347288
1 2 43 18.913998 44 13.330719
2 2 26 15.290544 24 14.884197
3
0 2 20 5.034232 23 18.673644
1 2 42 11.766735 21 6.005539
2 2 20 6.470462 30 14.965480
3
0 2 25 12.564130 34 17.936608
1 2 34 18.195080 30 4.312481
2 2 49 11.564915 32 15.212520
3
0 2 25 5.589380 33 16.162655
1 2 46 17.993891 47 8.179166
2 2 33 18.702524 38 1.921104
3
0 2 25 19.357590 46 9.750415
1 2 44 17.324699 43 9.089947
2 2 33 1.595788 35 17.207067
3
0 2 25 11.617658 47 18.394511
1 2 35 4.089459 31 12.527380
2 2 37 17.695305 32 7.102211
3
0 2 25 1.066510 40 13.826796
1 2 35 19.371625 42 8.974625
2 2 37 2.992275 46 19.636042
3
0 2 30 4.333217 31 2.363906
1 2 32 12.953999 36 17.934223
2 2 32 5.639310 41 15.203054
3
0 2 30 3.212989 44 9.915962
1 2 35 8.448105 30 7.499205
2 2 32 2.955278 35 10.533545
3
0 2 30 10.866858 44 18.513322
1 2 30 3.364802 38 12.530838
2 2 38 15.010793 35 19.611699
3
0 2 30 3.863261 44 2.471419
1 2 46 5.876942 42 13.842570
2 2 41 15.198079 46 8.776030
3
0 2 30 10.904250 43 6.084855
1 2 30 12.391227 36 19.926784
2 2 32 3.338709 30 6.953658
3
0 2 35 12.455629 47 2.447337
1 2 37 11.499376 47 19.044445
2 2 36 6.744574 37 19.774891
3
0 2 35 2.519272 42 18.840509
1 2 47 5.301475 46 4.659771
2 2 41 8.029375 47 1.443292
3
0 2 35 3.848734 40 12.305972
1 2 36 19.019650 37 16.524268
2 2 39 17.777722 49 13.156552
3
0 2 35 7.447780 45 6.815299
1 2 41 8.082107 45 10.347349
2 2 49 1.758316 41 12.316896
3
0 2 35 9.333606 39 10.083727
1 2 35 6.909783 49 1.587180
2 2 39 13.866152 38 10.700785
3
0 2 40 6.063093 45 2.550304
1 2 45 15.392936 49 3.047151
2 2 48 19.834794 41 18.592477
3
0 2 40 2.719900 49 16.479204
1 2 45 1.262804 48 10.624257
2 2 48 11.333185 46 1.761490
3
0 2 40 19.361128 41 2.753367
1 2 42 3.517116 48 8.551529
2 2 40 17.695603 46 10.702618
3
0 2 40 4.415629 46 18.883564
1 2 41 15.507136 48 10.096131
2 2 40 17.227693 48 8.092194
3
0 2 40 17.486377 43 3.594887
1 2 49 9.077995 41 8.817135
2 2 48 1.557787 43 4.362841
3
0 2 45 13.030130 47 19.998049
1 2 47 9.205406 49 8.776096
2 2 45 14.554730 47 8.604806
3
0 2 45 4.784685 46 15.896744
1 2 49 2.161826 48 12.393041
2 2 47 11.273243 48 10.104014
3
0 2 45 7.520844 49 17.491417
1 2 48 9.404683 45 7.718414
2 2 46 15.021610 49 17.363912
3
0 2 45 19.759368 48 16.860451
1 2 49 11.494335 48 5.857811
2 2 48 4.204858 49 10.632425
3
0 2 45 8.229750 46 9.200182
1 2 48 1.364369 46 12.118939
2 2 47 5.769500 48 12.738698
3
0 2 49 15.973588 49 3.390817
1 2 49 11.509641 49 18.851726
2 2 49 16.916119 49 7.791921
3
0 2 49 14.950183 49 4.910009
1 2 49 19.744036 49 7.778630
2 2 49 16.532322 49 5.463989
3
0 2 49 5.986402 49 2.318154
1 2 49 12.400897 49 6.943904
2 2 49 18.107224 49 14.482239
3
0 2 49 6.011594 49 7.115979
1 2 49 16.357110 49 6.548576
2 2 49 5.742839 49 5.468157
0
