50 49
3
0 2 5 15.834309 12 8.067023
1 2 21 9.436195 31 3.443031
2 2 26 18.380388 18 4.320868
3
0 2 5 18.256730 35 19.382844
1 2 45 14.473104 36 3.368944
2 2 26 1.458459 28 19.849777
3
0 2 5 19.714618 19 17.601283
1 2 34 3.101932 11 1.212465
2 2 31 9.290952 45 4.241011
3
0 2 5 11.228214 39 16.828374
1 2 14 16.885613 21 12.776965
2 2 30 18.079538 43 17.791820
3
0 2 5 9.822475 6 15.696772
1 2 32 9.823085 33 9.461299
2 2 10 15.159624 42 16.442901
3
0 2 10 14.255498 19 19.479082
1 2 25 11.638479 49 1.082133
2 2 45 7.380589 11 19.588217
3
0 2 10 18.779775 17 3.560884
1 2 48 9.705830 30 17.882042
2 2 27 17.632758 32 13.593661
3
0 2 10 1.179808 37 3.130297
1 2 14 12.320570 10 14.003454
2 2 39 4.614237 21 17.249439
3
0 2 10 6.248546 41 9.253916
1 2 39 5.892744 36 16.666010
2 2 15 7.010475 31 11.020646
3
0 2 10 8.966023 16 13.339297
1 2 18 2.458342 47 7.316133
2 2 24 19.955929 32 11.703688
3
0 2 15 19.211593 29 5.108389
1 2 39 14.401536 44 5.619733
2 2 29 13.148420 32 17.833357
3
0 2 15 2.960153 48 9.504325
1 2 39 18.990964 19 19.626117
2 2 42 14.769095 29 19.648987
3
0 2 15 17.342421 31 3.948800
1 2 37 16.502926 43 5.902168
2 2 40 10.275902 18 5.310948
3
0 2 15 6.355813 31 1.047648
1 2 20 14.911189 46 12.130202
2 2 48 11.219883 20 5.577523
3
0 2 15 1.592490 20 17.756649
1 2 21 10.927437 35 11.836050
2 2 46 18.301149 35 8.816965
3
0 2 20 13.150375 25 14.295134
1 2 22 4.884239 43 2.755385
2 2 22 16.331679 47 8.552710
3
0 2 20 13.612131 48 18.748540
1 2 20 9.392537 32 2.630648
2 2 37 8.621160 31 16.030801
3
0 2 20 10.823973 29 1.732030
1 2 34 12.580045 38 19.569691
2 2 34 3.487532 35 7.818038
3
0 2 20 14.758391 40 7.371777
1 2 42 3.256811 21 15.848965
2 2 46 14.697880 22 12.946981
3
0 2 20 3.425861 48 1.971370
1 2 35 4.819444 31 8.121952
2 2 35 5.347148 40 7.910982
3
0 2 25 8.721351 33 10.212151
1 2 25 12.375839 27 7.958556
2 2 40 13.371606 26 9.777408
3
0 2 25 6.772287 32 1.543514
1 2 47 12.398094 34 16.105264
2 2 26 6.922415 33 5.061656
3
0 2 25 7.612121 39 19.206347
1 2 32 13.944382 45 5.185443
2 2 34 11.038469 27 18.574076
3
0 2 25 5.686718 28 16.590998
1 2 26 2.396973 40 2.277162
2 2 29 13.602589 35 5.296681
3
0 2 25 1.299387 39 10.561657
1 2 38 7.298595 41 17.395051
2 2 47 19.480301 34 4.998609
3
0 2 30 5.910160 44 15.571560
1 2 46 2.700607 31 1.075780
2 2 43 1.969277 47 7.675144
3
0 2 30 9.859484 49 5.507942
1 2 38 3.094278 46 2.424421
2 2 32 5.839665 30 10.900354
3
0 2 30 11.891007 33 12.765059
1 2 43 2.048713 47 6.342451
2 2 43 8.970554 34 6.560746
3
0 2 30 7.912914 32 19.488154
1 2 40 17.116760 32 4.958839
2 2 34 14.076331 40 16.157542
3
0 2 30 11.708803 37 19.599581
1 2 35 7.322851 44 7.520941
2 2 41 9.741456 38 19.272776
3
0 2 35 18.966909 49 11.873805
1 2 35 11.064140 42 2.911488
2 2 42 7.728385 43 2.116485
3
0 2 35 11.767166 46 13.036546
1 2 36 4.760839 48 15.228019
2 2 44 6.938101 42 5.501920
3
0 2 35 4.481664 37 18.388289
1 2 35 10.935460 44 19.259803
2 2 35 6.580472 48 2.111619
3
0 2 35 1.205742 49 2.567094
1 2 37 19.530913 44 1.345989
2 2 44 18.455010 48 14.373029
3
0 2 35 10.211469 38 3.326163
1 2 36 17.590605 45 11.619629
2 2 42 8.608727 48 4.988193
3
0 2 40 3.197861 46 14.576935
1 2 40 13.538986 42 14.949929
2 2 47 15.856942 42 17.844073
3
0 2 40 10.480514 46 6.053620
1 2 40 18.549280 48 8.100755
2 2 40 18.401132 48 1.977393
3
0 2 40 8.675741 47 2.925360
1 2 43 18.282665 44 1.393365
2 2 48 5.708632 41 13.406753
3
0 2 40 8.832882 48 7.643603
1 2 44 10.580902 49 13.892127
2 2 47 1.033787 46 4.820627
3
0 2 40 15.082804 49 13.038681
1 2 41 3.708588 46 1.894591
2 2 45 17.744295 40 4.062362
3
0 2 45 11.240032 48 5.176895
1 2 47 8.148302 45 2.932666
2 2 47 7.572049 49 15.963080
3
0 2 45 3.619429 49 5.969981
1 2 47 18.814072 48 11.181261
2 2 45 1.114754 46 1.455113
3
0 2 45 16.653490 46 18.526123
1 2 47 16.112398 45 2.731067
2 2 49 16.632681 48 7.932868
3
0 2 45 13.778295 47 4.524192
1 2 47 17.026170 48 18.263694
2 2 48 7.579960 46 9.174240
3
0 2 45 18.760267 49 11.058302
1 2 47 19.743034 45 19.387526
2 2 45 13.165754 49 3.971171
3
0 2 49 5.645061 49 19.321757
1 2 49 11.702721 49 16.323647
2 2 49 17.490224 49 15.352886
3
0 2 49 6.540911 49 5.870505
1 2 49 18.770485 49 19.405853
2 2 49 13.335078 49 3.984067
3
0 2 49 4.987668 49 1.259201
1 2 49 9.026554 49 18.112691
2 2 49 17.920886 49 17.805404
3
0 2 49 8.694412 49 10.501869
1 2 49 7.792867 49 8.384491
2 2 49 14.341729 49 11.160503
0
