50 49
3
0 5 5 8.827860 45 7.484340 12 2.773870 34 14.263568 32 7.095807
1 5 15 3.830300 10 9.482037 44 2.785922 38 10.181791 49 14.894128
2 5 33 3.503728 32 13.458683 19 15.181607 42 16.471640 12 19.877995
3
0 5 5 12.129311 40 5.717754 31 16.458134 46 13.399247 36 5.200710
1 5 9 11.861914 26 10.548924 38 16.863561 47 19.833969 21 14.825487
2 5 23 6.100175 27 2.123706 26 4.837987 32 19.981029 46 13.538108
3
0 5 5 1.037917 19 14.004554 41 18.802837 27 1.005279 7 19.569043
1 5 19 19.776604 14 12.631522 25 12.832978 43 10.128882 27 16.679237
2 5 29 16.568872 45 7.826075 10 7.638698 20 3.774375 47 14.587992
3
0 5 5 11.948971 22 5.999914 36 16.235118 12 14.752164 44 9.356986
1 5 15 14.970368 5 19.158664 46 8.006004 10 14.474343 13 9.032253
2 5 35 17.162376 30 10.674501 11 10.628202 13 9.754286 17 1.850844
3
0 5 5 3.452868 45 9.128257 41 2.260253 10 11.515137 27 2.352239
1 5 38 16.594106 40 12.666387 43 16.018720 23 9.463214 5 15.547534
2 5 18 14.011920 20 3.926535 19 1.893959 26 1.257419 13 2.071369
3
0 5 10 7.803360 16 4.491964 31 2.470000 33 4.689337 23 2.248862
1 5 42 18.432289 28 1.704458 35 3.708908 19 13.096735 48 16.036804
2 5 10 17.822755 11 19.403893 26 14.803102 38 10.358685 15 19.430612
3
0 5 10 3.996364 36 17.132612 17 15.407265 18 13.172924 30 6.640306
1 5 28 3.564688 41 8.373442 11 12.100733 24 16.378097 30 13.407803
2 5 24 18.438998 31 8.110420 13 2.548386 15 6.019346 12 6.548778
3
0 5 10 3.299560 44 19.854533 18 4.510256 16 18.085753 29 1.422151
1 5 28 18.673332 32 5.276694 29 17.112239 25 4.557492 43 11.829562
2 5 28 2.647606 12 16.636629 33 9.186500 19 9.419454 32 5.977995
3
0 5 10 4.271222 11 14.933707 45 2.577006 47 10.385481 43 4.949658
1 5 48 19.245645 25 10.949874 43 17.295053 45 6.963091 20 8.343526
2 5 19 7.650098 40 1.608739 17 15.353420 36 17.558869 27 14.320484
3
0 5 10 15.190492 11 1.294289 27 15.918674 22 15.345265 33 16.379396
1 5 37 16.835958 45 19.278476 29 14.314137 14 13.422249 23 12.572006
2 5 21 16.804985 23 15.510505 29 13.027362 38 2.456686 10 15.481825
3
0 5 15 3.405019 47 2.754403 25 6.776929 24 17.323977 20 1.285633
1 5 48 10.403958 28 12.198233 23 16.479324 21 10.568367 38 11.851104
2 5 46 16.742377 40 5.301018 27 12.602222 42 15.803585 15 2.253108
3
0 5 15 10.214023 31 8.405381 46 13.929500 25 6.249202 17 14.218032
1 5 18 13.832402 25 1.203084 20 8.120128 35 3.414641 42 8.854884
2 5 41 9.510734 31 19.999187 44 11.461914 25 8.506040 24 14.457474
3
0 5 15 6.108123 37 16.920835 39 5.587066 21 7.777295 38 3.823821
1 5 24 7.950808 36 16.895635 40 8.586422 48 4.036677 35 15.752016
2 5 18 9.316953 22 7.449763 40 5.281670 16 10.190382 33 1.947283
3
0 5 15 10.534864 33 15.714739 27 13.142552 43 16.062455 45 16.043160
1 5 25 14.069680 35 1.846372 15 13.323376 49 13.398021 38 15.878314
2 5 25 14.907249 37 5.946735 46 10.094077 30 10.311727 28 15.146046
3
0 5 15 11.590620 19 9.338311 38 15.548881 48 8.433637 39 16.317144
1 5 40 8.642046 46 14.003558 47 8.964520 38 7.477486 17 5.668479
2 5 48 8.670364 29 9.649069 28 18.292841 37 1.187691 42 1.853310
3
0 5 20 3.893314 39 1.330592 43 3.744958 42 6.656227 45 2.892251
1 5 44 13.861968 47 19.805928 48 9.094311 42 7.463710 30 9.202373
2 5 32 14.505380 35 9.765521 29 8.066376 41 12.131012 43 16.069049
3
0 5 20 5.204000 39 7.553143 46 11.656167 36 13.122747 34 12.615859
1 5 25 1.329516 21 9.515558 45 18.028538 37 17.087670 44 10.056042
2 5 38 17.834225 32 4.976225 42 16.477382 25 11.475196 34 13.003583
3
0 5 20 17.851689 35 6.226798 46 15.731474 44 3.972216 24 12.446576
1 5 43 9.521105 23 5.166995 38 10.983328 37 11.807405 46 16.359444
2 5 47 15.030585 49 5.403888 41 17.174575 26 3.653008 34 6.126475
3
0 5 20 19.670697 29 8.299841 31 8.772942 44 2.165005 27 8.503680
1 5 22 3.907470 27 16.724310 23 18.492474 26 6.351679 21 18.593485
2 5 43 19.936362 21 12.043391 33 11.575474 47 7.440987 44 17.331896
3
0 5 20 5.727939 24 12.338080 26 9.725719 39 18.508068 35 15.541120
1 5 26 15.356270 41 10.844108 20 15.628651 32 15.358721 33 17.219691
2 5 40 14.154525 38 2.963348 33 19.426438 34 7.543428 37 5.331570
3
0 5 25 12.821705 40 9.531630 49 16.653181 44 14.435868 48 5.196434
1 5 40 14.051749 36 14.616079 32 11.221943 37 15.946770 49 4.515649
2 5 34 4.900181 39 13.206568 45 4.684867 42 16.069633 40 2.808035
3
0 5 25 4.868167 29 4.771194 34 11.557341 28 10.653870 41 18.809705
1 5 48 2.793599 49 10.818884 25 12.755343 26 18.252976 38 13.562066
2 5 30 2.254594 44 16.223648 41 11.102651 33 1.251164 40 12.429750
3
0 5 25 9.780395 26 11.454860 47 11.297096 43 18.833391 31 7.389601
1 5 37 8.906961 48 12.197776 36 16.069667 35 5.737483 44 15.530153
2 5 37 1.047705 35 5.739132 41 5.206139 36 11.992590 45 6.243988
3
0 5 25 19.615557 26 11.110524 46 9.594472 29 2.372307 31 4.688129
1 5 40 12.861099 41 15.745548 42 7.050127 47 2.551996 33 10.276968
2 5 27 14.271469 44 17.836658 45 14.977563 28 8.046570 47 17.001921
3
0 5 25 6.445146 37 15.582614 26 11.917391 34 10.735968 49 17.121142
1 5 40 4.366295 45 19.479264 41 18.938895 47 7.333997 31 19.039109
2 5 36 16.720940 46 5.213879 48 17.303517 43 10.572725 47 5.229277
3
0 5 30 14.349677 38 17.107482 46 14.118671 44 5.122418 41 18.991754
1 5 45 1.415329 31 8.087626 46 16.749133 39 16.106743 49 19.082922
2 5 38 15.530114 31 12.889729 33 14.129873 39 3.924519 35 11.846491
3
0 5 30 15.172805 41 3.183937 45 13.188223 37 1.999753 35 16.005137
1 5 42 14.388319 49 2.023442 48 6.046094 34 19.818670 40 13.930588
2 5 48 11.120194 31 6.929718 36 2.235928 30 1.092970 44 8.867346
3
0 5 30 7.518334 46 14.987054 42 18.401719 49 7.210585 44 12.753073
1 5 33 15.381360 44 19.336036 38 9.669068 34 12.822371 49 8.207718
2 5 30 5.703472 43 4.120726 42 1.383824 38 16.220082 44 7.906965
3
0 5 30 11.675094 34 1.459504 32 8.825317 37 9.600638 46 2.609491
1 5 40 15.968930 39 10.193388 43 16.240845 49 9.385068 41 11.807114
2 5 32 12.588791 39 14.512516 45 2.257534 30 7.466710 49 8.742330
3
0 5 30 14.568196 44 7.635092 46 6.085242 49 16.468230 41 6.788430
1 5 32 14.112415 34 7.541140 37 10.563567 49 11.799747 45 4.962224
2 5 36 2.795108 49 7.118768 44 19.153839 37 2.678961 43 18.648125
3
0 5 35 6.396364 48 16.068983 43 13.839802 42 17.783975 49 4.574134
1 5 40 1.642408 41 7.625370 39 4.285922 37 19.622902 36 3.245534
2 5 42 19.887194 40 10.828058 45 15.156269 49 7.256366 38 14.683682
3
0 5 35 5.993538 38 8.795068 42 18.010032 43 9.671996 41 4.524811
1 5 35 5.246422 46 5.769839 45 4.705323 42 15.321115 47 15.738027
2 5 36 15.661397 39 3.696823 49 12.276753 48 16.802792 46 12.223535
3
0 5 35 19.287121 46 19.437811 49 9.969639 39 12.051271 40 8.345286
1 5 36 5.907767 37 3.609411 35 1.232657 40 6.948365 48 2.026898
2 5 37 15.753560 41 13.392458 43 14.645404 48 18.713472 44 5.615369
3
0 5 35 11.024650 39 10.952258 42 15.237004 41 7.480867 36 4.652644
1 5 42 5.221947 49 8.283339 47 2.469141 46 4.621034 44 2.725143
2 5 45 14.852543 48 19.876073 47 7.429119 38 7.714942 42 17.612696
3
0 5 35 1.917291 39 9.800838 40 1.596426 42 13.612527 44 9.186686
1 5 44 10.319762 40 18.797735 38 16.184903 39 8.996494 45 17.465893
2 5 40 3.066125 49 6.110449 39 10.805827 42 14.010628 41 5.471922
3
0 5 40 7.774396 49 8.723003 46 17.808409 41 8.524906 47 17.701056
1 5 45 14.851512 49 4.500585 46 17.127255 41 16.192689 47 14.828864
2 5 46 4.068536 40 17.465559 45 13.060907 44 14.237683 43 1.242889
3
0 5 40 8.365150 47 3.483053 48 3.598973 41 15.950588 44 13.975833
1 5 49 12.047292 46 11.211419 40 6.636159 47 7.821457 43 8.129309
2 5 45 1.169427 42 5.361687 48 10.349451 43 5.969409 46 15.563338
3
0 5 40 17.843531 41 3.580281 47 5.004090 46 15.602193 44 2.864079
1 5 48 11.592269 42 6.062418 49 5.888689 40 5.913112 45 14.800553
2 5 44 2.566497 49 5.848647 47 18.522738 41 10.400547 42 8.083994
3
0 5 40 7.823981 45 10.405243 46 10.463219 43 4.210443 42 13.479531
1 5 44 5.112435 47 5.283175 48 9.029638 41 17.512480 40 9.615382
2 5 43 17.166096 45 2.426183 40 7.209646 49 14.095252 41 11.139249
3
0 5 40 12.162660 44 19.971973 46 11.652190 45 18.402521 49 10.968266
1 5 44 4.295947 45 16.322721 46 4.598079 43 10.155591 49 17.492909
2 5 49 7.560256 46 11.864633 48 8.358185 41 1.820632 45 3.811352
3
0 5 45 7.461690 48 4.500074 47 3.022127 46 17.181438 49 9.928351
1 5 46 10.240827 48 3.002698 47 8.273347 49 4.008808 45 1.707177
2 5 48 3.744845 46 9.548109 49 2.140955 47 6.642579 45 18.673499
3
0 5 45 19.304455 48 6.769930 46 3.769243 49 6.405341 47 7.993685
1 5 49 4.458083 48 15.356933 47 5.366106 45 11.208019 46 3.386182
2 5 48 12.333983 49 5.529351 46 17.188725 47 17.286506 45 1.210370
3
0 5 45 8.881646 46 16.971549 47 12.053648 48 4.903953 49 14.198649
1 5 46 6.507488 49 5.517880 48 14.131414 47 4.086582 45 14.628809
2 5 47 16.190337 49 12.771018 45 15.280709 48 2.245915 46 6.875219
3
0 5 45 8.582905 49 4.907389 48 10.409922 47 8.123501 46 14.952282
1 5 47 16.372124 45 4.018253 48 16.258744 46 16.529665 49 3.575680
2 5 47 12.914376 49 5.102172 48 5.958884 46 8.533778 45 5.620916
3
0 5 45 19.958573 46 15.192263 49 16.481649 47 19.483138 48 5.368337
1 5 47 7.703265 45 10.095309 48 8.909509 49 8.297046 46 1.719982
2 5 47 7.557413 48 13.340545 45 18.529090 46 13.764809 49 18.476213
3
0 5 49 5.914921 49 3.460503 49 8.609959 49 15.658104 49 9.522997
1 5 49 16.762661 49 15.002491 49 13.077251 49 8.288428 49 9.710843
2 5 49 8.967319 49 4.560136 49 1.816792 49 6.436609 49 8.490542
3
0 5 49 11.413622 49 1.214519 49 1.238248 49 6.875315 49 11.940699
1 5 49 17.504116 49 10.579761 49 10.627724 49 4.963092 49 11.378887
2 5 49 12.044213 49 7.411304 49 12.524597 49 2.949233 49 5.155787
3
0 5 49 17.264982 49 2.392951 49 9.693895 49 14.173933 49 3.805699
1 5 49 10.051285 49 9.919400 49 16.369823 49 11.605709 49 9.833502
2 5 49 10.833813 49 14.764674 49 15.706660 49 3.956145 49 5.646299
3
0 5 49 7.674388 49 1.301173 49 17.063406 49 14.635239 49 19.185334
1 5 49 8.242947 49 17.889219 49 19.712713 49 6.524919 49 11.677239
2 5 49 3.991816 49 14.552341 49 13.409792 49 5.954905 49 5.355765
0
