50 49
3
0 5 5 1.312770 25 17.093729 30 19.790788 28 1.446575 7 2.593664
1 5 39 11.347035 6 17.515440 34 1.088275 25 9.841936 48 18.632824
2 5 42 16.689516 22 6.130756 39 14.717936 46 1.166882 48 8.809896
3
0 5 5 14.063516 15 17.427287 36 7.260472 13 4.878095 21 12.581527
1 5 39 9.965582 22 7.987424 18 14.228495 5 3.769958 16 19.639282
2 5 47 18.121396 15 16.311717 45 7.613059 17 16.305995 36 3.899388
3
0 5 5 7.095846 48 12.379998 43 3.733105 20 10.069983 11 3.062712
1 5 42 16.475337 40 18.710555 28 1.104484 26 8.634936 30 8.427814
2 5 46 19.321445 17 17.293391 30 5.811371 16 7.872470 21 8.408957
3
0 5 5 7.550466 38 15.358452 24 5.231446 35 4.021523 34 19.326712
1 5 9 2.295103 44 16.681256 31 19.550219 23 12.523634 13 1.662058
2 5 12 17.897809 7 13.270657 22 12.215880 49 8.219523 34 5.637197
3
0 5 5 2.955045 19 6.864446 22 13.507891 41 8.577821 46 8.855285
1 5 35 18.224326 7 16.663323 47 7.392021 49 18.779958 15 18.620653
2 5 20 10.839013 19 19.407640 40 9.220944 44 17.351910 48 11.168772
3
0 5 10 16.184321 25 6.768091 28 12.679100 48 11.326795 32 1.708375
1 5 43 6.507752 18 17.605633 47 9.315674 20 7.911046 16 2.438215
2 5 29 10.748718 10 6.666120 41 15.407591 22 18.126490 44 16.763580
3
0 5 10 11.163091 25 3.167504 21 6.923362 19 5.450211 22 8.094748
1 5 19 17.590157 43 2.456683 42 11.477086 38 5.132894 18 3.777654
2 5 14 17.419264 13 2.565602 31 15.049906 17 19.690038 21 12.036314
3
0 5 10 11.186681 19 13.022180 30 8.173016 11 15.444137 16 11.545291
1 5 30 18.237587 32 19.291374 17 15.736122 26 12.781661 14 1.761432
2 5 35 8.093615 18 16.158047 34 1.132975 16 4.439243 15 15.437588
3
0 5 10 3.352842 19 2.033135 26 13.715886 14 4.105140 21 4.533931
1 5 23 5.256459 38 16.895591 27 6.101804 11 18.435776 28 7.814230
2 5 15 6.544036 16 19.891622 26 3.245297 48 8.469745 32 5.947446
3
0 5 10 19.667543 41 15.457527 17 14.585395 24 16.404372 40 1.458593
1 5 36 18.489572 42 11.827755 12 12.502423 40 18.104642 35 13.792360
2 5 31 13.242291 47 10.741268 43 4.364329 17 16.543871 36 11.848928
3
0 5 15 1.801312 21 13.254690 32 12.697225 35 5.097918 40 18.032317
1 5 27 19.881768 46 4.057858 38 11.643514 30 11.871696 17 7.319581
2 5 38 19.371513 39 1.965141 42 13.463001 27 7.603240 20 13.312688
3
0 5 15 5.160172 49 5.488923 32 6.788706 30 6.685918 37 11.529515
1 5 35 12.039913 40 18.605575 39 12.310202 38 15.774787 30 16.470969
2 5 17 15.163252 36 14.948258 23 2.469400 26 9.591695 44 8.324341
3
0 5 15 3.454241 24 10.720300 38 5.937962 35 3.415028 44 17.901618
1 5 38 12.580213 39 17.714170 42 3.647942 22 16.936073 40 12.404793
2 5 35 14.185338 47 11.621405 30 18.207207 41 3.893730 33 5.031092
3
0 5 15 11.576267 46 2.116090 19 11.509192 27 18.366610 37 15.476859
1 5 27 6.192089 35 2.930050 41 16.319373 42 14.277572 43 9.051237
2 5 42 18.588672 33 18.429600 30 1.972615 23 17.885269 29 18.958490
3
0 5 15 6.855299 24 2.627070 31 15.137546 37 17.795511 26 1.258954
1 5 36 3.781147 48 10.109677 23 8.401718 49 16.547467 24 12.130315
2 5 38 10.636504 41 2.086666 40 11.854521 35 2.277358 31 10.596401
3
0 5 20 2.590061 30 4.900732 47 18.389190 22 17.571991 28 8.529082
1 5 21 5.799094 44 4.810625 36 11.035094 34 9.856778 28 15.247751
2 5 23 9.639001 48 18.548279 32 16.153838 46 13.352197 27 19.571157
3
0 5 20 11.678211 33 2.301830 34 14.165749 24 2.614631 37 1.556089
1 5 36 1.854902 39 12.130336 45 16.045851 33 16.605792 28 8.568379
2 5 48 7.302622 46 1.159356 27 18.901718 28 6.394193 36 1.007956
3
0 5 20 3.473147 23 4.395017 47 16.116088 30 16.388044 45 19.788281
1 5 26 18.418051 28 7.040045 24 1.600055 45 18.523271 43 3.638373
2 5 31 2.983060 45 19.883643 20 19.006077 34 2.093247 21 16.365672
3
0 5 20 3.046788 27 19.675317 47 12.894131 46 11.325987 39 2.862882
1 5 39 3.618856 40 1.867249 24 11.775915 25 19.906595 32 13.596107
2 5 32 15.343112 20 5.647596 45 1.469114 29 3.074951 28 9.957646
3
0 5 20 13.296626 32 16.087802 33 14.713288 47 1.716213 41 3.183374
1 5 38 9.902392 34 8.716926 27 7.235941 48 3.367495 22 6.141625
2 5 40 15.028078 38 19.592247 42 4.668231 37 14.349318 47 4.423433
3
0 5 25 1.020040 33 1.240179 29 17.070803 31 15.958927 41 15.195505
1 5 32 9.964220 42 13.125450 31 13.865148 48 16.292082 39 6.574812
2 5 49 19.686626 27 4.841111 30 4.701143 47 7.381635 33 17.687775
3
0 5 25 9.085468 29 19.675346 27 5.327837 46 12.981632 36 5.298897
1 5 35 5.357984 40 14.564195 48 19.454018 31 4.013787 32 2.980389
2 5 29 18.561481 36 3.232172 30 10.482960 32 14.596474 38 9.247048
3
0 5 25 2.601635 43 5.372115 37 14.583050 26 1.220476 31 2.552067
1 5 29 4.320349 47 6.838437 49 9.722044 27 14.155480 36 10.930269
2 5 31 17.743335 32 12.750167 35 2.499691 40 2.974977 37 17.965123
3
0 5 25 18.828921 48 5.040032 41 16.814687 39 9.417078 32 10.888157
1 5 28 7.798393 47 2.440760 31 14.036293 25 14.898218 37 3.221062
2 5 25 15.490630 47 6.599557 45 14.461790 37 12.066295 32 14.105189
3
0 5 25 6.124453 46 5.787736 45 9.785748 26 19.190652 31 6.052101
1 5 29 10.047350 37 18.268725 30 10.948310 46 1.936942 28 19.449348
2 5 47 1.821046 45 16.268650 31 1.230917 38 13.629509 48 3.612421
3
0 5 30 5.542233 45 9.649975 46 1.579630 31 4.657908 38 9.576881
1 5 46 8.573330 40 13.203417 45 15.613095 48 4.469600 44 19.959789
2 5 41 7.784983 36 4.764086 32 19.496027 30 5.122925 35 3.009047
3
0 5 30 17.644625 41 2.010701 31 13.238997 45 15.941152 46 14.352770
1 5 44 7.094647 33 2.488999 34 15.458539 35 8.991847 30 6.884651
2 5 47 18.499379 32 9.418408 45 14.509683 39 12.823962 46 15.869254
3
0 5 30 6.530748 31 1.961029 34 1.956718 33 8.020340 40 12.394294
1 5 42 19.620120 35 16.933303 31 10.642500 39 3.051558 30 8.428330
2 5 35 5.030809 49 18.537867 31 12.150661 40 15.489171 39 12.708277
3
0 5 30 9.889859 34 2.833790 45 3.569829 41 8.619605 35 16.450729
1 5 47 3.870241 35 6.305822 36 8.765040 37 14.739858 38 16.027143
2 5 48 1.568512 43 9.351953 37 13.800588 40 14.664464 32 16.262017
3
0 5 30 12.691565 40 7.510301 46 9.844981 47 17.062781 31 15.553005
1 5 39 16.433919 46 19.880589 33 6.035921 42 13.075423 48 4.140114
2 5 49 7.358911 32 17.104593 39 6.608169 46 3.446736 36 18.862378
3
0 5 35 4.490394 38 12.661609 45 15.190252 36 16.863023 41 4.806775
1 5 49 5.464645 39 8.299582 41 15.865852 48 12.458659 37 9.631775
2 5 36 16.210099 44 10.714044 46 16.079909 40 13.776175 48 18.110273
3
0 5 35 17.908809 41 2.793300 42 2.719577 39 10.699471 37 7.930922
1 5 43 15.080672 38 13.199991 44 11.350072 48 16.535105 46 10.980223
2 5 46 2.816946 47 13.123460 35 7.318185 44 15.437300 39 9.908776
3
0 5 35 13.716132 47 13.126183 46 9.169513 42 7.397719 38 15.442171
1 5 47 10.001148 35 19.020249 39 15.891080 42 15.991578 37 13.505144
2 5 49 6.118103 39 5.381817 45 16.496786 38 7.088606 42 6.119469
3
0 5 35 5.939522 44 8.009635 40 3.120557 39 17.737718 45 12.231047
1 5 49 7.752037 47 4.637814 37 17.276268 48 9.622929 39 6.574082
2 5 41 13.139844 43 2.820477 36 11.698301 46 2.498894 49 14.796256
3
0 5 35 15.578218 37 9.913507 43 9.232485 47 13.261264 46 16.173963
1 5 49 7.432576 44 1.159259 37 15.928834 36 12.533500 45 2.511464
2 5 39 8.808876 37 2.389423 44 14.461217 49 15.390259 40 9.095559
3
0 5 40 16.055316 42 18.702267 45 11.869917 43 2.993818 49 19.291003
1 5 40 7.961863 48 15.992884 41 5.247865 45 18.158576 43 6.905885
2 5 43 7.006664 49 15.891265 48 8.451925 41 13.423373 47 19.019898
3
0 5 40 5.776010 41 11.404659 42 17.966958 49 16.430613 44 19.923207
1 5 46 7.795200 45 10.599654 49 9.834801 43 16.474515 41 13.738108
2 5 48 11.139893 40 7.967224 41 9.842762 49 9.751860 46 14.484367
3
0 5 40 2.659692 41 11.856788 48 11.881195 42 5.266377 49 3.115858
1 5 49 10.544146 40 18.697726 46 9.285030 42 7.474559 44 10.849037
2 5 45 7.462977 43 6.211894 40 4.504380 41 4.094768 49 11.906997
3
0 5 40 4.715089 47 18.313862 48 18.169320 49 11.668662 46 17.526237
1 5 48 6.678740 41 2.919582 49 8.981060 47 11.862840 46 5.690751
2 5 44 19.423098 46 2.859832 49 4.788444 45 12.221775 43 15.581358
3
0 5 40 2.049382 46 13.158837 42 19.895347 48 14.865792 45 9.911522
1 5 48 13.654517 42 1.747860 43 10.743420 46 2.507673 47 6.579624
2 5 42 3.845835 49 6.945134 41 10.931601 46 13.450466 43 11.647718
3
0 5 45 13.206223 49 13.006052 47 12.250808 46 16.939188 48 12.671957
1 5 46 18.960774 47 15.512833 48 1.712392 45 1.004942 49 6.205106
2 5 48 8.589422 49 7.875934 47 10.182147 45 1.404425 46 19.382003
3
0 5 45 12.050083 46 16.745131 48 12.565050 47 14.773752 49 8.137062
1 5 49 1.078600 46 9.600338 48 8.253873 47 4.420964 45 16.000137
2 5 47 7.383605 49 9.967530 46 19.240466 45 8.308982 48 6.593995
3
0 5 45 9.087638 46 4.477257 49 1.767069 48 3.032280 47 6.875701
1 5 47 19.864176 49 8.358431 46 3.470745 48 10.264431 45 18.037254
2 5 49 8.988813 46 19.845268 45 5.486408 47 3.021855 48 14.783790
3
0 5 45 8.652895 48 19.356335 47 17.616923 46 19.763993 49 15.612224
1 5 46 19.482764 48 8.469998 47 14.206851 45 18.040634 49 16.590940
2 5 47 1.463077 48 15.808294 46 6.615816 49 11.181595 45 15.329628
3
0 5 45 3.773328 47 16.137461 46 3.594985 49 2.256010 48 14.073363
1 5 49 8.347532 45 14.302920 47 19.850832 46 13.220963 48 14.395056
2 5 46 10.724553 47 3.788430 45 5.210499 49 16.949863 48 18.156076
3
0 5 49 6.448359 49 15.800621 49 16.847503 49 18.782195 49 18.704670
1 5 49 9.648473 49 7.548177 49 7.105136 49 17.082339 49 9.995631
2 5 49 8.250142 49 6.015194 49 7.945576 49 8.288570 49 16.080370
3
0 5 49 3.052504 49 13.547982 49 6.561769 49 18.826166 49 13.992908
1 5 49 7.461775 49 18.149121 49 18.597397 49 12.341007 49 9.732185
2 5 49 4.097851 49 3.011355 49 18.875703 49 19.928244 49 5.523155
3
0 5 49 10.373441 49 18.085014 49 2.820535 49 10.952145 49 15.646498
1 5 49 15.049774 49 17.861282 49 5.448010 49 4.177977 49 9.914245
2 5 49 10.342186 49 7.662536 49 10.386150 49 1.035474 49 5.506101
3
0 5 49 13.711120 49 17.884896 49 19.635479 49 5.163801 49 5.787987
1 5 49 6.219138 49 1.605523 49 7.990276 49 2.398839 49 5.400640
2 5 49 5.446227 49 6.057037 49 17.255064 49 15.685103 49 5.028074
0
