50 49
3
0 5 5 1.745872 34 5.108966 38 7.313814 22 10.932598 42 2.117849
1 5 46 8.438616 45 1.891166 12 6.880968 30 18.512999 31 7.780167
2 5 32 1.480627 28 1.803932 48 7.701703 44 7.616089 13 18.626202
3
0 5 5 12.145007 10 3.857829 25 6.188381 16 4.632175 39 18.063678
1 5 48 11.801975 23 14.036620 33 6.161262 42 16.366079 39 19.833199
2 5 14 11.565496 32 13.365180 8 13.266360 29 14.041799 11 3.190687
3
0 5 5 17.519640 41 3.952557 8 15.714124 26 2.053267 7 14.220474
1 5 43 17.861593 17 1.414135 26 10.353011 7 17.420476 20 15.835069
2 5 10 15.966316 14 2.331124 8 19.041815 30 13.768462 13 17.288054
3
0 5 5 2.580034 44 19.740423 27 7.959101 43 3.435637 9 11.780980
1 5 33 5.855323 28 13.845465 42 4.357712 45 2.803396 26 4.009658
2 5 36 6.711854 27 5.294940 42 1.678403 44 11.092618 16 11.793856
3
0 5 5 12.972313 27 19.360508 22 17.777825 34 3.678377 43 8.603828
1 5 10 13.819339 18 8.508170 36 9.781573 13 9.954510 9 12.412368
2 5 6 3.015185 49 15.009542 5 15.128301 48 19.261851 14 11.591211
3
0 5 10 17.676128 41 10.045940 43 10.519664 36 12.155864 30 18.408808
1 5 46 15.906686 40 16.876795 41 2.236907 24 6.605577 45 18.670917
2 5 48 17.496657 30 4.605486 47 7.224481 19 16.579501 32 10.785395
3
0 5 10 16.148684 19 7.136256 26 4.997572 38 6.656553 44 2.131528
1 5 27 13.407507 36 12.627273 46 1.166187 14 14.789767 16 4.437374
2 5 15 2.310470 21 1.689218 19 4.360158 36 18.650438 33 11.924075
3
0 5 10 11.875305 14 1.718676 49 15.823121 32 12.180719 16 16.680685
1 5 41 7.448702 26 13.071522 32 17.990793 23 13.666653 33 9.261570
2 5 40 2.354930 11 18.697173 29 8.378662 13 9.482949 23 9.137205
3
0 5 10 6.058098 25 11.159486 32 10.888049 46 17.210626 43 13.853562
1 5 20 15.301825 31 5.068190 41 17.733409 27 17.467475 40 2.356067
2 5 23 4.566789 26 12.721841 18 4.245028 29 18.764685 21 14.524949
3
0 5 10 5.579281 41 11.397973 15 15.276426 36 13.699180 19 12.036700
1 5 14 7.625667 24 12.980758 21 11.763886 44 7.452901 45 14.215028
2 5 47 12.646594 36 18.237378 19 17.287628 12 16.423779 11 6.067862
3
0 5 15 19.301250 21 8.991349 32 19.353380 43 11.646427 45 17.942168
1 5 47 11.817970 31 15.978584 48 4.569753 20 17.034788 46 6.827665
2 5 26 4.410748 36 2.187758 33 12.184945 37 2.055216 31 12.321091
3
0 5 15 10.665669 32 6.572093 47 2.377242 41 12.258062 22 16.099964
1 5 31 14.685715 29 16.519680 43 7.814016 49 6.661302 38 9.328382
2 5 47 4.844119 32 12.664421 29 7.792584 30 11.371728 28 15.535535
3
0 5 15 2.199170 39 6.673401 27 8.224261 41 2.408028 34 14.791230
1 5 45 1.304558 38 16.882002 37 9.377795 29 11.781964 18 17.196426
2 5 49 17.877985 38 2.150027 32 14.463974 47 19.472433 18 18.007286
3
0 5 15 13.512693 20 14.652360 48 19.473353 49 16.323001 39 14.050249
1 5 37 6.501744 23 7.440905 35 11.560262 42 9.562084 44 13.110042
2 5 43 2.387416 24 10.056609 48 8.265699 20 11.883615 38 13.888248
3
0 5 15 9.456884 46 9.044600 33 7.104869 45 4.908009 47 7.433547
1 5 28 14.116194 27 6.705708 16 8.071281 44 1.963727 33 10.480636
2 5 33 17.166319 44 15.541698 19 6.089030 36 11.133918 22 15.223720
3
0 5 20 5.015929 39 8.603745 25 6.671285 33 19.809161 21 7.095445
1 5 22 12.300503 43 11.745540 31 7.317171 26 13.936094 20 14.362396
2 5 23 19.083531 44 3.643627 29 6.773684 42 19.172353 43 10.369958
3
0 5 20 2.195373 44 11.107680 22 17.584945 23 19.491586 25 12.369985
1 5 47 19.308965 23 1.431452 40 2.511914 28 19.173777 36 9.922853
2 5 45 4.316259 34 13.663626 35 13.491825 26 17.880158 29 18.093812
3
0 5 20 19.691669 30 10.098878 48 10.307257 37 3.284982 49 4.385535
1 5 24 10.500251 21 4.865307 22 13.922892 43 19.947436 41 17.731930
2 5 43 12.928967 37 17.649750 40 11.994054 21 16.716194 26 4.917190
3
0 5 20 16.157357 29 7.541695 37 16.032298 26 9.058347 24 2.976642
1 5 22 6.260211 48 15.002015 29 8.516987 42 2.226200 32 9.017337
2 5 41 19.650574 31 5.043388 40 7.446263 46 5.439640 28 7.374101
3
0 5 20 12.498931 24 14.465832 43 10.930330 42 5.323087 48 4.696475
1 5 27 9.634338 49 19.868181 48 16.016283 29 15.889435 30 4.773314
2 5 40 14.447767 27 12.950387 42 10.245222 44 16.014419 38 13.640154
3
0 5 25 9.088789 39 8.959592 46 14.467007 31 13.073387 32 18.014758
1 5 44 12.049632 35 16.171300 40 13.433861 34 8.558890 46 9.350602
2 5 44 19.518365 27 4.501208 49 13.159949 45 5.072776 41 19.684219
3
0 5 25 13.648459 40 15.466036 49 11.699190 48 4.678464 47 9.905589
1 5 30 12.831263 43 7.266209 25 9.048341 44 14.877906 47 4.724165
2 5 33 12.622022 37 7.734171 47 7.550159 30 5.057776 32 18.353793
3
0 5 25 17.579051 36 5.376824 31 12.887833 48 5.679649 45 7.974844
1 5 40 17.548515 27 14.578378 34 19.921191 38 17.175283 37 16.812384
2 5 48 1.380000 44 16.519612 30 2.684214 31 15.911947 38 19.490426
3
0 5 25 13.316268 26 14.320639 47 10.944307 49 6.693293 32 7.742655
1 5 33 6.462791 29 7.700239 44 5.498369 39 3.206380 45 13.995357
2 5 43 5.281007 41 12.066766 47 3.386607 33 5.788471 36 19.653612
3
0 5 25 14.362206 34 7.008527 39 15.203415 26 14.717690 48 16.567995
1 5 32 19.855881 34 4.258725 49 4.170388 37 2.052318 35 13.594640
2 5 37 9.987187 36 12.020598 40 14.831855 27 19.633024 32 2.030523
3
0 5 30 14.410115 36 10.927574 35 14.993036 48 15.375573 32 11.435880
1 5 49 3.255411 37 7.029841 48 7.750065 39 11.096838 35 12.101914
2 5 42 5.979531 45 1.204883 47 7.732157 46 10.213466 39 18.445276
3
0 5 30 13.645883 40 15.961692 45 15.753917 42 7.047294 41 14.919999
1 5 46 8.174386 36 17.291701 34 9.837265 45 4.513480 39 6.530977
2 5 38 5.047149 49 2.993175 35 16.547513 37 1.988464 40 4.240910
3
0 5 30 18.637361 34 5.568871 43 12.877607 48 3.007806 32 4.024453
1 5 38 6.408759 41 4.548794 32 13.589461 37 2.465161 45 16.969997
2 5 40 3.302263 31 14.127750 38 3.111910 32 8.081881 41 14.515656
3
0 5 30 10.603547 48 2.633266 38 13.949053 46 7.705208 47 17.002892
1 5 48 1.387490 37 2.309825 42 6.266542 44 10.466979 45 9.889926
2 5 47 12.669808 40 4.533195 30 8.198187 42 1.786767 32 12.753118
3
0 5 30 18.432239 31 8.804651 38 6.631676 34 6.154276 43 13.669717
1 5 43 18.093956 39 1.509128 38 10.378997 33 1.290302 37 3.336945
2 5 39 12.427473 48 7.239309 35 19.566405 30 10.325839 37 12.671283
3
0 5 35 7.199085 40 12.704782 48 14.342648 39 5.288578 37 8.038038
1 5 43 3.617117 37 6.053510 39 11.346724 38 10.642236 46 3.225938
2 5 47 14.652360 41 10.264992 43 19.996648 48 2.570403 38 14.537532
3
0 5 35 11.884348 46 16.344008 48 11.835168 37 16.828738 39 9.343966
1 5 44 15.419782 41 16.344275 43 1.229343 37 8.211297 38 6.912074
2 5 40 11.930411 49 19.383513 45 19.027523 39 1.918128 38 4.515245
3
0 5 35 16.192757 48 6.004551 45 13.377894 38 15.640966 40 4.146658
1 5 48 1.999042 41 16.944529 44 14.258136 46 6.481456 37 2.072466
2 5 46 12.952253 43 9.556201 48 1.713840 39 17.420870 35 11.294013
3
0 5 35 11.739936 46 18.498238 40 14.794987 39 13.764516 49 1.438464
1 5 37 9.565615 49 9.335260 39 5.834955 43 11.159242 46 3.181468
2 5 37 15.633788 48 16.846235 43 12.673458 46 8.784342 49 13.265598
3
0 5 35 3.804820 42 1.617921 45 6.479445 47 18.200815 36 16.555295
1 5 47 6.981717 37 10.758715 49 6.606339 44 19.954928 40 5.040000
2 5 43 13.745500 41 3.350823 39 9.633847 38 17.713888 36 16.891392
3
0 5 40 12.155932 49 7.745340 42 8.591456 47 16.540535 48 4.462765
1 5 42 9.087731 41 9.220472 44 18.321416 48 13.958139 40 4.257074
2 5 40 14.078704 43 12.596832 49 17.723287 46 6.236344 41 14.496851
3
0 5 40 8.778599 44 4.063590 41 17.657378 46 9.151967 43 18.748269
1 5 43 3.776825 48 7.666003 46 1.566427 45 9.936571 47 10.113642
2 5 42 11.950484 49 3.535950 48 18.838959 45 10.866116 40 7.502204
3
0 5 40 19.032641 41 19.729396 47 17.305626 49 19.699538 43 14.395996
1 5 44 9.495532 49 13.920650 41 18.013722 46 16.726885 43 2.789077
2 5 47 7.149242 45 18.816421 44 6.407560 42 17.433103 49 6.657442
3
0 5 40 2.891664 47 17.229805 49 12.205467 46 11.023601 41 13.609564
1 5 48 2.612394 40 9.343473 43 1.451845 41 16.321731 45 11.948537
2 5 41 1.494505 43 5.332332 48 18.376671 46 4.944208 42 19.667311
3
0 5 40 14.218227 44 7.774188 47 14.703656 46 8.737530 41 4.242828
1 5 40 8.494940 45 9.087783 47 8.464084 43 4.889255 46 7.830438
2 5 45 11.451034 40 3.582731 42 4.407905 49 10.004638 46 9.944570
3
0 5 45 11.293766 48 2.795114 49 16.179334 47 15.511414 46 2.082031
1 5 46 2.182670 45 12.636018 48 15.902521 47 9.362764 49 4.893085
2 5 46 14.392465 47 4.558911 45 3.243183 49 10.473759 48 19.117280
3
0 5 45 2.158317 47 12.628398 49 17.598887 46 5.852600 48 11.482981
1 5 45 4.245992 49 18.710340 48 12.231210 47 11.898966 46 4.125149
2 5 45 13.483779 48 2.697475 49 13.667021 47 3.069676 46 10.901711
3
0 5 45 18.466173 47 1.865002 48 14.365985 46 3.693474 49 7.085421
1 5 46 17.794567 47 9.614193 49 14.005003 48 7.790012 45 6.015530
2 5 49 15.545718 45 17.543178 46 2.653122 47 9.615110 48 6.717210
3
0 5 45 11.361867 47 6.909001 48 10.360906 46 10.017427 49 5.998114
1 5 46 13.846905 48 3.265607 49 18.243175 45 6.269283 47 10.386095
2 5 45 9.374882 49 8.193230 47 5.180593 46 1.274102 48 9.722267
3
0 5 45 9.497599 47 4.001871 46 4.538596 48 7.212238 49 19.647513
1 5 47 17.655665 46 5.458861 48 14.139747 45 13.751226 49 17.106459
2 5 49 6.534770 46 16.287809 48 18.681905 45 18.341114 47 9.377648
3
0 5 49 8.432624 49 5.744845 49 10.455621 49 2.032378 49 9.959640
1 5 49 3.956915 49 2.532653 49 13.383920 49 19.719876 49 14.926994
2 5 49 9.071787 49 10.928011 49 18.900063 49 10.173154 49 14.435082
3
0 5 49 5.268914 49 3.205290 49 16.310273 49 19.009596 49 4.729780
1 5 49 19.517491 49 1.659842 49 13.481792 49 11.151084 49 1.428127
2 5 49 17.954357 49 11.960266 49 11.497815 49 19.389427 49 1.962449
3
0 5 49 13.916038 49 17.488218 49 15.199704 49 18.053275 49 7.178737
1 5 49 12.299857 49 4.403491 49 16.911122 49 1.375037 49 14.395083
2 5 49 2.261852 49 19.140560 49 5.987221 49 14.131880 49 4.565820
3
0 5 49 18.513766 49 19.751233 49 11.929498 49 8.640985 49 14.618743
1 5 49 6.432482 49 8.795113 49 7.087166 49 5.528513 49 6.972587
2 5 49 2.229321 49 2.355112 49 13.113847 49 16.202496 49 12.238910
0
