50 49
3
0 5 5 13.234293 45 8.127001 30 12.847834 19 10.128836 14 2.798840
1 5 25 9.274694 21 9.094065 40 3.885994 17 13.284896 48 18.051077
2 5 12 13.033177 15 17.315487 17 5.811166 8 3.810431 24 14.526827
3
0 5 5 3.199341 17 4.972518 40 13.410114 15 6.303162 26 17.704222
1 5 17 2.309277 37 9.534153 6 18.369064 44 13.544981 46 17.091177
2 5 45 15.777855 17 17.387045 22 10.237402 24 12.973550 33 14.968838
3
0 5 5 19.571771 16 14.996398 44 16.687234 7 10.226166 33 4.117045
1 5 5 4.481220 13 14.958114 38 3.472928 42 13.675640 46 10.933590
2 5 13 1.723930 24 17.390716 44 11.469219 48 19.211796 34 9.337188
3
0 5 5 8.400116 23 12.534414 19 1.093440 31 7.020623 18 7.630550
1 5 20 8.633673 12 12.534749 27 14.742533 40 18.480123 18 3.317106
2 5 19 16.331149 15 15.518684 21 18.388939 42 14.268146 44 6.432762
3
0 5 5 3.611301 16 14.805259 19 15.716143 12 18.493284 26 17.377556
1 5 15 14.940027 41 16.809348 17 6.454055 26 2.291672 24 15.291033
2 5 45 11.105471 15 19.790508 11 16.394464 19 14.126782 21 4.580660
3
0 5 10 6.564497 24 6.838797 49 16.282504 19 18.328623 14 15.522345
1 5 18 17.576926 39 3.929379 19 1.591017 14 11.613036 42 17.466447
2 5 10 13.629501 28 8.809471 17 10.280947 48 5.679678 35 15.496556
3
0 5 10 4.274256 24 19.411413 47 1.817192 31 10.140214 15 18.538131
1 5 19 1.113417 34 16.454455 21 2.254100 22 9.426327 47 19.939468
2 5 44 5.095347 45 17.346303 26 7.295643 22 6.429051 42 18.826781
3
0 5 10 11.756780 22 17.215486 44 18.084129 41 14.144511 12 8.398364
1 5 42 5.478397 26 7.963384 16 18.377474 18 9.431360 48 15.707384
2 5 21 15.228331 10 7.911610 33 11.170464 11 1.784078 22 4.290139
3
0 5 10 16.446142 23 1.350423 25 3.695443 24 10.670367 26 3.303393
1 5 49 18.139283 27 8.093907 45 10.742337 13 11.674675 42 1.742382
2 5 11 1.246714 46 15.499934 23 3.158583 37 19.582397 18 17.448757
3
0 5 10 18.836933 18 13.150084 32 16.163452 21 14.592228 20 19.894169
1 5 40 17.998272 36 13.405255 44 1.304417 28 2.732951 15 6.568636
2 5 49 8.170202 39 15.644746 22 7.841843 44 2.131835 34 15.046642
3
0 5 15 6.129244 32 4.647443 49 4.997934 43 14.248931 42 1.559142
1 5 44 18.818960 19 3.162881 30 16.733022 33 5.492687 42 6.733343
2 5 32 19.777831 18 3.857425 37 10.525302 25 5.861009 24 16.593852
3
0 5 15 4.648850 42 14.652280 16 9.261751 29 18.870276 35 13.552336
1 5 17 4.878638 41 14.338178 16 12.494720 39 16.585893 26 5.574903
2 5 44 6.713283 28 5.954826 32 5.193400 22 14.914811 25 16.053237
3
0 5 15 9.532982 28 12.651401 20 9.537395 23 6.076385 47 12.637332
1 5 32 13.175148 17 1.565781 45 6.294045 48 3.102563 40 8.999197
2 5 40 2.295952 32 14.547353 36 6.377102 41 17.368322 45 5.509571
3
0 5 15 17.517469 44 18.309070 35 18.603925 26 14.663771 32 15.929573
1 5 39 17.313530 46 7.406877 48 10.720325 17 15.700931 27 17.948831
2 5 39 10.023613 36 9.188928 46 12.992761 24 2.368649 31 10.758771
3
0 5 15 12.501966 23 18.623668 32 9.332606 48 15.329966 18 17.241557
1 5 40 14.133234 28 5.489097 29 3.463428 34 9.936652 45 6.887473
2 5 21 11.381360 43 6.922433 33 10.276852 46 6.911271 35 17.031930
3
0 5 20 14.637495 48 7.320989 38 5.506635 43 5.281091 49 3.077970
1 5 40 10.686079 38 1.689944 26 18.916793 37 14.039059 21 3.407367
2 5 36 4.771723 28 19.861808 21 6.947423 33 14.594208 42 10.198439
3
0 5 20 13.995900 46 13.845851 39 18.945667 21 15.532548 33 8.613977
1 5 46 5.636862 27 14.708721 41 7.093351 30 8.847251 23 15.873442
2 5 32 16.757199 22 12.085265 41 8.187030 24 16.393583 48 11.993632
3
0 5 20 3.000628 37 11.716730 27 17.560649 45 18.202508 44 16.969897
1 5 38 12.450146 20 9.730601 49 16.039033 35 14.568340 30 4.708090
2 5 27 13.855330 26 6.114197 45 13.239528 38 14.879814 48 14.936832
3
0 5 20 2.414444 23 2.328533 31 13.802784 47 16.880541 49 16.814488
1 5 48 19.019768 38 8.358338 45 7.604606 21 18.360549 43 10.429899
2 5 48 18.739297 41 8.271032 22 11.615865 46 16.766734 27 13.082645
3
0 5 20 11.322528 45 9.047371 26 1.859920 22 7.609568 44 3.975274
1 5 32 19.570743 41 7.248290 21 3.013175 47 19.086493 46 11.719804
2 5 36 12.944798 23 11.507323 47 18.469485 35 19.322394 37 9.411980
3
0 5 25 13.690053 41 13.848553 35 19.246726 44 18.570999 38 6.186117
1 5 40 7.249956 29 14.368497 49 13.425898 25 9.100977 33 7.345507
2 5 49 2.619037 29 17.225546 48 13.761480 47 19.467836 44 1.942638
3
0 5 25 1.849218 48 15.086174 31 1.962224 37 13.974667 34 10.541513
1 5 49 17.905516 28 2.207339 37 17.962956 38 13.966572 27 18.345868
2 5 29 10.151927 33 12.614719 47 2.596653 27 3.678138 37 12.753752
3
0 5 25 13.772062 41 7.637454 49 19.102457 33 9.939219 39 12.289974
1 5 46 9.928882 29 5.670143 31 9.022220 47 7.662708 41 19.142750
2 5 30 13.348474 40 3.069541 28 7.902814 43 16.504682 44 5.684562
3
0 5 25 9.078327 38 9.897182 43 12.885494 40 11.291369 48 18.739197
1 5 33 18.464960 37 11.703699 40 19.902164 38 7.005042 35 18.553353
2 5 43 3.690884 26 6.173912 37 12.921702 38 12.258123 49 16.921019
3
0 5 25 3.469585 38 7.741586 34 1.158829 37 3.952648 36 1.175423
1 5 48 9.449888 28 9.911127 33 7.105095 39 16.992784 43 19.760860
2 5 47 7.805349 35 7.655628 49 16.903120 40 10.144345 39 7.582870
3
0 5 30 10.872454 40 16.012205 46 16.166526 43 9.621524 44 8.151733
1 5 43 7.023284 40 16.265564 38 7.777651 46 16.178981 35 19.662400
2 5 33 3.792050 44 2.208736 31 10.767472 34 14.658060 43 4.270948
3
0 5 30 6.826248 44 6.576202 49 3.103181 35 11.310666 38 11.416377
1 5 31 8.612293 34 1.149227 41 16.848779 33 16.102763 44 6.986647
2 5 38 17.147887 41 11.994455 36 15.119540 48 5.353681 33 17.982505
3
0 5 30 16.725596 31 19.692478 46 15.703328 36 7.055077 45 8.763768
1 5 34 14.681214 37 11.975347 47 19.106681 45 16.036929 41 4.197799
2 5 45 15.383530 33 10.897949 38 19.007959 30 7.380035 31 15.237436
3
0 5 30 1.015449 47 10.650055 46 4.553337 43 5.460324 31 3.531988
1 5 33 17.831070 43 16.124614 34 5.161505 49 3.834981 40 17.873549
2 5 47 16.744503 33 9.408255 34 17.922322 30 5.630408 38 16.470170
3
0 5 30 17.226128 33 7.847200 39 18.418153 46 11.329617 35 7.221670
1 5 41 7.918369 48 4.895919 32 13.520036 39 3.172806 43 3.623118
2 5 45 18.265070 32 8.522874 49 17.763544 34 4.141602 36 14.486851
3
0 5 35 9.690140 41 8.375730 37 1.763933 46 17.921486 38 3.574408
1 5 49 18.681423 39 17.562419 38 6.025204 35 16.827883 41 9.545502
2 5 45 15.274011 37 2.557999 43 5.479454 46 14.985974 42 1.532744
3
0 5 35 16.913053 44 16.820628 43 3.168965 38 6.944255 45 6.404805
1 5 45 3.212772 38 14.570129 47 16.018856 46 5.700480 42 3.591752
2 5 35 4.955932 40 7.451588 44 2.362088 48 12.277759 37 9.907733
3
0 5 35 7.409686 36 3.211039 38 12.837610 45 1.637978 41 11.964529
1 5 40 3.810931 38 19.122606 48 2.245228 45 12.344141 49 11.053860
2 5 46 9.250817 38 2.616673 48 12.091555 36 15.168500 43 13.376352
3
0 5 35 14.843858 40 17.778451 37 18.332198 43 3.084766 42 15.792812
1 5 47 2.896721 44 16.925409 49 7.715019 40 4.108095 43 16.002752
2 5 40 10.090492 42 18.356202 43 6.537596 44 9.611456 47 9.892241
3
0 5 35 8.061608 37 2.235653 40 19.197194 39 13.400435 47 17.409228
1 5 41 7.609250 39 14.048535 49 1.330297 47 2.665139 37 5.265419
2 5 38 3.877414 49 2.650674 42 15.973579 47 19.789464 39 3.234611
3
0 5 40 14.159585 48 8.426702 49 18.496526 46 10.814616 43 16.228581
1 5 49 18.801580 44 8.541635 43 3.410910 48 10.592820 40 4.935202
2 5 42 4.790648 49 16.135433 40 1.624006 46 5.754773 41 15.372771
3
0 5 40 10.641833 45 9.871389 49 6.903763 47 11.359794 48 16.588185
1 5 45 2.169312 41 17.059054 46 3.479972 48 4.709925 47 1.103666
2 5 44 14.546631 42 16.919720 46 16.227230 48 19.722509 41 16.306374
3
0 5 40 10.642185 42 7.499773 45 12.650099 46 15.818489 47 12.051459
1 5 47 2.221896 49 7.321579 46 11.452627 44 11.179493 42 18.461404
2 5 47 14.222772 49 4.636795 40 3.398918 41 17.498328 44 8.199977
3
0 5 40 8.645500 49 16.667138 45 5.904800 48 14.398650 41 13.425476
1 5 49 19.500833 44 7.246163 47 4.422781 48 8.468300 45 15.704573
2 5 49 2.749084 42 15.675157 45 5.902791 48 1.110984 40 9.669525
3
0 5 40 14.792974 43 9.744372 46 8.077612 44 5.243093 49 1.814789
1 5 49 1.477755 45 4.617041 43 13.741656 44 5.073872 42 16.922826
2 5 46 1.534744 49 13.613469 43 4.026077 40 13.611570 45 15.660028
3
0 5 45 17.789826 49 19.547887 46 9.460618 47 19.814638 48 10.594156
1 5 45 4.043754 46 16.884189 47 5.780953 48 4.922836 49 7.503864
2 5 48 1.803518 49 15.315216 45 15.208230 46 11.553212 47 6.964600
3
0 5 45 4.383028 46 9.189240 48 15.727515 47 9.243897 49 16.739488
1 5 46 4.055113 45 4.095614 47 7.704543 48 2.322118 49 3.391928
2 5 46 3.579568 45 11.803445 47 6.429081 49 18.185070 48 15.344266
3
0 5 45 10.285747 49 11.558523 46 4.886681 48 11.407085 47 14.811352
1 5 47 2.234887 48 18.830878 45 3.464323 49 8.385590 46 18.140312
2 5 45 9.966137 49 11.859831 47 16.901651 46 6.721056 48 5.606666
3
0 5 45 7.636238 48 8.944051 49 10.472824 47 10.808655 46 2.207224
1 5 46 11.082841 45 13.836605 48 4.401441 47 15.743773 49 11.207258
2 5 47 7.627263 45 1.336107 48 7.942377 46 2.043207 49 19.533000
3
0 5 45 9.730410 49 7.088929 46 1.904756 48 8.825524 47 17.603344
1 5 45 13.041567 47 12.179383 48 17.097254 49 13.663703 46 9.890005
2 5 45 19.036093 49 6.660055 46 12.465767 48 19.018323 47 1.828160
3
0 5 49 11.071226 49 17.700558 49 14.793763 49 14.278141 49 5.439061
1 5 49 12.597858 49 15.116918 49 10.991636 49 9.675807 49 13.114835
2 5 49 1.481838 49 14.908531 49 4.973180 49 2.329753 49 11.222217
3
0 5 49 1.354161 49 16.059309 49 11.912970 49 12.082228 49 16.865273
1 5 49 9.196260 49 12.984901 49 2.218447 49 11.760426 49 6.550686
2 5 49 18.467690 49 8.006697 49 4.998044 49 6.121312 49 10.099888
3
0 5 49 10.001123 49 2.607772 49 14.638448 49 11.003409 49 17.361234
1 5 49 16.043130 49 17.357928 49 16.492187 49 14.405486 49 14.946222
2 5 49 6.057520 49 3.804308 49 19.197936 49 7.325200 49 17.612010
3
0 5 49 19.300839 49 4.996539 49 9.427144 49 9.311124 49 10.457420
1 5 49 13.011517 49 9.925816 49 5.972496 49 13.796327 49 4.556118
2 5 49 2.542895 49 2.177228 49 18.458787 49 16.241483 49 19.628301
0
