50 49
3
0 5 5 2.220921 21 10.016923 29 19.947426 44 11.187068 39 11.702578
1 5 36 19.540941 17 1.808802 37 9.608326 32 15.940425 47 1.077168
2 5 44 14.499878 19 1.161971 37 6.279006 32 9.610032 6 8.281967
3
0 5 5 2.264679 8 11.800635 19 14.857062 18 14.458479 21 7.082534
1 5 16 16.917743 7 18.205824 33 12.537253 10 18.848809 8 7.173138
2 5 48 19.286331 22 3.039736 37 17.480661 13 2.796141 44 19.983047
3
0 5 5 9.788916 48 9.315238 42 5.962857 29 2.154429 16 18.237059
1 5 12 16.094112 48 8.281372 31 13.241993 37 13.326531 38 3.665606
2 5 19 2.310747 31 18.974234 46 8.868319 21 6.473498 42 8.387961
3
0 5 5 16.081820 47 17.854357 9 16.143247 38 6.970577 14 16.604509
1 5 34 15.313082 19 9.443007 39 18.592650 9 18.158310 33 12.746811
2 5 37 7.732407 29 1.027197 23 10.827539 28 9.843288 25 14.159609
3
0 5 5 7.241853 45 6.468125 22 11.790388 37 2.957191 12 9.337420
1 5 7 6.668173 37 8.027345 10 14.320319 31 8.167830 32 4.798366
2 5 47 8.667479 28 18.768136 40 11.974796 26 17.107694 30 15.188046
3
0 5 10 8.311490 24 6.227834 38 7.230037 16 8.655630 18 4.239648
1 5 43 8.768764 29 3.484780 17 11.809551 23 3.181368 18 6.212326
2 5 37 5.228077 32 12.417179 16 1.231511 42 13.035360 24 2.467498
3
0 5 10 8.163107 11 12.190085 23 7.767119 15 4.161062 28 8.060729
1 5 48 11.595752 31 2.919435 35 17.553559 37 17.984839 42 12.772435
2 5 23 7.931124 20 4.641516 11 12.365683 44 16.441463 34 16.924750
3
0 5 10 8.976209 36 19.686502 14 3.680383 34 15.509134 42 13.160863
1 5 45 7.026453 39 8.984504 40 9.030079 21 11.478287 15 6.307863
2 5 26 18.058070 31 7.924415 47 18.074492 44 1.549540 18 6.448176
3
0 5 10 2.392881 46 18.080434 47 14.898027 43 2.136298 14 6.050550
1 5 47 19.560887 25 8.936466 33 17.978202 42 11.545502 27 16.861466
2 5 41 3.712476 35 17.312294 29 9.932451 13 7.542657 26 7.285520
3
0 5 10 17.652271 34 14.096199 47 5.486040 48 6.828920 11 9.373066
1 5 14 3.485881 41 11.092513 36 2.972509 38 7.348865 46 16.664840
2 5 44 4.953022 24 7.132970 35 10.701538 14 2.008691 32 7.938744
3
0 5 15 19.213171 43 13.249252 28 2.260188 21 2.026171 18 4.505398
1 5 33 15.170137 42 14.617591 19 5.727698 30 6.342560 23 18.482068
2 5 43 10.569444 42 13.099805 34 11.493172 22 13.202747 49 9.584572
3
0 5 15 18.169224 39 16.938771 48 13.070951 43 16.254452 42 8.417934
1 5 16 17.883399 26 12.214259 18 9.400489 28 1.824199 23 1.148111
2 5 36 1.837319 44 1.608460 38 15.585689 35 7.239394 49 12.238194
3
0 5 15 11.887753 30 3.310843 35 10.905207 25 3.459839 32 8.911426
1 5 15 5.544381 35 17.426313 21 19.164780 46 1.056309 48 4.123565
2 5 22 4.439271 33 1.546468 43 14.358481 41 19.538899 35 8.046998
3
0 5 15 6.178118 22 2.534243 47 11.395554 44 8.013185 24 8.511306
1 5 33 16.456710 49 7.232932 36 19.190759 42 13.761288 41 19.112200
2 5 44 4.727595 36 7.420648 32 9.536756 24 18.324800 39 3.007625
3
0 5 15 13.902940 32 13.060658 25 6.839802 31 8.100317 38 12.728918
1 5 25 15.738847 33 8.078335 39 7.047111 41 3.272757 31 18.906925
2 5 40 3.321124 30 2.031395 39 15.571318 42 4.212166 33 2.599696
3
0 5 20 11.458864 27 2.430839 25 2.903428 42 10.816339 49 2.767302
1 5 24 19.924442 41 16.869302 22 6.726698 21 17.146571 34 13.040610
2 5 46 15.653657 31 2.060561 20 15.039426 47 6.149339 36 11.091851
3
0 5 20 10.672839 30 7.905138 45 8.919176 49 9.972337 22 5.636103
1 5 49 10.949221 26 7.291313 31 17.126864 32 6.272285 34 12.908783
2 5 23 15.875597 26 9.257211 24 9.323126 32 14.890885 22 18.062195
3
0 5 20 12.842641 26 15.383548 32 16.949019 22 1.558615 48 14.843734
1 5 21 7.008494 28 2.323457 23 16.318188 38 17.968424 24 6.900988
2 5 48 7.925415 20 16.881259 22 13.615484 38 18.625413 23 7.105755
3
0 5 20 8.562690 49 13.106615 25 9.501590 31 14.111756 43 18.996161
1 5 39 12.579273 45 2.293030 43 4.503078 34 18.146273 32 16.029368
2 5 41 11.085128 21 16.930833 30 15.250905 45 14.695426 40 6.701982
3
0 5 20 8.763200 38 18.396630 39 15.630292 29 5.129207 49 18.320190
1 5 23 16.067818 43 1.091429 33 6.010578 37 18.326643 26 15.655117
2 5 34 11.910595 44 5.659177 23 9.080388 22 3.075691 37 2.139422
3
0 5 25 7.687520 48 14.018919 47 17.201674 37 6.092764 31 18.981008
1 5 25 8.565719 32 12.761405 36 2.332831 29 16.954622 46 6.530928
2 5 25 12.981312 28 19.758368 48 15.729972 38 9.705118 27 11.509638
3
0 5 25 15.142127 38 8.498108 39 14.259289 37 19.975539 27 2.996711
1 5 48 6.458167 39 11.528540 34 15.176455 32 8.453986 43 4.639161
2 5 49 3.022543 44 5.744784 35 1.137547 38 8.332024 46 10.315452
3
0 5 25 18.254125 41 19.842475 36 11.809031 42 14.711419 46 5.436737
1 5 41 14.169324 32 8.571910 44 6.714353 35 9.259877 27 14.209128
2 5 33 15.239491 46 13.948567 27 7.405920 37 7.879371 39 18.178499
3
0 5 25 9.356197 28 16.113795 33 19.019173 27 8.275580 44 1.770253
1 5 29 19.625483 41 18.551314 43 19.578863 44 9.664329 30 18.228709
2 5 26 2.480795 25 13.381871 40 8.521761 46 15.407199 39 3.566812
3
0 5 25 9.788293 29 11.251216 37 19.240858 38 3.567237 34 17.524288
1 5 32 1.120449 25 6.039470 26 19.467701 39 5.018375 45 9.654065
2 5 48 14.134264 34 6.898219 25 19.655160 45 3.992988 44 5.963679
3
0 5 30 13.558636 46 6.533129 32 15.712383 48 6.195089 41 5.169605
1 5 41 19.006822 46 5.838121 49 6.104619 34 9.129006 43 11.669984
2 5 33 6.181870 44 11.983869 46 6.936092 48 19.281841 32 13.333533
3
0 5 30 14.004481 31 4.122500 35 17.309254 44 2.414907 36 14.616717
1 5 42 6.056889 35 15.407694 30 7.870320 31 12.340471 43 11.940259
2 5 33 6.855819 48 17.651110 34 18.185181 45 12.786323 32 7.159183
3
0 5 30 1.057206 45 3.668696 49 14.352538 37 5.304414 48 17.916000
1 5 46 6.140411 33 5.702614 41 11.540636 37 18.820688 47 8.654358
2 5 38 12.273940 49 15.680545 37 19.486061 39 8.565492 35 6.860811
3
0 5 30 13.359515 45 9.944921 49 14.399976 47 1.108705 33 1.489125
1 5 46 9.118181 35 5.448850 41 2.427707 45 18.237904 44 1.981291
2 5 41 16.484763 49 1.079963 40 17.939087 31 15.192523 36 7.435944
3
0 5 30 6.729025 40 2.998852 33 8.569859 31 4.380647 37 7.893270
1 5 48 9.376061 30 14.223027 32 10.020004 31 11.975230 34 19.159480
2 5 33 4.009349 49 6.178744 36 16.836227 34 11.127107 39 10.843905
3
0 5 35 4.405042 38 17.585599 37 16.772787 40 7.577128 49 19.267018
1 5 48 17.363020 39 6.280851 47 14.957269 45 8.179274 44 18.811219
2 5 49 14.711629 37 4.689180 35 1.140111 48 1.149844 36 13.513710
3
0 5 35 14.883264 43 8.355352 42 7.755665 45 8.949781 46 11.498104
1 5 40 17.633600 39 6.895087 49 2.531305 46 14.176817 43 6.481002
2 5 45 2.737321 46 4.430388 47 9.263146 44 16.579971 43 9.887702
3
0 5 35 3.762771 45 17.943534 38 16.689726 49 14.755852 39 11.965505
1 5 43 5.978000 35 14.859052 48 2.716352 38 15.775367 42 6.580100
2 5 47 4.918069 40 9.174952 36 1.973309 39 1.865156 42 19.366839
3
0 5 35 6.031278 47 13.226936 40 16.585862 45 18.103027 48 18.423662
1 5 45 9.159383 47 9.340851 41 13.628568 35 5.747322 39 10.822220
2 5 36 10.801329 43 8.926674 39 14.514575 40 16.346457 46 15.980992
3
0 5 35 19.103820 42 5.892233 36 2.532673 46 6.719934 41 6.478674
1 5 49 6.700182 42 9.254061 35 17.074076 45 18.575307 39 11.822737
2 5 46 1.572455 43 18.843041 44 18.992102 40 11.406642 37 12.455418
3
0 5 40 13.556789 47 6.500989 43 4.694196 49 10.438688 45 8.996142
1 5 48 5.561602 44 8.130973 49 7.256613 43 1.597239 46 12.923976
2 5 47 16.103375 46 13.978643 42 2.642093 43 5.473649 41 8.815792
3
0 5 40 18.599087 46 11.223124 44 12.644877 45 4.496882 49 15.955855
1 5 47 19.860924 40 11.842540 44 19.861831 45 3.738055 46 3.416979
2 5 42 17.512653 44 5.028151 41 7.433608 49 8.406176 47 9.534726
3
0 5 40 13.142552 47 6.423824 49 17.555120 42 3.013353 41 15.526976
1 5 44 2.061825 47 9.201792 40 2.071310 45 7.382804 43 9.065237
2 5 43 4.728773 44 10.256476 45 4.437305 46 6.594407 41 12.904605
3
0 5 40 3.470160 47 8.915849 42 7.163736 43 15.025131 46 3.741774
1 5 44 1.928147 48 8.849255 40 2.420917 43 15.288529 42 15.666546
2 5 49 10.187304 41 8.934258 47 14.976634 44 8.069759 48 2.083137
3
0 5 40 7.911490 45 11.299740 46 9.864181 41 1.710442 42 19.210432
1 5 43 11.533855 48 8.580827 41 15.810770 42 14.554565 44 7.932205
2 5 42 6.909739 41 2.031487 47 3.637674 45 14.791387 49 10.237480
3
0 5 45 16.510298 47 18.246982 46 17.869719 49 5.405575 48 3.762776
1 5 48 4.901609 45 14.858257 47 19.084933 46 13.738950 49 19.504314
2 5 49 9.047109 46 19.542886 45 16.547906 48 9.485451 47 6.583265
3
0 5 45 15.671215 48 16.937437 49 8.169983 46 19.477184 47 12.660642
1 5 47 4.155291 46 9.618568 49 13.300462 48 17.496647 45 11.342121
2 5 45 1.573522 46 9.818669 48 5.200670 49 9.141266 47 6.633568
3
0 5 45 19.765257 49 5.920051 47 6.338730 46 13.280577 48 10.250787
1 5 48 12.500637 49 13.992407 47 9.253572 46 9.201372 45 19.015025
2 5 46 14.366307 47 2.767855 49 1.281716 48 2.996546 45 14.211776
3
0 5 45 12.923264 47 17.738438 48 18.248405 49 9.439736 46 14.682443
1 5 45 18.150006 49 5.080347 47 18.424417 48 4.991984 46 3.905180
2 5 45 11.356996 48 4.063740 46 19.610448 47 3.412185 49 9.650917
3
0 5 45 3.184005 47 13.213461 48 10.690970 49 12.015629 46 18.289202
1 5 49 4.096781 48 5.059947 47 7.283006 45 6.262056 46 7.334731
2 5 47 5.682970 48 9.972931 46 2.516646 45 18.650970 49 5.795766
3
0 5 49 18.743685 49 10.935178 49 14.521382 49 17.648905 49 14.384261
1 5 49 8.101741 49 4.405535 49 1.412940 49 4.192772 49 1.749610
2 5 49 10.171646 49 16.019331 49 6.827584 49 18.600523 49 13.621023
3
0 5 49 7.583829 49 8.401675 49 7.727763 49 11.086606 49 1.561861
1 5 49 7.003835 49 10.518543 49 14.810248 49 16.651807 49 2.857933
2 5 49 11.956847 49 12.336722 49 7.914899 49 11.910606 49 15.338142
3
0 5 49 13.197745 49 5.993667 49 2.951055 49 18.531404 49 11.712532
1 5 49 19.635079 49 14.092118 49 11.217703 49 10.842668 49 16.096925
2 5 49 10.164483 49 8.115860 49 3.854769 49 10.146364 49 10.211190
3
0 5 49 4.164965 49 2.137798 49 14.717398 49 14.288288 49 16.161228
1 5 49 12.744028 49 14.065506 49 15.429815 49 17.030582 49 6.530733
2 5 49 3.601500 49 8.428961 49 7.380858 49 7.329027 49 8.348249
0
