50 49
3
0 5 5 8.133860 28 8.770913 26 2.201632 40 8.963263 8 11.239253
1 5 37 17.973664 48 13.236598 17 11.872214 13 10.576153 47 4.890925
2 5 39 16.701277 48 5.602955 20 3.519975 18 8.451039 25 8.024812
3
0 5 5 12.028452 40 8.499479 25 7.989035 16 2.681925 39 7.279152
1 5 26 3.972528 32 18.726751 15 4.383482 43 6.372387 8 10.841607
2 5 10 13.620348 6 6.961435 7 19.453909 39 7.178800 16 17.653549
3
0 5 5 6.707091 24 12.717339 28 3.849955 11 14.320985 45 19.817166
1 5 32 11.716562 29 4.606091 23 4.152029 42 18.003792 6 12.225241
2 5 14 3.459829 5 18.845709 28 6.731934 25 10.799732 23 6.156218
3
0 5 5 4.935205 8 2.900218 16 3.635615 27 5.769683 34 15.005349
1 5 10 19.359202 22 18.512142 27 1.216909 5 2.729801 34 8.282708
2 5 48 4.885261 31 6.986788 20 3.255489 36 15.869935 11 18.879675
3
0 5 5 11.879334 42 1.841628 19 9.071912 24 18.697078 38 10.254750
1 5 35 4.803451 18 14.543315 45 19.284994 43 4.002856 21 10.948427
2 5 23 12.069330 16 16.506390 5 12.425559 14 14.300089 47 17.838410
3
0 5 10 7.841303 26 3.386891 49 4.139982 44 14.978148 16 12.349118
1 5 16 9.494992 44 7.976326 34 4.431525 17 7.482255 19 14.651509
2 5 45 5.829409 39 15.812002 49 11.522083 21 18.819434 32 13.549335
3
0 5 10 16.041169 33 15.253916 18 9.546972 39 9.223930 46 14.174033
1 5 32 1.098601 30 9.497567 14 16.707006 10 12.577581 26 9.152267
2 5 28 17.766074 39 5.528288 11 7.250882 34 17.030772 15 13.845630
3
0 5 10 2.737037 29 16.019593 18 11.031721 17 8.126911 49 11.315114
1 5 15 1.683989 49 18.338587 17 1.311541 16 6.417731 30 1.746023
2 5 47 18.473504 13 8.030908 14 7.173456 40 5.422463 46 7.628068
3
0 5 10 11.431776 21 14.117570 33 12.759055 40 3.058642 37 15.157694
1 5 12 16.682495 31 14.388470 44 2.910659 15 7.522294 32 10.160584
2 5 16 17.746187 20 19.858701 27 10.947526 49 3.911912 47 5.423265
3
0 5 10 11.633214 24 5.677999 18 3.303199 12 3.393015 19 6.294312
1 5 40 10.880999 29 2.604308 12 7.517552 15 2.021191 44 6.860529
2 5 29 12.251929 33 16.842382 22 9.129282 42 17.309952 12 14.581189
3
0 5 15 18.458818 34 12.526388 18 15.789873 32 3.379009 22 17.073787
1 5 24 13.822919 22 19.281220 31 8.404589 30 8.426526 47 13.918562
2 5 45 1.929331 25 6.290574 30 10.700194 17 15.279560 29 17.367304
3
0 5 15 10.105689 29 19.885462 35 17.194661 34 2.524695 17 14.663528
1 5 20 16.802461 35 16.533091 30 17.117813 23 16.447427 39 12.418657
2 5 41 12.041565 32 10.117856 22 5.044038 36 17.180864 25 6.002516
3
0 5 15 7.902761 40 4.675176 16 9.505409 23 11.003205 36 2.533796
1 5 44 6.387733 28 9.119083 46 16.207792 31 6.824535 38 6.607257
2 5 37 14.542560 19 5.202528 46 6.515403 25 13.407205 48 15.447665
3
0 5 15 13.936447 31 12.703019 41 5.518262 27 12.481641 43 2.178748
1 5 19 8.286997 45 2.175369 30 12.457541 44 18.491790 41 19.859135
2 5 48 1.792923 33 5.134164 47 16.307689 37 14.262626 18 3.330077
3
0 5 15 2.183559 44 19.143912 25 6.951911 35 2.866826 46 19.924016
1 5 41 13.311651 34 10.373190 46 19.733788 37 6.900280 21 11.285758
2 5 28 18.017338 16 6.060864 15 1.560093 48 3.458375 34 3.226235
3
0 5 20 10.661150 30 1.229380 33 15.411817 23 18.912490 22 6.020252
1 5 44 12.457300 23 19.147989 42 1.417394 28 15.232062 41 12.918503
2 5 22 6.136488 23 4.314027 44 8.029672 33 3.996213 35 15.488964
3
0 5 20 17.470652 32 13.635859 46 3.064973 35 3.207322 31 12.842562
1 5 42 14.898080 24 6.747066 46 16.182709 49 18.759405 48 2.641557
2 5 24 13.518526 29 18.371749 31 1.442961 39 12.562110 28 6.761378
3
0 5 20 17.134748 35 11.298164 45 18.151558 47 15.919470 39 2.170681
1 5 22 3.713719 49 16.162425 32 19.111686 25 18.758619 47 18.811984
2 5 33 5.139987 37 16.686902 23 4.522552 28 14.339675 22 17.900775
3
0 5 20 17.546829 25 7.467736 34 14.353928 49 11.602623 23 4.159141
1 5 40 16.500136 47 19.111668 49 4.356720 34 12.538358 35 13.960407
2 5 40 7.436007 42 13.278468 41 7.569013 43 17.084523 28 15.432137
3
0 5 20 15.557242 36 2.215482 39 2.369808 46 8.048855 38 6.093135
1 5 31 16.690421 33 3.153636 22 17.036196 35 15.641073 37 18.416927
2 5 24 16.639786 23 17.766832 20 12.288555 30 18.423036 36 1.542919
3
0 5 25 3.272733 43 1.714896 42 4.136883 30 3.918388 40 19.476672
1 5 46 12.317549 39 4.368906 32 17.584045 29 18.123769 33 7.536873
2 5 40 11.699228 48 12.234710 28 15.077951 37 3.992281 35 16.091076
3
0 5 25 19.231665 49 15.744916 35 4.741679 32 10.511765 44 1.441138
1 5 33 2.025593 31 3.414003 29 15.627860 35 3.726823 30 11.488100
2 5 31 15.631481 37 2.762600 26 2.541719 27 6.114177 33 4.632202
3
0 5 25 10.487970 29 14.710011 39 9.938303 30 6.887033 38 13.923608
1 5 35 13.184663 48 17.494263 27 16.984380 45 13.627858 32 7.284951
2 5 32 6.491410 45 19.421182 44 1.226158 48 9.853290 40 17.211736
3
0 5 25 18.999190 49 10.518798 42 15.918354 32 7.719803 36 1.229532
1 5 44 13.182077 42 18.927980 47 18.102617 33 18.919286 28 14.093788
2 5 48 1.178018 41 8.996227 28 4.098502 45 5.606498 26 7.370658
3
0 5 25 5.229543 39 2.540320 26 17.198485 29 3.725453 44 11.423225
1 5 39 13.387477 35 17.904149 29 3.488712 31 4.137822 36 19.403805
2 5 47 18.575363 30 6.627511 32 5.228477 42 18.944479 31 19.630230
3
0 5 30 8.205327 44 5.283972 31 19.421158 45 19.355800 33 3.996085
1 5 34 6.875856 33 1.708223 40 15.330465 32 16.737818 48 8.440184
2 5 33 10.133662 30 12.302697 44 13.188727 38 12.862517 35 17.368913
3
0 5 30 2.490193 49 5.356907 48 13.113498 36 4.972838 46 10.102076
1 5 31 3.307709 30 15.657000 44 1.191633 35 19.486163 32 5.672334
2 5 36 5.048890 44 13.693032 38 9.391587 42 7.087377 34 5.111219
3
0 5 30 17.160831 48 11.170164 37 10.984445 36 4.807931 31 1.133916
1 5 32 19.844974 37 2.019830 47 1.096003 34 15.242205 43 18.892614
2 5 37 17.027228 35 17.369110 42 14.391713 47 18.667807 43 3.766342
3
0 5 30 19.354125 44 8.988385 41 10.166868 49 19.414195 35 8.984525
1 5 35 12.450602 43 6.223413 34 5.419823 36 17.766560 40 16.429988
2 5 49 14.177707 37 15.655752 38 19.226444 43 13.515289 46 5.345016
3
0 5 30 3.845735 35 11.554344 31 5.380827 39 4.614812 34 18.284400
1 5 46 5.056899 44 9.483058 40 18.074089 33 7.054221 37 8.705549
2 5 34 14.948619 45 12.267521 37 18.114919 44 8.003633 41 2.343868
3
0 5 35 1.149301 48 14.391017 38 18.084766 46 9.038623 41 1.599909
1 5 42 8.234435 39 9.967383 35 3.684856 48 13.033589 46 12.769543
2 5 38 10.152982 47 5.613728 40 16.704422 36 13.522326 48 18.978991
3
0 5 35 15.065862 46 3.400979 48 12.303082 36 7.327541 45 19.112247
1 5 44 16.575811 43 18.406367 42 4.853151 39 15.526132 35 17.480891
2 5 36 3.048254 42 9.289588 47 6.876185 45 1.508297 37 19.569735
3
0 5 35 7.688147 48 8.534634 39 4.720199 49 12.309805 47 1.499818
1 5 42 17.465736 38 1.202640 39 16.820908 49 10.707381 40 9.126574
2 5 36 14.451210 39 15.710506 47 7.487720 40 18.631381 44 10.620467
3
0 5 35 5.319647 48 8.401387 39 12.793458 42 14.492524 40 15.498716
1 5 36 10.700826 42 7.912574 35 3.909377 48 17.798931 49 16.929974
2 5 39 18.357968 48 16.353254 40 19.998865 36 12.487328 41 15.738783
3
0 5 35 3.009930 36 18.480677 37 8.198469 39 2.724940 43 19.550283
1 5 42 16.552604 35 2.043623 48 14.577545 43 19.967514 49 8.939527
2 5 49 13.983849 35 7.635636 40 5.498769 42 1.495530 38 16.018792
3
0 5 40 12.653546 49 2.922665 41 6.402141 47 14.866177 45 11.438768
1 5 41 17.962162 42 17.542358 46 16.612897 48 5.993672 43 16.587102
2 5 44 16.168240 48 11.892235 47 19.661942 43 17.703311 49 13.718660
3
0 5 40 14.352908 46 7.875197 49 12.995277 48 11.847981 43 6.193268
1 5 45 16.496290 40 4.559089 42 11.198355 44 1.399341 41 16.134139
2 5 40 3.583603 48 7.521217 41 6.293824 47 2.000239 44 16.267343
3
0 5 40 9.404077 43 8.608479 42 18.922288 44 2.672071 48 16.010781
1 5 48 5.323235 49 9.460006 40 19.458551 44 3.200541 43 9.831861
2 5 43 12.079981 45 14.255152 42 3.824431 47 19.252953 40 4.543602
3
0 5 40 1.634615 49 14.844598 44 10.748326 46 15.178141 43 9.684529
1 5 49 17.589100 43 5.455251 40 17.709826 48 18.564922 41 10.460017
2 5 48 6.750466 42 1.351300 47 19.946656 41 5.947179 40 10.897489
3
0 5 40 11.473839 45 3.950473 41 17.397298 46 10.819335 43 8.743699
1 5 43 4.867212 49 5.801677 45 18.374383 40 15.153873 41 1.492176
2 5 45 12.631433 46 8.266123 43 5.529143 41 14.880080 40 18.813166
3
0 5 45 8.643673 48 16.039128 49 1.825580 47 1.879437 46 16.872147
1 5 48 14.676360 46 2.697370 47 15.956910 49 16.695778 45 19.622719
2 5 45 13.706205 47 8.124689 48 2.087297 49 4.594733 46 6.859760
3
0 5 45 14.594334 48 16.441376 49 10.815329 47 10.072263 46 8.786055
1 5 49 19.487622 46 6.718253 48 3.894241 45 7.551648 47 6.274960
2 5 46 19.724374 49 8.866054 48 7.119266 47 16.331094 45 10.792343
3
0 5 45 11.665346 48 16.432482 47 13.357182 49 2.669254 46 5.485985
1 5 49 5.026945 46 11.978466 48 6.618634 47 17.984986 45 7.808759
2 5 45 4.495930 48 7.623331 46 15.460038 47 9.696337 49 3.390130
3
0 5 45 15.096475 46 3.065315 47 13.396378 48 19.660581 49 5.993550
1 5 49 13.548765 48 14.631205 46 2.158749 45 1.845860 47 7.517915
2 5 46 17.050964 49 5.489687 45 11.113029 47 3.354725 48 18.160399
3
0 5 45 17.796045 46 12.633253 47 10.938051 48 1.114218 49 5.451282
1 5 48 16.153671 46 14.573766 49 4.159369 47 11.915674 45 15.678945
2 5 49 4.584753 46 3.088983 48 1.181735 47 6.109863 45 7.019426
3
0 5 49 18.992959 49 8.055406 49 17.440013 49 16.719874 49 11.037441
1 5 49 5.223126 49 6.403812 49 2.536592 49 19.132990 49 9.526650
2 5 49 6.382886 49 15.876124 49 9.993301 49 16.331373 49 12.788113
3
0 5 49 3.703062 49 18.921210 49 18.715009 49 12.590186 49 16.006878
1 5 49 13.401986 49 18.175467 49 9.722437 49 2.295129 49 12.702970
2 5 49 7.121863 49 11.399091 49 3.950600 49 18.792359 49 8.899213
3
0 5 49 15.281910 49 16.818346 49 12.740914 49 10.883616 49 13.201804
1 5 49 7.357309 49 9.148341 49 3.701724 49 14.243121 49 4.249220
2 5 49 8.936938 49 18.759908 49 11.232631 49 17.531107 49 19.729475
3
0 5 49 2.647331 49 11.474712 49 6.911105 49 1.490520 49 15.880902
1 5 49 5.544148 49 14.789366 49 15.728757 49 3.597212 49 10.676837
2 5 49 15.636192 49 8.965470 49 12.543610 49 17.859943 49 7.224374
0
