50 49
3
0 5 5 9.229402 33 9.309403 18 13.712376 27 19.576841 29 4.654260
1 5 49 9.381768 10 1.046414 11 3.330276 5 13.429793 37 5.583681
2 5 47 18.551065 36 16.658457 12 19.265058 43 19.031853 31 13.976014
3
0 5 5 19.561430 34 18.953244 14 16.861268 39 3.244359 47 7.255338
1 5 46 12.803269 22 1.673945 45 7.937252 30 14.782160 12 5.236332
2 5 34 6.284763 40 11.221597 5 7.611875 19 14.193805 14 12.710511
3
0 5 5 3.955216 10 4.207755 18 6.716024 39 14.073132 30 12.279751
1 5 17 8.749342 48 17.663456 6 5.566644 23 10.498297 36 10.351764
2 5 18 19.944199 24 15.463884 40 14.180606 49 6.055368 23 2.372429
3
0 5 5 10.987232 40 7.834924 24 2.364884 17 2.950334 9 12.324413
1 5 33 17.009489 24 1.758706 46 4.734066 11 1.579352 36 16.781562
2 5 17 7.189933 36 6.533027 31 4.839474 16 12.133706 44 12.383889
3
0 5 5 4.087760 9 18.969294 29 18.047314 16 9.325569 27 10.657665
1 5 45 9.331873 15 2.338023 39 3.241995 33 11.326454 30 4.741162
2 5 34 9.153990 7 2.504253 10 13.002760 23 3.498870 25 13.808655
3
0 5 10 14.358674 23 18.383611 39 11.121865 36 1.857619 15 9.368080
1 5 48 10.941412 42 9.011602 33 6.135075 34 10.588994 41 16.894304
2 5 33 17.646342 20 12.756629 40 1.967534 29 16.415905 10 3.090963
3
0 5 10 8.929755 19 6.031613 41 13.437647 35 13.056863 16 1.426336
1 5 17 11.058176 14 14.334175 34 6.121042 32 7.339437 11 1.575461
2 5 35 2.880538 33 2.000506 41 3.845634 15 13.472944 12 19.758889
3
0 5 10 19.331846 49 1.278675 44 7.384704 32 6.557359 48 1.876699
1 5 43 13.949956 26 13.077088 31 2.423610 47 16.167396 29 19.228652
2 5 26 13.220384 48 5.767961 22 7.558276 19 8.388640 20 1.157676
3
0 5 10 16.269468 48 9.244796 40 7.470386 32 4.336308 44 13.473543
1 5 21 16.462256 37 12.378227 41 4.717890 34 15.082788 27 18.486145
2 5 24 10.337384 43 13.740184 41 5.972506 44 4.483475 18 2.431015
3
0 5 10 7.271384 24 6.692868 20 17.146903 21 17.699270 47 1.539150
1 5 24 12.834936 25 14.442628 20 4.669225 30 18.020332 49 3.339408
2 5 13 10.234433 27 19.982710 17 10.652761 40 2.131549 16 4.010528
3
0 5 15 19.657824 16 11.857650 35 13.186202 27 6.266939 41 6.932248
1 5 15 4.090663 26 5.155234 46 4.420004 21 11.300844 40 4.869866
2 5 45 3.820798 17 17.391991 44 11.420041 43 1.683729 34 8.925101
3
0 5 15 16.864019 17 10.163603 35 18.867390 42 13.068900 26 5.037276
1 5 31 5.237851 16 12.931435 17 11.345776 35 13.436541 18 14.559706
2 5 38 15.934019 23 9.735474 37 6.814425 42 5.310818 15 14.878458
3
0 5 15 18.342344 27 16.048629 21 15.627837 22 2.249409 36 9.042815
1 5 25 10.537353 45 18.808127 20 5.885670 37 4.413144 42 2.052089
2 5 23 5.695367 40 7.757957 19 12.049113 36 1.915497 49 8.066715
3
0 5 15 10.645031 22 8.681503 35 15.606839 26 19.152397 34 16.606499
1 5 29 15.375859 32 7.169987 45 12.700032 27 5.752302 40 10.816135
2 5 21 9.344944 25 8.393128 48 13.726603 31 6.083184 15 5.590681
3
0 5 15 1.536913 47 9.739227 23 18.399127 31 14.049648 32 9.614559
1 5 15 14.270509 20 18.577887 21 18.555872 26 19.518174 49 14.889363
2 5 20 16.527937 32 6.244406 47 11.713461 37 1.689975 31 11.910944
3
0 5 20 11.654943 33 3.367771 40 2.413245 26 6.125414 27 15.688658
1 5 46 17.153736 41 18.948471 27 5.267902 26 2.650313 36 11.287356
2 5 42 6.121556 20 11.893734 39 15.542155 28 9.523713 31 14.040055
3
0 5 20 16.475567 22 4.322883 29 3.999641 42 13.738142 39 3.461752
1 5 32 9.549604 38 4.036388 48 6.915516 20 6.296654 44 3.421314
2 5 35 2.278989 25 3.410005 46 7.904022 21 10.855698 31 2.420732
3
0 5 20 14.425366 29 13.214137 36 4.205147 30 17.078703 26 9.273459
1 5 33 10.196561 28 3.800478 49 19.445691 47 10.130431 48 5.602390
2 5 37 13.182045 29 6.058472 44 5.333933 25 15.862264 46 16.314892
3
0 5 20 10.071979 44 18.615835 28 16.420625 47 17.898905 37 9.682124
1 5 20 13.321302 28 4.216768 40 13.479166 22 14.411439 25 13.671264
2 5 38 9.453064 33 4.724365 35 10.321047 30 6.190700 44 8.945109
3
0 5 20 18.792604 36 16.406799 30 6.332069 28 8.440915 22 7.332105
1 5 20 13.812501 22 16.542451 21 16.063207 26 19.559296 40 7.166182
2 5 41 13.621901 31 18.891067 43 9.541623 45 19.903297 35 5.806956
3
0 5 25 4.002192 33 5.350432 45 7.909553 41 12.657554 43 13.794060
1 5 44 8.873930 27 4.590148 39 8.477700 30 3.204463 49 10.620786
2 5 31 10.451003 46 5.079378 27 6.500090 40 1.748036 32 1.718795
3
0 5 25 16.345266 33 18.867402 45 5.118148 49 15.859236 41 13.415532
1 5 43 18.166849 36 15.801451 44 17.412368 29 2.326128 30 4.798900
2 5 31 14.163248 46 9.160125 44 6.654905 35 16.097854 43 18.151344
3
0 5 25 2.429327 46 10.380426 42 19.427442 43 17.554666 39 8.175416
1 5 39 9.465477 29 3.349106 47 1.143311 35 6.785505 28 6.971375
2 5 41 15.778256 36 16.753767 43 7.000392 47 15.957360 31 8.671948
3
0 5 25 4.044319 41 9.957003 38 5.062453 29 5.936080 30 19.505986
1 5 26 13.957118 45 5.508754 33 8.667684 47 5.178563 34 11.458607
2 5 37 10.385646 33 3.170047 41 10.679864 44 2.888338 42 13.291136
3
0 5 25 16.969965 46 16.700368 37 5.453650 28 13.205629 44 17.210003
1 5 46 9.285936 45 14.583767 49 7.838274 25 8.745575 26 15.957523
2 5 32 18.262371 29 7.644376 25 1.341659 31 16.065919 27 5.197151
3
0 5 30 1.838097 43 17.766978 41 4.663753 39 11.713536 34 15.140615
1 5 49 18.310928 32 14.728558 38 4.278446 34 3.815020 36 5.648980
2 5 44 7.988183 32 15.280981 46 5.416783 43 10.347148 47 1.187692
3
0 5 30 18.976424 31 15.155989 44 14.720865 43 15.601822 47 10.982674
1 5 47 2.112197 37 14.927726 36 7.282334 38 9.704150 46 6.712253
2 5 32 6.912022 46 2.988465 43 15.912300 42 3.406834 41 8.234174
3
0 5 30 14.937436 39 6.667494 45 12.663213 49 12.893323 33 14.154087
1 5 39 7.109977 32 15.721677 30 13.715552 49 3.659967 40 8.726528
2 5 34 3.102258 38 12.150969 44 15.793524 33 3.334560 39 9.412224
3
0 5 30 19.465532 42 17.695879 44 7.785230 33 5.230186 48 13.807589
1 5 48 5.206162 34 5.623956 31 4.225396 45 14.135444 43 3.317749
2 5 35 16.448669 42 15.243760 44 18.807195 46 18.520758 39 17.097262
3
0 5 30 9.133406 40 5.211283 44 8.840429 34 15.324314 37 5.337370
1 5 44 11.471647 34 4.792959 38 5.913008 46 10.315617 30 15.039501
2 5 40 9.387293 44 2.062864 34 3.261202 36 8.876360 43 15.884074
3
0 5 35 18.862270 48 7.260404 40 4.645458 36 7.090561 42 17.939939
1 5 38 16.990367 37 19.679887 36 8.678365 44 18.277164 35 1.154556
2 5 35 19.187433 48 1.863884 41 14.655999 45 13.243536 43 16.430495
3
0 5 35 5.057878 42 1.704033 43 10.251993 47 6.792123 41 4.096916
1 5 47 2.080860 38 2.697302 49 18.266314 43 8.443122 37 17.103457
2 5 37 16.397238 35 12.084789 49 18.759087 40 17.120360 38 9.334054
3
0 5 35 2.737887 49 14.356847 44 5.488153 38 9.729968 47 10.056630
1 5 41 17.466309 47 1.321938 44 17.758265 42 19.313795 39 13.056126
2 5 35 1.173105 36 14.579226 49 5.454727 39 18.318422 37 6.798586
3
0 5 35 1.082884 36 4.234390 41 16.556289 39 17.655515 38 4.459918
1 5 42 16.555755 44 12.372939 47 17.940680 40 17.053268 41 1.502501
2 5 45 13.670260 35 7.626561 43 18.559044 47 18.464950 40 16.088928
3
0 5 35 16.530711 36 11.165003 48 19.744522 43 13.233623 40 10.170198
1 5 47 4.903690 49 8.262296 37 9.543649 35 9.730950 36 8.236371
2 5 37 4.621491 38 12.723846 40 3.975086 45 19.450494 36 12.634338
3
0 5 40 9.780781 48 19.313504 45 7.782280 42 16.131317 41 4.234847
1 5 44 10.372097 48 18.154379 49 12.018427 47 8.384019 46 7.646963
2 5 40 16.953692 42 4.121772 46 16.169527 47 16.870933 49 5.382742
3
0 5 40 15.002894 42 6.140314 48 3.068002 44 9.217862 46 19.880183
1 5 44 9.881734 45 14.562348 40 13.863434 49 6.093933 43 7.298431
2 5 44 12.434960 45 4.991655 43 16.369353 42 19.580878 47 12.888806
3
0 5 40 1.755448 41 10.932004 47 15.599113 44 13.341123 42 13.556924
1 5 44 8.477617 43 15.427316 49 12.682503 45 15.444677 47 14.129618
2 5 43 12.090037 44 5.999998 47 7.773678 48 11.280372 45 9.770930
3
0 5 40 9.531022 47 3.768589 46 18.028143 48 2.241352 41 15.854176
1 5 43 12.593466 40 10.849736 45 4.677807 41 13.506199 44 10.883985
2 5 43 5.849058 42 2.258024 44 9.720625 46 6.752151 41 4.371566
3
0 5 40 1.910812 49 5.691571 45 4.107753 46 5.695565 41 7.764307
1 5 46 13.116421 43 10.835962 40 18.188235 42 6.319608 44 11.831338
2 5 47 9.903651 43 16.734795 42 1.942268 41 12.390631 48 6.505048
3
0 5 45 15.401422 49 9.668200 46 1.348216 48 15.228388 47 4.558900
1 5 47 7.972211 49 13.220952 45 18.915809 48 4.475518 46 9.432428
2 5 47 4.220760 49 8.742716 45 4.071646 48 6.287127 46 6.090250
3
0 5 45 13.212760 47 18.812418 49 4.074032 48 10.646749 46 11.996322
1 5 49 19.793224 45 12.699801 48 4.255672 47 17.138571 46 10.567944
2 5 47 6.794032 45 5.597443 46 18.942747 49 10.768717 48 7.597934
3
0 5 45 1.852210 47 2.181719 48 10.118230 46 15.027028 49 11.942305
1 5 48 7.557228 47 15.199959 49 7.581651 46 19.344874 45 9.051689
2 5 47 11.108231 46 4.214659 49 10.109170 48 7.425718 45 1.807894
3
0 5 45 3.250329 47 16.971964 49 11.616393 46 7.593135 48 6.630989
1 5 46 3.153762 47 3.404055 45 13.956281 48 10.815219 49 7.663073
2 5 47 11.213498 45 18.196392 46 10.363825 49 8.683599 48 6.412569
3
0 5 45 15.337811 46 6.529934 47 7.498716 49 18.254650 48 1.103059
1 5 48 5.270111 46 19.689276 45 17.663789 47 7.471452 49 19.136818
2 5 49 16.446400 46 18.982938 45 5.533923 47 11.877908 48 5.527845
3
0 5 49 18.766674 49 12.851021 49 9.490953 49 16.937476 49 12.241636
1 5 49 17.696089 49 8.239667 49 4.197251 49 6.623305 49 17.110251
2 5 49 4.638853 49 5.042030 49 3.988169 49 13.965914 49 18.938660
3
0 5 49 14.432817 49 3.983746 49 16.624668 49 3.071131 49 3.383764
1 5 49 1.187615 49 5.202580 49 4.311922 49 14.606451 49 7.667106
2 5 49 10.816289 49 9.178156 49 9.774637 49 4.277486 49 9.854601
3
0 5 49 4.233176 49 9.692710 49 19.195112 49 2.635987 49 5.632127
1 5 49 17.034681 49 2.710413 49 12.931126 49 1.508276 49 6.031389
2 5 49 5.434466 49 12.120251 49 9.774408 49 10.687393 49 17.361202
3
0 5 49 16.043002 49 3.702914 49 3.178508 49 18.553662 49 1.244623
1 5 49 17.210912 49 8.313838 49 19.964693 49 9.475484 49 12.435317
2 5 49 5.857949 49 6.394739 49 4.163709 49 8.567151 49 9.639863
0
