50 49
3
0 5 5 16.971215 24 11.682427 42 10.796456 23 9.025302 33 17.934817
1 5 26 5.491290 19 4.904721 17 12.420202 37 3.418128 42 19.475075
2 5 47 13.037335 9 4.340980 46 12.453275 24 14.470588 37 5.043125
3
0 5 5 11.419418 37 12.753637 11 10.047407 39 16.310252 6 11.605176
1 5 48 16.132894 18 9.316902 30 12.984543 21 16.191957 28 14.793380
2 5 45 9.184377 37 16.297822 18 4.632816 11 8.530225 34 12.562359
3
0 5 5 17.907678 30 5.874512 10 16.598191 31 9.835352 17 2.874254
1 5 43 4.106841 9 19.390441 17 16.923807 23 17.568357 22 15.065552
2 5 45 8.311807 39 10.439995 46 4.479540 41 10.366145 44 18.498766
3
0 5 5 17.972861 49 9.876059 12 4.249500 44 10.588800 10 15.628709
1 5 19 8.939199 26 4.013003 12 6.853110 44 3.260366 42 14.734544
2 5 15 18.545570 46 6.826407 14 9.727065 34 2.168161 29 7.468833
3
0 5 5 16.726105 28 8.938719 15 13.317148 29 9.033334 47 4.461105
1 5 8 16.411798 33 6.071642 35 7.719707 18 15.481756 22 9.135496
2 5 40 8.022209 36 4.332618 48 12.123051 21 10.600083 23 10.510246
3
0 5 10 13.238567 36 13.270499 38 16.111187 22 3.240197 39 5.759931
1 5 25 18.441770 31 4.642778 28 17.919839 40 6.044773 49 3.328504
2 5 16 2.013255 47 10.854736 45 9.167489 13 15.190993 43 10.781420
3
0 5 10 12.047685 26 12.291415 14 17.473046 11 4.896778 16 13.676523
1 5 15 14.792420 48 14.960065 16 1.191422 29 8.136872 23 15.470120
2 5 29 13.126493 11 18.314376 36 18.330249 17 2.142069 30 19.904758
3
0 5 10 3.151138 14 4.399647 19 14.967402 23 5.062595 45 11.052409
1 5 19 13.410635 45 10.115625 18 8.207110 40 17.719084 35 1.416315
2 5 36 19.095802 34 19.066678 32 6.780480 47 15.086907 38 7.716178
3
0 5 10 9.369849 15 16.389917 29 19.249336 18 11.292731 25 18.626548
1 5 29 3.711232 20 11.978560 37 14.934695 15 7.340528 38 3.176186
2 5 46 11.735214 38 4.891508 18 5.285626 12 19.857764 10 8.357220
3
0 5 10 4.197912 29 6.143653 32 7.593857 47 4.807778 48 10.439431
1 5 25 17.941975 29 17.285196 27 16.606543 35 8.349530 12 1.618460
2 5 12 2.765991 17 16.746126 24 17.490273 18 7.595203 44 12.525188
3
0 5 15 19.774324 34 13.377514 29 8.351604 35 7.066463 43 16.236829
1 5 19 2.752836 43 3.276876 29 5.696736 16 13.926402 17 18.270894
2 5 41 5.956359 21 2.195453 20 1.429567 16 11.442268 45 7.002721
3
0 5 15 9.715537 33 13.872833 49 1.110584 40 6.261413 38 1.361341
1 5 25 14.194234 26 12.012278 27 1.553794 45 5.708551 37 19.984707
2 5 41 4.385240 30 11.278606 17 18.814714 24 11.381278 34 16.940803
3
0 5 15 11.542377 37 5.445794 44 10.224135 26 10.135692 40 11.605921
1 5 47 17.686548 41 12.039967 38 18.489513 36 11.647202 45 14.514706
2 5 25 12.666033 27 2.448033 15 14.152599 49 5.662950 45 2.465649
3
0 5 15 18.182535 24 8.402205 39 15.552837 36 16.391212 28 12.095850
1 5 40 2.623614 24 1.334708 46 16.477052 49 10.588775 28 13.138510
2 5 35 1.824865 39 12.081165 31 11.404540 42 5.762027 41 18.963202
3
0 5 15 3.782663 44 10.581032 27 7.032820 24 1.707164 26 13.874709
1 5 29 5.174872 44 16.762713 49 16.075592 36 12.773822 24 6.096970
2 5 21 3.938492 36 19.390503 46 18.483162 33 17.199325 29 6.333194
3
0 5 20 13.974549 39 15.078049 44 18.053868 34 17.955537 25 1.212894
1 5 34 17.836009 35 10.689197 21 13.067646 45 7.872463 28 8.857817
2 5 43 16.054045 24 14.916044 33 19.107285 38 2.968657 48 9.461820
3
0 5 20 7.649408 40 19.929226 49 12.471527 30 19.159711 24 9.271370
1 5 24 11.524510 28 3.489943 32 16.196976 26 17.814265 30 19.531656
2 5 22 18.661782 29 12.164463 23 19.048152 45 8.552503 44 13.271582
3
0 5 20 8.809669 25 2.223029 24 11.368398 47 7.005544 49 16.564409
1 5 30 8.962583 23 19.668525 33 16.780156 27 5.723594 40 10.516656
2 5 35 9.432770 20 2.790198 22 19.077570 39 9.201424 36 7.050497
3
0 5 20 6.697389 24 11.691457 25 13.745440 31 19.537914 34 11.842845
1 5 30 15.002630 46 18.543864 36 13.013367 24 19.096758 38 15.136505
2 5 46 5.143039 30 11.384988 40 18.924486 44 11.489594 37 16.779216
3
0 5 20 7.121804 38 2.616939 41 10.924815 42 2.852686 34 9.945868
1 5 33 13.215832 47 10.055112 46 18.882581 48 9.251001 43 19.038679
2 5 38 4.289755 21 4.643023 34 7.195835 36 11.376303 40 18.017282
3
0 5 25 1.411849 45 9.444893 36 17.192402 37 13.953090 47 18.659269
1 5 49 15.205258 39 13.427606 37 15.607163 48 2.985771 40 7.994043
2 5 37 7.818672 40 5.838722 36 17.818108 38 1.108625 43 8.580502
3
0 5 25 15.126576 49 4.460662 38 15.959049 44 5.282203 30 3.364506
1 5 33 13.741780 38 7.621328 43 16.949815 44 19.613776 45 15.980391
2 5 25 19.951349 40 10.794837 38 8.812837 33 5.622802 29 12.118995
3
0 5 25 16.636435 44 11.446870 34 12.696611 41 7.562649 32 18.957456
1 5 38 18.541103 43 8.864055 33 11.948213 42 12.052638 45 13.733774
2 5 45 17.731972 46 18.621293 39 6.460736 27 6.634679 28 15.229979
3
0 5 25 3.583160 47 17.002706 32 16.979370 45 16.439226 43 14.527638
1 5 39 17.927633 31 2.727373 43 19.105338 25 1.334977 38 6.671106
2 5 38 8.393979 46 11.589799 36 16.627090 48 3.024913 30 9.698493
3
0 5 25 8.930560 37 11.912769 29 12.943515 41 10.171413 27 16.343837
1 5 30 14.183501 33 11.906912 44 18.167342 39 18.172834 45 14.981863
2 5 44 12.223449 42 3.856349 40 18.076206 29 15.946866 43 5.170698
3
0 5 30 19.775124 34 12.564282 33 1.736311 38 5.389334 46 16.495286
1 5 44 9.169629 38 14.412713 34 14.944748 33 6.887908 30 16.207200
2 5 46 15.909243 44 2.014491 30 13.082800 49 15.719568 45 2.679721
3
0 5 30 7.389623 34 4.006900 37 3.433431 43 10.326407 42 10.726625
1 5 49 1.878430 44 16.352007 46 15.333898 34 3.249778 47 6.288827
2 5 43 13.791872 44 15.845473 40 13.262122 36 12.608549 32 9.615092
3
0 5 30 17.957951 33 13.865752 37 17.800116 46 9.202790 49 10.172190
1 5 34 7.409538 41 11.732037 37 9.765999 30 1.020385 31 18.146112
2 5 43 9.211446 38 1.799893 48 11.753764 46 1.048479 47 12.886520
3
0 5 30 14.481441 32 5.760014 49 2.774932 34 6.915652 35 1.862823
1 5 48 6.920188 36 9.703712 34 7.058386 42 13.766866 37 14.856379
2 5 30 16.666355 41 3.149615 47 9.655381 34 6.004623 36 5.521860
3
0 5 30 2.108513 33 9.214778 43 18.181718 49 7.404578 34 11.334258
1 5 42 7.301711 43 10.775800 40 17.441299 31 8.182715 39 8.355552
2 5 30 16.384481 34 18.716613 33 15.244941 40 18.077665 35 1.550408
3
0 5 35 15.194475 43 9.677334 49 2.136737 40 15.553283 48 1.754828
1 5 46 1.760019 48 18.920303 38 16.014000 41 8.225711 44 11.250316
2 5 35 12.891256 45 16.179865 36 11.331078 42 3.622338 47 14.518325
3
0 5 35 4.697969 46 8.356645 36 7.051565 45 3.095159 43 16.879418
1 5 49 3.442699 47 14.330776 44 9.013279 36 18.466973 46 11.712695
2 5 47 2.315736 43 2.406363 49 5.610966 38 5.983503 45 9.802927
3
0 5 35 7.966689 49 13.343760 47 12.911116 40 17.487122 45 1.718805
1 5 38 17.447353 45 2.586990 44 9.371119 43 18.721641 48 15.569776
2 5 42 2.823062 49 18.483007 45 10.075285 44 9.874577 38 14.156285
3
0 5 35 8.831656 48 9.159632 42 5.723894 39 15.123938 49 8.087100
1 5 48 17.190203 37 4.723524 40 6.817698 43 4.708711 38 16.586201
2 5 35 18.454394 38 2.863460 42 9.989957 44 5.293947 37 10.199200
3
0 5 35 3.364440 44 8.899702 48 19.754679 43 5.316866 42 16.822992
1 5 35 9.867477 49 8.359744 41 5.747244 40 16.451490 42 7.905579
2 5 49 13.688367 40 14.941987 35 14.200831 43 6.135774 42 15.759945
3
0 5 40 13.290872 42 5.049787 49 17.043253 44 3.541283 45 14.522005
1 5 47 12.408553 40 12.293719 48 9.017516 46 1.397903 49 2.963486
2 5 46 5.943969 48 14.423770 41 9.674269 44 13.982489 40 10.880581
3
0 5 40 19.739327 42 16.769879 49 19.406056 45 6.946754 44 2.518894
1 5 48 9.861618 41 12.333289 40 7.972629 49 18.514888 46 6.439355
2 5 42 13.852816 45 1.234075 49 3.973517 43 4.722669 48 18.859139
3
0 5 40 17.042658 47 14.564299 49 12.957601 41 18.565934 45 4.893877
1 5 47 9.670082 45 1.731613 40 10.599907 49 8.162782 42 4.567827
2 5 48 3.165599 49 6.577022 40 2.542113 42 9.075658 41 10.969669
3
0 5 40 19.567112 45 6.881224 44 3.852283 42 13.533614 46 10.553864
1 5 49 9.171372 40 16.548668 44 19.551323 48 14.972028 43 4.622517
2 5 43 8.240904 40 15.231949 41 8.382408 49 17.659046 46 17.701203
3
0 5 40 18.466287 45 3.354998 42 15.575903 44 16.122443 46 1.467132
1 5 43 6.333929 49 6.830412 44 7.483110 45 15.276840 46 11.227506
2 5 47 2.040505 40 2.293878 43 10.118301 48 6.730472 45 7.904389
3
0 5 45 15.643679 48 3.060133 46 12.996600 49 13.375444 47 14.067640
1 5 48 7.028854 45 8.414028 49 1.349155 46 12.119528 47 11.154917
2 5 48 7.068476 46 16.487292 47 15.453607 49 19.756272 45 13.657686
3
0 5 45 10.152079 48 12.713687 49 15.743263 47 11.632242 46 19.803586
1 5 48 19.175669 45 19.748978 49 8.303202 47 7.735077 46 13.195246
2 5 48 15.506926 49 19.092411 45 18.821986 47 1.154144 46 15.117848
3
0 5 45 7.436609 48 3.035358 47 10.244380 49 13.339860 46 11.103895
1 5 49 8.126169 47 1.036434 46 10.231740 45 11.732199 48 9.922926
2 5 48 12.512543 45 3.662878 49 10.844260 47 1.240798 46 10.165307
3
0 5 45 6.435159 48 11.111065 47 16.127849 46 15.582338 49 17.338719
1 5 48 12.379713 45 10.683016 47 16.915060 49 3.290276 46 11.471925
2 5 47 19.045613 49 9.731724 45 12.166515 48 8.635699 46 8.905117
3
0 5 45 19.806760 47 8.917362 49 15.339957 46 4.756498 48 7.187843
1 5 48 19.150377 46 7.033356 45 10.790554 47 7.042689 49 14.629625
2 5 46 15.178744 47 3.234145 48 15.876059 49 13.619563 45 7.149974
3
0 5 49 5.501119 49 5.760320 49 4.021579 49 3.100788 49 2.077971
1 5 49 11.532570 49 5.579466 49 5.432694 49 18.065586 49 5.334309
2 5 49 2.629468 49 10.625767 49 18.532372 49 9.100760 49 12.692805
3
0 5 49 15.234381 49 7.787115 49 2.415755 49 18.223176 49 4.598359
1 5 49 1.657723 49 5.238338 49 14.837606 49 17.004115 49 3.861785
2 5 49 3.168955 49 10.229235 49 19.203877 49 15.080449 49 13.093720
3
0 5 49 12.594502 49 19.983312 49 10.546990 49 19.664902 49 14.381217
1 5 49 4.213606 49 18.995350 49 10.406387 49 6.126976 49 18.432872
2 5 49 7.497885 49 12.540678 49 10.762307 49 10.166938 49 12.790851
3
0 5 49 4.134635 49 10.320342 49 15.314193 49 14.917047 49 1.123881
1 5 49 9.711024 49 7.536449 49 7.355961 49 11.241870 49 13.513168
2 5 49 11.500363 49 8.961826 49 6.659576 49 3.428817 49 2.002374
0
