50 49
3
0 5 5 18.728322 41 13.761172 38 11.555435 23 4.078300 15 3.372462
1 5 19 19.343545 7 3.633271 16 2.902694 37 8.621991 48 16.539000
2 5 18 5.698314 9 6.793900 46 6.147026 39 2.085866 25 5.474179
3
0 5 5 16.418257 21 9.448278 23 6.933308 33 10.109034 16 16.037529
1 5 31 13.052780 33 1.481170 23 18.241184 12 11.993865 32 5.911532
2 5 40 18.998879 20 1.916790 17 18.112725 31 11.686648 15 11.311513
3
0 5 5 5.429887 10 3.346986 16 4.901694 38 10.902988 41 15.694439
1 5 6 10.604396 20 12.119954 25 10.903566 35 17.443552 28 3.676858
2 5 9 5.326361 11 18.803376 21 1.775403 17 11.756983 35 9.447103
3
0 5 5 16.522179 7 10.503479 34 6.930306 15 12.121105 46 10.126309
1 5 25 7.785229 44 12.242924 32 16.648934 6 18.621882 7 1.062031
2 5 32 19.533973 43 9.718311 39 9.111831 42 14.931346 11 8.899927
3
0 5 5 19.887662 37 10.212411 42 5.353678 45 11.739526 34 6.415479
1 5 5 10.191350 7 8.726798 46 8.889249 39 10.772634 36 2.724396
2 5 39 11.725699 9 14.737581 47 3.458331 36 6.527130 19 2.521425
3
0 5 10 19.011258 46 12.485161 38 2.174181 48 15.121860 16 18.695964
1 5 12 16.486168 22 9.826500 18 15.143839 26 15.566660 48 3.434156
2 5 14 15.886844 35 18.222844 29 9.042097 40 14.427209 25 18.646916
3
0 5 10 19.341557 27 11.784878 42 3.764534 16 3.619142 17 19.758535
1 5 36 5.005003 10 10.621634 42 2.634451 16 18.624553 34 15.032747
2 5 37 18.994294 36 10.740129 28 3.194175 18 16.388718 43 17.909528
3
0 5 10 14.028693 40 2.257462 37 11.162534 49 10.075652 24 14.541471
1 5 31 4.919125 24 4.954097 11 6.327219 49 6.323950 30 6.266329
2 5 48 4.164851 16 8.997360 17 15.588803 34 16.527278 18 12.279930
3
0 5 10 6.650698 38 16.190943 33 12.979480 15 6.650987 13 9.955378
1 5 46 5.617467 17 16.175384 32 14.395178 42 13.124659 37 7.091904
2 5 39 15.518980 18 18.999188 10 15.535079 49 10.100899 40 11.526922
3
0 5 10 17.046630 38 12.981755 18 3.131034 36 10.822207 46 6.587970
1 5 47 18.050920 19 13.989210 38 8.221935 42 3.940774 20 10.024085
2 5 41 16.815690 39 13.821473 15 19.924172 11 11.444426 14 5.904339
3
0 5 15 4.261733 27 7.839042 29 12.869264 36 1.518136 49 16.941448
1 5 28 9.002035 20 16.954362 40 2.573931 23 19.279377 34 1.080449
2 5 38 8.698956 26 7.280190 35 2.795754 23 16.614343 20 4.080052
3
0 5 15 17.878263 36 11.996595 31 3.354532 24 4.353921 49 1.796197
1 5 35 4.295016 48 3.258163 47 1.765314 44 19.597023 27 17.924163
2 5 30 2.637421 28 15.419512 34 13.250459 41 12.611127 33 10.007789
3
0 5 15 7.039873 36 9.128991 43 11.065293 25 18.670948 24 11.742985
1 5 46 4.768897 47 3.857579 41 5.593738 27 1.203226 21 7.234880
2 5 43 8.581235 25 8.776461 33 18.172993 23 9.604253 27 16.180808
3
0 5 15 10.698123 29 5.524413 32 4.078969 45 6.268092 34 15.978516
1 5 16 10.291200 34 18.284849 21 12.428046 44 1.910452 31 19.021844
2 5 23 6.027475 37 4.621464 42 18.930783 44 7.773607 29 7.500178
3
0 5 15 12.164540 42 16.163844 24 5.196721 31 7.266619 47 18.536494
1 5 47 11.420048 31 10.262141 23 3.266126 37 8.150849 17 19.495074
2 5 30 19.525329 18 12.656124 45 17.833573 34 4.478797 33 14.539290
3
0 5 20 12.288221 32 14.933661 23 7.789443 37 17.169704 40 11.427424
1 5 30 19.589605 21 16.472062 26 11.611114 33 17.916346 49 2.199006
2 5 20 2.106130 24 5.233978 25 19.476306 27 10.867046 33 8.915344
3
0 5 20 3.375563 44 10.211545 29 4.832701 46 12.649613 25 17.094499
1 5 36 8.395285 31 16.367822 29 17.101130 40 9.973574 44 1.678105
2 5 43 5.776358 44 7.903713 27 10.567244 22 13.609174 45 14.373279
3
0 5 20 5.267247 49 6.054509 28 13.763477 29 11.144817 46 7.535156
1 5 21 4.368454 28 6.099945 34 1.754493 44 14.900043 38 17.737865
2 5 28 12.784666 49 13.318840 21 6.797409 37 16.755560 34 1.253780
3
0 5 20 19.219353 24 14.793029 27 2.378164 23 11.620205 38 2.293981
1 5 47 3.231153 35 4.532148 40 16.697721 37 16.639554 36 4.758580
2 5 39 1.740856 49 19.798764 38 17.635316 43 19.757840 20 2.810401
3
0 5 20 8.065159 42 15.763171 46 6.245634 39 14.655856 38 4.465190
1 5 42 17.131876 24 5.468951 23 14.541372 34 18.885591 49 17.630348
2 5 23 10.094060 31 3.749572 26 18.952561 46 17.099858 20 13.587662
3
0 5 25 19.243755 34 15.373196 33 4.979449 32 12.621262 35 10.344483
1 5 49 6.417636 39 15.314457 44 2.873885 30 7.901547 32 2.717154
2 5 27 14.295794 43 16.392637 48 16.366030 32 3.826866 35 15.576433
3
0 5 25 14.916433 42 13.035562 38 11.967751 31 2.630606 40 12.765704
1 5 37 3.294490 46 16.691485 28 12.104704 34 6.841805 40 18.907913
2 5 27 10.705673 46 6.424723 37 11.667753 36 16.529686 38 4.012314
3
0 5 25 19.938384 47 5.849195 45 7.044197 39 8.441395 28 6.719493
1 5 47 8.336126 26 18.342434 44 13.833272 31 16.528898 37 14.964695
2 5 32 5.024136 49 6.875238 47 3.353157 40 9.113734 33 14.479637
3
0 5 25 18.747105 39 3.368572 30 11.839721 32 15.667647 45 19.908723
1 5 25 12.076818 37 16.814089 26 14.538275 28 7.907746 35 16.047952
2 5 47 18.134464 48 6.210640 44 19.681609 34 19.053596 30 18.739171
3
0 5 25 6.892615 46 11.055842 42 12.123251 35 8.549022 49 6.158711
1 5 45 17.453578 43 13.263180 27 8.850654 36 19.542173 49 8.788805
2 5 40 2.712932 28 11.625073 49 5.142032 26 14.862611 47 16.466663
3
0 5 30 10.951176 47 1.430919 40 13.127725 31 18.527038 35 6.907019
1 5 34 19.989956 42 8.798916 37 4.638768 40 12.289975 45 9.614567
2 5 39 2.145732 34 6.078679 46 18.568279 48 19.331271 30 14.093382
3
0 5 30 2.555358 45 9.020211 40 1.687400 34 11.661403 33 4.544194
1 5 42 2.134980 33 6.499652 38 9.911225 43 13.159121 34 10.597610
2 5 36 2.756327 41 1.139956 31 4.164031 32 16.809894 47 6.421858
3
0 5 30 9.594779 48 13.453492 38 9.004923 47 13.835191 35 12.144699
1 5 40 3.522340 42 3.074473 30 2.398375 36 6.135242 31 13.725811
2 5 45 2.456887 31 3.241725 49 9.927835 41 2.970659 34 11.020952
3
0 5 30 6.334779 38 8.835093 48 6.881735 37 5.969596 32 15.393155
1 5 34 5.249299 46 5.672525 37 9.500957 49 19.048873 31 15.858813
2 5 32 17.343943 48 1.852142 30 17.775116 37 12.339413 44 18.272964
3
0 5 30 15.754845 46 15.487009 38 1.422273 31 3.497903 42 5.032971
1 5 35 9.189379 34 13.892253 39 10.015306 43 18.379044 44 17.068599
2 5 31 9.367615 35 12.331744 38 12.061289 34 3.320772 45 11.857253
3
0 5 35 10.300502 36 12.517197 37 11.077084 47 6.925737 39 18.276707
1 5 45 18.061995 41 2.758042 35 17.377585 40 9.553437 38 8.504840
2 5 37 16.527513 39 5.204259 44 14.075973 43 8.772832 36 1.559530
3
0 5 35 16.312391 38 18.313097 37 16.355493 49 14.123056 45 2.646619
1 5 48 10.075208 40 4.033972 45 12.901369 46 9.345020 42 4.750092
2 5 48 7.401193 43 16.105075 39 11.105305 37 11.075419 47 16.082397
3
0 5 35 13.095262 39 15.638601 36 7.772465 46 4.622644 38 2.566432
1 5 40 3.215221 43 13.784152 47 8.091592 41 19.096369 36 17.779347
2 5 36 8.503386 41 5.422667 43 9.053569 38 1.180351 46 14.360211
3
0 5 35 14.344555 39 2.185940 37 4.841939 44 16.941815 48 7.408832
1 5 43 7.466432 47 4.532565 49 12.355447 37 14.247550 40 5.475083
2 5 41 14.437162 39 2.041664 43 12.927554 48 4.298328 40 11.691681
3
0 5 35 17.853090 44 19.858572 42 9.956157 47 10.299269 45 1.711307
1 5 36 14.781336 43 14.998335 40 8.943272 49 2.602296 46 14.948887
2 5 37 17.568630 44 2.658411 46 13.609557 40 11.354121 43 10.601441
3
0 5 40 5.531807 47 6.933379 43 19.282038 45 9.525043 46 14.762692
1 5 41 3.387116 45 19.680031 43 8.072133 40 5.347581 49 9.489179
2 5 47 3.666179 44 12.207953 49 9.170153 46 5.145946 42 14.460312
3
0 5 40 9.836903 43 3.191204 45 2.926455 42 3.607543 48 14.671064
1 5 43 17.097451 48 14.964900 49 9.396394 46 10.655551 42 15.216926
2 5 49 17.990792 41 4.194345 43 15.681323 44 6.304579 40 16.706263
3
0 5 40 4.338888 48 6.053405 42 14.937969 47 11.602327 44 15.799877
1 5 43 14.748222 42 10.322480 48 17.135209 40 3.974864 49 10.749191
2 5 46 8.853956 41 8.425015 43 3.731181 47 5.288683 40 11.172666
3
0 5 40 4.437847 49 6.832688 43 13.537660 46 5.260854 42 5.693425
1 5 42 9.025933 48 14.008470 47 2.968141 41 6.624436 45 18.894546
2 5 42 13.459072 40 18.533698 47 3.063454 48 10.034909 44 12.570096
3
0 5 40 2.159479 45 13.738684 47 8.372101 44 19.477819 41 11.625030
1 5 49 4.267848 43 17.803807 42 18.897510 46 1.356400 40 6.103778
2 5 46 17.749308 45 8.642260 48 5.312923 41 18.628923 44 18.611756
3
0 5 45 16.240081 48 13.659312 46 9.597443 49 8.995325 47 18.581334
1 5 46 9.927626 47 9.772742 45 11.944992 48 8.505454 49 9.872496
2 5 46 2.984422 47 5.084946 45 7.517340 49 11.542964 48 11.973364
3
0 5 45 11.378008 47 19.717572 46 4.375893 49 5.096201 48 14.678722
1 5 48 3.557528 47 19.186103 49 5.047246 46 10.126753 45 11.804397
2 5 45 16.619305 49 14.517443 46 16.794893 47 4.011827 48 18.942980
3
0 5 45 11.683838 46 19.228647 47 19.059711 48 14.824373 49 10.341953
1 5 47 19.883950 45 9.701580 46 4.619764 49 17.324752 48 1.955698
2 5 46 2.435314 48 4.793645 45 15.167011 47 6.207064 49 3.471786
3
0 5 45 7.132409 48 9.680302 47 7.514873 46 5.077613 49 18.009867
1 5 48 18.666585 47 15.541794 46 5.369751 45 12.517921 49 17.009209
2 5 48 13.135272 45 9.209311 47 18.024596 46 9.501189 49 3.725497
3
0 5 45 17.369206 48 18.845635 47 19.036762 49 15.302258 46 8.941132
1 5 45 8.896895 49 16.095558 48 17.053166 47 11.541166 46 1.384448
2 5 48 13.638355 47 14.146274 49 4.351241 46 17.658465 45 3.983174
3
0 5 49 19.271549 49 10.397630 49 13.185670 49 12.014482 49 4.810637
1 5 49 15.588705 49 3.183886 49 8.190660 49 13.491624 49 6.052135
2 5 49 18.423250 49 15.774116 49 11.158137 49 5.773114 49 12.316263
3
0 5 49 1.787840 49 2.300842 49 11.027515 49 8.876446 49 17.371999
1 5 49 2.372460 49 19.488198 49 18.888119 49 3.249143 49 11.831015
2 5 49 15.050460 49 16.908188 49 3.682780 49 10.235006 49 14.866679
3
0 5 49 2.351363 49 15.252825 49 6.233959 49 15.474616 49 9.564361
1 5 49 13.351096 49 6.164985 49 2.124149 49 9.259089 49 9.865046
2 5 49 4.864840 49 10.214043 49 16.307499 49 14.388206 49 6.711022
3
0 5 49 5.827557 49 15.291242 49 7.648744 49 15.728047 49 12.422306
1 5 49 16.177210 49 11.027999 49 8.311957 49 14.355679 49 12.381986
2 5 49 8.526959 49 13.355693 49 9.855635 49 11.570944 49 18.713038
0
