50 49
3
0 5 5 3.737853 10 7.482541 26 13.755037 47 14.424764 34 4.877175
1 5 46 5.026238 21 15.573953 41 4.779199 17 19.891853 15 14.204210
2 5 14 2.347184 37 10.259443 33 9.200183 16 19.537390 31 10.410932
3
0 5 5 8.994588 36 1.928310 47 11.407787 31 14.453097 13 4.616262
1 5 49 9.267026 24 11.168168 34 11.759073 11 10.419055 22 5.088569
2 5 49 10.477367 13 1.906917 9 2.301521 23 2.211803 43 2.236698
3
0 5 5 9.469398 49 10.119251 34 14.139087 41 7.716504 15 15.249959
1 5 28 6.672351 26 2.046163 40 16.829143 45 2.478277 39 11.081953
2 5 31 13.515375 39 11.134611 26 8.784351 38 12.273495 36 6.240198
3
0 5 5 11.241834 41 11.091243 38 8.142143 21 4.103677 33 3.034501
1 5 42 4.348219 10 13.696827 19 15.983764 32 8.996447 14 7.648072
2 5 23 1.705394 47 14.964186 7 7.097619 34 6.351303 25 2.667771
3
0 5 5 17.082795 9 1.832498 31 19.950239 29 8.107215 41 15.600253
1 5 22 2.589912 48 5.023383 44 13.120999 43 8.851846 25 2.963816
2 5 38 14.402135 18 17.235082 9 14.189792 23 4.306362 35 5.218740
3
0 5 10 5.975061 36 6.624515 34 4.744752 31 1.393190 40 11.647814
1 5 34 1.443910 30 15.973998 21 3.767480 12 4.657222 42 19.629718
2 5 33 4.111444 28 16.021031 40 14.176739 21 9.303960 17 10.779127
3
0 5 10 12.176021 26 12.422644 25 6.597004 18 13.633062 39 1.945975
1 5 44 7.059218 21 9.026860 24 14.351459 18 11.773843 17 12.021689
2 5 22 12.574664 12 5.997947 28 13.672635 30 16.443045 35 6.242048
3
0 5 10 4.123495 38 1.215882 21 2.759996 12 14.848990 31 14.948822
1 5 48 11.648612 30 6.087317 29 3.104223 26 1.210206 25 16.470084
2 5 43 15.708986 30 10.230181 28 8.073083 35 8.654913 29 4.307895
3
0 5 10 15.946907 15 17.101604 37 4.182906 14 17.822222 26 6.930335
1 5 36 17.741904 28 16.692925 42 13.408769 10 2.637762 48 16.127036
2 5 45 4.036694 47 19.295997 42 6.290414 18 9.222465 29 3.875429
3
0 5 10 5.918413 47 9.864187 35 5.154662 29 4.014407 13 19.776581
1 5 43 16.055769 26 10.820530 40 13.878958 21 7.989860 22 19.907845
2 5 17 1.459523 21 12.936115 16 15.805735 27 16.012341 39 15.151087
3
0 5 15 1.407878 46 18.859636 28 10.404061 26 3.506791 35 17.027114
1 5 29 8.828787 26 12.492331 43 3.499088 20 16.815686 22 15.096883
2 5 21 15.184337 31 16.940649 30 8.061721 24 14.715736 19 16.806254
3
0 5 15 5.681389 20 18.654132 16 5.529527 18 1.794590 19 14.932845
1 5 43 18.610294 27 14.628236 38 13.515695 32 18.020938 16 6.168779
2 5 34 16.487105 44 19.641556 48 17.671406 25 19.529608 30 2.314409
3
0 5 15 3.438039 44 9.274371 18 1.746409 17 9.783277 31 18.453015
1 5 34 18.920779 38 9.368308 16 9.296463 23 8.859258 39 13.712014
2 5 48 6.056246 17 4.745255 27 5.155292 44 4.527749 22 17.871067
3
0 5 15 19.187372 21 9.693875 46 15.402041 23 17.727007 26 4.483815
1 5 23 7.137045 44 11.329357 46 9.755640 22 7.047596 31 11.565516
2 5 44 1.503085 15 3.089060 20 12.685887 29 18.800885 22 12.343525
3
0 5 15 7.342006 45 1.321164 26 15.034475 25 13.022158 37 17.978622
1 5 17 1.518085 41 11.110572 23 12.502941 40 12.104748 39 5.843532
2 5 47 8.690578 18 2.523270 40 13.279730 30 16.674605 17 5.408108
3
0 5 20 9.267614 22 18.941330 37 18.502298 48 18.882899 33 10.695943
1 5 27 1.030391 36 8.180843 24 11.831653 48 18.159684 30 6.459886
2 5 37 11.848055 27 16.074458 32 9.964673 33 13.275330 40 7.958950
3
0 5 20 19.371769 38 19.678271 36 6.440865 30 16.026242 31 15.412111
1 5 48 1.878604 47 11.054410 30 8.034643 41 14.222070 31 9.370930
2 5 48 2.125896 39 8.211242 35 18.283058 40 15.546848 25 16.400592
3
0 5 20 18.532953 46 3.013689 21 16.688658 24 5.468576 47 4.053082
1 5 25 3.029797 34 4.028180 44 14.335855 31 4.428369 36 2.315768
2 5 49 9.975044 27 6.570912 29 15.345310 31 3.349682 32 14.756448
3
0 5 20 9.926343 49 8.994192 35 16.386010 24 10.123745 25 12.927451
1 5 24 1.301555 46 12.188874 23 14.731630 48 16.055054 40 19.915568
2 5 25 3.786157 23 8.188560 38 17.349760 36 10.997942 41 17.519461
3
0 5 20 9.423233 24 2.141656 32 15.132764 25 14.449820 33 15.423426
1 5 46 8.072456 45 12.025233 26 6.927235 47 14.052580 44 6.326874
2 5 23 17.121273 20 5.008059 31 1.337330 32 6.534773 22 18.198243
3
0 5 25 14.351240 44 6.341422 46 10.000952 29 19.913264 32 3.447258
1 5 47 15.838897 25 6.348665 30 9.587746 29 3.088427 49 9.019297
2 5 42 9.811363 41 6.622705 35 1.818848 47 1.915461 45 6.886987
3
0 5 25 13.462532 27 10.264076 26 17.113625 48 1.874236 33 6.241228
1 5 31 11.371999 32 16.434697 39 1.591162 44 3.409141 29 10.615472
2 5 45 9.563850 44 14.227424 37 14.570465 47 19.965459 27 14.033440
3
0 5 25 3.760885 35 16.206709 27 16.474392 49 19.402213 36 8.478955
1 5 29 8.483412 41 10.896708 36 4.141669 45 6.989916 37 14.977906
2 5 32 4.741200 42 10.393232 38 19.133919 40 9.414445 34 1.170934
3
0 5 25 8.732851 30 11.506875 49 14.756513 29 19.407509 45 3.648024
1 5 42 15.661479 36 15.956525 48 16.655786 26 6.602705 47 18.012818
2 5 49 5.364232 33 9.181643 29 3.954412 32 8.211265 43 19.401160
3
0 5 25 7.850382 38 19.498940 32 5.946368 40 11.717202 31 10.795571
1 5 41 14.153918 25 6.259082 32 16.379729 47 16.008602 49 4.641585
2 5 35 6.430582 47 5.555211 42 9.763819 31 19.274558 37 15.871975
3
0 5 30 11.601725 38 17.564117 31 2.051892 41 13.019447 34 7.337799
1 5 37 8.119211 31 19.915406 41 18.256020 33 19.635099 43 5.733668
2 5 33 12.371668 48 12.648639 46 18.362194 37 13.439610 49 9.778547
3
0 5 30 14.191896 49 5.708609 39 18.956302 35 1.353451 45 12.439557
1 5 47 18.383360 48 3.233586 42 14.188828 49 17.557430 37 10.782188
2 5 31 7.589336 46 8.305908 36 17.320113 49 11.958424 44 8.373698
3
0 5 30 17.303932 44 7.416859 45 18.185504 49 2.694972 33 4.007395
1 5 46 2.783662 49 5.030904 45 10.432628 38 1.792782 43 6.181077
2 5 35 18.416005 37 7.647296 34 8.484796 42 15.937962 30 13.963500
3
0 5 30 11.560213 34 10.516369 39 17.265392 49 6.271146 44 17.017252
1 5 45 14.987177 35 13.456232 34 1.239536 43 18.704082 38 15.193927
2 5 44 9.628945 49 3.026893 34 12.229138 31 17.433494 41 6.068605
3
0 5 30 10.507863 49 2.642420 36 4.396202 34 3.635454 45 17.416995
1 5 34 4.561571 43 12.494881 44 8.753601 30 13.438549 37 2.803734
2 5 30 17.026848 36 5.899441 34 4.116152 32 10.184023 46 17.605853
3
0 5 35 5.534923 45 8.461618 43 16.712684 37 14.160399 42 1.044733
1 5 38 19.304978 37 13.641441 36 10.880859 48 16.056857 46 17.864063
2 5 36 3.261790 43 17.134569 45 9.092652 42 12.139108 40 9.053075
3
0 5 35 8.634715 40 18.242199 41 19.973664 43 6.151555 48 6.096516
1 5 43 14.866521 39 19.946526 48 18.618396 36 18.171307 37 13.660637
2 5 39 14.985790 41 6.398947 35 3.804920 47 2.126681 45 17.735469
3
0 5 35 7.720894 36 12.230271 49 10.985080 40 18.887507 48 19.594394
1 5 38 13.411979 48 15.576027 43 16.985165 49 3.057722 37 17.562247
2 5 36 11.419433 39 3.854562 44 18.712252 45 14.434001 47 11.247687
3
0 5 35 1.250852 45 11.748974 37 13.776878 46 10.649253 42 9.840255
1 5 39 6.455958 43 11.986363 36 12.265014 46 11.922662 45 16.067964
2 5 45 4.795991 40 14.470559 47 17.912588 49 10.994558 42 10.195380
3
0 5 35 7.480553 46 12.514530 39 11.168105 42 6.106950 45 8.885169
1 5 35 19.900260 40 15.198499 41 6.784794 43 14.888991 39 18.954629
2 5 49 5.641146 47 10.368993 40 2.474269 41 7.077440 45 13.605890
3
0 5 40 16.137506 44 3.733587 48 6.830271 46 1.599509 41 9.298622
1 5 47 1.775738 41 16.209350 43 18.477653 44 4.202793 46 2.435807
2 5 43 3.988331 47 11.689540 49 1.883546 46 8.121092 42 7.459548
3
0 5 40 1.266902 46 19.047921 43 17.764809 44 15.497287 47 5.496462
1 5 44 1.284279 41 14.359616 42 14.295428 43 9.454029 49 8.773328
2 5 44 17.962378 46 9.655884 41 12.829541 42 5.952534 45 18.850878
3
0 5 40 10.372156 45 18.089657 49 4.096308 42 1.557546 43 6.475497
1 5 42 10.082823 47 13.569735 46 15.643066 43 2.657681 49 16.251607
2 5 43 5.954983 41 13.855404 49 14.739024 40 10.164292 45 2.066168
3
0 5 40 19.510996 43 1.031474 49 13.513473 45 4.164009 44 13.509330
1 5 47 9.880248 40 4.292099 46 19.152854 45 9.010748 48 19.749846
2 5 40 4.309755 44 7.702981 48 17.193410 49 8.686000 41 18.908772
3
0 5 40 5.682568 45 19.819630 46 2.691672 43 19.046321 41 8.609667
1 5 49 7.091705 42 18.581614 41 9.559817 40 19.766963 43 18.751955
2 5 44 13.529524 42 2.827863 47 15.097337 41 5.252107 43 3.974995
3
0 5 45 4.550987 48 17.127301 49 7.655864 47 1.658666 46 19.022175
1 5 49 14.030600 48 5.507886 47 13.542054 45 8.610076 46 14.270761
2 5 47 19.355147 49 6.038460 46 18.352337 45 12.417632 48 12.941140
3
0 5 45 17.106658 48 18.337389 49 11.929682 47 4.982185 46 1.446306
1 5 49 2.209488 46 16.932093 47 13.112600 48 5.704596 45 3.490822
2 5 49 2.029750 48 10.663430 47 4.954832 45 6.923404 46 19.684536
3
0 5 45 3.049822 49 9.294651 46 9.911549 48 5.205247 47 4.408035
1 5 47 11.927052 48 4.272335 49 7.412117 45 3.918748 46 17.348988
2 5 47 13.779915 45 4.555555 48 13.391398 46 2.188659 49 16.668900
3
0 5 45 16.565613 49 4.832076 48 7.036818 46 12.559530 47 2.117096
1 5 48 4.497690 47 9.291133 49 17.780057 46 14.804781 45 19.227664
2 5 46 12.714029 47 2.463418 49 17.483365 48 8.879529 45 12.080244
3
0 5 45 8.445043 49 2.553261 48 8.389341 46 8.516647 47 19.419054
1 5 48 2.429514 47 18.167911 45 8.418506 49 10.635081 46 7.773592
2 5 46 18.699803 45 3.411474 48 19.267281 47 10.106441 49 6.434494
3
0 5 49 19.467120 49 11.099893 49 14.217094 49 1.431455 49 3.076568
1 5 49 6.700400 49 15.514655 49 5.666916 49 11.614924 49 14.340450
2 5 49 17.048607 49 18.129487 49 5.146357 49 7.331142 49 1.550508
3
0 5 49 2.799832 49 17.077367 49 9.030854 49 13.179141 49 18.108373
1 5 49 7.677375 49 13.598411 49 17.999476 49 7.692386 49 12.940840
2 5 49 3.503260 49 17.829246 49 8.416843 49 8.292643 49 17.433743
3
0 5 49 9.502218 49 13.497146 49 15.319796 49 14.719528 49 17.047706
1 5 49 11.344399 49 2.057084 49 13.083019 49 9.273116 49 17.427506
2 5 49 15.615641 49 19.727538 49 3.352151 49 4.088871 49 15.405529
3
0 5 49 13.968641 49 5.065263 49 12.275968 49 3.165672 49 8.224637
1 5 49 16.789680 49 4.120458 49 18.415039 49 11.207490 49 19.202377
2 5 49 8.587609 49 2.035541 49 13.331302 49 3.560643 49 9.745542
0
