50 49
3
0 5 5 4.278608 7 10.786211 40 7.216598 35 3.494344 25 13.826559
1 5 28 9.396180 25 11.618220 41 12.965369 46 6.052250 13 17.724337
2 5 48 7.586516 26 8.944277 34 17.247116 7 8.281583 38 6.927081
3
0 5 5 1.962519 30 6.487359 26 14.190737 8 13.838002 27 1.296790
1 5 21 7.537913 19 13.029677 13 4.320434 38 18.476038 31 8.988324
2 5 21 8.413851 8 16.478921 9 18.066391 28 6.951747 44 18.400348
3
0 5 5 5.248553 26 6.726292 16 16.984674 12 7.857289 6 19.305535
1 5 28 1.284447 32 5.064969 29 15.491967 44 13.658277 49 12.607893
2 5 19 6.627658 21 16.697830 10 5.957043 30 5.142145 34 19.550368
3
0 5 5 19.736915 41 4.327498 14 8.209104 15 17.807877 28 4.902084
1 5 23 5.467144 40 3.748502 44 4.182766 48 7.816679 37 1.271995
2 5 31 12.054154 32 4.327400 39 4.546900 29 15.285083 33 4.041831
3
0 5 5 16.555519 32 12.188121 13 1.579694 40 2.704890 37 14.714946
1 5 23 4.542333 42 19.377058 47 14.429503 39 17.176419 49 17.603123
2 5 16 3.529305 29 7.461421 31 1.777036 19 11.811881 13 7.980291
3
0 5 10 19.763083 12 19.818745 39 19.999676 17 16.677018 36 5.344615
1 5 39 6.597505 19 2.940556 23 8.743204 26 9.698049 11 3.231063
2 5 31 18.724435 39 18.654816 23 10.297024 28 19.160298 35 1.194641
3
0 5 10 2.254417 21 19.318609 19 2.626678 39 13.754904 22 13.185475
1 5 13 10.214843 26 3.138925 46 13.845234 32 19.305552 40 2.816579
2 5 34 5.283561 11 11.411617 16 16.551441 23 7.428623 13 18.078721
3
0 5 10 18.038613 49 9.746569 14 16.902941 24 12.702327 11 6.333716
1 5 22 8.268582 39 13.029037 49 4.345016 11 3.280986 44 2.108625
2 5 25 6.505977 42 15.557017 21 15.749880 37 19.591045 44 16.385461
3
0 5 10 14.778132 41 18.207495 42 18.176725 36 15.832453 18 10.601224
1 5 16 16.818261 20 15.126057 11 5.407890 34 1.078240 17 6.406480
2 5 11 15.725190 48 19.092880 12 4.566007 38 13.238861 24 16.591275
3
0 5 10 4.587003 29 16.288606 43 16.915674 13 8.062011 37 10.578700
1 5 49 13.840252 46 6.981279 19 3.998349 43 16.891773 11 10.958187
2 5 21 14.385755 29 11.811958 42 9.883986 22 1.884612 34 5.897402
3
0 5 15 5.452767 49 4.393273 32 6.318893 44 17.139322 21 14.219390
1 5 32 9.270766 37 15.331893 21 7.560935 43 19.537651 24 9.454959
2 5 47 15.630847 24 7.819947 29 10.223755 36 19.362394 39 14.718606
3
0 5 15 19.913599 46 14.765810 25 5.999598 47 9.118165 29 4.829718
1 5 42 3.536391 40 6.539090 46 18.174631 33 16.836969 41 8.441755
2 5 45 2.348745 30 16.189812 35 15.766084 44 1.893991 26 15.274488
3
0 5 15 13.396919 27 8.699414 45 2.365818 36 8.144029 43 15.392374
1 5 19 3.294071 23 12.683075 35 3.494388 27 7.648254 46 17.171992
2 5 31 9.398424 32 13.937202 46 5.217565 37 4.809898 48 3.065782
3
0 5 15 16.116993 19 11.679889 32 10.165673 30 6.240233 46 6.422494
1 5 25 5.244824 41 3.829945 32 2.905015 30 4.859344 47 13.741058
2 5 49 4.342166 48 9.530211 27 10.641424 43 4.380101 40 8.995161
3
0 5 15 9.642959 26 2.321739 39 18.968295 48 15.162411 38 11.679480
1 5 19 19.205011 16 7.833410 36 13.445757 41 13.365775 48 1.948568
2 5 43 18.767350 46 6.703216 42 5.975444 32 3.221560 17 17.112459
3
0 5 20 3.688050 41 9.526989 25 19.959734 40 6.173089 24 19.024835
1 5 33 17.839117 36 14.150196 39 14.013099 30 5.442281 49 18.818694
2 5 35 3.638350 37 3.597273 22 13.309959 20 18.328117 21 15.160322
3
0 5 20 5.829682 31 4.546864 25 14.447813 35 1.784921 41 10.567528
1 5 30 17.049041 42 17.596707 48 2.677999 45 17.683115 38 7.561006
2 5 44 19.022108 43 14.395978 46 10.361976 48 7.505641 22 6.365801
3
0 5 20 4.384792 41 4.773746 22 13.617746 25 4.197399 23 5.066677
1 5 37 2.512433 34 18.393375 38 17.699257 21 18.768994 48 18.076666
2 5 39 12.867713 29 11.005355 22 7.349442 38 18.103148 41 7.622097
3
0 5 20 15.557419 33 11.152507 30 12.049075 45 15.136614 38 11.710650
1 5 33 19.305939 21 1.422830 35 7.271777 49 1.115249 30 19.382420
2 5 46 16.818606 24 16.160773 27 9.937345 48 5.393389 20 7.876457
3
0 5 20 17.460748 27 1.958302 44 10.283243 24 14.027391 35 12.736804
1 5 28 7.624624 48 3.365597 24 2.687848 35 10.082833 29 19.956001
2 5 23 3.373016 48 5.635738 30 15.642825 45 17.206316 44 3.908789
3
0 5 25 19.168790 32 16.068469 30 14.345087 31 4.252644 35 15.579775
1 5 32 8.271929 48 6.380681 47 17.119544 28 15.321613 36 6.775204
2 5 25 3.358659 41 11.017042 30 10.537712 35 16.250459 28 1.551883
3
0 5 25 17.439462 40 9.407397 49 19.544066 43 15.491979 42 16.953097
1 5 31 10.211186 33 1.920976 32 13.938144 26 2.547191 34 1.674650
2 5 33 5.105324 40 13.636915 34 4.443282 32 17.540644 49 8.581719
3
0 5 25 2.024550 28 8.184440 38 5.972727 48 4.676192 47 12.746451
1 5 36 11.389995 38 17.639479 25 6.172253 39 7.315780 49 11.478440
2 5 37 13.856151 47 11.952139 33 9.446276 49 8.741679 40 6.200904
3
0 5 25 3.418172 29 17.299504 37 9.179032 41 13.129178 43 1.246639
1 5 35 7.450537 43 17.144620 48 16.362855 31 2.042212 38 17.282604
2 5 33 8.801635 27 18.671502 42 7.772637 41 9.171537 35 5.106360
3
0 5 25 14.716298 38 13.794051 47 12.098877 32 11.262694 45 1.285373
1 5 48 16.457960 38 12.822232 49 12.028102 31 18.583341 32 18.365058
2 5 33 9.149615 32 19.474825 48 7.083043 45 18.460382 25 12.773218
3
0 5 30 15.323555 47 2.512667 40 4.035795 37 5.392338 41 12.373679
1 5 44 13.067697 47 14.544926 37 4.016807 36 3.682849 48 10.926054
2 5 36 9.088222 48 4.376443 30 8.583651 39 17.244816 37 1.313733
3
0 5 30 6.289313 31 1.001524 38 2.172606 44 15.849795 45 4.755696
1 5 34 13.243027 46 15.150862 30 5.456107 42 2.804549 48 2.095656
2 5 48 17.992182 37 13.193074 38 8.352684 36 6.519532 49 12.683207
3
0 5 30 9.713338 33 6.556548 41 1.060309 36 4.320682 48 10.693439
1 5 40 8.144168 42 6.799534 38 4.868179 44 2.073179 33 11.218650
2 5 34 13.716496 30 9.721469 40 1.341496 41 14.560439 33 5.652554
3
0 5 30 11.441920 32 5.732658 35 16.679524 41 17.808983 40 15.562699
1 5 36 13.827087 45 3.557344 34 3.112460 41 6.054451 48 17.463750
2 5 35 13.545508 47 16.732939 34 11.566767 46 10.089123 39 7.132141
3
0 5 30 7.090894 35 12.026545 34 19.928644 49 9.227694 32 3.048445
1 5 35 11.845539 38 14.285824 44 3.808600 30 19.153157 47 17.799217
2 5 39 16.394685 46 17.455936 37 3.414360 43 16.636886 40 8.385972
3
0 5 35 3.412672 48 16.225873 36 6.499289 39 18.481062 44 9.510898
1 5 48 3.579671 46 10.193020 39 2.405342 38 3.327020 44 18.589521
2 5 41 1.378591 38 1.770726 48 10.541053 39 4.758233 37 6.994169
3
0 5 35 18.604381 40 5.039429 41 10.874671 46 9.879530 36 8.553370
1 5 39 1.515506 45 13.403984 48 18.926914 37 19.728208 42 9.180310
2 5 40 4.298346 47 14.652494 44 12.008573 46 16.206779 42 17.299850
3
0 5 35 6.797009 49 5.821967 39 14.053276 42 11.564664 48 13.828439
1 5 39 8.621588 47 14.021340 45 15.112116 38 13.042087 36 16.649290
2 5 48 2.259193 36 6.125064 38 15.465431 41 6.013846 35 12.867653
3
0 5 35 11.719991 40 13.382382 41 11.976949 43 13.621817 36 5.716862
1 5 35 14.448237 36 15.102282 49 18.983051 43 11.412867 42 18.362959
2 5 49 18.582660 43 15.016933 40 8.398357 39 8.616594 41 7.453770
3
0 5 35 17.762317 36 4.680595 39 14.794872 37 4.954287 48 10.206200
1 5 40 1.541794 37 15.179926 47 19.521842 36 3.850861 43 7.902155
2 5 35 17.618448 45 11.082365 37 12.638705 41 6.663443 43 12.965170
3
0 5 40 2.248542 45 19.756921 41 14.112497 47 11.043720 49 16.960309
1 5 45 2.137015 48 15.680191 47 2.958146 42 19.028458 49 4.848983
2 5 40 2.802093 49 7.521828 41 6.264535 47 17.248920 46 10.067014
3
0 5 40 19.832566 49 12.455385 48 15.454694 42 5.572289 45 16.493249
1 5 47 1.873956 42 1.525159 45 6.745090 48 1.870401 40 18.883027
2 5 44 9.902400 43 3.964298 46 13.479226 42 11.752732 49 4.718460
3
0 5 40 8.167732 48 14.326691 42 9.110365 44 9.177433 49 11.969498
1 5 43 2.740598 41 6.861610 48 10.666865 42 11.599986 49 13.914861
2 5 48 11.722390 49 9.160993 44 6.973427 46 12.332703 40 3.460265
3
0 5 40 7.777065 45 9.078149 43 11.134873 48 19.523596 42 19.482750
1 5 41 3.505564 42 1.860872 48 15.697276 44 2.545211 45 17.311474
2 5 49 3.716689 43 8.684633 45 4.841311 41 17.319693 46 11.733597
3
0 5 40 17.290233 44 10.600405 42 1.192929 46 3.500739 48 6.250527
1 5 48 19.231780 45 16.347011 43 1.548100 47 17.751546 40 3.866110
2 5 44 11.516673 45 10.293019 43 17.874256 42 3.279689 46 14.054814
3
0 5 45 8.521498 46 2.660179 47 7.101432 49 9.738894 48 18.272336
1 5 47 17.863619 45 13.398947 46 5.222002 48 2.651665 49 2.700776
2 5 48 13.603150 46 4.195630 47 11.271611 45 18.822820 49 10.294031
3
0 5 45 8.011710 48 15.071250 46 11.712323 49 12.393814 47 5.808673
1 5 46 17.482155 47 16.558869 49 6.501114 48 2.346706 45 4.471364
2 5 48 11.336479 47 3.770677 46 17.312791 49 17.263079 45 13.548881
3
0 5 45 17.317849 46 13.803585 48 8.648206 49 18.687580 47 2.029132
1 5 45 3.145518 47 3.209969 49 1.447440 46 18.639201 48 4.468275
2 5 47 10.605051 49 7.712260 46 14.121930 48 13.773529 45 18.688896
3
0 5 45 13.380841 48 13.521644 49 19.304296 46 18.100660 47 6.048847
1 5 49 10.838616 48 7.171460 45 16.924586 47 11.900718 46 2.463169
2 5 47 4.889070 46 10.988593 48 5.353560 49 5.158203 45 12.012769
3
0 5 45 11.034312 49 5.726062 46 11.773940 48 14.733710 47 13.805398
1 5 45 10.537259 49 14.550966 46 10.441606 48 6.798722 47 14.462245
2 5 48 6.845407 46 14.676541 47 18.193635 49 10.785020 45 19.897290
3
0 5 49 8.762614 49 12.752239 49 8.857907 49 15.430485 49 5.090299
1 5 49 9.490978 49 16.120738 49 11.630121 49 17.989721 49 14.923641
2 5 49 2.067404 49 14.768272 49 18.234596 49 13.141255 49 11.607456
3
0 5 49 5.966308 49 18.883091 49 17.106583 49 17.444546 49 13.149022
1 5 49 9.533688 49 17.467954 49 13.219798 49 17.678371 49 12.209426
2 5 49 10.068209 49 1.162806 49 13.309878 49 3.603687 49 10.902569
3
0 5 49 3.436675 49 11.680098 49 10.454192 49 7.843483 49 4.464345
1 5 49 5.174125 49 1.043184 49 9.147685 49 4.869557 49 17.625950
2 5 49 19.624987 49 18.873434 49 10.028018 49 6.683324 49 13.444004
3
0 5 49 17.536121 49 9.160337 49 5.121277 49 8.628418 49 2.867819
1 5 49 7.898345 49 8.114147 49 12.127881 49 8.511263 49 11.938659
2 5 49 11.483518 49 19.236890 49 12.118196 49 17.736703 49 15.823339
0
