50 49
3
0 5 5 13.930636 41 2.447266 21 5.075189 49 1.312092 39 7.572731
1 5 36 2.304971 7 11.440333 24 15.432034 31 10.443169 44 1.508988
2 5 46 9.666739 41 3.367114 35 2.894038 5 16.236278 13 15.159706
3
0 5 5 14.600982 49 10.683828 38 16.789639 48 19.271004 33 1.324356
1 5 39 5.916483 25 4.583427 42 12.263101 19 4.483127 24 12.627338
2 5 21 15.760265 48 2.404684 20 1.092220 37 9.593981 18 8.785570
3
0 5 5 8.386700 11 7.083904 22 9.564321 13 8.236165 49 12.946631
1 5 7 5.729828 23 1.692494 30 2.206433 11 5.547910 10 11.297788
2 5 25 8.566571 22 15.571803 40 8.220793 49 1.830935 32 17.323523
3
0 5 5 13.407700 6 8.510306 35 13.685380 11 10.802229 42 2.327077
1 5 33 4.594332 29 8.709866 26 18.552873 44 7.966723 16 9.616471
2 5 37 13.243776 30 19.733586 49 12.478139 9 19.170900 44 14.516241
3
0 5 5 6.988671 6 18.440499 25 19.574526 35 1.865797 38 19.021234
1 5 15 19.687685 25 11.791340 43 12.886507 22 18.189756 38 11.656362
2 5 8 13.234767 45 15.421205 7 11.203688 20 8.763511 31 1.196741
3
0 5 10 3.220441 44 8.812565 37 17.685803 47 16.209578 42 6.034906
1 5 18 13.053067 49 4.798980 43 6.870894 11 15.683482 12 6.233260
2 5 14 18.475811 19 4.576255 34 19.202170 39 14.015153 17 17.784816
3
0 5 10 12.593790 18 8.054167 39 3.688528 34 11.205641 28 17.804928
1 5 30 19.822697 22 10.825425 16 10.649840 12 7.499030 23 13.422606
2 5 42 15.601090 18 5.311395 40 2.495450 30 1.232505 10 11.131702
3
0 5 10 13.943137 16 15.746624 27 14.600665 39 12.695540 32 2.809666
1 5 47 9.051129 46 10.159892 26 7.345876 35 18.117874 19 14.914272
2 5 43 4.753579 36 13.219672 37 18.591207 27 7.530041 46 7.089946
3
0 5 10 12.785335 31 17.180575 39 16.490844 13 5.110287 33 2.820725
1 5 40 8.086956 34 8.007489 16 5.957963 42 18.176073 13 8.535727
2 5 49 9.332034 41 2.204613 22 19.049482 10 19.456771 23 8.316036
3
0 5 10 12.889439 46 5.414957 43 9.546628 25 14.102996 48 7.161834
1 5 42 17.079664 33 8.992046 23 6.921280 43 2.736184 20 10.520146
2 5 28 13.641427 40 1.919708 37 4.776862 27 6.897615 23 13.734270
3
0 5 15 13.246014 49 17.118482 41 18.896001 34 9.156625 37 6.592405
1 5 45 17.077294 21 13.111202 27 1.798766 26 17.167731 29 7.098149
2 5 40 7.567575 47 17.676742 23 14.111737 35 6.735401 37 14.842783
3
0 5 15 13.865520 23 14.713109 24 7.307574 48 15.097293 40 12.568562
1 5 24 19.929169 44 4.050567 43 8.593128 47 3.872116 29 1.588332
2 5 32 8.101227 25 16.244750 27 18.866899 47 2.130288 19 3.961349
3
0 5 15 3.092640 21 9.425444 41 1.673461 35 10.847772 46 8.287416
1 5 44 13.548658 42 16.797008 41 4.930195 25 2.511912 22 6.120005
2 5 35 17.598595 17 14.404777 33 18.895143 44 8.052012 38 9.513598
3
0 5 15 7.265921 43 1.268969 17 4.295645 39 2.976360 40 14.656261
1 5 34 19.994805 41 2.931567 44 6.272295 33 3.162840 29 11.515245
2 5 44 7.860566 34 4.122195 17 14.316515 29 10.454489 47 8.538818
3
0 5 15 6.835982 22 9.053275 47 9.835354 30 10.272954 46 4.175478
1 5 21 4.056732 29 3.371198 48 5.705241 24 12.990250 42 19.308580
2 5 24 5.965905 16 11.607155 46 3.154892 38 2.322037 42 18.040665
3
0 5 20 12.157336 24 18.383589 26 15.215606 21 17.775136 45 8.764154
1 5 37 3.179073 31 5.065902 46 14.266271 42 8.915786 48 16.115710
2 5 36 15.455856 30 9.855756 25 12.275279 37 1.731385 34 12.645113
3
0 5 20 9.585071 38 3.232844 24 17.573602 39 11.815078 48 17.140312
1 5 34 18.234117 32 5.574944 44 9.050499 45 4.062656 42 11.023949
2 5 45 5.121225 36 19.887135 31 4.044538 37 11.940743 46 7.867334
3
0 5 20 16.102002 21 4.392372 30 1.036010 40 4.459198 22 5.206876
1 5 34 9.557283 29 10.459175 20 4.141600 32 4.607856 25 7.826256
2 5 41 4.134508 38 10.918370 20 1.524575 32 8.159244 44 8.716390
3
0 5 20 15.271183 43 18.125795 34 4.105232 23 4.963234 39 2.580378
1 5 27 10.329848 35 12.192189 40 11.659580 47 15.629624 46 4.325043
2 5 30 13.147454 22 4.200959 39 9.500148 40 13.423228 48 8.169437
3
0 5 20 14.459805 42 14.706617 47 1.874648 37 8.003169 39 16.622535
1 5 31 8.368798 49 19.404607 20 4.812127 42 16.093255 27 4.789836
2 5 42 9.991118 30 5.676051 43 2.021844 38 12.806280 35 13.890284
3
0 5 25 7.648732 39 13.837604 38 17.155409 44 14.345241 36 12.248063
1 5 36 1.889437 29 19.527247 30 4.590864 35 1.170055 27 3.691073
2 5 30 13.789731 45 15.161158 33 8.794968 25 8.933396 31 19.318428
3
0 5 25 13.801552 41 7.830004 40 6.676186 45 13.304419 46 13.453779
1 5 43 5.000996 25 6.101395 36 9.993117 32 4.057235 39 12.184954
2 5 29 12.075938 43 16.642210 39 8.614051 26 14.942865 46 9.288545
3
0 5 25 14.138718 30 1.091230 39 15.591576 36 12.812813 38 18.185239
1 5 31 2.439504 29 12.780831 42 17.972081 41 14.729087 34 3.269929
2 5 37 9.873335 33 5.017239 47 14.031517 48 15.379173 44 17.987452
3
0 5 25 16.619367 33 17.383841 28 1.742942 27 3.466119 37 6.598106
1 5 33 3.247862 31 5.612245 27 12.050392 45 4.270384 47 10.125184
2 5 36 4.284388 45 12.248384 37 18.576249 49 8.395619 43 4.206534
3
0 5 25 19.690351 26 11.776212 40 11.146312 43 2.280956 48 11.723025
1 5 40 7.230008 35 19.836157 39 17.551281 29 9.744329 38 8.422995
2 5 26 8.198671 36 1.447534 38 19.657428 33 4.777239 31 8.430688
3
0 5 30 9.197413 44 18.021691 32 1.971136 36 17.709341 38 6.298501
1 5 49 2.569361 39 8.100504 41 9.105673 46 17.632032 35 12.078906
2 5 40 18.043219 46 17.438202 39 7.734680 35 4.651909 44 8.832662
3
0 5 30 7.391894 38 13.591519 48 4.937074 49 13.683927 34 14.128907
1 5 49 19.671218 33 1.766659 48 18.317850 32 8.567143 34 14.633372
2 5 31 9.597761 48 13.982583 47 10.066175 46 14.454083 40 5.849951
3
0 5 30 9.892137 41 4.127664 37 13.692970 40 2.335426 32 19.546160
1 5 42 8.278537 34 2.931784 30 3.565859 32 9.671670 33 7.647512
2 5 46 2.876758 41 2.896398 30 15.166586 35 7.999080 37 3.206207
3
0 5 30 10.480073 35 12.424039 34 9.341308 41 3.792799 36 15.411412
1 5 39 8.843866 49 16.121709 45 1.567367 37 9.013488 31 19.018679
2 5 37 10.257118 30 17.220369 38 3.955030 40 17.423012 39 19.115572
3
0 5 30 6.726384 39 1.467353 34 16.867741 36 10.197810 38 18.653277
1 5 46 15.475132 48 17.403465 39 4.606061 30 10.743740 37 7.134973
2 5 33 8.317505 41 8.521144 36 16.496365 49 5.374590 47 15.715649
3
0 5 35 12.311226 47 4.483962 40 19.097054 45 2.064083 48 3.208147
1 5 45 14.022151 47 12.662272 43 19.022680 38 14.749212 44 2.442334
2 5 43 14.252623 38 5.675097 44 5.750929 48 16.513964 40 7.035861
3
0 5 35 6.461447 46 12.894469 39 6.623541 42 8.819414 47 5.819816
1 5 49 19.870423 47 16.771490 35 19.652037 36 9.185796 46 8.975509
2 5 40 17.967146 48 19.072233 39 13.184054 47 14.553051 37 1.939450
3
0 5 35 9.777868 47 16.848760 46 11.067077 36 11.833732 38 16.418274
1 5 37 8.254564 36 11.840989 35 17.772449 48 5.148734 43 15.330070
2 5 36 4.349459 37 4.098321 35 9.597334 44 14.684806 42 17.203813
3
0 5 35 3.126318 37 10.980689 36 13.002764 44 10.780285 48 5.993198
1 5 38 6.698419 37 18.496812 40 13.611085 36 1.475104 39 11.761708
2 5 36 7.563582 37 7.051510 49 17.894792 44 9.207636 48 9.610083
3
0 5 35 6.633676 49 9.125659 45 18.884266 38 9.661658 42 3.237217
1 5 46 13.674938 35 13.928053 48 9.595207 37 5.683534 40 5.206686
2 5 48 4.537414 42 19.241077 47 18.718536 45 12.617205 41 12.338750
3
0 5 40 5.297869 47 5.781635 43 7.567001 48 4.315380 44 15.011097
1 5 43 8.381378 48 1.858103 46 4.435144 42 14.453686 44 2.574645
2 5 44 15.056784 46 1.808959 43 16.870004 48 12.406034 47 10.015302
3
0 5 40 1.904441 43 15.237755 41 16.705296 45 6.635632 49 5.116497
1 5 44 9.576087 45 19.920379 42 11.520094 40 9.449524 48 13.533498
2 5 40 2.419451 46 11.579799 47 3.872190 41 9.049648 44 4.176752
3
0 5 40 5.998644 48 3.208303 47 14.387240 44 2.995133 49 6.141623
1 5 43 8.304574 45 8.514352 48 18.961142 41 11.321833 49 16.044037
2 5 46 11.958272 47 19.569842 41 17.709790 48 4.731252 45 11.816276
3
0 5 40 11.666582 46 2.920882 44 17.920862 41 18.402318 43 15.798315
1 5 44 15.003551 48 14.024851 41 11.580833 46 8.924998 49 14.852419
2 5 45 4.989740 43 19.711746 46 14.175367 44 18.131993 48 16.230184
3
0 5 40 19.768432 45 2.559847 42 13.465460 48 10.369869 44 17.127183
1 5 46 10.505170 48 17.268714 47 19.122783 45 12.370410 44 5.192015
2 5 41 10.815357 46 6.136665 43 12.036234 45 6.285025 44 5.897355
3
0 5 45 18.005816 47 11.633937 48 7.478023 49 16.983148 46 7.779527
1 5 45 10.839947 47 9.231807 49 3.122591 46 16.609428 48 2.467327
2 5 49 13.002653 48 8.560063 46 13.382785 45 18.227678 47 10.883521
3
0 5 45 10.962344 46 7.032101 47 15.606482 49 7.178144 48 18.611782
1 5 48 6.026607 49 4.906079 45 4.238321 47 13.555553 46 3.055362
2 5 49 5.163507 47 11.718220 46 9.617333 48 15.569622 45 6.335707
3
0 5 45 12.261079 47 12.748125 46 5.032233 49 15.316619 48 15.981565
1 5 47 9.197585 48 18.414000 49 18.899335 45 3.344390 46 13.982675
2 5 48 14.577992 45 12.336199 47 5.364080 46 10.934749 49 6.251163
3
0 5 45 3.211723 49 15.861280 47 3.511646 46 19.753114 48 12.542625
1 5 47 9.135006 49 12.807182 46 5.037611 45 8.350609 48 1.097710
2 5 48 4.062979 46 6.244936 47 6.277650 49 2.002863 45 11.493855
3
0 5 45 8.410841 46 18.119742 49 2.966244 48 2.338679 47 16.938917
1 5 49 19.926804 47 2.942732 45 2.383296 48 12.749336 46 1.600826
2 5 49 16.561016 48 4.500009 45 7.478734 46 19.838688 47 17.854279
3
0 5 49 5.766462 49 13.542808 49 12.123073 49 8.998985 49 19.958639
1 5 49 18.790046 49 2.920480 49 5.103234 49 4.423801 49 12.088483
2 5 49 10.700611 49 3.733649 49 18.704846 49 18.986899 49 6.264641
3
0 5 49 18.983777 49 15.339157 49 2.091166 49 11.287159 49 11.574248
1 5 49 14.507245 49 7.597033 49 1.566621 49 7.534604 49 1.765328
2 5 49 12.981144 49 9.129826 49 11.948898 49 2.984676 49 12.581720
3
0 5 49 17.986294 49 14.472038 49 5.536464 49 18.410795 49 11.859214
1 5 49 15.048087 49 13.299202 49 13.844042 49 9.211227 49 16.623994
2 5 49 1.922110 49 3.488235 49 6.689450 49 13.110601 49 15.833313
3
0 5 49 11.130971 49 18.852145 49 15.273453 49 12.094910 49 1.431964
1 5 49 5.295274 49 14.948925 49 11.903594 49 5.398743 49 5.769616
2 5 49 2.779344 49 6.415602 49 5.219673 49 6.822878 49 7.088270
0
