50 49
3
0 5 5 1.659277 23 8.642519 7 17.914732 39 8.610011 26 4.176819
1 5 40 7.612750 30 11.342210 42 1.386511 15 14.372880 47 4.666454
2 5 47 15.545955 28 9.373388 19 18.487805 32 5.668626 5 15.852096
3
0 5 5 2.566744 38 18.774199 37 5.919670 19 16.016336 15 14.605649
1 5 47 8.012065 29 1.402808 11 12.522810 7 13.872822 42 13.071110
2 5 25 7.490882 6 14.650985 11 16.861535 13 2.586754 49 7.061473
3
0 5 5 9.144231 25 11.150850 12 15.989365 38 10.352170 33 17.560513
1 5 21 19.493068 13 11.960150 19 12.467736 39 2.594922 5 18.245102
2 5 11 7.073319 26 15.166025 14 11.596974 20 2.376875 7 17.942660
3
0 5 5 10.884079 49 16.877583 36 16.320999 41 2.393625 11 13.313370
1 5 35 11.940634 8 3.594751 23 6.714259 34 10.957586 47 5.939563
2 5 46 1.641937 13 16.668441 38 9.113171 42 11.851353 28 10.070041
3
0 5 5 13.136946 21 15.821255 36 7.345221 34 8.281263 19 18.693436
1 5 32 7.882004 21 18.554039 16 5.730705 42 12.252322 44 9.224247
2 5 44 2.968363 38 12.654176 16 16.820384 45 13.912038 47 9.445349
3
0 5 10 5.256429 11 1.194636 48 7.779827 43 17.907403 26 7.655449
1 5 34 19.202619 16 18.446104 10 15.029137 28 7.222622 37 12.802214
2 5 22 5.076972 11 3.075047 43 6.507357 30 14.329823 15 14.581668
3
0 5 10 15.145657 23 18.622417 27 7.027004 45 1.508232 15 10.419518
1 5 40 1.289709 18 11.811364 26 6.671931 27 9.825627 25 11.930996
2 5 15 2.490411 37 18.382011 32 14.781321 44 6.784860 23 9.183275
3
0 5 10 14.293074 32 19.768091 27 8.188666 20 16.999895 40 1.653934
1 5 31 3.244158 47 5.978864 38 16.405409 44 3.172915 43 11.670860
2 5 36 19.546939 42 9.746376 18 10.052046 31 15.842187 30 19.014030
3
0 5 10 2.293199 18 2.227164 14 6.907766 40 14.861727 17 17.172835
1 5 34 17.684265 19 8.735574 12 14.136615 17 13.505665 29 17.640574
2 5 44 18.272500 35 6.607927 25 17.930207 38 7.126743 17 18.045746
3
0 5 10 4.707627 45 16.228358 43 5.335563 13 19.342608 34 7.855012
1 5 45 2.778358 38 13.366542 12 8.501920 28 17.639965 19 1.607248
2 5 33 3.394647 14 2.581186 44 18.672363 13 11.259885 49 17.080577
3
0 5 15 14.098412 27 11.019106 44 7.407691 23 8.661399 25 15.854593
1 5 27 17.132637 38 12.373604 40 18.732646 22 16.914504 21 1.722687
2 5 40 3.237071 34 1.457864 38 14.683140 20 15.006160 45 19.411751
3
0 5 15 15.969056 37 4.194660 29 13.468784 46 3.670118 32 7.270989
1 5 44 16.138490 34 19.234964 32 13.566369 35 10.366238 31 1.693412
2 5 18 2.595451 20 6.627335 39 10.016016 44 2.332502 21 1.851205
3
0 5 15 5.447314 46 5.605380 32 13.281927 22 8.159859 16 9.611692
1 5 43 15.020753 46 18.631179 47 13.759025 34 14.369049 48 2.023245
2 5 41 12.217005 46 12.994793 35 6.426284 28 11.727618 44 18.137134
3
0 5 15 11.534394 44 12.144428 30 11.336996 46 2.814740 36 15.491618
1 5 40 3.648637 21 14.102973 37 10.053739 19 17.691927 15 13.746234
2 5 28 5.380316 15 1.442118 27 17.727475 16 7.778719 46 2.313513
3
0 5 15 13.311482 36 6.072828 40 7.072273 27 6.944169 30 3.091584
1 5 37 6.274629 35 3.595370 26 9.382520 21 3.941746 18 1.851809
2 5 28 11.286892 31 17.125426 21 9.217518 15 2.036156 20 11.430780
3
0 5 20 16.280916 36 17.788357 24 10.393287 31 11.711444 29 7.973643
1 5 40 12.816446 36 9.689649 49 2.451707 41 10.862737 21 19.298882
2 5 31 15.936479 30 4.864121 21 4.992508 25 8.473497 42 8.563047
3
0 5 20 5.620442 25 10.908331 38 16.580829 33 13.146808 24 5.416984
1 5 44 3.088955 31 13.703247 25 7.697361 22 10.078188 26 7.035199
2 5 20 11.391145 22 12.246016 37 13.985194 30 13.112454 38 17.833800
3
0 5 20 16.527279 46 17.382079 45 19.668171 37 15.531749 21 8.437714
1 5 31 7.127501 34 5.232184 43 2.464004 20 11.368504 30 11.241671
2 5 23 9.213845 27 14.219120 41 9.313428 28 5.478844 44 7.319322
3
0 5 20 19.606241 27 5.894114 38 16.585446 30 1.381731 34 5.593261
1 5 43 13.070704 20 13.885706 33 11.206538 48 18.330210 38 14.487578
2 5 41 14.589004 24 12.892505 33 12.025933 49 19.183739 45 14.161426
3
0 5 20 15.091303 32 1.801622 36 1.906699 23 8.218156 42 10.878743
1 5 44 11.989435 27 16.600508 45 4.552943 30 12.172820 40 10.107260
2 5 35 6.511166 41 12.404497 22 1.085255 20 8.586917 43 14.128296
3
0 5 25 13.997304 28 19.880674 35 17.191879 45 15.398215 47 11.369749
1 5 27 11.022820 41 8.741934 34 9.743104 35 12.526075 26 6.959065
2 5 31 15.854474 35 1.469863 34 10.134100 25 6.837798 36 1.000726
3
0 5 25 18.317288 27 14.734449 47 7.545706 49 15.271833 44 14.215500
1 5 48 5.752214 42 13.568322 30 3.619222 36 5.470047 32 5.134443
2 5 41 11.400498 35 5.354893 47 4.556552 36 19.848960 38 1.711201
3
0 5 25 2.714663 40 18.072025 26 6.393295 31 7.304743 47 19.738143
1 5 39 16.678027 31 1.858424 45 3.480645 32 14.749910 33 17.555471
2 5 40 4.055530 30 14.527712 34 7.012111 41 11.966502 27 1.951248
3
0 5 25 9.598933 42 1.530174 30 13.262054 40 11.567516 34 5.231449
1 5 38 1.805424 26 9.133694 39 7.762770 45 8.415917 35 10.215985
2 5 31 17.267635 48 15.319064 27 18.193846 29 1.427343 32 9.756986
3
0 5 25 3.710550 32 8.614219 33 13.882432 36 14.411504 40 16.793287
1 5 41 16.958491 43 4.393948 25 11.614609 44 15.690603 33 6.132832
2 5 43 2.373236 34 2.688829 47 16.682079 37 7.783619 45 5.025511
3
0 5 30 4.449218 46 8.717181 37 19.560162 44 12.927002 43 16.064400
1 5 30 7.361205 46 15.749747 31 12.337637 34 9.623373 37 11.103678
2 5 41 16.581311 31 16.240183 44 4.950777 35 11.519223 36 3.262335
3
0 5 30 3.056505 48 11.959108 47 5.177285 39 2.547103 40 2.136478
1 5 46 12.175633 48 1.719008 34 14.171597 38 18.831440 39 2.156685
2 5 40 19.508331 39 6.989121 42 12.606193 37 9.806613 38 3.966700
3
0 5 30 18.599828 48 19.469720 47 5.899035 37 1.658688 40 7.370278
1 5 43 13.105468 34 8.724015 44 11.449144 38 14.588600 32 10.766768
2 5 35 7.748284 40 13.520968 39 13.818861 32 12.825593 30 16.037286
3
0 5 30 12.460556 35 10.708500 47 15.458439 32 7.644582 40 12.853919
1 5 38 10.563260 46 3.622885 36 7.027996 32 17.699943 48 11.641511
2 5 36 13.305455 32 18.765798 41 12.173462 42 7.524489 49 18.315916
3
0 5 30 2.271512 44 5.222424 49 3.476732 48 19.301413 31 1.600548
1 5 47 19.310795 31 3.807832 45 15.218640 40 13.254780 43 7.315994
2 5 30 19.813304 39 18.490890 38 12.011538 45 12.713065 44 10.890198
3
0 5 35 9.208112 42 5.142259 36 11.027650 48 9.754604 43 2.552708
1 5 39 14.081278 44 10.953963 48 9.404925 42 3.023773 41 8.967744
2 5 36 13.258360 47 11.951408 46 3.449182 45 18.407055 38 18.734220
3
0 5 35 9.318231 46 10.195987 47 6.209816 38 9.601475 48 7.318968
1 5 40 14.763852 48 12.464045 47 15.872892 35 3.615606 43 4.282472
2 5 43 6.031822 49 9.373113 47 4.375662 41 19.255238 39 5.970589
3
0 5 35 5.897824 49 18.973668 47 18.176588 38 3.944906 45 10.749516
1 5 38 13.348622 42 15.116515 49 17.861421 41 2.001858 35 10.799969
2 5 45 18.972886 49 13.124074 38 1.549385 40 5.417514 35 7.262901
3
0 5 35 1.515379 41 4.775774 40 15.607619 36 7.154228 45 8.181364
1 5 39 13.011915 35 5.831524 41 5.848642 46 8.966006 36 13.312097
2 5 46 2.670669 39 14.940907 49 7.721945 36 4.933957 40 3.186466
3
0 5 35 10.161362 49 5.478645 46 18.541808 41 5.897118 36 7.688852
1 5 44 3.290135 47 17.368837 49 16.276989 36 15.598270 45 6.512996
2 5 49 3.148917 44 9.190630 37 7.385456 36 11.131249 35 12.267586
3
0 5 40 4.390551 47 14.321452 41 2.850590 44 5.439865 49 7.130470
1 5 48 9.679924 42 7.815313 46 17.931046 49 13.999551 43 8.014350
2 5 43 1.936335 40 15.863083 41 11.797892 47 19.913005 42 9.045584
3
0 5 40 7.677121 47 4.333298 45 17.013300 49 7.560228 43 6.472715
1 5 41 17.198561 42 14.897582 44 11.093591 47 16.091453 48 19.681235
2 5 42 7.143918 49 19.073558 41 14.963632 43 5.647782 47 9.362501
3
0 5 40 8.234399 45 16.961097 44 1.439594 41 8.775946 42 13.843104
1 5 40 17.251623 42 7.758645 48 6.147502 43 6.637198 46 6.701148
2 5 43 10.284654 42 4.908512 40 17.829868 47 12.138122 41 17.795593
3
0 5 40 11.597154 41 9.336338 46 11.616891 48 12.167228 43 13.011169
1 5 41 3.689115 48 6.305059 43 6.696563 46 18.104958 47 10.452772
2 5 48 5.445536 46 17.083464 41 7.049889 43 7.185973 42 2.407678
3
0 5 40 5.405992 44 9.737250 45 12.161976 42 18.497543 48 17.325544
1 5 44 3.003343 45 11.247117 43 18.939266 42 11.645100 46 12.897874
2 5 44 16.254981 49 13.860375 40 14.939608 47 13.962185 45 5.129642
3
0 5 45 18.146308 48 8.413172 49 4.724267 46 14.900816 47 16.110932
1 5 47 3.782300 49 12.719802 48 17.385461 45 16.154885 46 14.079956
2 5 48 18.371662 47 11.321767 45 7.279917 49 17.423451 46 5.744802
3
0 5 45 14.577285 49 11.116889 48 18.525170 46 11.265212 47 16.554472
1 5 45 15.445767 46 3.156737 49 12.493298 48 7.758633 47 17.070456
2 5 48 16.539039 45 11.573666 46 12.209751 47 2.495562 49 1.858030
3
0 5 45 7.480539 49 2.375858 48 18.364370 46 14.622997 47 15.385922
1 5 46 6.279617 48 2.248627 45 11.891451 49 12.956065 47 9.436797
2 5 48 13.201394 46 14.477644 45 15.744237 47 13.633748 49 2.247739
3
0 5 45 19.864883 49 3.349220 48 19.931620 47 9.277158 46 13.102424
1 5 47 5.213137 48 9.036306 45 8.486750 46 8.043622 49 9.496142
2 5 49 12.758541 46 19.460358 48 17.699068 45 14.642291 47 7.041904
3
0 5 45 1.760463 46 6.504327 49 11.009177 48 10.340693 47 14.894234
1 5 47 3.103040 48 9.142681 46 18.487426 49 11.043323 45 14.497898
2 5 46 8.864063 45 13.201156 49 6.628498 48 5.941834 47 17.738896
3
0 5 49 4.541225 49 10.679377 49 11.203730 49 6.520633 49 9.923760
1 5 49 7.292160 49 5.899088 49 16.896087 49 2.730026 49 4.526362
2 5 49 10.699366 49 9.879832 49 10.764625 49 14.929944 49 14.352499
3
0 5 49 16.767647 49 11.361485 49 15.536768 49 6.696140 49 9.565316
1 5 49 11.756867 49 4.236362 49 10.324574 49 5.359445 49 1.358218
2 5 49 10.969139 49 2.186112 49 16.707161 49 8.584864 49 14.559781
3
0 5 49 14.834515 49 4.670327 49 5.912262 49 7.296696 49 1.725805
1 5 49 6.736153 49 4.539363 49 18.726324 49 4.914541 49 18.657775
2 5 49 2.143333 49 19.143166 49 17.823805 49 3.848323 49 9.098358
3
0 5 49 18.642875 49 10.012003 49 19.032591 49 9.157350 49 13.811752
1 5 49 19.731080 49 11.007736 49 14.441493 49 6.295847 49 13.551203
2 5 49 13.983685 49 11.628892 49 3.511858 49 8.195184 49 11.098095
0
