50 49
3
0 5 5 4.447184 10 1.668320 28 16.017893 39 13.584640 30 16.365535
1 5 31 4.193921 26 9.766977 30 9.411663 34 12.230322 43 5.056828
2 5 31 5.693945 5 13.768542 10 18.380016 37 9.500748 29 13.206429
3
0 5 5 18.661036 40 13.287301 13 8.631901 23 3.834821 46 14.080402
1 5 45 17.881699 11 18.853852 12 11.474019 28 8.677364 44 4.114368
2 5 30 4.732325 27 16.372891 25 10.456148 8 12.317885 31 16.895915
3
0 5 5 18.416301 29 5.418927 27 19.958605 43 8.698706 10 6.687989
1 5 27 2.036608 41 3.552857 38 16.754644 5 2.209806 23 8.863009
2 5 27 8.744672 28 15.193219 19 10.315248 31 15.755604 15 12.698298
3
0 5 5 12.939087 36 6.524592 34 1.550114 7 3.014332 46 1.285365
1 5 16 2.804683 33 2.923228 40 10.551846 41 18.436946 36 14.709246
2 5 34 14.336007 20 1.661529 48 19.076379 31 12.028238 22 14.416535
3
0 5 5 13.013046 32 2.183411 42 5.602763 38 19.617809 31 9.050436
1 5 24 16.865537 45 11.984879 30 19.286744 17 11.793183 29 6.600281
2 5 45 12.192386 40 2.894117 41 15.969156 44 1.953416 9 14.770064
3
0 5 10 8.566603 13 2.108380 25 3.401244 36 9.167804 33 10.385299
1 5 44 3.744977 29 3.477732 42 12.914984 38 5.720566 35 6.395395
2 5 36 5.393647 39 2.674383 43 7.766963 20 9.324717 12 1.048300
3
0 5 10 6.241394 11 2.024799 37 8.118285 49 1.321363 45 6.460790
1 5 26 16.589768 12 12.927922 39 3.548477 34 11.522556 44 10.736223
2 5 25 14.286848 26 10.080074 11 5.209105 38 8.114756 32 18.382875
3
0 5 10 13.913746 32 19.217571 19 11.978586 29 9.071761 25 3.788764
1 5 18 19.049940 43 12.835352 29 13.968269 41 1.975820 27 13.938805
2 5 18 3.866075 14 9.338572 17 14.573518 21 3.312099 31 13.459752
3
0 5 10 14.606803 43 16.500053 45 11.223550 22 6.055816 13 18.982335
1 5 45 1.819911 24 6.638326 13 19.318211 43 6.389184 28 4.936610
2 5 44 4.211994 37 19.973764 32 14.740972 33 8.374472 15 3.019709
3
0 5 10 4.272583 18 5.990222 21 3.090681 27 15.812275 33 10.002362
1 5 27 17.655296 14 1.115291 19 5.406417 29 9.379256 28 12.673154
2 5 35 12.504050 49 3.928666 20 5.308236 26 10.456985 44 15.904467
3
0 5 15 5.910865 48 6.437036 18 19.114209 22 2.346652 31 16.069596
1 5 27 4.322441 20 7.231419 34 2.830248 45 5.440283 31 9.704729
2 5 40 6.885603 46 6.038134 32 11.268718 19 7.818917 24 2.137374
3
0 5 15 1.884630 44 8.232069 28 7.592058 36 9.918279 25 10.907441
1 5 32 16.714276 35 12.365195 36 17.987624 46 1.255767 33 3.595835
2 5 18 12.218320 19 11.300128 49 17.107235 29 4.636468 28 17.655659
3
0 5 15 6.477144 20 16.670043 29 16.432155 45 6.659292 41 7.066499
1 5 46 9.833408 31 12.307909 44 8.914965 28 17.643193 34 2.735784
2 5 29 6.226116 31 18.769991 39 7.174356 42 4.683955 25 7.137651
3
0 5 15 7.964745 35 16.904948 25 8.686363 33 2.884197 27 16.841207
1 5 24 12.125580 32 19.255355 37 3.330923 39 10.343735 46 16.310314
2 5 41 16.875562 39 18.132023 36 16.349224 38 15.653507 43 5.553112
3
0 5 15 2.968479 42 3.936359 26 13.116564 44 8.119522 28 1.203839
1 5 41 18.160571 24 1.996735 15 6.814635 22 2.686810 27 5.252095
2 5 16 6.885003 43 2.771298 38 16.169656 24 8.400731 25 4.352253
3
0 5 20 13.198556 40 1.763348 32 3.922846 39 4.193281 42 5.322212
1 5 30 1.014751 22 7.926399 31 13.127771 24 1.440939 34 6.275541
2 5 43 1.840788 36 9.867660 40 6.460773 45 5.359157 23 17.387476
3
0 5 20 16.679716 36 17.078253 30 12.082610 25 4.806880 48 2.997203
1 5 26 2.156497 34 16.888996 40 2.135856 35 2.763821 30 2.482029
2 5 47 17.879557 20 15.311246 36 7.301148 41 9.967965 23 2.868403
3
0 5 20 6.919952 45 9.752646 22 14.726079 46 1.142630 48 15.630225
1 5 46 9.426113 36 1.522708 43 3.695384 38 4.739157 42 15.893827
2 5 49 11.164350 45 15.091831 48 2.400779 22 11.654325 33 7.153350
3
0 5 20 13.828466 28 4.364206 30 4.446489 33 9.499254 23 19.933356
1 5 43 6.337417 34 3.250783 29 9.718507 41 14.694481 47 10.376451
2 5 24 12.749567 31 8.975491 32 11.039712 36 16.218067 44 19.685327
3
0 5 20 19.114120 31 2.001055 28 14.557882 44 8.246398 33 4.400231
1 5 34 12.061189 39 10.641474 36 19.047170 35 14.352686 49 4.858297
2 5 44 16.982486 45 13.177284 43 4.189019 41 19.963916 23 8.078105
3
0 5 25 14.970144 43 16.277881 49 10.018355 45 10.768082 31 11.807547
1 5 41 10.418317 36 13.540104 45 12.897781 39 5.840304 28 9.101554
2 5 34 9.083252 43 14.905816 44 13.147347 48 2.279035 31 19.194370
3
0 5 25 6.802085 40 11.542823 49 1.504715 34 6.451133 38 12.735169
1 5 29 11.686787 30 14.192646 41 3.357495 38 11.722237 47 13.671521
2 5 28 15.419486 44 11.997864 45 14.674950 39 6.640934 43 3.612387
3
0 5 25 1.500670 41 11.507115 35 14.904137 34 6.838821 49 13.220437
1 5 37 3.367203 26 16.420700 25 3.175445 42 3.500823 28 7.773697
2 5 42 11.693366 45 2.575128 41 18.546572 44 3.582257 27 12.481267
3
0 5 25 9.314996 30 5.826965 39 14.114187 48 18.658617 29 3.774505
1 5 42 18.680207 46 2.607756 39 12.148828 37 10.872571 27 14.458786
2 5 46 19.233864 27 12.492816 33 12.280489 42 1.435008 35 11.940681
3
0 5 25 7.010178 28 11.461241 33 15.402399 45 10.246334 34 9.216393
1 5 27 15.020423 31 15.652816 42 14.337536 44 8.716996 26 15.700434
2 5 45 16.425142 33 13.698443 39 6.326102 27 10.610778 46 5.153043
3
0 5 30 15.780766 40 12.513319 47 18.774546 36 2.069517 49 10.506050
1 5 39 16.080244 44 12.516412 40 9.444019 35 13.809927 49 3.261317
2 5 38 18.650911 47 11.308604 35 5.953786 41 12.067020 33 15.583990
3
0 5 30 6.478502 36 15.231577 49 2.921203 43 9.441572 39 11.780981
1 5 42 7.521504 43 7.731533 49 2.029483 38 19.410368 46 9.576918
2 5 49 1.472664 48 6.595379 33 9.662241 32 6.832880 35 18.800961
3
0 5 30 14.615023 36 17.842256 46 16.317444 37 3.518938 32 9.955528
1 5 39 17.797641 38 12.190401 40 3.712154 44 12.643882 32 6.754779
2 5 39 8.974863 37 12.902035 40 8.171886 35 5.530308 34 11.113835
3
0 5 30 4.012218 48 19.090541 40 15.904661 39 18.626077 42 13.868539
1 5 31 11.522241 42 4.010500 39 3.345443 43 4.081677 45 9.446869
2 5 41 8.187041 45 19.606986 43 8.978278 40 5.857752 30 5.349420
3
0 5 30 5.346126 49 12.270213 44 16.220518 34 1.395253 40 2.991081
1 5 48 5.672276 35 5.021281 46 12.262726 42 2.162520 37 4.278658
2 5 37 2.077754 32 2.259031 35 10.196254 45 5.241691 34 14.717240
3
0 5 35 19.497505 46 15.167643 49 6.756778 41 9.661654 43 4.638747
1 5 45 10.359918 44 4.084631 41 13.762938 46 10.374903 40 13.654872
2 5 43 12.095075 40 14.040207 44 17.623288 41 1.088164 39 6.289955
3
0 5 35 11.360671 38 14.802737 37 4.094986 43 11.002729 48 18.348466
1 5 39 9.471662 38 7.642212 40 10.777981 36 9.221995 35 6.356944
2 5 39 11.078975 48 17.599575 40 2.907380 47 18.018956 42 6.133066
3
0 5 35 15.011703 43 12.833648 38 13.025780 48 15.980573 45 13.862249
1 5 49 16.287124 38 10.598202 43 5.227101 35 15.016649 36 14.184140
2 5 39 10.358865 42 8.495039 48 18.535749 43 9.963862 46 2.712184
3
0 5 35 15.011718 36 10.975799 38 15.051818 45 5.698567 37 5.153837
1 5 44 5.473182 38 12.746547 41 1.309561 43 2.154785 42 3.735610
2 5 46 11.307065 41 2.081270 49 17.869378 40 5.586567 35 13.513698
3
0 5 35 19.459048 46 8.708667 36 10.836824 38 12.788607 42 9.532591
1 5 39 18.793019 37 5.125831 46 9.340458 49 12.805455 47 3.636021
2 5 46 5.298262 47 4.044122 37 9.542434 44 19.381152 36 16.365907
3
0 5 40 9.721687 47 11.532426 45 7.578327 49 15.241474 41 16.959220
1 5 40 10.359767 49 12.453581 42 1.646724 43 5.607139 45 18.995022
2 5 42 19.810837 46 7.783252 43 4.295867 40 10.524902 47 18.118070
3
0 5 40 19.662078 45 19.636809 43 4.589388 42 2.625361 46 10.960123
1 5 47 15.143529 46 15.279316 41 11.206658 49 18.000772 43 7.974471
2 5 46 15.463064 47 11.804196 43 8.199455 41 17.813261 40 10.301664
3
0 5 40 8.462917 48 5.287358 43 5.084529 47 2.976705 41 10.552286
1 5 43 18.585347 47 10.849120 40 5.454734 48 6.882435 45 8.988978
2 5 41 6.522473 47 6.000161 40 15.461373 42 4.560222 44 3.007130
3
0 5 40 11.517015 44 11.422163 43 18.345026 45 5.177284 41 14.013975
1 5 44 2.185484 41 10.160654 48 3.030147 47 5.157726 40 11.624149
2 5 48 18.321037 47 17.094321 45 14.207222 41 17.894095 46 11.386338
3
0 5 40 10.754197 42 11.186142 45 7.488810 44 7.141474 46 3.269841
1 5 44 9.172309 43 2.124310 46 5.571006 40 14.517952 48 5.627194
2 5 48 17.021254 42 2.462426 40 6.115031 47 17.208465 43 11.343115
3
0 5 45 18.677210 46 3.161862 48 14.697188 47 14.764703 49 1.510684
1 5 48 7.470743 49 11.040724 45 13.832652 47 12.066090 46 8.368568
2 5 45 8.964298 48 14.502020 47 3.104160 46 9.517846 49 14.774633
3
0 5 45 7.156863 47 3.061596 46 19.368534 48 14.882652 49 1.672046
1 5 49 2.799359 48 16.127866 47 15.275477 46 4.161042 45 2.457795
2 5 45 14.180650 47 8.347811 46 16.644858 49 10.852940 48 13.874578
3
0 5 45 10.265008 47 11.308330 48 3.249190 49 11.471808 46 18.975214
1 5 48 11.293135 46 11.838479 49 19.798275 45 15.915574 47 18.295889
2 5 47 3.497423 46 1.244737 45 18.188572 48 11.496730 49 11.555251
3
0 5 45 15.911105 46 16.328754 48 2.655197 47 15.829468 49 7.160489
1 5 48 8.750980 46 18.307400 49 11.664731 47 19.742306 45 14.481712
2 5 49 13.554236 45 14.608956 46 4.397243 48 19.619625 47 15.966472
3
0 5 45 4.525224 49 11.629110 46 17.784528 47 15.894607 48 1.205375
1 5 45 11.316749 49 14.122986 47 3.831019 48 14.578998 46 4.085117
2 5 45 8.862860 48 15.990854 46 4.624542 47 9.414292 49 10.855190
3
0 5 49 4.529132 49 3.456680 49 4.375276 49 7.973947 49 3.607562
1 5 49 3.951337 49 12.276750 49 5.224751 49 12.072059 49 4.872358
2 5 49 12.254271 49 5.502010 49 6.290383 49 2.559495 49 18.065180
3
0 5 49 9.914056 49 19.945678 49 11.651014 49 10.375734 49 15.328118
1 5 49 11.788586 49 4.533435 49 18.788870 49 17.168087 49 16.327283
2 5 49 18.732602 49 8.544569 49 19.211533 49 14.903216 49 1.453576
3
0 5 49 12.127521 49 11.792566 49 3.568747 49 15.647486 49 8.316982
1 5 49 19.029828 49 15.027616 49 17.089736 49 14.086124 49 16.174855
2 5 49 3.674499 49 18.322765 49 16.635806 49 14.285074 49 15.586785
3
0 5 49 3.987210 49 3.699881 49 11.796380 49 14.622510 49 10.277981
1 5 49 4.499760 49 1.431267 49 1.516222 49 14.392361 49 11.463516
2 5 49 16.516372 49 5.629783 49 5.077591 49 10.383030 49 1.645329
0
