50 49
3
0 5 5 13.726075 29 7.826815 45 14.103478 10 15.312887 19 11.837904
1 5 11 10.387201 18 2.401292 34 5.395184 13 8.493884 32 14.843568
2 5 39 11.429784 37 15.367290 20 11.022138 29 3.853116 6 14.172269
3
0 5 5 2.678909 10 4.951963 6 13.591703 38 18.687194 27 16.286831
1 5 41 2.591067 37 15.390738 32 12.529640 23 4.428904 38 2.549012
2 5 15 7.795314 17 17.631355 33 15.497994 29 5.482034 40 9.343529
3
0 5 5 1.949609 19 14.577040 7 7.647971 20 15.830462 26 9.341771
1 5 6 4.799977 26 16.436755 36 18.743864 34 19.440879 19 11.858422
2 5 21 17.805863 35 10.571202 31 19.809119 34 6.187055 24 12.857399
3
0 5 5 9.412351 7 15.559534 19 12.880696 45 6.472665 35 12.378020
1 5 17 17.634926 8 10.681759 27 6.956593 32 8.413089 42 6.657628
2 5 7 12.262984 5 7.734590 44 9.671486 46 7.174826 8 7.419963
3
0 5 5 17.701402 9 5.561398 26 18.045250 25 19.202214 6 17.166287
1 5 24 6.464782 11 12.948831 38 4.921681 30 12.263268 34 5.792747
2 5 33 16.580393 45 6.733674 13 2.083826 21 2.678740 5 7.609080
3
0 5 10 14.281449 22 12.982970 19 1.140664 17 2.573900 33 9.529828
1 5 46 17.029318 43 19.576217 12 12.295065 29 14.120531 11 5.347892
2 5 42 12.082060 35 11.971778 13 10.153519 34 14.860813 39 14.657925
3
0 5 10 12.682554 34 3.605109 42 7.725920 46 3.592039 37 9.491983
1 5 15 11.514801 38 3.910746 16 9.047264 22 14.432160 25 19.836977
2 5 30 7.343238 44 2.608399 13 8.551081 31 1.312193 20 17.244329
3
0 5 10 1.119766 15 8.050010 30 14.902018 26 10.891537 34 13.640299
1 5 16 19.967997 22 16.240037 49 12.490008 25 11.545555 35 3.947793
2 5 29 1.027361 25 1.284041 24 17.171841 11 17.787169 37 9.110577
3
0 5 10 4.359257 21 1.511386 39 6.805606 19 14.334332 12 11.466319
1 5 33 18.910390 27 15.837102 17 6.581080 37 19.317118 12 12.336755
2 5 49 15.543381 24 4.117284 12 1.601110 48 14.119709 15 17.751275
3
0 5 10 10.254091 46 3.321676 33 1.543715 28 8.335438 23 7.682874
1 5 42 3.612608 33 16.461904 43 5.039821 20 6.384969 49 13.009904
2 5 40 2.340885 41 6.929365 49 19.801857 12 3.934683 25 19.744608
3
0 5 15 17.564475 34 17.890335 36 15.193697 39 13.279715 17 11.837159
1 5 32 3.267110 39 4.091495 16 19.662168 29 1.092384 47 6.520663
2 5 47 3.476541 25 19.728140 16 16.250414 20 2.163545 42 4.771688
3
0 5 15 6.674367 18 3.149119 19 9.729892 17 9.109220 30 2.974309
1 5 34 4.594258 36 13.435122 26 15.350018 29 14.885483 33 13.022835
2 5 18 13.371924 44 2.355315 48 16.141168 21 6.187146 17 17.495111
3
0 5 15 7.752017 17 9.800991 19 8.596007 20 12.244618 24 14.245461
1 5 46 2.524497 16 5.906816 19 1.426475 32 14.990330 28 16.607691
2 5 18 11.479295 16 18.252313 38 3.294647 33 2.645464 30 14.037209
3
0 5 15 8.277676 40 8.335544 20 15.428336 25 8.317164 17 1.708197
1 5 42 16.183417 18 5.473669 31 5.369919 32 15.256556 24 14.010341
2 5 46 3.098590 38 19.789765 33 5.375879 42 19.422547 34 4.020414
3
0 5 15 18.092616 33 6.912277 34 7.810339 28 8.174101 17 10.316590
1 5 24 3.407854 36 10.917099 29 17.311575 23 13.826810 18 1.023589
2 5 30 14.475836 27 8.896213 46 7.855645 25 15.009715 49 18.415355
3
0 5 20 6.478071 24 3.058365 32 7.233463 42 17.001531 47 16.503330
1 5 30 17.692752 29 1.270974 39 8.351848 46 13.672455 26 3.799686
2 5 29 7.652968 45 9.346793 34 5.561442 47 14.535010 36 6.355986
3
0 5 20 8.923893 29 16.755176 35 18.249625 38 14.281863 41 18.558424
1 5 43 16.761487 37 2.968091 24 15.842469 35 6.960095 30 9.071734
2 5 48 15.185478 26 15.522195 30 13.918905 42 8.213031 41 15.237589
3
0 5 20 12.140535 29 18.725861 25 9.175859 36 4.390359 49 1.372644
1 5 49 14.941276 46 19.459550 39 15.394235 25 2.690577 42 13.266752
2 5 34 5.606989 21 16.731530 22 4.446720 30 3.613655 45 19.818612
3
0 5 20 18.144076 29 14.016562 35 12.382293 36 1.287868 31 1.189525
1 5 44 8.862876 43 3.064868 34 15.884181 47 5.669298 31 9.635023
2 5 26 2.146233 28 11.344493 44 7.429579 46 9.934190 20 13.787574
3
0 5 20 1.217812 38 2.804857 37 8.340975 36 16.886391 41 6.646828
1 5 49 9.180299 20 15.738344 23 16.747734 31 15.978265 47 10.215474
2 5 23 16.118926 40 16.383075 20 19.636958 49 9.981373 42 9.741481
3
0 5 25 6.806160 28 16.715033 38 6.656737 47 7.780067 32 8.117637
1 5 40 14.884879 42 15.200972 48 13.032737 41 15.274352 39 6.780497
2 5 32 6.944282 47 16.789827 41 4.818753 31 2.333930 26 10.068605
3
0 5 25 10.749060 28 15.041267 44 4.735902 41 17.153410 42 8.871994
1 5 35 5.545942 26 14.465807 43 7.927518 36 6.311731 28 5.939088
2 5 38 12.430279 45 19.895848 47 19.758490 26 10.635320 35 16.786055
3
0 5 25 4.027510 37 9.686957 45 5.896133 40 10.172074 49 4.740665
1 5 29 2.754838 34 13.623311 41 6.100377 36 14.195242 43 8.303384
2 5 40 2.607330 45 15.499575 42 16.396673 47 19.845727 39 4.872158
3
0 5 25 2.030115 33 4.205046 39 9.868140 48 17.971140 47 16.331413
1 5 46 11.328203 29 5.755278 45 3.987248 42 1.532955 36 9.066145
2 5 45 8.516246 33 12.081023 48 14.136230 39 18.381450 32 4.055389
3
0 5 25 16.260150 48 3.919189 40 14.187201 37 15.116876 26 14.685384
1 5 39 15.648098 28 12.383036 33 1.169503 43 10.289696 45 1.246936
2 5 37 14.596595 49 11.488470 36 10.341899 39 16.753454 48 15.481533
3
0 5 30 2.928062 49 16.229688 31 19.636779 40 6.149418 34 15.454060
1 5 37 3.896448 42 9.069174 32 13.779171 45 4.449658 30 11.791479
2 5 39 2.877170 46 9.911821 33 7.375967 44 5.839810 48 7.470722
3
0 5 30 3.286096 40 12.121249 34 10.247582 45 3.571802 39 5.474661
1 5 46 6.781044 32 15.748324 45 1.935504 39 13.770031 42 13.213352
2 5 39 3.181311 37 19.676641 34 18.760630 33 13.987269 48 9.024995
3
0 5 30 11.955023 31 3.055562 47 11.428635 42 16.437902 33 6.865318
1 5 37 19.678787 46 4.327264 36 13.472714 38 3.013692 33 10.001971
2 5 34 19.574145 48 10.589716 46 14.142613 39 3.748296 36 1.363222
3
0 5 30 8.536464 32 19.266337 38 16.934136 35 5.401024 31 10.534055
1 5 38 2.548467 46 17.596542 45 15.402507 32 8.444984 48 5.880714
2 5 35 13.840478 44 6.804945 32 7.522097 48 9.073495 38 15.562782
3
0 5 30 15.252776 35 4.977238 41 12.678831 49 5.348780 45 6.094818
1 5 34 16.090754 46 17.719781 49 9.167773 30 18.169532 31 7.586482
2 5 32 7.379542 40 8.652428 49 2.816993 34 11.649461 35 17.001060
3
0 5 35 14.825676 46 14.513469 49 10.278215 42 11.314651 47 16.784266
1 5 49 7.659309 39 1.622697 46 3.314767 42 19.539892 36 8.958705
2 5 38 5.361442 44 3.131032 49 5.063613 40 4.791852 43 15.667324
3
0 5 35 10.783858 39 15.559190 36 19.547627 49 2.105059 37 6.229886
1 5 43 5.127323 46 17.995157 38 8.550507 44 14.769963 49 6.118618
2 5 39 19.420138 42 4.808371 38 4.798400 43 19.973599 45 13.231442
3
0 5 35 7.258414 36 5.051333 42 7.765620 47 10.296427 38 9.663169
1 5 47 18.547532 37 7.537123 46 15.783425 41 4.960781 40 7.465425
2 5 47 12.727805 42 6.332777 37 15.081018 39 5.598848 49 11.910845
3
0 5 35 11.980168 37 13.262160 39 5.645501 49 19.900737 41 6.426164
1 5 41 13.432951 39 1.872527 43 16.912774 45 14.484720 44 8.312622
2 5 38 13.399985 49 3.350822 41 12.336270 48 4.646854 39 10.496363
3
0 5 35 19.765840 43 14.980258 38 9.657741 37 17.020733 45 6.921412
1 5 45 15.147547 39 15.528268 48 12.860732 43 11.740134 44 8.978028
2 5 37 17.289802 48 17.075183 49 2.594986 41 6.565384 35 7.119592
3
0 5 40 12.872770 43 14.648179 44 15.520483 42 12.169327 48 12.127934
1 5 48 2.524633 45 4.162745 40 6.412935 46 18.718778 42 13.592057
2 5 47 14.244743 43 6.622243 40 15.179354 48 7.878232 45 8.908109
3
0 5 40 12.819413 44 18.515667 42 4.974736 49 7.458089 41 10.436669
1 5 41 17.723005 45 18.453203 43 16.008467 46 4.162892 49 4.425558
2 5 46 15.315375 47 19.904460 43 12.413393 48 2.370323 44 4.243353
3
0 5 40 6.389537 49 13.467551 45 13.084093 43 17.829654 47 7.659497
1 5 44 1.189553 42 16.632435 43 6.376482 47 16.253460 46 17.305512
2 5 43 17.247516 40 5.044614 44 4.134565 48 7.653473 42 5.781792
3
0 5 40 14.311091 46 6.751119 48 16.345140 43 12.901191 42 17.857735
1 5 47 15.110251 49 14.749769 43 18.745227 44 1.625955 40 1.975624
2 5 49 5.099925 48 2.137715 44 7.095191 47 3.261026 41 12.490479
3
0 5 40 13.733948 42 11.055943 48 7.515311 45 10.747203 44 5.460414
1 5 48 19.344910 41 13.281489 42 1.933162 44 5.544498 47 3.910078
2 5 46 17.629699 43 10.085513 47 1.583534 41 15.338555 40 13.142489
3
0 5 45 18.356940 47 6.574949 48 4.728876 46 18.571752 49 9.867876
1 5 47 18.661441 49 11.195767 48 14.209560 46 11.409640 45 19.495219
2 5 47 13.152756 46 8.767109 49 19.374076 45 5.192746 48 13.997473
3
0 5 45 7.255083 46 6.733853 47 5.765935 48 5.012869 49 13.668957
1 5 49 4.428303 47 19.099809 46 15.444065 48 3.497356 45 2.882133
2 5 45 18.453599 46 19.116451 48 10.960112 49 6.731598 47 13.268570
3
0 5 45 1.397087 48 13.408685 47 19.838068 49 16.805664 46 3.804413
1 5 46 12.770161 48 7.179191 47 19.271389 45 2.551280 49 2.805191
2 5 48 6.934008 46 12.058327 49 6.026109 47 11.028176 45 18.383020
3
0 5 45 16.122658 46 7.435953 47 14.713477 48 8.673273 49 3.077059
1 5 48 8.182601 45 18.812636 46 7.527321 49 8.746298 47 8.381529
2 5 45 17.190971 49 3.953594 47 11.259683 46 16.223156 48 4.153604
3
0 5 45 8.798086 48 4.355764 49 12.407853 47 14.662295 46 16.175036
1 5 46 1.478785 45 8.927779 47 12.537448 48 1.090138 49 19.231486
2 5 49 8.420081 46 10.105945 48 12.732863 47 8.521645 45 9.711587
3
0 5 49 16.023530 49 16.095312 49 19.395429 49 16.988383 49 3.881065
1 5 49 18.015383 49 9.938705 49 11.330073 49 12.709641 49 16.588396
2 5 49 4.560598 49 13.971654 49 7.159853 49 7.131760 49 2.680556
3
0 5 49 7.221669 49 13.995933 49 14.729018 49 2.657530 49 4.190783
1 5 49 15.467220 49 6.308312 49 14.012109 49 8.694091 49 9.321692
2 5 49 18.658011 49 2.909588 49 1.367816 49 17.853508 49 15.758435
3
0 5 49 15.506354 49 18.122224 49 7.176376 49 10.368687 49 11.942383
1 5 49 17.402137 49 5.155439 49 10.635264 49 8.069059 49 10.418814
2 5 49 13.672659 49 11.365664 49 12.395097 49 7.855805 49 16.450934
3
0 5 49 18.668633 49 8.371637 49 8.400062 49 18.379456 49 3.505921
1 5 49 18.681375 49 8.225271 49 10.503649 49 19.576172 49 14.524388
2 5 49 7.335804 49 7.337422 49 5.666957 49 2.939701 49 19.253401
0
