50 49
3
0 5 5 17.929334 44 16.231461 18 10.693867 14 18.128034 24 10.952809
1 5 6 7.286103 20 7.903450 5 12.329871 15 1.591824 33 6.118611
2 5 26 6.619313 33 5.072834 28 7.445031 41 7.019149 34 18.894142
3
0 5 5 14.615392 23 8.998247 18 11.207878 16 7.918298 8 16.787908
1 5 16 18.757395 49 14.017011 43 1.432844 27 9.763489 12 16.823548
2 5 10 3.701959 26 10.498204 24 18.921549 17 11.042488 27 13.640411
3
0 5 5 15.680712 12 13.199888 35 8.107548 46 4.599150 42 16.133106
1 5 18 10.492457 47 9.453274 25 16.636003 23 3.815426 6 19.627107
2 5 11 13.484137 48 11.170192 22 9.325533 14 12.751895 42 16.566076
3
0 5 5 4.984853 35 5.635047 33 9.035261 40 12.073463 12 19.640174
1 5 6 4.862377 20 8.961183 21 2.172084 7 11.445249 14 11.705637
2 5 12 5.590201 43 1.497192 9 2.916919 21 3.216519 42 6.570921
3
0 5 5 11.044552 35 11.102962 23 19.879440 21 6.290373 19 1.272320
1 5 5 2.404786 14 6.422617 26 1.121441 35 16.680019 21 17.954661
2 5 22 4.396753 18 7.906239 7 2.920898 38 16.635383 30 18.268285
3
0 5 10 18.345802 20 1.534379 34 18.964581 41 7.191784 30 11.928908
1 5 25 11.341521 26 18.053491 43 10.864933 11 7.521309 39 13.901346
2 5 22 18.679904 33 19.194127 29 5.876526 16 3.679330 15 3.721312
3
0 5 10 11.953357 35 12.226403 32 10.705894 16 19.516001 29 7.878158
1 5 30 8.232781 34 2.644381 49 9.379434 44 15.615389 38 10.763551
2 5 37 9.024255 48 1.225306 25 5.633745 34 17.646970 11 18.064761
3
0 5 10 13.343880 14 8.462506 36 2.054470 47 3.201193 11 19.723355
1 5 27 18.989384 31 10.580532 29 5.639899 11 7.222768 12 3.239918
2 5 11 14.590745 34 2.607890 44 8.628837 14 3.924119 20 16.546647
3
0 5 10 18.325761 20 5.389822 33 15.517350 23 11.779394 32 2.200030
1 5 32 19.415285 27 1.049563 30 3.200878 36 4.105746 40 7.318408
2 5 35 5.609004 40 3.352371 28 13.150450 15 6.279302 22 17.334438
3
0 5 10 17.518103 42 15.342034 32 8.576023 46 5.699898 47 3.606599
1 5 32 7.617392 20 12.779961 36 17.699386 30 17.497061 22 4.479827
2 5 30 6.978805 49 14.096655 15 11.122325 40 13.506607 29 10.761339
3
0 5 15 6.031141 44 4.410401 46 1.241175 43 11.179494 32 10.216328
1 5 49 5.708641 40 19.764551 23 8.535802 18 7.544892 47 8.364909
2 5 40 4.593248 31 6.335408 27 3.279431 26 19.449834 34 7.817848
3
0 5 15 12.648874 49 13.733772 47 13.502684 40 14.353342 48 7.573507
1 5 17 5.078752 42 14.095108 46 11.439210 23 10.511969 19 16.876560
2 5 22 12.690369 30 19.949145 43 7.259854 42 19.396555 21 2.344232
3
0 5 15 7.007078 34 7.445512 37 14.081666 43 10.422467 33 17.338461
1 5 34 11.387688 20 15.056739 33 10.043196 22 1.871366 28 10.387030
2 5 15 1.092642 44 19.279974 41 7.821760 33 17.335374 19 1.983366
3
0 5 15 19.055181 20 4.724682 29 2.612903 41 18.104156 47 11.035202
1 5 37 10.388975 25 6.199540 32 17.036667 21 19.371052 28 13.291481
2 5 19 11.196063 35 2.459887 43 14.293722 45 8.140314 32 6.210247
3
0 5 15 4.809841 27 1.700472 42 18.754365 49 14.956623 39 2.961307
1 5 49 19.070983 37 10.407579 33 15.667965 46 2.937858 35 14.144242
2 5 26 11.974102 21 1.674083 30 13.147199 19 1.570784 44 4.096442
3
0 5 20 19.959957 28 1.421967 22 17.377958 21 2.633931 38 4.055078
1 5 25 3.110535 29 16.739178 37 6.136398 27 16.216204 39 4.696863
2 5 40 5.204487 46 3.802118 41 1.437059 24 8.504435 34 11.890496
3
0 5 20 3.170189 36 15.772651 33 6.187534 37 18.025012 48 5.186375
1 5 37 13.732554 36 15.769560 27 9.962826 22 19.565330 29 16.225289
2 5 37 5.992835 33 11.359010 32 16.280501 38 10.686741 40 17.588911
3
0 5 20 15.895657 38 3.282471 34 5.138245 45 6.895988 37 1.176002
1 5 21 18.986146 41 5.721367 31 16.128102 44 10.973981 35 6.653283
2 5 44 7.588238 37 11.645158 45 2.653418 33 1.992722 27 16.913682
3
0 5 20 2.449254 47 1.271629 38 12.654318 39 19.421952 43 10.363883
1 5 30 13.684101 32 1.026994 22 9.172807 31 5.175647 37 7.544676
2 5 21 11.923175 33 14.553573 36 2.214745 45 18.586000 38 14.670779
3
0 5 20 9.408657 30 8.910310 26 14.525797 28 14.056211 48 15.428509
1 5 20 7.851697 40 12.382771 34 10.977291 25 11.355448 46 9.414896
2 5 26 19.181712 28 14.575061 33 8.783169 37 3.831940 49 13.093441
3
0 5 25 7.171000 43 6.101219 29 4.189229 27 10.284970 36 4.884111
1 5 45 10.709867 43 6.330592 27 3.811882 44 10.792482 32 1.682688
2 5 48 18.490652 36 13.021757 30 3.362581 49 8.713784 31 12.521900
3
0 5 25 7.041146 32 8.694574 37 16.023460 40 3.763882 46 10.381067
1 5 49 18.146861 46 17.889766 28 2.563041 30 6.096780 42 10.543932
2 5 39 12.723759 25 11.064693 48 17.515564 42 10.110198 29 8.526050
3
0 5 25 6.546264 46 14.406713 40 14.527328 49 17.173095 33 4.446304
1 5 33 17.106033 43 8.587754 34 1.099615 35 16.946672 30 19.137807
2 5 48 3.918926 37 19.020433 38 4.479940 26 15.252664 33 1.695476
3
0 5 25 18.691825 30 7.231956 43 9.049680 45 9.299409 34 16.673989
1 5 48 12.884452 28 14.366112 46 12.059110 47 9.217130 42 13.494725
2 5 33 14.181686 32 4.346353 26 15.521554 45 7.517992 39 5.753873
3
0 5 25 18.829875 27 15.808858 33 19.882058 34 16.145234 39 6.373156
1 5 27 17.946693 49 14.832180 32 9.001837 46 1.956828 29 1.306408
2 5 46 9.555503 36 13.883359 27 15.693386 41 2.186002 43 11.657699
3
0 5 30 2.780840 39 9.291987 33 18.233423 43 13.692614 48 18.773226
1 5 36 7.120623 35 12.511398 49 6.369719 43 15.625669 39 4.986288
2 5 44 11.498494 35 8.484622 33 15.480140 48 9.576509 34 10.098245
3
0 5 30 8.473634 42 18.095319 40 6.414082 36 9.738094 35 3.155438
1 5 38 3.837797 45 14.468034 36 18.989979 48 1.722140 49 15.180854
2 5 35 4.272549 46 18.426252 34 9.300993 42 2.958281 47 5.529523
3
0 5 30 8.958792 42 1.566291 33 11.562766 32 9.288021 44 3.492710
1 5 46 14.692600 32 7.023137 33 13.383127 49 3.566677 47 19.860002
2 5 41 16.514387 33 8.937987 39 6.284925 44 13.871004 38 15.141131
3
0 5 30 9.192540 31 9.402621 48 8.037209 43 4.875573 42 15.263661
1 5 48 4.233703 36 3.259429 42 11.885190 39 6.874772 44 10.632768
2 5 42 13.281589 37 12.849646 41 1.530137 39 5.153427 46 14.224654
3
0 5 30 12.308183 40 7.959461 41 8.307617 36 6.242206 42 3.177285
1 5 46 6.543775 41 1.519581 33 10.064594 31 17.047391 30 15.066895
2 5 34 16.942535 46 18.035996 48 12.040465 33 4.633144 31 1.306513
3
0 5 35 13.917862 48 11.326212 43 12.093079 41 16.014074 42 5.576214
1 5 37 17.846486 49 10.041510 42 2.595745 35 6.035599 39 17.980063
2 5 35 18.567004 45 11.608485 39 11.609367 47 3.120742 36 5.414467
3
0 5 35 7.055078 37 11.346644 39 5.378172 40 10.779759 38 11.789214
1 5 43 16.462954 45 10.936504 37 7.035959 47 8.560458 39 2.918816
2 5 42 3.466296 39 16.583922 35 8.475829 36 8.159915 48 7.214539
3
0 5 35 18.198950 38 16.082829 37 19.224820 49 16.183585 44 18.418288
1 5 45 17.757888 38 10.743725 43 17.937841 44 16.327146 42 2.524436
2 5 35 7.373372 46 4.613071 48 18.669081 49 3.630261 42 3.160688
3
0 5 35 14.785894 41 3.443983 42 8.960181 48 19.466837 46 15.017581
1 5 45 16.892110 48 11.365612 42 12.926338 36 6.406052 35 4.670661
2 5 49 3.190522 47 10.430943 38 14.598858 35 17.143103 37 4.325696
3
0 5 35 17.009652 39 3.115141 41 12.167979 40 6.647529 36 15.416974
1 5 40 15.083290 44 13.305621 45 17.541099 35 7.286241 41 17.310795
2 5 46 3.207993 44 11.963367 43 17.375073 40 14.364200 49 4.375739
3
0 5 40 13.761508 42 17.603408 49 14.288150 47 3.606511 48 16.234528
1 5 46 10.248248 41 13.342553 47 10.819326 49 6.439105 43 18.032253
2 5 49 7.569608 46 14.162106 45 8.822424 44 2.817990 48 5.518582
3
0 5 40 16.542514 48 2.041075 49 4.541121 45 2.152040 42 14.585995
1 5 47 4.902473 49 14.655685 40 15.544098 46 3.246990 48 4.647661
2 5 40 8.065209 45 1.451197 49 5.817931 47 14.461264 48 6.124523
3
0 5 40 19.770413 48 16.962919 41 7.970769 44 4.542480 49 16.081012
1 5 41 14.967459 45 19.389689 42 5.903615 44 10.299560 49 10.589952
2 5 47 8.499549 48 14.329689 44 8.902139 43 4.407893 45 1.344000
3
0 5 40 18.803473 47 4.759954 45 8.405229 42 18.385024 41 19.730276
1 5 49 17.053056 43 7.346743 48 19.752634 45 15.729061 46 16.100021
2 5 45 18.911171 47 10.003921 44 17.915148 48 14.660621 46 19.844960
3
0 5 40 1.968095 49 8.137332 42 1.085791 47 16.364633 48 12.340564
1 5 49 15.210521 41 2.198204 47 15.639279 44 3.812931 43 14.335160
2 5 45 18.942123 47 8.391696 48 7.644678 42 19.603246 43 18.528260
3
0 5 45 12.633911 47 8.863681 49 2.512941 46 9.850173 48 10.846559
1 5 46 1.414434 45 19.403897 47 10.043944 49 8.012770 48 5.494921
2 5 47 5.921767 46 9.910117 49 4.178459 48 2.608457 45 4.867424
3
0 5 45 1.165305 46 16.440832 48 16.550242 47 16.252101 49 1.210661
1 5 46 17.901720 47 18.690028 49 7.381476 45 9.345539 48 11.814505
2 5 49 7.820728 47 10.982853 45 17.891984 48 13.550419 46 10.091169
3
0 5 45 10.982291 46 19.683855 48 13.541517 49 5.060398 47 10.576363
1 5 47 16.892114 48 4.445080 45 9.349910 49 5.371014 46 4.325389
2 5 48 6.195285 46 6.875825 45 6.321681 49 9.792572 47 12.494901
3
0 5 45 7.440413 49 17.809859 47 11.584889 46 7.327931 48 19.949550
1 5 46 18.757009 47 5.340264 45 11.547579 49 1.011170 48 17.398255
2 5 47 13.806918 46 12.822672 48 17.131750 45 13.608157 49 8.057196
3
0 5 45 4.235198 46 7.676456 49 14.635172 48 14.768953 47 11.481377
1 5 49 4.661356 48 11.971925 45 14.488641 46 6.095213 47 4.571968
2 5 47 12.530181 46 3.905354 49 18.026800 45 9.851815 48 14.369463
3
0 5 49 1.487035 49 11.722679 49 16.314501 49 15.800802 49 8.474838
1 5 49 4.581811 49 16.442923 49 4.928175 49 8.556723 49 6.676858
2 5 49 16.717398 49 8.092879 49 5.829584 49 15.761877 49 8.226994
3
0 5 49 16.099670 49 1.357675 49 13.252368 49 2.877895 49 19.537946
1 5 49 5.009015 49 1.868320 49 2.202796 49 16.420398 49 16.369071
2 5 49 12.714299 49 11.786027 49 1.294080 49 8.314698 49 13.332461
3
0 5 49 17.179825 49 15.883469 49 2.855998 49 11.832752 49 8.145547
1 5 49 10.407160 49 5.136242 49 14.131883 49 7.559184 49 2.293427
2 5 49 2.192831 49 6.044685 49 3.853723 49 18.668342 49 6.070379
3
0 5 49 12.199528 49 14.068086 49 5.171141 49 4.513326 49 4.179387
1 5 49 7.885745 49 2.863371 49 5.702317 49 2.297866 49 3.665795
2 5 49 16.155359 49 1.418427 49 16.110558 49 14.015584 49 18.887657
0
