50 49
3
0 5 5 11.375475 34 1.254377 40 10.160082 11 2.043969 35 15.355500
1 5 10 2.126198 7 19.953148 16 6.231192 30 2.539018 42 11.914182
2 5 6 1.089732 19 17.111379 21 14.714836 35 9.894934 22 3.846935
3
0 5 5 7.541539 37 11.558373 6 18.360662 18 2.532689 11 15.131928
1 5 10 15.734512 41 6.144228 44 16.565000 23 2.603545 36 8.472970
2 5 8 8.195245 22 12.430376 46 5.427913 19 6.793827 38 13.536027
3
0 5 5 1.316165 48 3.669670 24 13.934383 22 13.772827 7 15.148786
1 5 37 3.384744 10 7.574140 49 5.651888 13 17.665822 32 14.101451
2 5 11 7.750784 14 14.378249 31 1.505144 21 18.629336 20 15.833486
3
0 5 5 6.792557 14 3.104401 24 17.591604 39 18.492179 23 11.961787
1 5 35 1.396167 30 1.913352 9 5.590906 34 14.667875 19 6.297615
2 5 17 18.864714 41 10.442470 46 15.267447 8 13.957777 7 19.257642
3
0 5 5 9.354447 22 13.321490 15 9.805163 8 13.079975 33 17.368208
1 5 17 5.733653 6 9.907269 16 18.448822 40 9.717400 34 4.924010
2 5 16 2.979604 48 1.952301 7 5.145104 41 14.505965 21 3.342787
3
0 5 10 9.229891 14 19.034014 44 5.706074 36 12.517023 26 3.311156
1 5 14 18.264830 27 8.209378 49 4.240254 39 2.060682 42 3.375305
2 5 29 12.463334 15 17.363734 23 15.929946 14 10.218449 20 2.495561
3
0 5 10 4.027491 25 4.435454 11 4.669063 35 14.251428 37 9.283689
1 5 26 13.926508 20 7.889241 36 16.822239 48 19.629383 29 14.836232
2 5 38 11.422899 14 5.177779 27 7.485263 16 9.327182 37 8.190286
3
0 5 10 10.695230 32 12.131280 40 5.480187 34 11.502785 27 8.783765
1 5 37 9.706909 22 5.653752 16 10.183714 41 12.578974 21 9.303232
2 5 27 10.683345 17 15.919702 18 9.124871 11 19.636450 21 16.716007
3
0 5 10 4.896422 37 8.405215 22 7.074502 39 13.215082 45 16.197962
1 5 33 9.154001 36 14.059439 40 7.643173 34 2.184339 11 10.609070
2 5 31 4.940257 41 15.110502 35 9.620733 25 1.376843 45 15.110511
3
0 5 10 12.376492 23 16.493679 24 13.478377 35 12.382334 15 3.620172
1 5 40 17.062687 24 7.886443 25 13.892622 31 16.467022 11 3.813037
2 5 30 17.636840 10 16.790326 13 3.367473 36 6.424808 38 8.378578
3
0 5 15 12.728972 20 9.780476 27 2.135506 32 16.555516 25 4.118947
1 5 34 16.572286 35 15.287251 39 6.236267 16 5.599916 31 15.271122
2 5 37 5.335007 43 13.961366 21 9.654684 39 7.599773 36 17.524399
3
0 5 15 10.603217 41 7.340133 35 10.749701 26 16.365804 23 13.069465
1 5 15 10.477139 37 15.109266 28 13.638631 24 3.481508 41 9.926802
2 5 48 7.175154 28 16.546498 27 13.160847 21 14.450158 34 1.829133
3
0 5 15 12.043032 21 19.915840 16 19.225505 33 17.116151 23 3.237969
1 5 40 14.977662 26 8.348709 46 19.985376 32 10.455339 35 10.743229
2 5 24 19.177858 31 7.288367 26 12.049690 40 2.121728 34 18.302255
3
0 5 15 16.732430 20 10.285948 43 15.225918 45 14.425686 27 16.698325
1 5 31 17.977435 49 11.282634 20 2.257525 35 19.493301 48 14.470608
2 5 49 2.655669 41 1.723834 20 5.060754 24 17.662535 30 7.781831
3
0 5 15 6.132873 28 19.884635 36 17.154469 27 14.655312 25 7.798057
1 5 32 19.190837 47 15.426266 19 18.092109 16 17.536646 36 3.100789
2 5 28 15.618098 22 5.541112 49 11.977679 17 2.130584 29 12.749509
3
0 5 20 6.681623 39 8.381639 25 15.322965 45 9.804974 34 17.882603
1 5 23 9.112867 41 13.031310 45 17.218362 38 6.894188 37 13.326198
2 5 45 19.862773 44 12.207376 42 1.403855 47 6.509645 30 13.200247
3
0 5 20 11.828916 49 10.466202 41 11.418292 28 9.696451 34 4.319936
1 5 25 6.350032 20 9.013418 40 14.829011 33 4.175389 27 4.566238
2 5 20 13.849102 36 14.686133 22 3.803148 25 5.682995 42 17.123118
3
0 5 20 16.266713 48 15.209740 42 15.480383 21 17.159851 29 9.706232
1 5 31 15.488913 22 14.723773 25 17.810289 38 14.742321 32 15.148623
2 5 40 1.469324 27 19.422966 25 2.170265 38 15.376483 35 9.224937
3
0 5 20 1.540624 42 14.173287 28 2.148322 23 13.346738 45 2.626868
1 5 24 7.097326 28 8.317463 49 4.061500 29 1.292517 47 14.183671
2 5 44 1.634292 42 6.246509 29 14.972868 31 17.507103 23 19.883029
3
0 5 20 15.176137 34 15.317340 31 4.494187 25 19.723303 37 5.640097
1 5 41 10.306353 42 13.230996 33 6.063007 35 11.082320 20 10.646933
2 5 40 4.441399 45 16.736760 25 3.673048 41 18.059043 44 4.081569
3
0 5 25 16.113065 48 19.122786 31 4.669431 27 7.155948 49 10.777382
1 5 47 10.936566 45 4.607097 29 17.586591 32 12.900430 34 15.075899
2 5 37 19.630012 45 17.716753 31 11.025863 49 8.961440 42 14.924860
3
0 5 25 14.498403 30 15.470456 33 18.720043 48 18.256410 41 12.245586
1 5 38 16.975586 44 6.109072 28 16.944299 43 11.833983 35 3.321971
2 5 39 7.731560 48 9.290020 32 12.783807 43 14.756759 37 9.189989
3
0 5 25 5.055496 46 6.372757 49 4.975700 35 16.122990 44 15.176711
1 5 43 1.319167 36 4.693820 40 11.225173 47 17.585856 28 5.931694
2 5 47 5.316583 27 4.345300 36 8.625442 42 15.136495 25 11.743381
3
0 5 25 15.232671 33 8.681266 39 13.360561 30 19.104893 34 14.498930
1 5 40 10.756402 31 1.164920 42 5.493460 45 6.626954 33 17.824821
2 5 44 13.970955 45 13.022611 33 14.055929 46 12.449094 39 9.414933
3
0 5 25 9.924031 28 9.784023 36 9.317522 38 13.758116 45 3.239929
1 5 38 9.867662 39 2.021549 48 16.110039 29 2.339132 46 11.466935
2 5 35 18.177278 45 6.027481 33 13.077052 43 7.886309 27 7.619636
3
0 5 30 3.054636 40 6.863860 36 16.276298 41 1.717536 46 4.439919
1 5 45 8.284911 42 2.882858 41 9.083408 47 2.557630 32 16.745899
2 5 40 1.250727 36 13.035354 49 7.909004 32 18.641681 34 19.589410
3
0 5 30 9.657051 45 10.003796 42 3.398748 36 16.178093 33 2.708171
1 5 30 2.724165 37 9.693216 40 1.565758 38 12.210644 39 16.060652
2 5 31 2.032164 43 4.959141 32 3.175203 46 11.886673 48 11.342256
3
0 5 30 2.269298 42 11.922089 31 2.394232 48 7.607971 46 2.149383
1 5 48 1.904808 43 14.735917 47 19.293390 39 12.595960 36 7.865475
2 5 31 16.896903 40 5.106943 42 6.262076 48 15.945538 37 12.961687
3
0 5 30 8.808371 31 15.363086 45 1.950915 32 8.343267 36 13.168970
1 5 42 19.413570 36 12.852242 43 6.408393 30 16.944883 45 12.650291
2 5 46 19.642707 33 10.114744 44 3.228028 36 12.277364 41 5.612560
3
0 5 30 11.813505 41 13.292098 34 12.634954 39 18.751422 37 19.191044
1 5 34 10.654091 37 1.371929 45 16.604222 33 7.107506 44 10.911206
2 5 35 12.048670 48 4.364165 38 7.465799 34 14.629537 33 9.182816
3
0 5 35 19.407221 44 8.653377 41 10.627617 42 9.203374 43 12.244224
1 5 47 4.888142 48 7.109939 36 11.140869 44 8.770064 35 16.518044
2 5 43 13.455681 40 8.514265 45 10.030959 47 6.753438 42 15.904315
3
0 5 35 10.735641 36 19.948087 41 18.679726 42 14.386584 37 14.077415
1 5 39 6.545583 43 3.286804 42 1.898846 48 11.092470 35 7.278048
2 5 41 1.427776 49 8.383983 46 8.565511 45 12.593133 40 10.331857
3
0 5 35 10.076844 44 12.886608 45 6.979562 48 14.558463 47 6.429525
1 5 49 18.348740 45 13.534897 47 12.287060 44 7.715743 48 8.175043
2 5 44 15.116849 45 17.622806 41 16.395967 39 15.114501 37 1.768232
3
0 5 35 13.233763 41 11.548945 47 14.546087 37 17.342935 44 4.574735
1 5 36 8.367960 35 13.583843 48 8.665721 46 15.624077 39 4.971688
2 5 39 19.402321 38 6.690159 49 5.406776 43 11.166178 37 13.581468
3
0 5 35 16.979107 36 18.095570 43 6.687745 39 10.792556 46 4.421804
1 5 40 8.170931 43 4.175050 48 13.381186 37 12.048489 41 13.054905
2 5 35 5.730002 48 13.055457 42 1.798680 41 14.217355 40 19.055901
3
0 5 40 11.571021 47 19.693558 44 5.364906 42 1.634368 48 5.602653
1 5 47 17.802593 44 16.358444 48 17.672842 45 9.211310 46 4.634022
2 5 43 19.542779 44 8.918663 48 7.309980 45 18.143867 46 5.359620
3
0 5 40 13.674074 47 17.781471 49 13.205149 45 2.611446 46 9.982399
1 5 49 1.503667 40 14.571055 45 5.691302 42 8.154276 46 9.597102
2 5 49 5.720674 44 8.177485 45 10.202152 46 10.492132 43 6.268715
3
0 5 40 5.081134 47 15.659775 42 10.344661 41 17.858530 44 4.294402
1 5 49 8.967206 47 2.506570 43 5.958221 41 13.391270 46 11.306715
2 5 43 8.206675 46 16.908260 44 4.975642 42 18.205112 49 14.484920
3
0 5 40 2.765247 45 16.459129 46 11.794797 48 14.237298 47 12.022797
1 5 49 19.591427 42 10.822551 45 16.572834 48 5.705501 46 11.004696
2 5 44 10.400372 43 13.559912 41 13.130013 46 12.579614 40 2.235752
3
0 5 40 18.932406 48 3.572158 41 4.725374 44 8.837228 46 10.605300
1 5 40 18.925218 42 11.967434 46 6.475980 43 3.770758 47 6.901091
2 5 44 19.043167 40 2.907422 41 8.007127 45 17.999731 48 13.146734
3
0 5 45 13.223706 46 5.188237 48 12.718403 47 11.149704 49 10.744934
1 5 48 2.043336 45 2.415198 47 12.263363 49 17.635819 46 12.957922
2 5 49 7.421546 46 7.815083 45 5.246179 48 6.076184 47 16.642124
3
0 5 45 9.715470 48 13.191330 47 5.300565 49 9.802259 46 9.807026
1 5 47 17.443710 49 9.677344 45 12.106270 46 7.942002 48 11.784523
2 5 47 3.150050 45 7.471020 46 10.080228 49 8.028459 48 18.074660
3
0 5 45 1.537408 47 10.467492 49 15.948390 46 2.992119 48 15.550613
1 5 46 14.393047 45 15.389109 48 19.433322 49 16.736709 47 17.083996
2 5 45 2.275117 46 17.668875 49 12.258313 47 3.020114 48 18.826141
3
0 5 45 2.465402 46 1.556879 47 19.506236 48 7.436832 49 19.530063
1 5 45 11.002828 46 13.836360 47 11.871556 49 10.621960 48 15.122094
2 5 46 17.336421 48 5.032612 47 8.162895 49 8.242124 45 12.431849
3
0 5 45 15.370980 48 15.241037 49 11.641703 46 10.255987 47 12.514706
1 5 47 12.967916 46 3.530406 48 1.325402 49 3.201473 45 19.854643
2 5 47 6.686289 49 1.300043 45 9.175806 46 12.793802 48 7.542706
3
0 5 49 10.206341 49 17.162845 49 1.634318 49 7.184508 49 8.172462
1 5 49 12.890938 49 14.930513 49 9.259873 49 19.963608 49 18.328716
2 5 49 19.761492 49 5.075034 49 8.307859 49 19.568882 49 6.081926
3
0 5 49 3.466842 49 4.903382 49 19.689324 49 12.978443 49 2.267339
1 5 49 12.083866 49 17.997171 49 18.136588 49 5.218295 49 17.946766
2 5 49 5.841843 49 2.424769 49 5.355721 49 15.597772 49 1.367414
3
0 5 49 1.821659 49 9.160574 49 14.080204 49 7.112767 49 5.506653
1 5 49 11.271573 49 1.401179 49 17.014509 49 3.812551 49 14.144617
2 5 49 14.979347 49 17.471925 49 13.163216 49 5.930175 49 13.211189
3
0 5 49 19.208571 49 7.781268 49 13.390788 49 14.578704 49 2.119113
1 5 49 3.769161 49 19.723302 49 16.627721 49 1.169641 49 2.028514
2 5 49 17.402702 49 4.108765 49 1.821371 49 10.367063 49 2.342988
0
