50 49
3
0 5 5 6.898239 49 17.149271 46 2.238119 26 13.303256 40 19.636278
1 5 48 6.292038 31 9.359037 38 3.016619 13 12.827714 5 3.374298
2 5 33 9.996898 31 16.499247 22 2.536403 5 5.587493 17 5.058531
3
0 5 5 8.867149 31 5.100176 19 6.686186 41 9.386421 24 3.172444
1 5 39 1.318017 9 16.687032 40 13.976980 20 11.302942 24 6.504187
2 5 47 15.966534 19 14.100297 8 12.690746 10 4.851563 42 14.701743
3
0 5 5 18.327957 43 3.378537 7 11.347181 49 2.362954 38 12.306445
1 5 15 3.878860 41 19.815467 5 14.023921 18 9.316935 23 13.569808
2 5 9 7.207463 11 9.875160 35 12.398692 49 11.597469 44 8.632109
3
0 5 5 15.291318 32 18.930505 20 8.213398 29 16.467284 31 9.012807
1 5 38 9.870969 21 15.573202 44 12.659170 28 2.234278 18 1.214379
2 5 27 8.360623 26 1.008205 16 3.680341 44 16.347768 21 15.009014
3
0 5 5 13.778211 20 6.434779 46 3.886182 9 3.307130 22 5.846239
1 5 41 7.941329 24 8.427226 32 4.894149 25 8.599402 28 4.452893
2 5 20 4.960885 36 14.010929 30 9.030416 47 6.674736 29 1.072630
3
0 5 10 12.471178 41 5.412130 14 19.934479 23 10.339392 47 1.983287
1 5 10 1.462950 30 3.329145 13 17.176084 37 5.216387 20 1.274664
2 5 32 4.452684 43 6.610470 42 18.535091 13 11.603013 30 13.538585
3
0 5 10 9.173126 42 17.621309 48 12.110561 15 19.741692 22 5.930327
1 5 29 17.591374 21 13.572515 37 12.986477 43 3.227542 15 17.705347
2 5 38 1.258475 39 7.102691 24 7.910372 28 14.638841 49 17.313578
3
0 5 10 5.747722 14 1.377372 29 4.356325 23 18.968375 17 10.385647
1 5 32 9.985497 27 16.456114 43 4.386496 20 4.953505 36 17.103061
2 5 19 9.570008 44 2.971848 48 12.833190 43 12.983350 39 5.751460
3
0 5 10 19.172507 21 1.698322 31 6.458175 25 17.105716 36 5.395514
1 5 20 18.979870 29 10.570378 48 14.304437 40 19.731630 10 10.845894
2 5 33 12.838892 49 13.910764 44 13.509631 26 13.464396 20 16.085967
3
0 5 10 6.940550 41 18.630777 21 17.542543 32 15.866645 22 11.319216
1 5 19 17.930332 43 9.904014 27 1.267827 15 1.685040 48 16.377146
2 5 26 3.786769 23 4.635249 10 16.435554 22 14.271903 19 3.368977
3
0 5 15 11.755010 21 15.228219 24 12.601749 31 4.619509 32 12.093793
1 5 37 7.612063 23 17.407495 36 13.385950 28 11.329315 48 14.042927
2 5 23 19.485540 46 6.910245 17 9.032416 39 9.465438 24 12.901242
3
0 5 15 18.318283 24 18.761294 35 4.844706 20 9.504927 31 16.886149
1 5 26 14.843806 45 7.150338 39 17.640660 49 17.876627 27 2.674983
2 5 25 5.761420 30 6.235206 37 2.208008 34 18.724425 49 14.220930
3
0 5 15 19.967821 38 8.206849 23 17.891048 31 4.607093 35 16.979227
1 5 31 4.870198 34 4.173003 29 3.900819 39 9.987837 49 18.302325
2 5 27 13.161434 24 6.684306 20 10.983994 39 17.520685 28 17.240236
3
0 5 15 8.838537 49 9.553661 42 11.629132 44 7.458576 37 7.698575
1 5 26 16.285087 35 15.418498 37 1.511039 16 11.913407 49 7.319838
2 5 43 16.232731 33 11.863138 42 17.890418 44 16.499131 24 6.571606
3
0 5 15 14.217101 20 3.543076 17 12.846179 41 18.698766 46 18.411924
1 5 42 17.508819 45 14.135880 47 12.092650 48 13.332800 26 15.081377
2 5 19 11.684792 34 4.846837 38 19.123751 28 5.721360 22 9.659673
3
0 5 20 3.554499 45 14.229094 28 13.328326 42 13.466058 26 5.844456
1 5 48 16.896834 31 16.855359 47 14.351530 35 13.295065 38 13.102882
2 5 33 14.224951 42 15.043938 46 19.580414 23 9.884292 38 6.093861
3
0 5 20 7.952881 44 19.126303 25 13.153293 33 15.938754 22 15.936276
1 5 26 1.098369 22 17.457435 45 2.332917 27 3.244784 40 3.319128
2 5 27 14.828184 33 5.176241 21 19.369602 43 15.730507 38 15.848849
3
0 5 20 9.454308 38 5.997533 24 18.302912 43 16.564056 27 18.414028
1 5 21 15.335380 47 2.623770 39 17.212819 49 8.369579 25 10.118948
2 5 31 1.561995 33 5.763435 28 7.857524 21 3.637433 32 17.494733
3
0 5 20 19.783866 45 5.859256 44 17.107439 43 9.123731 21 2.700737
1 5 33 6.307613 31 5.506047 46 1.892246 36 3.034289 47 6.962389
2 5 37 5.386218 28 18.702814 33 11.830186 29 15.669899 46 4.745721
3
0 5 20 8.660316 30 6.261503 44 6.891016 36 10.640449 41 17.729635
1 5 35 11.469193 42 7.104899 37 4.705643 45 6.295396 26 16.370141
2 5 39 8.415661 26 3.055844 35 8.617557 24 3.433733 32 2.317297
3
0 5 25 14.528406 47 3.500274 43 5.080356 48 14.024765 44 9.323518
1 5 39 18.424504 25 2.800046 30 17.500923 46 2.353369 40 19.818686
2 5 29 8.406075 48 10.440141 39 19.639177 30 11.040873 32 4.944223
3
0 5 25 4.113354 26 8.429540 31 9.733746 37 14.763190 47 4.377732
1 5 34 8.115394 41 5.191618 45 4.928750 49 12.116118 44 7.719349
2 5 42 18.912547 27 2.593909 29 11.572501 30 6.630521 33 2.102508
3
0 5 25 14.962316 36 1.561638 44 5.096061 49 14.364594 43 5.353794
1 5 48 13.138549 41 12.699539 36 18.666460 28 19.921568 34 8.396430
2 5 48 17.280471 38 9.698661 32 1.996567 31 7.362987 43 9.150059
3
0 5 25 9.213039 34 18.793902 39 18.373651 35 11.147371 26 5.073692
1 5 41 4.111191 34 2.953318 35 19.731417 30 7.554675 39 19.659591
2 5 26 1.449151 41 4.441111 27 9.315009 36 14.017290 46 17.302676
3
0 5 25 5.833444 38 4.981969 28 4.300171 48 8.399977 44 10.749621
1 5 39 13.812667 46 17.374489 49 5.482129 35 9.394369 29 9.895313
2 5 34 10.370456 26 16.187004 29 17.292724 36 12.293569 30 12.210610
3
0 5 30 5.136551 40 9.660662 32 19.919388 35 2.901692 48 3.149703
1 5 41 7.891484 40 9.287353 46 15.602792 34 4.892831 42 1.298054
2 5 33 8.429786 34 7.720241 44 8.062720 45 5.421654 31 15.331425
3
0 5 30 7.468253 43 3.165881 36 18.890939 41 18.863566 46 16.590408
1 5 40 9.418306 35 8.154430 46 8.967789 47 16.716874 49 9.609621
2 5 47 17.976849 30 17.653322 36 3.535211 49 14.487066 40 13.235428
3
0 5 30 19.841103 31 16.471378 37 3.477960 44 3.249186 43 16.228273
1 5 37 7.678503 32 5.447188 31 2.437747 49 17.441115 48 3.454412
2 5 39 19.938735 30 17.413656 44 4.460141 49 5.626450 42 1.444851
3
0 5 30 17.047666 34 3.672004 31 3.821669 43 10.198731 32 18.265528
1 5 47 15.101930 37 16.264802 34 6.805676 31 19.867511 39 14.453256
2 5 45 9.074233 44 16.404345 42 9.537183 32 10.168713 30 4.271432
3
0 5 30 1.330181 34 5.546987 49 12.606247 47 13.130702 36 2.510539
1 5 45 19.038370 34 7.092698 35 10.519553 37 13.223140 41 1.348741
2 5 36 17.109711 44 15.431332 32 3.653035 41 16.502118 47 9.328116
3
0 5 35 2.566441 45 14.872821 42 7.193995 40 6.392322 46 13.061323
1 5 44 1.861409 49 1.834713 39 7.750461 40 15.287191 48 5.712191
2 5 36 18.897179 37 15.889307 40 16.990363 43 3.352740 47 18.832415
3
0 5 35 14.990325 41 13.437249 46 18.496997 36 17.474169 47 8.260501
1 5 42 1.229320 41 14.068286 39 19.623587 37 14.243708 49 2.036290
2 5 44 15.901013 48 5.174939 41 7.980829 37 6.437408 42 12.427116
3
0 5 35 15.053067 37 9.329918 49 10.838043 39 1.390662 42 7.793063
1 5 37 5.855889 46 19.683386 41 1.875065 48 11.014644 42 12.977497
2 5 35 17.525564 42 14.919244 46 2.005057 45 9.300087 37 19.658313
3
0 5 35 4.832336 46 3.733557 44 11.329222 49 2.318239 48 1.009909
1 5 45 15.065627 46 11.589877 44 12.732420 47 5.670582 49 14.925543
2 5 45 12.089810 37 18.624410 42 17.456270 35 15.304036 39 8.180545
3
0 5 35 12.295176 41 15.161253 37 1.381938 39 8.410539 38 11.232452
1 5 44 6.406636 46 13.459892 40 14.034506 49 19.850284 41 7.827000
2 5 38 6.154849 37 11.577817 42 18.919153 39 19.527850 49 14.689722
3
0 5 40 5.895689 49 7.306134 45 2.379615 44 8.378677 42 13.631061
1 5 49 1.543157 44 9.313178 45 10.501389 48 16.111491 43 7.678539
2 5 40 6.138387 41 4.536625 42 13.712466 45 19.406308 43 3.872895
3
0 5 40 15.904827 48 2.880598 46 7.528635 44 18.811474 42 17.957096
1 5 49 6.404211 43 2.605900 45 14.817241 41 9.504806 47 17.923068
2 5 40 13.545781 49 14.827194 41 9.897396 47 5.411200 43 9.119689
3
0 5 40 1.610755 48 3.416218 42 19.256409 41 11.152965 47 2.745356
1 5 42 2.298277 46 1.721395 48 1.873392 41 17.377884 45 9.431811
2 5 43 18.325055 41 4.939461 45 2.491017 44 5.820854 42 3.796800
3
0 5 40 9.298665 44 9.979834 49 17.455029 42 16.370335 41 5.649351
1 5 40 4.278259 48 16.096376 41 15.799480 43 11.931958 45 12.255690
2 5 48 1.993166 42 9.682680 46 5.755822 41 14.664023 44 16.397406
3
0 5 40 8.011619 46 18.784836 41 6.492045 48 9.533522 44 18.326299
1 5 47 15.895535 48 17.396302 44 16.033613 42 13.211318 49 9.931219
2 5 41 2.266954 45 15.806634 44 4.613112 47 10.318304 43 7.193744
3
0 5 45 11.725526 47 10.810367 49 1.836787 48 3.423837 46 10.779240
1 5 47 8.355080 49 5.810473 48 19.552926 45 10.579714 46 19.934707
2 5 47 1.514442 49 14.079050 46 9.050068 48 5.612397 45 14.939284
3
0 5 45 15.081054 48 3.757172 49 6.146124 46 17.501172 47 5.996926
1 5 48 12.626640 47 5.517894 46 8.258517 49 18.223936 45 12.121195
2 5 45 17.827133 46 4.517965 47 9.941577 49 14.284200 48 1.083270
3
0 5 45 4.314147 48 1.774130 49 12.312754 46 5.282267 47 3.724627
1 5 46 17.611766 48 17.460930 49 8.208193 47 8.859208 45 19.937307
2 5 49 7.235686 47 12.546314 48 13.159638 45 13.420122 46 8.733303
3
0 5 45 2.090459 48 10.457982 46 2.381381 47 17.619321 49 13.573486
1 5 47 4.572594 48 8.426911 45 15.202459 46 3.003027 49 10.842397
2 5 49 14.691314 48 7.978716 45 3.795189 46 14.228430 47 17.767359
3
0 5 45 12.043108 46 15.437479 48 1.826170 47 12.153597 49 3.017596
1 5 48 1.036921 49 1.993240 45 5.015288 47 6.903725 46 2.309312
2 5 47 2.929863 46 13.914453 49 6.985308 48 6.728641 45 11.263620
3
0 5 49 16.688679 49 17.748001 49 14.204572 49 12.346046 49 1.345792
1 5 49 10.539571 49 8.748076 49 14.505416 49 12.055521 49 8.056798
2 5 49 8.297754 49 10.541255 49 7.475228 49 3.842252 49 14.940753
3
0 5 49 1.986624 49 16.299625 49 18.849688 49 4.974640 49 19.366592
1 5 49 2.554064 49 1.884118 49 5.254758 49 4.682827 49 6.141556
2 5 49 12.509912 49 6.579322 49 16.387404 49 2.032409 49 6.321695
3
0 5 49 4.179662 49 19.032116 49 19.154894 49 1.062115 49 11.556993
1 5 49 18.689159 49 6.437327 49 5.006254 49 8.482177 49 4.349186
2 5 49 16.034467 49 1.069409 49 9.253533 49 11.801184 49 19.715181
3
0 5 49 1.999461 49 19.206253 49 16.321082 49 5.448615 49 3.927401
1 5 49 9.480654 49 15.865422 49 12.236593 49 5.554157 49 2.008366
2 5 49 3.822933 49 16.208480 49 16.889913 49 9.552116 49 6.019353
0
