50 49
3
0 5 5 10.239743 11 4.759494 41 7.072038 48 13.231450 31 3.406681
1 5 27 17.996994 48 16.125325 45 14.231451 46 6.529437 33 10.289197
2 5 26 19.843753 17 19.934577 28 2.228616 11 13.076906 25 16.992240
3
0 5 5 12.056622 29 2.116492 16 6.831772 27 2.529362 9 18.488656
1 5 38 15.229839 44 15.090547 7 9.315290 37 4.622035 45 19.575373
2 5 12 6.816365 20 12.777967 47 10.482303 9 2.840893 38 8.277357
3
0 5 5 9.717092 19 3.892070 49 1.261003 39 13.699597 45 2.228532
1 5 9 16.126926 8 10.132660 33 14.155493 31 8.840094 36 11.325731
2 5 21 10.355030 22 12.894090 45 19.020477 31 6.252932 11 10.209478
3
0 5 5 13.107640 24 6.277011 27 8.081645 40 14.213549 11 10.399184
1 5 13 15.153118 19 16.226231 39 15.737234 47 16.546164 5 13.994135
2 5 26 16.801296 8 17.554452 33 16.293075 29 11.016760 25 2.240185
3
0 5 5 14.339277 23 6.332042 32 17.482233 40 5.374398 30 14.402926
1 5 49 7.786706 23 1.122811 39 4.430754 10 8.524866 43 6.119168
2 5 34 4.237914 25 2.578004 17 13.393008 49 1.147409 48 6.193661
3
0 5 10 11.732286 24 8.821003 31 13.935231 38 13.104332 22 9.615534
1 5 33 9.337114 24 5.092341 38 13.253801 22 7.223304 12 9.257728
2 5 31 11.269956 45 4.140308 34 5.644218 30 19.226132 11 9.039002
3
0 5 10 8.044659 49 9.331353 32 5.392940 17 18.128306 48 2.074689
1 5 28 17.773417 18 18.548106 25 13.884675 17 5.702812 40 5.082181
2 5 45 11.546343 19 1.038531 36 1.916347 12 11.761634 43 8.990696
3
0 5 10 12.814196 27 6.325078 47 6.977915 23 18.281256 32 14.767179
1 5 36 5.459212 40 16.944886 24 7.355024 16 4.532679 44 17.631504
2 5 23 7.023350 21 3.971094 39 5.536384 22 19.343966 44 7.301553
3
0 5 10 16.313563 41 9.310104 11 3.113788 20 5.112213 18 2.625480
1 5 10 12.778088 19 1.861390 20 17.682207 11 12.937059 36 1.158439
2 5 30 10.570636 33 2.032473 22 12.048523 26 8.980892 13 14.027268
3
0 5 10 2.456127 39 16.061579 11 8.734752 14 19.621620 17 17.421154
1 5 37 13.096482 47 9.185535 38 11.725240 32 17.477377 44 12.229952
2 5 46 10.587173 44 5.877224 24 12.749398 26 4.760558 11 11.636769
3
0 5 15 6.142025 31 15.018174 40 6.993893 41 1.131583 42 11.577899
1 5 26 11.225282 15 18.828820 21 16.184322 36 7.026884 40 13.206971
2 5 29 19.102641 33 18.175873 42 5.623218 40 17.358518 44 8.144418
3
0 5 15 15.394677 30 2.533260 34 9.497081 33 6.938861 29 18.069707
1 5 36 4.761150 17 3.824583 24 5.978722 41 19.921971 21 11.198725
2 5 25 14.675826 36 5.846409 42 14.214065 22 14.805793 45 15.122134
3
0 5 15 14.037559 32 2.931923 23 5.713155 20 2.752878 42 17.792042
1 5 15 3.477321 20 9.053580 23 13.235651 25 1.324152 17 2.347575
2 5 20 6.725488 24 13.190232 16 6.581252 30 4.648066 42 14.097345
3
0 5 15 12.407659 38 19.225502 32 7.923116 19 18.727896 41 4.335312
1 5 23 9.939498 32 19.209453 31 11.083338 34 18.956109 49 6.291978
2 5 22 4.388949 36 17.696065 26 8.246035 46 12.793451 37 3.549499
3
0 5 15 11.545856 32 10.922783 16 14.911502 28 10.718947 27 14.289536
1 5 43 4.044768 30 4.086927 25 17.765582 29 18.198207 42 11.694515
2 5 43 1.028117 25 17.345218 22 12.411101 23 16.905142 18 14.147137
3
0 5 20 3.476671 46 2.434241 28 1.619290 33 18.978003 42 4.529634
1 5 33 6.263364 42 8.646216 21 2.988443 25 4.852105 30 2.041054
2 5 25 15.324647 22 6.913847 30 18.665673 37 13.205886 35 2.515368
3
0 5 20 18.795362 30 5.563911 27 15.618952 36 15.987595 34 1.572656
1 5 28 16.843247 20 11.014967 42 5.247679 26 16.343213 30 9.551262
2 5 20 4.807386 21 14.431324 42 16.684166 36 11.151275 46 16.824632
3
0 5 20 3.521956 40 4.699566 42 6.846761 21 14.738961 45 14.974640
1 5 28 2.600849 24 9.732281 44 1.443094 20 16.179901 30 1.736716
2 5 26 5.876640 35 1.156997 37 15.161264 23 3.049277 28 11.164432
3
0 5 20 15.136195 25 1.115781 33 3.953329 23 1.152573 31 12.118720
1 5 41 2.652030 24 8.386296 25 19.805862 27 9.134240 36 11.803619
2 5 43 17.105557 21 7.003111 35 18.580278 26 14.244077 32 16.841416
3
0 5 20 10.528278 45 15.707164 34 1.746668 24 10.878202 35 15.243170
1 5 44 18.846154 46 19.451784 38 8.106318 36 11.275921 41 7.912421
2 5 42 11.147943 34 7.202819 38 5.279723 44 10.424204 45 12.958507
3
0 5 25 10.865061 26 12.692185 44 15.849512 39 12.043496 48 2.605480
1 5 47 1.863551 28 11.263806 40 8.746189 44 1.570644 27 9.925126
2 5 35 7.864642 44 6.795714 38 11.167692 39 5.689282 47 9.453588
3
0 5 25 4.997346 37 7.344292 43 6.721594 40 10.437944 26 9.707195
1 5 37 17.188490 33 1.998531 49 5.142677 42 16.353989 44 18.889193
2 5 45 11.135577 33 13.667419 40 4.757578 36 4.739941 46 4.149161
3
0 5 25 3.878804 49 17.710969 34 13.191537 32 16.493205 44 1.691319
1 5 28 12.735512 40 1.605798 34 14.314405 48 19.086794 33 19.702085
2 5 25 16.753175 45 18.545890 43 1.345262 40 14.180992 44 7.158345
3
0 5 25 17.294161 40 16.723668 48 2.940659 30 15.880959 32 8.583696
1 5 40 1.134693 30 10.568467 27 19.631281 46 7.524030 38 18.126948
2 5 26 15.790721 35 4.765808 48 1.684244 43 1.280746 49 1.623161
3
0 5 25 5.997191 41 7.775696 30 17.583798 35 18.731978 38 13.542429
1 5 36 3.931238 38 9.752261 45 9.823840 29 2.303357 47 15.028938
2 5 36 19.538207 40 10.269661 37 12.782501 28 3.111746 47 18.290229
3
0 5 30 6.315586 40 7.033993 39 12.827181 43 18.816001 34 6.517210
1 5 30 6.824116 39 3.615297 48 17.224617 34 9.820994 37 11.281971
2 5 43 3.107918 37 13.025219 30 4.423829 46 8.327603 48 6.271599
3
0 5 30 14.416759 41 6.016811 48 8.890206 46 15.034538 34 14.056737
1 5 38 4.561061 46 6.088501 42 13.176752 36 19.534585 45 14.807476
2 5 38 17.799995 46 9.348788 35 14.845805 30 6.338510 44 14.170505
3
0 5 30 14.204715 38 14.491175 49 5.642036 40 13.498490 33 16.134483
1 5 43 16.974378 35 9.453302 44 16.902838 32 10.903757 47 2.495739
2 5 30 4.277058 38 7.742338 34 10.121707 42 18.271097 48 14.503183
3
0 5 30 1.043939 43 6.761276 41 16.348774 33 12.080731 49 18.079057
1 5 46 15.815194 33 14.556832 35 16.706962 39 3.829136 41 15.770472
2 5 49 9.001203 33 9.794248 39 8.925465 44 7.760514 36 7.665898
3
0 5 30 15.747325 34 12.405619 42 12.769859 38 3.818344 45 8.840274
1 5 41 14.722183 40 3.546292 48 8.499273 44 12.083754 37 2.335549
2 5 49 13.663278 32 17.025250 42 3.497874 36 5.071366 46 7.872541
3
0 5 35 18.984791 42 3.790698 49 17.631123 43 8.297230 40 5.748562
1 5 42 12.833807 48 12.849371 49 16.269585 44 4.258996 35 17.516651
2 5 35 6.078225 40 9.883520 49 5.131645 37 1.566614 41 13.451403
3
0 5 35 3.348240 46 13.949119 43 17.069926 47 15.157306 48 4.507464
1 5 45 15.319167 37 13.181457 46 11.811436 47 1.448693 35 4.890285
2 5 37 14.581962 39 7.454243 35 13.166436 46 12.575506 38 2.917288
3
0 5 35 13.336096 36 4.251760 39 19.969539 44 6.067868 42 17.852197
1 5 38 14.164651 42 9.178541 35 14.212496 47 7.947767 44 7.760046
2 5 40 7.079894 42 11.649473 43 5.532552 38 14.928172 49 12.457391
3
0 5 35 19.726866 36 18.580434 39 6.119306 44 1.113265 40 10.727106
1 5 40 2.740806 38 14.339925 45 9.817417 43 14.274730 37 2.022274
2 5 35 17.841779 42 19.490429 41 8.938065 40 16.005469 43 8.174258
3
0 5 35 9.834782 37 9.471798 36 14.296975 43 19.530561 39 13.966801
1 5 39 13.904782 48 4.706577 36 7.584851 44 19.684361 47 17.309613
2 5 40 15.545386 45 19.348777 47 9.577041 39 4.148513 36 1.122880
3
0 5 40 13.002128 48 15.908113 45 11.549596 47 9.137887 46 10.327005
1 5 46 18.355389 40 1.005515 48 3.602584 49 16.820182 41 3.018536
2 5 49 7.698910 42 12.841807 48 19.749040 46 13.719165 45 2.102483
3
0 5 40 3.276408 45 3.527042 46 15.493073 43 2.536815 42 12.527620
1 5 46 15.843034 41 14.504060 49 3.918059 47 8.906164 48 16.059683
2 5 42 14.314175 45 19.777165 47 10.225202 46 7.774837 48 1.811531
3
0 5 40 17.276682 48 1.035720 43 14.475753 45 11.035617 46 6.347621
1 5 49 18.923360 42 18.714732 45 15.088602 47 2.937340 41 15.111706
2 5 46 6.456206 49 6.994926 43 10.453382 44 11.279814 48 12.335309
3
0 5 40 2.397464 46 17.327698 43 5.115695 47 5.178009 41 9.460839
1 5 40 14.208516 44 1.704091 43 12.265610 41 8.597174 47 3.536820
2 5 49 17.143292 43 18.303921 44 8.257100 48 11.854959 45 8.522790
3
0 5 40 8.231715 48 5.527723 42 17.749534 44 1.511344 47 11.872180
1 5 42 10.243352 45 2.624490 41 16.426472 40 16.769565 43 3.932660
2 5 49 13.010602 47 6.653994 48 7.864451 40 17.934434 41 18.745339
3
0 5 45 6.810902 49 6.631920 46 6.133713 47 8.763382 48 13.593457
1 5 47 11.493915 49 12.649667 46 12.746478 45 15.754098 48 6.949977
2 5 45 15.889012 46 5.798795 48 17.508749 49 13.695390 47 2.423801
3
0 5 45 16.961408 48 18.783455 47 15.557253 49 15.328638 46 7.054082
1 5 45 13.295252 48 11.550046 49 12.328555 47 15.642487 46 16.717201
2 5 45 2.104955 46 17.746353 48 13.912876 49 8.083332 47 7.231504
3
0 5 45 16.034236 47 7.120580 46 17.943929 49 11.901500 48 10.017442
1 5 49 18.436855 46 9.290309 45 18.999450 48 6.255354 47 5.078181
2 5 46 2.376805 49 12.442067 47 10.987745 45 6.899738 48 3.465980
3
0 5 45 2.934936 49 4.671803 48 10.214067 46 4.759333 47 12.036279
1 5 48 1.218357 45 14.854763 49 7.265853 47 11.636899 46 2.154270
2 5 48 6.883836 47 3.945906 46 5.950769 45 4.528418 49 1.176474
3
0 5 45 3.292930 48 19.720533 46 2.514825 49 7.326049 47 3.937827
1 5 49 10.128574 48 9.423844 47 14.441073 45 17.934284 46 18.142608
2 5 47 18.700467 49 12.548410 45 15.589668 46 9.969271 48 8.550036
3
0 5 49 17.608316 49 12.593072 49 1.697330 49 5.723708 49 6.404128
1 5 49 5.987371 49 5.685990 49 18.012455 49 19.629808 49 1.243003
2 5 49 8.525383 49 9.743969 49 3.757793 49 16.596742 49 9.314265
3
0 5 49 5.243110 49 9.264163 49 9.633263 49 4.266704 49 19.074224
1 5 49 7.002193 49 18.521877 49 15.986057 49 3.865904 49 5.649249
2 5 49 8.959365 49 1.247404 49 13.393387 49 4.862352 49 9.019879
3
0 5 49 15.476266 49 9.154316 49 12.203159 49 10.881498 49 16.797345
1 5 49 11.671905 49 19.145919 49 9.107668 49 15.749572 49 17.335389
2 5 49 9.562683 49 7.721543 49 17.588853 49 12.277988 49 15.635297
3
0 5 49 4.935900 49 2.187947 49 13.811885 49 3.387493 49 12.534501
1 5 49 9.229493 49 8.030235 49 15.260115 49 1.819532 49 12.496163
2 5 49 2.383970 49 15.215751 49 4.443880 49 8.065396 49 13.772711
0
