50 49
3
0 5 5 14.423564 8 8.907439 44 17.171039 42 1.101870 12 5.747220
1 5 48 2.117085 34 12.172943 9 10.050126 22 15.988084 18 14.333825
2 5 26 19.764936 9 13.850765 36 7.523955 48 10.047339 21 19.368201
3
0 5 5 16.620307 38 3.429661 34 17.484945 24 10.916169 11 16.581546
1 5 27 13.489950 48 7.738373 36 12.533132 20 12.790715 41 17.205626
2 5 13 5.568664 7 8.054254 9 17.941671 45 7.159696 41 6.179681
3
0 5 5 9.080401 48 10.010170 13 19.607078 35 14.775189 17 11.508089
1 5 5 10.581469 18 7.128636 31 14.623485 24 11.027524 19 9.267483
2 5 27 6.417383 24 17.996891 41 1.369929 15 10.544078 38 8.478307
3
0 5 5 13.671378 24 18.207477 30 2.517440 22 2.106263 39 18.875825
1 5 33 3.607368 45 4.148139 14 6.142428 19 1.563907 29 19.319916
2 5 26 15.333630 30 5.025000 43 12.430727 11 7.072539 6 17.377762
3
0 5 5 11.417883 44 17.203368 46 10.688504 27 11.146830 41 9.528312
1 5 21 14.056269 49 5.903852 39 5.708109 31 17.225007 9 2.104756
2 5 12 10.052728 42 4.992696 18 10.952377 41 7.186347 5 8.840425
3
0 5 10 7.629889 28 7.065874 26 4.879863 49 14.617082 16 10.038937
1 5 40 9.712392 38 11.863525 34 11.656288 44 9.620032 33 3.853957
2 5 32 7.221353 43 5.990936 28 5.898307 34 10.580455 12 19.860654
3
0 5 10 8.964500 43 12.233362 25 19.355935 16 13.824329 27 5.236637
1 5 34 14.413846 12 14.811858 35 14.723136 37 17.212745 31 10.093109
2 5 39 18.434844 26 15.814567 29 17.732022 30 17.278056 32 12.408598
3
0 5 10 2.188242 46 9.643414 13 5.115320 18 13.380000 38 1.942244
1 5 24 19.831456 17 6.921841 40 8.881993 46 1.586920 38 11.738584
2 5 30 8.591853 49 15.223225 46 2.982489 34 13.728135 37 14.501291
3
0 5 10 19.640298 34 10.477501 36 5.346168 11 1.750346 21 5.524260
1 5 28 10.470570 31 7.112644 46 1.880415 39 15.487788 35 3.709284
2 5 49 18.017553 35 18.832177 37 1.056507 47 12.132934 19 17.313828
3
0 5 10 9.678908 35 17.406124 27 17.618618 32 8.318053 23 6.986470
1 5 33 7.186047 16 12.632875 28 7.073134 43 4.841850 45 18.486751
2 5 31 9.464253 18 7.001320 26 6.328021 22 11.890723 29 6.651569
3
0 5 15 1.506183 19 9.737624 24 16.464466 30 4.120885 42 15.834309
1 5 25 15.019996 23 16.008227 20 9.647966 29 1.312651 30 4.183767
2 5 37 18.168936 18 17.411110 25 18.449070 22 15.996110 35 14.268433
3
0 5 15 19.461051 24 19.360105 30 11.102878 36 17.553056 18 19.403181
1 5 25 1.022011 48 17.585325 47 8.708823 27 15.042220 41 19.275545
2 5 35 6.481438 49 2.406248 22 8.772241 27 19.210512 42 10.118186
3
0 5 15 3.873082 32 12.105084 20 5.058572 29 11.576719 27 9.084635
1 5 44 5.942700 26 19.301377 39 13.338614 42 3.416480 41 16.764573
2 5 23 6.822113 27 17.898784 41 5.760430 47 2.002183 17 15.172506
3
0 5 15 18.148072 23 2.599878 16 8.686391 40 13.206545 47 8.766068
1 5 46 11.336299 18 2.649530 21 19.565197 32 18.473610 33 2.049960
2 5 44 14.556103 40 11.013615 31 9.682239 42 2.412718 27 13.716687
3
0 5 15 1.252618 31 18.127351 48 10.198143 26 6.623748 39 3.820716
1 5 41 10.644517 32 8.806540 25 5.360855 38 10.679572 36 18.101734
2 5 25 15.930167 39 14.187784 24 18.882770 16 7.246000 22 3.018588
3
0 5 20 6.525055 24 8.123242 40 6.939398 21 3.589737 38 16.314068
1 5 45 18.558678 41 10.913310 38 19.533466 34 5.436263 23 7.922498
2 5 31 2.277464 25 15.769468 26 5.751843 45 3.362236 23 5.883287
3
0 5 20 12.044688 32 17.675787 30 11.390790 28 5.440955 41 18.617516
1 5 39 10.004340 25 9.773470 40 11.811621 21 9.041920 44 1.078580
2 5 41 16.589536 48 4.624226 49 7.328866 24 12.579665 43 19.879092
3
0 5 20 14.127111 34 13.521509 24 6.906993 37 7.660528 39 11.610316
1 5 39 9.654397 49 7.416184 45 5.796797 30 14.182421 32 9.502960
2 5 38 8.298445 31 15.594533 21 9.619904 47 3.152743 45 14.958221
3
0 5 20 16.366735 36 19.764252 38 18.882740 37 19.059845 44 12.771945
1 5 49 12.411291 48 13.965986 40 18.881397 31 1.344432 44 13.748369
2 5 27 2.246918 21 11.075323 47 9.366483 34 4.724041 48 8.463090
3
0 5 20 5.391396 40 4.036810 30 3.876706 47 7.709202 28 9.060331
1 5 27 4.652393 44 19.072543 43 17.751394 40 2.148218 31 10.516381
2 5 27 2.631002 43 8.244533 29 17.263760 40 17.729301 36 5.555289
3
0 5 25 14.579013 34 8.213885 40 4.083894 48 11.977631 42 16.978784
1 5 27 13.814579 44 7.776540 36 12.503931 25 17.166530 31 14.426851
2 5 29 10.115720 30 7.201224 49 18.721656 47 5.677093 41 14.818750
3
0 5 25 18.027840 41 3.067767 34 8.145924 28 1.669920 39 11.339437
1 5 31 6.422698 47 16.586901 29 17.645626 49 11.954307 41 10.561764
2 5 40 7.789437 32 12.050419 45 6.574320 44 9.199383 30 11.415146
3
0 5 25 1.575784 35 19.351830 45 6.394928 46 4.468287 36 7.528784
1 5 33 7.261886 26 18.702320 25 18.069411 29 5.544892 32 9.016220
2 5 26 2.824829 41 2.525565 45 3.526857 34 11.518528 33 16.918673
3
0 5 25 5.218751 36 14.324600 45 5.557390 27 7.803430 35 9.820407
1 5 45 6.012682 44 17.427362 41 19.779323 27 11.162245 29 15.231433
2 5 49 6.790569 42 7.003848 37 3.310498 39 18.209374 30 12.668197
3
0 5 25 11.306143 45 7.679851 31 14.119115 43 15.467991 49 14.362777
1 5 44 19.027135 48 2.183707 29 2.581525 32 11.684586 31 12.499800
2 5 35 9.415016 26 15.262172 30 14.866594 41 17.992338 27 1.913242
3
0 5 30 16.815440 41 6.162546 39 16.348348 47 18.576795 33 13.850438
1 5 35 5.970907 43 4.054617 30 17.853304 48 16.714862 49 14.634190
2 5 39 8.307345 43 18.321265 35 8.717419 42 11.614644 47 3.519042
3
0 5 30 7.372457 43 17.597332 44 5.127771 49 1.315551 35 13.899833
1 5 44 2.909165 35 6.839354 47 17.920186 40 15.437885 45 6.292963
2 5 48 17.919156 44 3.144376 35 5.984350 41 5.616660 37 10.824192
3
0 5 30 12.113193 49 16.322714 34 11.024480 46 15.153185 31 9.173051
1 5 49 4.476425 31 10.674957 43 14.348602 38 6.918511 33 9.792083
2 5 39 14.821999 37 2.982627 30 14.709107 47 15.761010 43 18.255284
3
0 5 30 19.694729 46 6.659684 49 11.262666 44 2.775333 34 19.268938
1 5 36 16.809387 46 5.839303 30 16.795818 44 15.441832 41 2.856764
2 5 30 14.905147 32 18.287989 42 9.831744 39 4.561238 33 4.017148
3
0 5 30 12.146020 40 15.096793 48 17.409110 34 15.928589 43 2.048066
1 5 41 19.274497 35 16.765698 36 9.405018 34 15.372480 42 6.787982
2 5 47 7.174279 49 7.072411 37 9.828047 43 11.831253 35 2.666783
3
0 5 35 6.548130 38 4.195013 49 8.824166 48 10.296130 42 5.894841
1 5 40 11.562764 48 10.735341 42 15.265360 41 8.106622 46 15.945809
2 5 37 15.639207 39 19.047779 38 3.350772 48 13.936772 46 5.393431
3
0 5 35 11.365492 44 3.330434 45 12.657372 49 7.370335 40 15.303838
1 5 38 10.984583 43 12.526930 42 2.062062 48 7.326433 45 18.796339
2 5 47 13.251393 48 10.808266 46 15.495944 45 7.788668 37 13.516201
3
0 5 35 6.951013 37 11.734807 49 17.498380 48 10.018007 46 11.739493
1 5 40 14.070512 39 15.871549 43 15.582100 35 10.832472 49 6.315779
2 5 42 16.140204 49 11.725953 36 4.071866 43 11.417034 37 17.392006
3
0 5 35 2.526054 38 13.101370 44 6.533382 36 12.663928 47 2.590032
1 5 43 2.596349 36 15.597211 35 19.711945 49 8.297059 37 9.398471
2 5 37 15.695545 48 18.621282 49 15.193764 43 5.234674 40 7.831340
3
0 5 35 5.357559 42 6.491170 41 18.325765 40 9.993138 45 5.951210
1 5 48 5.627114 35 13.761299 40 11.254312 37 8.761126 44 14.835815
2 5 41 19.654334 36 8.138489 42 6.409820 43 19.189835 49 16.673532
3
0 5 40 14.359540 49 17.514340 48 3.186742 46 9.206247 44 16.644649
1 5 44 6.160955 45 11.965990 42 10.055613 47 6.798001 41 7.501011
2 5 47 7.166431 40 5.844609 45 6.596260 49 7.040695 48 11.122753
3
0 5 40 7.075490 47 13.041299 41 11.729382 43 10.985287 46 19.659188
1 5 47 13.953995 41 2.786054 48 6.529231 46 15.066684 40 1.766700
2 5 41 19.285024 40 2.260994 42 15.757861 45 3.694358 48 16.814433
3
0 5 40 9.246279 41 15.548706 46 9.400018 45 17.824379 44 15.152938
1 5 46 16.752193 43 10.880924 42 17.313186 40 1.640130 48 12.595562
2 5 46 10.983746 45 10.507159 48 11.291052 49 13.047810 41 11.944459
3
0 5 40 15.673020 46 8.588778 47 2.861375 48 3.230815 43 17.017083
1 5 40 13.364406 45 16.064275 41 19.804758 46 14.787900 42 13.132614
2 5 49 13.802509 44 16.079888 46 15.856143 47 4.969508 48 7.357236
3
0 5 40 1.432181 48 5.930655 45 3.546098 43 4.225043 44 10.314120
1 5 46 10.832878 41 5.978938 45 11.452563 47 17.898391 42 18.158914
2 5 42 18.037262 43 5.815323 49 14.896834 47 13.140683 44 16.874392
3
0 5 45 5.828717 47 11.676024 46 12.516953 48 15.140685 49 5.022085
1 5 47 4.529984 46 13.347652 48 16.036010 45 13.226189 49 15.123349
2 5 49 14.393443 48 1.046173 46 9.646391 47 10.913114 45 1.163967
3
0 5 45 16.604449 46 13.527463 48 16.442132 47 2.582432 49 14.333636
1 5 49 14.612671 46 8.984259 48 3.078845 45 17.636312 47 5.784159
2 5 49 10.771105 47 6.207804 46 12.281983 48 10.114162 45 6.033264
3
0 5 45 6.635430 47 18.495373 48 2.486770 49 15.817014 46 5.782918
1 5 49 4.223531 46 13.871329 45 5.716595 47 2.798057 48 7.756921
2 5 45 4.533926 48 16.364202 47 8.030217 49 10.175050 46 3.726247
3
0 5 45 10.606591 48 12.052513 46 13.451381 49 3.143975 47 11.778611
1 5 45 17.410711 49 8.474994 47 18.120909 46 10.061491 48 17.089869
2 5 47 18.230746 49 13.771526 45 7.190183 48 11.925405 46 3.149874
3
0 5 45 3.389515 49 17.889185 47 9.010559 48 1.803055 46 6.763399
1 5 49 14.811212 47 18.210127 46 8.787509 45 2.625209 48 17.153692
2 5 46 18.341953 48 3.297115 47 3.886674 49 17.795218 45 19.052842
3
0 5 49 12.154192 49 4.405066 49 6.005888 49 3.262268 49 15.740971
1 5 49 7.280368 49 19.732169 49 5.127769 49 3.034586 49 9.073850
2 5 49 19.101143 49 8.186762 49 9.707431 49 17.915082 49 18.297641
3
0 5 49 1.920691 49 13.217948 49 5.219911 49 9.102950 49 11.891459
1 5 49 17.356100 49 9.520379 49 1.197645 49 7.180240 49 14.651064
2 5 49 8.318287 49 18.523613 49 14.034288 49 4.660218 49 18.777488
3
0 5 49 10.923471 49 19.577238 49 8.134225 49 10.520649 49 16.452695
1 5 49 19.414063 49 18.362082 49 11.079022 49 6.736347 49 11.678991
2 5 49 1.374389 49 1.866505 49 19.958522 49 17.682018 49 17.888839
3
0 5 49 2.910211 49 13.535471 49 5.048078 49 15.506106 49 7.228713
1 5 49 1.374062 49 6.927794 49 9.239596 49 17.986725 49 5.899845
2 5 49 7.852155 49 19.020122 49 1.367607 49 8.147830 49 10.393259
0
