50 49
3
0 2 5 8.371252 45 15.713039
1 2 39 7.787538 40 11.524122
2 2 36 2.730940 32 8.214153
3
0 2 5 17.140000 29 6.815962
1 2 44 10.294634 9 12.943975
2 2 22 19.463640 12 14.686111
3
0 2 5 5.237185 38 5.181471
1 2 15 10.801155 46 15.782910
2 2 9 16.564679 16 7.644174
3
0 2 5 6.515186 29 12.831459
1 2 43 3.630546 17 14.237546
2 2 26 2.585394 11 4.046455
3
0 2 5 6.017463 12 7.231023
1 2 42 2.753304 46 8.113138
2 2 11 10.956942 23 4.547819
3
0 2 10 18.700934 26 2.084547
1 2 12 19.523563 24 16.989468
2 2 46 5.650536 37 13.091155
3
0 2 10 16.402662 11 19.646839
1 2 14 10.367243 21 19.354999
2 2 38 5.338481 21 9.418313
3
0 2 10 1.873672 21 2.846647
1 2 20 8.587661 38 19.596999
2 2 17 8.415442 23 2.680458
3
0 2 10 15.159804 42 9.017198
1 2 49 11.463760 29 4.618118
2 2 28 4.286348 49 9.416824
3
0 2 10 19.475472 29 15.353098
1 2 22 1.013403 36 16.316791
2 2 13 8.408277 31 18.311174
3
0 2 15 9.103541 33 10.492055
1 2 36 4.721760 41 14.932060
2 2 37 9.180584 47 11.575241
3
0 2 15 6.720132 26 14.509252
1 2 24 6.770612 29 8.840702
2 2 26 10.292206 31 13.920871
3
0 2 15 2.768858 25 11.635689
1 2 30 10.909333 17 17.618044
2 2 22 3.407806 26 17.643113
3
0 2 15 13.058082 38 6.629066
1 2 20 6.464571 36 9.697412
2 2 31 11.843233 42 18.333838
3
0 2 15 6.334632 23 6.516824
1 2 19 19.767244 30 9.768410
2 2 40 9.582679 17 19.776552
3
0 2 20 8.674949 34 18.990179
1 2 24 10.759433 26 16.954889
2 2 22 8.332267 42 2.190652
3
0 2 20 18.436482 35 6.848570
1 2 27 11.754860 29 15.800751
2 2 30 9.850145 41 1.108051
3
0 2 20 6.802198 42 15.842810
1 2 30 2.355940 29 6.998165
2 2 43 19.046384 29 18.849452
3
0 2 20 11.788651 25 1.736196
1 2 26 5.679376 38 6.355656
2 2 23 10.093366 41 13.695232
3
0 2 20 10.909402 29 2.560905
1 2 22 17.636965 33 4.140716
2 2 37 16.647112 27 2.703079
3
0 2 25 14.895118 31 14.897511
1 2 31 8.999569 33 15.470568
2 2 29 18.054360 26 7.825740
3
0 2 25 6.141614 43 10.617297
1 2 45 6.109121 46 9.619038
2 2 26 5.029918 44 4.228609
3
0 2 25 11.737178 46 19.506829
1 2 44 10.733265 45 19.650665
2 2 30 10.017761 31 1.358497
3
0 2 25 19.240504 35 4.482675
1 2 35 14.014658 43 4.427041
2 2 34 13.182760 30 11.371452
3
0 2 25 18.412377 34 14.059470
1 2 30 5.048783 31 12.140559
2 2 44 2.845414 25 1.700147
3
0 2 30 1.450811 41 12.078304
1 2 47 15.489551 44 4.545831
2 2 49 19.540840 43 6.368290
3
0 2 30 6.987314 39 17.127091
1 2 34 6.967028 31 15.068958
2 2 49 14.981058 33 1.842872
3
0 2 30 8.294995 47 4.901845
1 2 32 7.169587 48 16.259894
2 2 44 3.068948 40 19.939469
3
0 2 30 9.642387 37 7.667840
1 2 46 16.459742 41 1.075395
2 2 39 19.011848 48 10.367517
3
0 2 30 6.562456 41 1.378283
1 2 49 11.010245 34 6.756964
2 2 32 13.133274 35 4.578096
3
0 2 35 16.954003 49 14.253199
1 2 43 8.518915 49 15.050463
2 2 38 13.549658 41 4.018406
3
0 2 35 4.506477 40 13.107302
1 2 41 12.424744 43 11.701466
2 2 47 14.415508 49 10.502517
3
0 2 35 5.740359 41 8.306249
1 2 42 4.770812 40 14.607821
2 2 48 11.768339 41 1.927902
3
0 2 35 10.917826 42 19.625110
1 2 37 5.532763 43 4.447938
2 2 37 3.029267 38 9.975482
3
0 2 35 5.035718 48 7.187368
1 2 43 12.736115 47 18.335104
2 2 35 12.672385 45 12.023129
3
0 2 40 3.283629 44 10.043924
1 2 40 3.376259 45 8.357224
2 2 41 9.031647 47 7.921395
3
0 2 40 15.670374 42 17.202121
1 2 47 13.139665 43 16.736630
2 2 47 1.934218 41 1.469463
3
0 2 40 16.683629 45 10.080809
1 2 40 7.816295 44 6.498455
2 2 42 13.227204 43 2.332618
3
0 2 40 11.267759 46 2.279497
1 2 40 9.663969 41 9.571907
2 2 40 13.304717 43 14.789336
3
0 2 40 1.625703 41 15.731938
1 2 49 5.459470 43 10.596154
2 2 48 7.611995 43 15.842028
3
0 2 45 15.382648 49 1.868556
1 2 47 1.194352 49 7.557382
2 2 45 1.547145 49 18.952761
3
0 2 45 8.334996 48 7.456043
1 2 47 18.509267 48 14.373408
2 2 46 18.422634 48 19.634875
3
0 2 45 11.737522 48 4.837508
1 2 48 19.999686 45 12.621401
2 2 45 7.046437 48 13.409894
3
0 2 45 4.793301 49 2.050468
1 2 48 11.527349 49 16.008646
2 2 49 15.870862 48 12.799696
3
0 2 45 5.813316 47 13.594904
1 2 49 18.263563 45 11.609357
2 2 49 18.032474 48 2.235800
3
0 1 49 13.526812
1 1 49 9.671267
2 1 49 4.275145
3
0 1 49 9.034961
1 1 49 13.060232
2 1 49 15.514778
3
0 1 49 7.985702
1 1 49 19.898773
2 1 49 10.583919
3
0 1 49 19.697277
1 1 49 2.753751
2 1 49 16.839750
0
