50 49
3
0 3 5 13.994059 26 5.515245 22 7.867531
1 3 10 17.616099 26 3.564304 39 18.854229
2 3 26 18.782561 37 18.720276 5 14.051336
3
0 3 5 5.468240 25 17.902510 43 2.002598
1 3 10 4.462462 47 17.659859 23 1.221320
2 3 22 8.812850 8 15.633873 28 5.804875
3
0 3 5 9.405703 17 14.851991 34 1.776856
1 3 40 12.996327 7 11.075036 6 1.405213
2 3 42 11.366913 48 15.076115 30 12.611724
3
0 3 5 5.116523 33 1.501941 30 5.859938
1 3 12 9.566414 43 3.590707 18 8.859190
2 3 21 19.208794 37 14.519448 10 9.264670
3
0 3 5 7.680791 22 16.673733 13 5.919874
1 3 48 11.268199 28 10.426744 11 10.134460
2 3 25 10.226047 8 15.168601 22 5.675292
3
0 3 10 17.965633 32 16.529140 33 14.542860
1 3 18 9.128436 28 14.498267 44 15.530434
2 3 10 16.199027 35 3.450774 38 3.870037
3
0 3 10 12.591115 18 18.790940 21 10.092592
1 3 22 13.003911 29 6.205334 47 15.128794
2 3 44 7.626600 45 3.038521 26 2.436558
3
0 3 10 14.603437 22 6.739849 35 8.155628
1 3 47 19.714058 36 2.324035 10 3.763107
2 3 46 13.783868 10 11.388582 29 6.853778
3
0 3 10 2.524946 30 17.808790 49 8.840527
1 3 16 12.869764 12 13.519237 24 8.003369
2 3 33 5.856500 19 5.635871 31 6.721431
3
0 3 10 10.942228 24 3.468307 43 4.563905
1 3 49 5.906493 25 14.036838 15 17.327015
2 3 34 8.247580 20 13.202985 24 9.696042
3
0 3 15 5.992160 29 12.759336 32 17.747114
1 3 47 1.359260 25 3.891824 18 4.408994
2 3 26 12.172026 37 8.343759 29 14.853682
3
0 3 15 16.433422 34 7.509535 43 2.341505
1 3 27 7.813660 25 12.659474 34 9.673492
2 3 16 14.541482 43 8.585025 17 10.043200
3
0 3 15 7.170109 45 5.661314 34 10.885436
1 3 45 14.520249 44 6.569843 28 19.617266
2 3 17 19.409870 30 15.534147 38 1.462111
3
0 3 15 3.431263 41 2.408916 27 6.575437
1 3 34 8.833008 16 18.505347 48 16.293110
2 3 46 8.996240 40 19.876333 16 12.765502
3
0 3 15 6.235095 26 16.967115 20 15.390086
1 3 36 2.831001 38 4.021709 44 5.963042
2 3 20 18.544446 19 14.016813 49 19.376379
3
0 3 20 7.935124 35 5.625804 34 10.239144
1 3 44 19.565099 41 15.632466 49 2.830669
2 3 37 3.848472 38 5.147884 30 16.915630
3
0 3 20 14.330086 44 12.101735 22 14.509200
1 3 35 16.865833 30 12.164131 28 6.004467
2 3 22 9.265452 49 16.509413 31 18.192269
3
0 3 20 1.791043 42 1.745431 34 7.181402
1 3 41 7.368955 32 12.125930 28 19.501652
2 3 41 18.341526 28 2.861703 47 13.588780
3
0 3 20 12.245533 42 19.164781 31 8.298461
1 3 34 14.269696 29 8.480632 21 8.150741
2 3 46 17.312506 47 13.454352 26 19.438081
3
0 3 20 17.614674 21 18.449425 43 1.342567
1 3 38 8.871794 20 17.626366 39 5.600975
2 3 33 8.876191 44 14.684740 31 1.036271
3
0 3 25 13.574869 34 18.316059 41 4.197963
1 3 40 7.265520 37 9.414752 44 11.317234
2 3 41 11.157446 49 19.465981 39 11.306117
3
0 3 25 13.600820 37 13.105240 48 3.586286
1 3 37 11.315771 45 17.544836 38 17.745913
2 3 46 9.422835 27 14.176972 44 18.090634
3
0 3 25 10.797172 29 1.202616 32 18.993968
1 3 49 14.512508 41 14.723571 40 18.016467
2 3 36 13.862472 41 8.860911 48 10.405894
3
0 3 25 4.117892 34 5.979892 36 14.474244
1 3 38 13.636260 25 18.650465 43 18.285591
2 3 41 16.287761 30 18.219377 29 12.644480
3
0 3 25 12.529771 46 3.472828 42 14.650132
1 3 31 6.839035 37 9.669312 49 15.838205
2 3 41 4.230388 39 12.612566 29 12.039533
3
0 3 30 7.189960 49 19.913280 46 2.019155
1 3 38 7.458812 45 15.431650 37 6.201582
2 3 49 7.090710 36 6.592591 44 15.266885
3
0 3 30 15.750294 46 2.245661 38 5.527050
1 3 42 7.842479 30 14.428519 39 9.191812
2 3 35 11.024951 37 15.383355 31 17.335649
3
0 3 30 14.112696 37 16.910804 31 10.765785
1 3 35 11.990336 48 11.067966 46 18.330817
2 3 32 1.929742 49 4.522589 39 18.554300
3
0 3 30 6.457586 33 3.025017 40 1.636021
1 3 42 16.001399 43 17.095037 46 6.078101
2 3 36 9.395690 47 13.554394 43 2.887698
3
0 3 30 18.384309 36 8.511802 42 5.705076
1 3 44 3.406017 39 7.369242 47 3.825175
2 3 30 7.251170 40 2.842179 36 18.683631
3
0 3 35 4.676030 38 13.015324 48 8.182155
1 3 47 6.190994 44 6.951856 36 1.227651
2 3 35 15.567191 45 14.889993 40 4.038101
3
0 3 35 14.500486 47 2.907957 37 16.875002
1 3 49 10.749083 43 4.745378 42 15.023607
2 3 42 2.660715 49 16.428129 45 12.682996
3
0 3 35 4.484638 44 1.371023 37 12.177120
1 3 41 12.934260 48 1.436065 37 12.080606
2 3 43 5.342078 47 17.597265 40 16.937919
3
0 3 35 1.364797 38 11.013466 43 2.499718
1 3 38 9.988680 40 3.457828 48 9.010794
2 3 45 17.010675 44 2.837957 43 19.893631
3
0 3 35 1.599572 47 19.900813 37 15.497332
1 3 41 2.263973 49 1.360155 47 13.133980
2 3 45 13.560282 42 4.353101 41 15.703848
3
0 3 40 4.972458 48 2.182206 41 15.126586
1 3 44 15.331946 40 11.291491 47 8.406543
2 3 45 2.339169 46 10.708522 40 9.654952
3
0 3 40 2.296597 48 11.801482 42 3.959528
1 3 48 12.335313 46 16.015592 49 1.021328
2 3 43 7.476189 46 9.161950 40 3.718746
3
0 3 40 16.362258 42 8.377049 47 16.466182
1 3 40 14.776617 43 2.533680 48 16.898363
2 3 41 10.507492 45 1.076947 40 15.421467
3
0 3 40 15.881832 41 15.319921 44 3.534782
1 3 42 10.935681 40 12.584543 44 10.310751
2 3 45 9.675656 43 6.506166 47 9.228224
3
0 3 40 15.945316 45 4.744474 49 2.167492
1 3 47 5.808651 42 19.452110 45 6.567329
2 3 45 3.884303 43 3.589563 40 4.710911
3
0 3 45 2.786185 46 15.865960 48 2.329439
1 3 45 1.210931 49 15.440076 46 7.742925
2 3 48 16.632620 47 14.268037 46 15.864754
3
0 3 45 11.906358 47 15.322657 48 8.487892
1 3 46 18.281888 47 14.631240 48 3.776779
2 3 48 1.886532 45 10.154961 49 8.113262
3
0 3 45 14.585407 48 9.640462 47 7.055587
1 3 47 12.087339 49 11.896259 48 2.071935
2 3 45 12.364426 47 19.799747 46 14.088465
3
0 3 45 16.785666 47 5.236008 46 1.922250
1 3 47 10.253127 48 5.067027 45 3.524356
2 3 49 11.415490 48 3.037056 45 4.996772
3
0 3 45 16.573879 48 13.003868 49 3.962790
1 3 47 12.834634 49 15.857763 46 19.391090
2 3 49 1.880013 48 13.213447 45 9.303374
3
0 1 49 10.237022
1 1 49 6.015660
2 1 49 14.910119
3
0 1 49 9.644049
1 1 49 9.493177
2 1 49 9.906216
3
0 1 49 15.024268
1 1 49 13.155766
2 1 49 9.152068
3
0 1 49 11.192666
1 1 49 4.162413
2 1 49 5.889505
0
