50 49
3
0 5 5 6.720999 27 14.145869 8 4.699087 20 15.804875 7 19.254409
1 5 24 16.307828 20 4.801414 27 13.370347 26 4.290672 49 5.117814
2 5 48 12.143959 44 15.523448 15 9.148882 22 9.007167 13 5.629193
3
0 5 5 7.694662 17 8.622627 6 9.109043 43 12.630574 23 7.149091
1 5 30 11.282844 42 6.914135 27 3.951452 13 10.258023 26 13.704194
2 5 36 3.620114 29 18.567373 47 4.823258 18 16.550585 13 7.214919
3
0 5 5 10.647160 41 14.618186 36 1.834481 7 15.186472 47 10.324504
1 5 7 17.269793 11 9.324687 37 17.467495 40 8.175458 6 13.240057
2 5 44 8.603235 11 12.377398 8 15.250912 30 16.091504 12 17.751342
3
0 5 5 5.397073 14 15.874960 24 15.863882 28 10.346223 45 13.907215
1 5 24 6.474866 18 5.109220 26 2.783888 9 15.068748 14 17.320807
2 5 47 6.408424 31 9.685622 45 9.468421 42 15.114096 21 2.385080
3
0 5 5 19.023723 48 17.609521 39 18.832359 16 7.264204 19 5.319227
1 5 16 2.220958 25 3.042135 38 10.766392 15 18.629185 12 14.463471
2 5 12 10.966579 48 5.117915 38 2.883157 42 1.438316 13 7.623835
3
0 5 10 16.482308 23 7.421350 35 10.742264 36 16.517642 49 10.455065
1 5 23 7.323569 17 4.371082 26 13.874986 30 6.302149 20 8.922295
2 5 15 14.321356 19 4.158671 20 1.833971 47 10.467361 43 6.847713
3
0 5 10 1.871749 48 18.662970 33 18.922906 22 12.213881 29 19.738548
1 5 25 19.684196 41 10.686033 26 17.400120 15 17.059339 14 6.532268
2 5 21 8.524774 41 9.621508 36 18.401973 22 17.449857 45 8.051637
3
0 5 10 17.561284 24 18.488224 12 12.216852 41 8.244078 48 3.649932
1 5 25 8.146200 35 16.259532 21 3.089712 41 19.633688 43 14.534131
2 5 18 2.720411 43 15.037781 28 10.916041 27 5.022852 39 5.944397
3
0 5 10 1.774578 49 3.887552 19 8.138892 33 16.409649 20 19.681095
1 5 28 18.680742 35 11.257256 37 9.686370 30 5.901192 16 2.607282
2 5 14 3.057742 43 12.347813 32 3.440675 47 19.823399 46 15.539650
3
0 5 10 12.807592 30 15.975012 34 15.187796 12 14.604703 15 2.889325
1 5 37 4.902588 21 14.611626 35 10.786387 11 5.377169 46 4.674709
2 5 38 10.519690 42 14.975137 36 11.115573 14 14.924871 48 15.613480
3
0 5 15 19.015754 32 7.679029 27 14.731849 35 5.707670 23 10.813308
1 5 15 3.331479 19 8.821984 37 3.216894 28 9.650865 46 1.872202
2 5 31 13.245984 19 1.775944 37 17.843025 28 14.201837 25 13.751033
3
0 5 15 13.887651 40 17.852852 45 16.601457 27 10.594815 48 17.001491
1 5 39 4.461112 30 18.396119 16 17.972009 24 11.644644 22 8.422845
2 5 38 8.153409 45 4.318729 34 5.994350 47 2.317291 15 7.845198
3
0 5 15 7.128417 48 13.231660 49 11.009971 21 9.122682 22 6.286947
1 5 28 12.116459 35 1.542361 19 1.570598 17 16.931163 32 5.201737
2 5 24 1.264569 37 10.673373 21 16.474967 27 17.768899 31 4.464155
3
0 5 15 14.155525 30 14.112579 42 4.986862 41 15.410963 19 5.913035
1 5 29 6.773673 20 13.585249 46 11.136387 35 17.773658 38 8.311409
2 5 24 11.885872 49 4.869964 26 19.162394 17 3.972137 35 18.123630
3
0 5 15 11.249452 16 7.505990 27 6.307673 49 10.883057 38 4.855701
1 5 48 14.797417 28 3.206070 42 10.784154 22 12.187342 25 8.961776
2 5 25 3.980569 29 3.684720 45 18.822381 46 16.514080 31 5.121287
3
0 5 20 15.808810 31 5.342931 48 12.048533 23 15.756957 36 18.658018
1 5 38 10.209753 33 13.544165 22 9.571744 26 9.556948 43 7.321991
2 5 28 11.642270 35 9.020830 25 8.878600 33 13.585056 39 1.446213
3
0 5 20 12.719476 41 18.495898 45 12.929472 46 17.016368 44 14.802704
1 5 40 17.314427 26 18.429483 32 14.525559 25 19.170540 22 1.821807
2 5 36 5.975358 34 17.140925 40 1.473545 44 11.104016 48 13.154393
3
0 5 20 11.264660 43 5.390493 48 1.018544 44 7.603783 42 10.143356
1 5 48 13.021578 35 18.221635 42 4.025826 40 4.191800 36 6.573595
2 5 32 14.327394 45 15.759712 39 4.079131 41 19.024868 37 19.662637
3
0 5 20 1.932209 48 8.740599 32 7.046220 34 13.675615 36 10.387680
1 5 38 10.387914 35 18.045335 30 5.037150 24 1.017353 27 14.176245
2 5 26 15.784418 39 4.421804 47 6.367180 29 6.454273 46 19.267010
3
0 5 20 18.813959 21 13.691779 25 14.103568 29 14.482264 22 15.737711
1 5 24 5.389505 35 10.628565 23 3.281526 49 4.366660 33 17.982539
2 5 27 10.265632 38 7.878542 39 14.334068 28 5.947033 26 14.260841
3
0 5 25 14.408649 28 9.669936 44 13.547991 41 3.753769 35 2.206489
1 5 48 3.496848 27 15.178147 35 6.478475 26 1.003065 39 3.472728
2 5 43 18.457438 47 8.909261 44 5.766315 25 17.992026 38 3.935458
3
0 5 25 14.829343 39 17.716862 28 17.176719 33 8.338802 34 4.428410
1 5 33 1.388739 40 1.558474 39 13.744549 27 8.762053 36 13.329044
2 5 48 1.829128 42 15.339523 38 9.970812 27 5.183813 41 18.576148
3
0 5 25 14.309637 36 9.971873 35 11.886866 38 6.510503 43 16.363915
1 5 28 3.244423 42 12.623172 45 2.529330 33 13.092866 43 19.406568
2 5 27 10.883273 33 6.374309 31 4.904171 32 1.461500 40 5.314726
3
0 5 25 17.871072 30 6.295265 45 17.655054 35 15.705607 29 17.917301
1 5 39 14.285473 25 5.897781 32 18.376321 40 8.972470 47 7.823377
2 5 39 9.342584 26 16.151808 34 11.233395 46 6.404052 25 16.162099
3
0 5 25 6.377130 32 4.644507 41 1.758014 29 3.179611 39 7.939244
1 5 32 15.377653 29 7.836121 46 16.997272 41 2.951527 45 18.581805
2 5 46 7.280450 29 16.001428 38 16.114680 49 3.003509 26 7.774352
3
0 5 30 14.201531 34 12.383560 41 10.744072 49 7.102670 44 2.359487
1 5 49 1.181082 48 13.521325 41 15.906081 42 6.224750 43 14.306193
2 5 40 8.495666 41 2.085873 44 17.149522 38 5.682385 43 14.602319
3
0 5 30 8.232352 36 17.780196 31 5.537025 42 16.255085 33 12.992993
1 5 34 2.926425 43 12.107351 49 17.774811 31 7.581770 39 4.379712
2 5 48 10.302056 45 15.997818 47 1.720594 31 10.194342 38 15.033047
3
0 5 30 6.091918 46 3.320075 47 2.056994 40 7.076567 44 1.242542
1 5 39 18.362796 40 14.952159 33 1.396808 46 11.800957 38 16.738325
2 5 41 18.166952 44 6.353074 46 10.620885 40 9.549378 47 4.033757
3
0 5 30 1.830450 42 19.072642 47 17.073953 39 15.329262 37 16.277278
1 5 49 10.530174 34 14.993666 38 1.654206 40 14.730238 43 6.689012
2 5 33 9.181579 49 6.381551 44 18.081410 34 19.836043 35 7.108961
3
0 5 30 14.064575 41 1.707356 42 14.787143 36 10.436381 37 17.919201
1 5 47 12.376652 37 5.224599 33 18.224538 39 1.916451 30 13.209004
2 5 42 3.484675 39 14.881147 34 16.006075 40 3.884837 32 11.740151
3
0 5 35 9.319417 48 6.200877 36 14.002563 47 17.154145 44 11.663923
1 5 47 3.697187 43 9.166704 40 11.968974 37 2.861160 36 16.202037
2 5 41 15.043227 40 1.374811 38 16.219572 47 19.179463 49 7.259159
3
0 5 35 14.789957 43 19.375952 39 9.790820 40 14.215207 42 17.705349
1 5 41 10.768575 42 4.962624 43 16.154877 47 9.968788 44 4.510667
2 5 43 17.419042 45 5.634064 42 10.209483 46 14.232222 37 13.349803
3
0 5 35 16.908081 45 3.416012 40 10.403883 47 2.332044 48 1.738036
1 5 47 2.948695 36 4.371197 39 1.612323 48 15.336560 49 1.169965
2 5 48 18.294032 35 16.146880 38 14.553518 45 1.871962 36 9.028702
3
0 5 35 5.272460 41 10.789611 47 14.967907 45 2.591113 48 6.427068
1 5 48 15.420958 45 8.026496 35 2.489080 44 19.296915 47 10.684712
2 5 43 4.219645 37 2.468028 40 14.207210 45 15.147752 47 13.641239
3
0 5 35 19.147980 37 1.611118 43 5.302827 49 10.165260 47 13.461344
1 5 35 15.454474 43 1.208739 36 12.671309 44 3.237860 45 16.702466
2 5 38 15.865087 45 17.554115 46 2.920005 39 8.030350 36 14.184511
3
0 5 40 11.724708 49 10.820245 41 3.712141 42 3.003091 45 8.382643
1 5 46 16.365503 48 10.890041 43 10.709380 49 18.112551 42 10.729946
2 5 40 14.045264 49 9.868819 42 1.844321 43 8.470606 44 1.541174
3
0 5 40 10.666034 48 6.060762 47 3.472993 49 13.296034 42 19.277693
1 5 46 4.746658 43 3.628793 45 2.995748 48 7.020913 47 13.054270
2 5 47 6.976258 40 17.103482 46 14.140668 48 16.567554 49 6.196439
3
0 5 40 14.449437 45 5.780431 42 15.329593 49 17.911701 41 3.545911
1 5 40 8.617551 43 8.384812 42 13.920034 48 9.257653 45 18.813453
2 5 47 9.008906 45 2.378550 46 12.117483 41 2.486502 43 17.021026
3
0 5 40 18.599480 41 8.268661 45 4.919228 48 13.389304 42 14.131749
1 5 49 18.207920 45 9.718484 42 3.004581 48 9.658051 46 15.104315
2 5 41 14.210207 45 15.306271 46 17.887645 40 11.955347 49 8.905592
3
0 5 40 15.417787 43 12.423479 48 15.508689 46 12.654185 49 10.380360
1 5 48 11.637827 49 1.443570 44 14.712622 41 15.095453 42 16.963512
2 5 48 7.503830 42 9.633909 41 11.542300 43 16.343057 47 2.133441
3
0 5 45 13.110425 46 19.852660 47 8.807290 48 10.232492 49 6.645461
1 5 45 15.279232 46 14.024532 47 7.770700 48 5.292687 49 11.042322
2 5 45 17.882181 46 12.425330 47 6.655515 48 16.593220 49 14.506144
3
0 5 45 15.461413 46 5.385719 47 8.672465 48 14.129313 49 6.364454
1 5 45 13.075148 46 14.467675 47 14.786206 48 11.553964 49 15.079866
2 5 45 18.304371 46 11.778373 47 11.740902 48 6.110321 49 19.952717
3
0 5 45 7.776611 46 9.880543 47 18.270256 48 13.980791 49 19.097636
1 5 45 16.492821 46 18.432689 47 15.163499 48 16.959815 49 4.453964
2 5 45 14.911539 46 2.207887 47 7.354390 48 19.912282 49 8.350418
3
0 5 45 13.132231 46 13.097008 47 16.074878 48 16.007288 49 8.060238
1 5 45 13.045429 46 2.333849 47 7.960947 48 8.057619 49 8.854380
2 5 45 6.573936 46 4.523631 47 16.961008 48 2.952081 49 5.462887
3
0 5 45 19.380286 46 18.638282 47 5.816250 48 6.161360 49 12.820643
1 5 45 14.820347 46 17.918201 47 8.999302 48 8.418043 49 4.086145
2 5 45 14.908292 46 9.638735 47 19.594823 48 4.186242 49 15.056871
3
0 1 49 13.149880
1 1 49 10.745302
2 1 49 3.280065
3
0 1 49 8.647923
1 1 49 13.922152
2 1 49 10.591002
3
0 1 49 2.418512
1 1 49 12.610751
2 1 49 10.765191
3
0 1 49 16.102604
1 1 49 5.504879
2 1 49 19.524127
0
