50 49
3
0 5 5 2.342750 13 7.479246 39 17.177507 19 6.736711 6 7.888385
1 5 8 9.249577 28 9.561474 17 5.595146 42 9.302479 13 17.975929
2 5 37 1.403143 46 5.554344 12 9.367276 35 4.782460 21 2.079059
3
0 5 5 19.832493 39 13.754997 37 11.947280 27 10.230835 35 12.357934
1 5 6 3.227589 25 3.671930 34 8.075970 10 8.879052 44 17.957018
2 5 30 15.306981 42 8.789991 27 13.066604 45 1.442172 12 17.807906
3
0 5 5 14.139066 11 3.377217 43 3.719575 40 10.640225 15 16.289994
1 5 9 10.422761 13 16.321686 37 14.186988 33 11.704358 49 15.405628
2 5 47 8.673561 7 8.740180 17 9.172079 26 15.900987 25 16.454377
3
0 5 5 15.276636 23 15.166673 17 1.266786 46 13.716407 48 4.351069
1 5 18 15.072774 16 5.538629 28 15.348692 39 14.437023 11 13.061620
2 5 41 19.798424 6 14.625680 40 3.257169 8 4.677959 11 17.072081
3
0 5 5 15.446152 47 3.016909 41 13.068761 34 16.929438 15 7.249193
1 5 29 5.767005 42 12.605821 37 16.398522 18 11.309662 45 3.022243
2 5 26 17.000702 21 6.816612 5 8.800059 43 6.025692 9 2.664612
3
0 5 10 1.652026 31 15.716080 48 6.235910 29 5.470013 20 11.390817
1 5 11 13.866171 10 10.858184 26 16.614289 44 5.693543 29 15.820322
2 5 45 15.735917 24 8.712380 14 6.928503 27 19.174776 34 10.419380
3
0 5 10 8.281923 21 1.351555 27 11.229007 18 4.819911 44 8.040791
1 5 30 19.049330 48 2.343967 39 9.830939 38 18.627607 12 6.479981
2 5 20 5.585885 49 8.586903 41 10.282556 24 8.130830 46 8.114261
3
0 5 10 12.867946 25 19.261608 48 15.442035 16 1.074670 30 19.781805
1 5 36 15.252510 49 7.585958 16 8.450067 32 12.824676 21 17.898547
2 5 26 5.324511 29 10.372589 40 19.291279 32 7.782329 25 15.673352
3
0 5 10 16.809777 46 10.153959 35 5.377078 47 19.783235 37 2.223960
1 5 16 11.919281 40 7.782605 39 17.684368 38 8.167698 44 6.351180
2 5 32 15.724305 38 18.815542 48 7.849993 23 9.783717 21 13.036586
3
0 5 10 14.521540 34 15.913650 43 14.697731 22 3.110712 29 7.762070
1 5 11 4.231354 43 2.931739 26 5.393268 46 11.721500 18 15.141574
2 5 21 7.441954 34 9.216136 14 18.139479 31 4.159863 48 9.992919
3
0 5 15 17.185916 23 18.982456 19 9.375711 34 19.126869 48 4.046655
1 5 32 10.094442 20 5.717685 25 11.654101 24 9.232412 33 3.118560
2 5 35 19.190607 31 9.060665 29 14.822175 49 3.055130 19 3.630494
3
0 5 15 2.025556 47 4.227416 49 17.527190 48 12.764956 24 19.537722
1 5 48 2.431325 18 9.079316 25 15.932277 33 4.582336 30 12.296047
2 5 21 8.215874 40 7.185397 26 17.347429 16 4.822854 41 10.739761
3
0 5 15 14.563007 33 7.752126 45 9.447092 32 7.890087 23 2.203273
1 5 20 1.884394 17 3.992334 39 11.322683 42 6.130455 23 13.497112
2 5 44 19.664024 29 3.777193 34 4.859766 47 15.133740 36 10.581718
3
0 5 15 12.331652 24 12.008435 32 13.397986 37 10.537337 22 15.588072
1 5 20 9.576777 28 7.849703 49 19.161955 47 5.676096 42 11.361221
2 5 31 5.973522 18 8.709861 33 10.940247 37 9.044884 43 10.415359
3
0 5 15 8.200994 26 11.488266 18 9.583640 43 8.658692 32 17.110180
1 5 48 2.725056 29 9.413272 26 15.224783 30 2.233317 40 13.834953
2 5 24 1.621128 30 16.801622 47 8.093262 16 12.442797 43 4.360771
3
0 5 20 15.966064 45 9.884698 38 19.128410 41 19.870033 30 18.980419
1 5 40 15.598657 38 4.693228 49 6.079206 34 2.850299 43 7.572749
2 5 29 19.534631 21 14.066853 40 15.819747 30 14.407984 37 4.864187
3
0 5 20 8.206137 48 14.229187 43 8.251481 32 6.110422 22 10.650637
1 5 38 8.217788 33 8.199638 44 9.250245 41 2.614273 43 6.139355
2 5 27 8.566277 26 16.469354 33 10.825260 30 3.435069 23 4.644498
3
0 5 20 2.271863 47 3.850878 26 5.083514 23 7.537955 41 16.028134
1 5 36 12.732989 40 11.641369 26 12.306317 35 2.046400 31 4.663584
2 5 39 18.607800 48 17.390569 43 7.385523 30 17.262956 44 19.116294
3
0 5 20 4.985618 41 2.264557 39 5.450898 49 9.221883 48 4.620516
1 5 39 3.527027 29 19.840553 32 6.688759 38 10.280473 41 2.317394
2 5 45 2.202928 46 1.692479 48 6.953431 25 11.092759 31 4.160437
3
0 5 20 19.347966 27 2.645593 43 14.879579 41 16.641144 22 15.676100
1 5 45 2.612261 25 4.138817 44 9.973427 28 14.616280 42 12.456600
2 5 45 5.003466 34 14.676868 32 10.065884 33 8.774556 44 17.007493
3
0 5 25 3.413157 49 9.111596 44 12.849124 38 16.224782 43 7.545949
1 5 42 7.986368 37 16.778940 47 11.905628 29 11.733925 26 2.697492
2 5 39 11.236757 47 7.220743 33 17.125909 34 2.723261 27 8.727467
3
0 5 25 11.986324 47 8.706220 41 15.824418 35 18.149493 48 5.115126
1 5 42 1.411811 36 12.075586 39 1.807941 44 3.822276 28 7.759766
2 5 46 3.344505 43 15.062469 49 15.998270 44 17.014703 38 13.269121
3
0 5 25 17.343412 26 15.205742 44 11.965573 29 5.570727 43 9.787088
1 5 40 6.949280 37 8.597244 45 6.034466 31 9.433389 49 8.434138
2 5 33 7.901697 32 5.514102 34 12.446254 35 7.339518 38 7.841502
3
0 5 25 1.963127 41 7.561298 29 10.069863 44 11.120152 42 7.504436
1 5 44 8.777000 38 11.472460 32 4.033522 25 11.400188 40 18.081099
2 5 38 5.149372 28 7.676945 45 3.592685 30 7.989101 44 14.779998
3
0 5 25 11.605779 31 6.791176 43 3.434659 37 5.891293 28 2.893697
1 5 42 3.381004 31 5.838821 30 14.224974 39 14.296640 29 13.778138
2 5 41 2.302084 26 18.798258 27 17.991829 25 7.770408 38 18.894149
3
0 5 30 17.744372 35 16.741214 37 15.295975 47 2.878891 42 16.295924
1 5 47 8.639325 35 15.627927 30 4.282827 48 13.352633 34 5.423275
2 5 36 7.894095 48 16.153749 34 15.288767 49 5.395983 32 19.726911
3
0 5 30 17.601066 35 4.593979 40 12.218397 43 2.341794 44 12.595070
1 5 45 6.749084 46 6.637063 40 15.132305 34 3.337349 43 5.897617
2 5 30 10.775406 35 10.731781 40 6.739595 42 18.956511 46 12.118823
3
0 5 30 8.598589 48 2.639690 43 18.016173 38 9.855704 44 6.899772
1 5 49 1.643964 44 12.228675 42 6.343935 47 5.101661 48 1.729355
2 5 33 17.928281 35 8.389001 49 17.520721 41 3.252094 46 5.690414
3
0 5 30 12.916524 38 19.945917 33 3.498148 34 11.755214 31 7.083178
1 5 40 3.481271 38 18.608874 36 14.899079 31 17.920082 39 7.103152
2 5 45 11.044824 39 3.461201 35 11.747599 47 7.337820 40 11.905181
3
0 5 30 15.526057 40 13.091186 42 7.994874 39 17.547975 48 17.068613
1 5 30 10.529354 48 11.580864 47 11.638522 32 4.886126 37 5.130419
2 5 38 16.647650 48 9.197947 47 15.188816 34 11.250169 39 17.482237
3
0 5 35 7.471001 49 17.596078 46 12.231152 36 10.227023 48 17.536583
1 5 43 10.668011 45 10.253919 47 10.403023 39 13.191442 49 16.255842
2 5 44 7.977989 49 6.155542 43 1.150314 39 17.355163 48 3.295216
3
0 5 35 2.086456 44 3.292276 48 10.443937 43 19.005886 47 12.009539
1 5 43 1.879210 37 5.901745 39 1.984443 42 1.806706 44 16.059420
2 5 45 17.152165 49 4.596104 47 9.305271 41 19.048217 42 8.443700
3
0 5 35 4.404165 44 6.841328 39 7.563764 49 6.845043 40 14.714432
1 5 40 7.973886 47 7.124077 43 1.958328 36 6.626799 39 1.471891
2 5 35 6.731983 37 11.746686 47 5.273372 45 5.198962 36 9.072584
3
0 5 35 16.061331 43 19.811626 48 12.566236 47 8.005233 37 19.689535
1 5 38 11.038357 41 4.280638 43 12.244726 37 10.669196 36 5.692629
2 5 38 9.853845 41 7.039840 42 17.454347 35 12.780792 36 11.017062
3
0 5 35 1.747599 40 4.072786 37 11.304158 43 10.753792 44 3.634397
1 5 48 12.761852 36 16.937961 40 17.117075 35 3.351198 37 8.643817
2 5 42 4.952917 48 5.069761 49 12.135143 35 6.776943 43 13.122323
3
0 5 40 16.142465 49 9.967819 45 13.028765 42 12.370463 47 13.490028
1 5 41 8.684352 48 2.292491 49 19.941944 47 9.775144 44 4.081717
2 5 44 5.086108 40 18.078911 42 10.222659 48 5.668497 43 12.967146
3
0 5 40 6.734789 47 13.388504 43 7.948753 42 2.767317 45 5.899132
1 5 46 4.935989 43 7.610955 44 4.167663 47 10.685452 42 9.908017
2 5 41 13.111137 45 5.504665 48 14.044561 46 18.553877 47 7.497072
3
0 5 40 16.541479 43 1.295526 49 9.719531 48 7.669482 44 14.436734
1 5 45 6.679431 48 3.052676 44 8.409164 40 3.065616 42 3.828491
2 5 41 7.348719 43 6.009818 47 12.192903 49 6.911539 48 19.478632
3
0 5 40 11.087742 47 12.693541 48 3.876110 49 9.442129 44 11.452569
1 5 49 2.519504 41 5.167118 47 4.768150 48 8.878958 44 7.233841
2 5 41 4.345553 43 5.220997 44 12.763588 45 7.679696 47 1.949071
3
0 5 40 12.519436 47 6.844865 46 6.096706 44 16.570185 41 10.421632
1 5 42 3.771280 45 11.483284 40 6.751845 43 1.803667 41 18.718388
2 5 45 9.176164 41 15.055148 40 11.331348 49 7.751181 47 9.533365
3
0 5 45 11.607004 46 1.846374 47 17.364553 48 7.974990 49 8.091438
1 5 45 14.304390 46 11.960322 47 15.998275 48 12.243743 49 8.528222
2 5 45 9.451228 46 1.863495 47 17.800563 48 10.597869 49 13.675271
3
0 5 45 4.433444 46 17.382905 47 12.206868 48 13.031545 49 16.386620
1 5 45 4.915454 46 5.636347 47 11.245692 48 14.989255 49 16.399673
2 5 45 5.647172 46 18.657447 47 13.879624 48 3.331414 49 13.861401
3
0 5 45 5.928880 46 7.672627 47 16.849039 48 8.640513 49 4.235379
1 5 45 5.012555 46 16.578843 47 9.492549 48 18.799989 49 1.499180
2 5 45 10.941952 46 5.474101 47 13.940536 48 19.682279 49 7.137298
3
0 5 45 11.692458 46 3.867886 47 2.358910 48 11.876178 49 12.264010
1 5 45 5.927157 46 4.231420 47 6.140920 48 10.494706 49 14.634924
2 5 45 12.596910 46 3.591280 47 2.739082 48 3.536890 49 7.525407
3
0 5 45 6.572575 46 10.745223 47 10.198017 48 1.441543 49 9.197500
1 5 45 13.180098 46 19.224095 47 7.364845 48 12.087431 49 11.000892
2 5 45 8.053780 46 8.055218 47 6.859790 48 3.640914 49 13.624868
3
0 1 49 9.771795
1 1 49 18.246259
2 1 49 3.227338
3
0 1 49 13.060241
1 1 49 18.961488
2 1 49 1.593771
3
0 1 49 12.678056
1 1 49 14.014834
2 1 49 1.792060
3
0 1 49 4.527865
1 1 49 7.305689
2 1 49 6.828292
0
