50 49
3
0 3 5 19.504582 45 6.734249 31 17.477133
1 3 35 18.778718 42 13.405248 49 10.356466
2 3 42 16.111967 39 4.313402 14 19.355221
3
0 3 5 15.645127 11 9.325143 18 16.464396
1 3 47 11.631375 44 19.350328 33 5.431006
2 3 25 14.599868 28 6.442637 45 4.939406
3
0 3 5 18.908859 45 18.850954 8 8.055047
1 3 28 1.168313 38 15.838967 27 14.113940
2 3 46 3.341587 43 7.747199 19 15.074462
3
0 3 5 16.439517 26 10.664541 12 9.541048
1 3 20 1.008340 44 3.245116 45 4.201353
2 3 10 4.624842 5 6.109217 36 13.421415
3
0 3 5 10.750309 39 11.862749 34 8.200350
1 3 22 11.393667 36 13.727854 13 9.230450
2 3 40 11.356565 33 2.181367 10 5.932357
3
0 3 10 18.920343 41 16.481576 13 19.724276
1 3 13 2.437238 30 11.983280 27 14.710093
2 3 23 19.164182 39 7.628287 25 16.844481
3
0 3 10 14.995308 44 14.855805 36 12.591964
1 3 24 3.416327 12 12.673264 19 10.263185
2 3 42 9.976404 37 10.691169 45 5.009541
3
0 3 10 7.336165 22 15.838107 46 13.858769
1 3 31 19.456351 49 8.729623 12 14.563119
2 3 32 17.023089 46 3.103413 12 11.582087
3
0 3 10 2.988273 15 6.015926 33 10.819684
1 3 33 17.478906 40 16.214314 31 9.055110
2 3 47 3.594215 22 17.201477 23 19.478349
3
0 3 10 17.793763 12 16.174208 41 19.369329
1 3 34 3.740566 33 5.067600 19 3.228131
2 3 25 8.841717 33 1.929094 29 18.823571
3
0 3 15 10.284586 40 15.341958 25 17.634504
1 3 22 16.755973 25 4.333076 17 2.162640
2 3 18 6.979563 20 10.125614 24 16.054571
3
0 3 15 2.673937 18 11.197223 30 11.359147
1 3 33 19.003974 32 1.399830 38 11.329552
2 3 22 15.983983 26 10.739138 25 14.920749
3
0 3 15 12.710681 18 10.653394 47 7.799321
1 3 25 3.439096 18 7.287948 28 9.420210
2 3 15 10.970773 40 18.477241 49 1.004786
3
0 3 15 3.677876 42 6.152477 28 6.383643
1 3 20 16.798253 37 3.651726 31 9.274265
2 3 24 3.334904 16 6.945649 39 11.274754
3
0 3 15 6.343659 31 18.120044 46 19.614009
1 3 26 9.822510 21 13.398185 19 8.310964
2 3 44 15.230626 24 12.695043 39 11.085801
3
0 3 20 16.542340 30 5.771734 24 15.764901
1 3 30 19.443375 24 13.641716 34 13.713195
2 3 31 12.025097 42 19.351853 44 16.037719
3
0 3 20 19.960107 31 1.227750 46 15.160080
1 3 46 17.762233 39 18.455780 20 12.111461
2 3 43 19.775352 20 16.382999 48 9.403911
3
0 3 20 1.341340 34 19.208398 38 5.025165
1 3 43 7.597345 27 5.618818 33 1.017187
2 3 25 12.149726 29 11.284459 35 8.068842
3
0 3 20 16.181629 37 7.162555 26 4.361553
1 3 31 5.564852 43 2.555910 41 14.888904
2 3 30 2.996691 25 18.092738 22 1.133820
3
0 3 20 4.639699 38 10.176094 49 13.656916
1 3 48 10.400408 44 17.380726 36 7.562728
2 3 40 12.319971 44 8.091171 29 8.853281
3
0 3 25 12.668233 26 12.198059 32 8.837647
1 3 26 13.021466 28 17.304213 42 1.473686
2 3 25 1.306725 42 7.656681 44 19.111035
3
0 3 25 7.177146 27 16.441086 30 14.945009
1 3 46 7.576560 49 11.922190 25 2.142330
2 3 42 6.103961 48 2.273622 35 16.597392
3
0 3 25 19.698956 35 19.401853 29 19.604783
1 3 31 9.336091 41 7.882314 33 13.070029
2 3 43 5.472215 25 19.857005 26 4.489800
3
0 3 25 9.877540 27 3.596672 46 4.400368
1 3 26 18.975646 45 14.481185 33 18.036158
2 3 25 18.774499 42 14.841535 26 7.037500
3
0 3 25 12.424365 36 18.791613 40 2.202313
1 3 33 13.824440 39 11.536843 45 12.538524
2 3 30 11.600299 34 11.475215 26 8.001549
3
0 3 30 17.051505 45 17.401444 38 19.035173
1 3 35 7.608156 33 10.497142 34 15.193366
2 3 33 12.672055 45 12.053876 47 15.409598
3
0 3 30 14.389353 31 10.547921 38 3.621041
1 3 43 15.596414 47 13.415301 41 6.915319
2 3 45 12.907080 35 4.887414 34 9.030934
3
0 3 30 6.146636 39 13.128443 47 5.824089
1 3 44 2.089493 43 1.992531 37 1.101926
2 3 34 6.776774 31 13.761473 38 8.411916
3
0 3 30 8.750810 44 13.344889 36 14.395036
1 3 30 17.909137 34 16.911083 46 9.646349
2 3 41 13.347993 42 17.032882 48 16.640874
3
0 3 30 13.351352 46 13.880754 48 18.693320
1 3 33 7.283415 44 18.327830 43 3.545507
2 3 39 14.180423 30 15.046559 33 13.862911
3
0 3 35 14.382691 45 18.662682 46 2.373808
1 3 47 14.135109 45 14.673431 40 17.029722
2 3 37 3.879999 39 17.018344 40 11.458418
3
0 3 35 13.899990 37 5.266175 49 11.921347
1 3 41 5.254686 48 2.006379 40 13.708884
2 3 38 11.427647 44 9.462160 35 8.895159
3
0 3 35 11.819570 40 19.558883 43 11.304727
1 3 38 9.625399 43 19.875862 37 12.386434
2 3 48 8.577504 37 11.034087 39 11.160727
3
0 3 35 12.376204 44 11.951970 36 14.778212
1 3 41 10.401074 46 5.768603 36 12.501630
2 3 46 3.852677 48 15.926659 47 2.909080
3
0 3 35 19.978077 46 15.406823 37 12.551561
1 3 46 10.886606 36 6.678541 42 4.806908
2 3 41 9.276619 46 10.052304 48 19.469911
3
0 3 40 11.716866 42 13.075392 45 14.951804
1 3 48 6.150142 46 14.242353 41 4.346458
2 3 45 15.595973 46 7.656982 48 7.870219
3
0 3 40 18.477207 41 1.737353 47 4.646546
1 3 46 7.290807 49 8.767107 43 1.926829
2 3 40 9.119660 47 10.436127 44 4.049478
3
0 3 40 12.547026 44 5.788763 43 3.877584
1 3 47 5.530114 43 8.181827 46 6.089637
2 3 42 1.785172 40 13.235987 47 17.808671
3
0 3 40 17.157997 44 12.918297 46 13.203937
1 3 41 11.632528 49 9.650094 46 14.792548
2 3 45 16.486472 46 2.739846 41 11.679702
3
0 3 40 10.036774 48 11.980401 46 15.163268
1 3 44 11.450824 49 13.241446 41 2.588347
2 3 41 5.571098 40 14.120117 48 16.618826
3
0 3 45 19.812579 46 17.914619 47 10.303788
1 3 48 16.155778 49 3.601578 46 2.487949
2 3 46 8.052366 45 5.834196 47 19.910346
3
0 3 45 14.321474 49 1.354431 48 15.285847
1 3 49 9.446665 47 6.183508 45 17.143685
2 3 49 11.963303 45 12.158219 47 1.846738
3
0 3 45 4.639789 49 4.265646 46 14.622417
1 3 48 13.702613 49 18.043534 45 11.125292
2 3 45 9.186333 48 10.056772 47 18.579800
3
0 3 45 17.538608 48 10.308350 47 14.125346
1 3 49 10.729355 47 13.663912 48 3.136085
2 3 46 2.961838 49 3.768705 45 16.504984
3
0 3 45 9.081059 49 5.777272 46 4.230838
1 3 46 18.777174 49 8.508370 47 6.725257
2 3 48 19.790414 45 9.119515 46 7.359101
3
0 1 49 16.803840
1 1 49 10.102454
2 1 49 9.706833
3
0 1 49 7.208202
1 1 49 19.588288
2 1 49 7.015251
3
0 1 49 17.031810
1 1 49 18.443766
2 1 49 17.170272
3
0 1 49 15.026981
1 1 49 19.080622
2 1 49 15.518286
0
