50 49
3
0 4 5 4.796959 18 13.729139 9 5.013265 30 1.822647
1 4 6 11.889554 14 13.408564 41 7.890701 17 2.359833
2 4 32 4.516691 11 15.443406 26 9.863233 18 9.170739
3
0 4 5 12.548484 37 11.776439 46 6.787843 30 9.636278
1 4 20 7.951960 11 19.969902 15 12.583725 42 8.087755
2 4 19 8.186379 26 12.209050 49 6.847365 38 15.836962
3
0 4 5 5.572992 32 15.652581 38 14.598286 40 5.751412
1 4 34 6.366018 26 9.267353 8 16.175069 20 15.111234
2 4 27 19.951912 37 1.924849 31 3.957307 11 9.013035
3
0 4 5 17.210157 10 9.167943 37 12.087910 25 17.687642
1 4 40 10.009058 8 3.980702 19 18.041261 46 6.641352
2 4 25 1.369443 13 11.233550 32 14.909047 42 2.595088
3
0 4 5 11.459509 18 1.193155 47 9.778063 9 17.015469
1 4 46 8.933406 20 1.668427 9 1.023759 31 1.812989
2 4 28 10.249976 16 19.130484 9 5.921623 8 7.581954
3
0 4 10 3.266009 30 3.388975 25 12.441307 36 5.828634
1 4 12 13.334922 37 17.161483 32 19.109743 44 9.202267
2 4 40 13.094613 29 2.372019 37 11.081633 26 1.810472
3
0 4 10 8.947229 33 4.486632 13 16.620280 47 15.731595
1 4 11 7.362096 24 9.990971 49 5.482679 20 4.369126
2 4 19 17.508393 22 17.181707 16 8.534954 35 12.671186
3
0 4 10 19.640460 16 17.055174 32 9.986258 46 4.604362
1 4 25 1.291690 34 5.168192 18 5.782373 41 16.974302
2 4 15 17.545117 36 3.853953 30 11.658225 23 18.016350
3
0 4 10 8.756202 44 9.881425 48 16.038037 22 19.270656
1 4 16 5.736450 12 3.200182 13 5.539501 40 1.676500
2 4 29 14.757824 23 13.912536 33 19.475597 45 13.777094
3
0 4 10 18.731780 17 5.820715 32 11.141357 48 19.020888
1 4 39 11.429762 31 5.335492 49 6.104070 45 1.840503
2 4 28 9.630726 10 6.212487 41 4.403096 43 11.416255
3
0 4 15 14.916867 24 6.486026 39 5.237937 36 7.382701
1 4 33 4.905281 44 8.848589 17 1.771153 45 5.537827
2 4 46 6.165088 29 15.767963 23 9.596763 32 15.472323
3
0 4 15 3.684392 30 11.376447 44 7.637631 27 9.678782
1 4 26 19.628693 18 8.425140 48 19.716816 32 15.971827
2 4 15 3.767427 28 1.772691 25 18.200620 26 18.938163
3
0 4 15 9.972428 47 8.577789 18 7.798141 23 13.936217
1 4 20 7.652733 49 10.121164 15 7.920237 29 10.389906
2 4 34 3.391398 33 13.199929 48 14.530412 47 9.626776
3
0 4 15 16.364130 40 6.813910 39 9.482103 35 14.623967
1 4 37 19.102724 24 4.116567 44 9.311905 49 17.827405
2 4 20 4.469200 28 10.939166 31 10.983507 15 9.871884
3
0 4 15 3.679640 43 10.326319 34 13.957339 28 12.824143
1 4 36 5.671976 16 19.542030 32 19.762661 42 8.508748
2 4 46 16.654314 25 18.828840 36 8.182498 28 8.887433
3
0 4 20 8.839683 41 17.660988 44 13.985877 38 10.616025
1 4 25 16.791023 30 7.537919 49 18.461062 29 1.082132
2 4 27 8.137195 33 15.999066 31 4.646202 45 3.905491
3
0 4 20 16.513409 27 19.581681 44 14.590331 49 16.736093
1 4 34 12.700605 28 17.131951 44 5.191985 30 2.283889
2 4 45 4.832463 31 5.755011 49 15.593675 23 15.788069
3
0 4 20 13.536966 25 10.760997 41 2.261613 21 5.579822
1 4 42 9.486223 31 6.831339 20 1.542788 32 8.386308
2 4 47 17.018958 38 18.598639 37 16.580644 32 15.393964
3
0 4 20 7.819676 32 10.111516 22 15.379498 45 6.303090
1 4 29 17.833240 20 13.464008 26 13.705933 30 11.848888
2 4 47 14.650437 28 13.150399 38 4.200664 34 1.731721
3
0 4 20 7.915781 28 7.002572 41 12.980979 33 17.304706
1 4 35 10.802876 25 4.093074 39 15.457455 38 10.498047
2 4 37 5.532747 49 15.684557 21 15.091657 31 19.291454
3
0 4 25 13.190322 45 6.414352 37 11.041654 42 8.195458
1 4 48 17.164728 26 8.183338 38 6.486853 34 1.740313
2 4 25 11.915126 34 9.721925 29 6.503528 45 11.678357
3
0 4 25 6.591406 36 5.306691 33 13.157690 37 3.565284
1 4 28 3.954307 32 8.150313 36 17.957464 47 15.565242
2 4 29 7.572892 41 5.900487 28 19.102690 30 8.543430
3
0 4 25 15.816240 34 1.993457 49 14.335846 27 14.142018
1 4 32 14.108420 39 3.321108 30 16.446207 37 17.119135
2 4 47 17.030904 34 14.427963 35 7.542818 33 3.523214
3
0 4 25 14.305046 37 4.240303 26 13.964838 40 12.551918
1 4 42 12.891169 43 8.442855 30 3.790903 35 4.928407
2 4 27 10.914540 34 16.395094 28 18.545319 45 13.151212
3
0 4 25 10.600948 45 4.721394 32 1.636037 26 9.795489
1 4 41 8.682828 42 17.775629 25 11.503771 46 13.261283
2 4 46 3.940510 30 9.283868 47 13.311687 37 11.954050
3
0 4 30 17.886297 36 8.327497 47 18.315172 33 6.003172
1 4 40 5.531801 42 15.140134 33 7.405977 44 11.442878
2 4 43 6.214685 42 2.273634 38 15.856032 44 12.309375
3
0 4 30 10.265878 45 6.557501 46 5.259079 35 5.818014
1 4 32 6.548337 40 7.200765 45 14.874965 46 5.351613
2 4 42 1.435020 35 16.586634 43 9.745030 33 13.501209
3
0 4 30 4.032549 34 15.890858 47 10.124493 46 18.965557
1 4 37 15.131474 40 18.341586 38 5.949668 30 5.262963
2 4 42 8.989548 44 16.971093 48 17.989827 35 4.462395
3
0 4 30 11.917748 36 3.196653 40 3.923470 34 16.768094
1 4 33 8.032062 45 9.871672 48 1.493858 34 8.035447
2 4 32 7.605310 33 3.577941 31 14.323337 47 14.242418
3
0 4 30 14.209600 36 14.811596 33 1.768478 47 9.094894
1 4 37 11.494314 47 9.275330 45 15.511861 48 6.265493
2 4 47 14.257066 39 12.280625 44 15.764796 41 6.036651
3
0 4 35 10.200863 40 10.171132 37 9.308667 41 19.612570
1 4 36 11.246484 49 5.497180 41 17.178132 40 9.421406
2 4 43 7.120520 48 9.446052 37 12.165369 46 3.167709
3
0 4 35 1.264244 48 16.983593 37 1.218982 42 18.758582
1 4 42 2.615186 46 3.675245 48 15.434018 36 3.673466
2 4 38 16.094321 49 6.892975 39 5.060310 48 6.728704
3
0 4 35 4.003281 45 11.462943 47 3.733629 41 2.557598
1 4 41 6.975766 40 14.034558 36 10.162737 44 3.374310
2 4 46 8.632340 42 13.444161 40 15.183948 47 19.536278
3
0 4 35 1.407747 37 7.225442 39 13.213552 40 12.204699
1 4 40 3.675016 46 10.882993 49 16.883113 47 2.662687
2 4 48 3.637595 39 19.420116 37 1.862746 36 2.249889
3
0 4 35 18.795519 48 14.476279 41 12.523310 37 17.203044
1 4 42 19.556808 44 9.967341 41 18.289424 49 11.915270
2 4 42 11.298010 36 13.621919 44 12.069068 39 13.532341
3
0 4 40 16.265757 44 10.829866 41 11.322380 45 14.950056
1 4 47 6.907299 49 3.907068 48 14.778742 41 11.006660
2 4 48 8.487662 46 15.144952 45 8.142321 41 2.151135
3
0 4 40 5.184135 44 12.601602 43 5.166505 41 12.235472
1 4 49 8.108274 42 18.511623 43 15.040304 48 8.190863
2 4 44 13.903258 47 10.029312 49 11.957346 41 9.883742
3
0 4 40 13.463615 46 14.850397 47 9.420605 49 16.617694
1 4 46 15.479136 42 2.353899 45 3.029840 47 8.491355
2 4 42 17.676143 40 5.560984 43 17.717309 49 7.092573
3
0 4 40 19.793881 44 18.850642 42 2.559776 45 13.333093
1 4 49 19.845921 40 15.048240 44 9.897536 48 3.260241
2 4 45 10.350342 42 14.120641 46 6.985848 44 10.437908
3
0 4 40 10.061213 49 17.491250 42 17.932755 47 10.293084
1 4 42 5.515165 43 14.638121 44 7.358601 45 8.097501
2 4 47 2.518371 46 10.940593 49 4.827768 48 18.989725
3
0 4 45 5.855318 48 12.502034 47 13.778045 46 10.584061
1 4 47 1.068547 49 8.606248 48 17.654494 46 2.118859
2 4 45 12.202934 49 12.647364 48 19.291196 47 1.300205
3
0 4 45 10.306768 49 3.052444 47 12.187329 48 2.316574
1 4 48 6.490008 49 13.995643 47 9.521833 45 5.257874
2 4 49 6.223696 47 7.925793 48 10.529051 46 4.819782
3
0 4 45 17.823189 49 11.378101 46 9.978436 47 17.072693
1 4 48 17.884060 49 2.304052 45 8.613458 47 13.128647
2 4 46 12.102465 45 12.899951 49 5.547424 48 11.228777
3
0 4 45 11.492849 49 6.637324 48 15.626116 47 6.474348
1 4 46 15.034054 47 4.914940 48 6.417402 49 1.896837
2 4 49 19.553371 46 6.858656 48 17.473687 47 13.842572
3
0 4 45 14.008530 48 1.091207 46 12.022848 47 12.621111
1 4 49 18.209373 48 3.374389 47 10.640038 46 13.725600
2 4 47 13.662450 45 8.040416 46 17.563131 49 3.733790
3
0 1 49 10.655688
1 1 49 6.700579
2 1 49 18.177548
3
0 1 49 14.630023
1 1 49 14.336118
2 1 49 19.986584
3
0 1 49 10.103363
1 1 49 12.148859
2 1 49 13.312825
3
0 1 49 11.293532
1 1 49 1.805999
2 1 49 13.714884
0
