50 49
3
0 5 5 11.032234 13 15.760822 47 8.793304 23 11.756171 15 14.520564
1 5 35 13.250606 6 16.690606 42 5.873241 11 10.917482 32 17.244533
2 5 24 3.364842 40 7.950687 25 15.846650 13 3.444775 41 4.521844
3
0 5 5 17.875509 16 10.173469 28 12.344600 48 4.065856 21 2.556266
1 5 41 7.642477 39 19.462275 10 7.660614 45 1.875871 28 11.223036
2 5 41 14.364929 49 4.041982 20 10.449370 15 13.955898 6 14.246610
3
0 5 5 13.906685 23 13.883745 20 13.748381 37 10.113266 40 4.130430
1 5 44 9.781036 21 3.700758 42 18.366605 24 14.292518 13 1.161908
2 5 35 9.097248 27 12.841684 7 17.275731 34 2.769353 42 7.246142
3
0 5 5 9.448849 22 5.043920 38 8.046798 24 19.024019 42 9.266185
1 5 33 17.675379 24 6.338113 14 2.447228 36 3.225377 11 4.420406
2 5 45 8.276430 35 14.111969 6 14.596800 33 12.186590 25 11.761480
3
0 5 5 5.119476 17 8.974023 32 8.455260 13 16.950581 41 12.569496
1 5 13 6.373128 30 19.063045 49 15.236757 46 3.958264 35 6.136682
2 5 15 7.796386 7 16.360256 35 14.020134 23 15.813576 29 17.322911
3
0 5 10 4.989876 13 18.226933 44 5.665786 38 1.254787 43 14.945921
1 5 10 4.879857 25 3.762296 39 2.162584 22 13.578583 28 3.299409
2 5 27 7.813922 25 12.127958 34 5.893407 10 8.850674 31 1.680965
3
0 5 10 8.218101 45 9.320630 27 7.339678 11 18.913842 25 3.458857
1 5 47 7.559416 25 15.933916 37 15.613545 13 1.979380 21 19.698182
2 5 34 2.644833 15 1.647414 18 2.646593 23 11.078806 14 10.199431
3
0 5 10 13.595756 30 1.465306 27 4.574439 38 8.776246 34 9.380059
1 5 30 19.240721 17 8.309796 36 5.816795 25 13.683360 43 6.258443
2 5 31 9.948823 33 12.761975 43 14.308969 35 5.351885 38 17.975289
3
0 5 10 2.056620 31 2.819901 25 18.007414 18 4.276228 28 9.879431
1 5 29 5.819272 31 15.320553 14 1.815283 48 3.280833 24 14.658135
2 5 32 17.950815 22 3.742446 30 13.823330 12 10.807617 40 17.465264
3
0 5 10 13.532084 40 19.144342 22 7.637760 13 6.923581 31 11.853735
1 5 38 3.722631 36 4.570420 23 8.282499 18 17.785004 12 7.695793
2 5 33 9.190979 49 4.779651 40 17.922882 44 13.370674 15 15.166913
3
0 5 15 6.407416 18 9.336612 38 18.199496 17 6.391553 48 6.763883
1 5 31 11.064502 42 13.270596 46 10.429663 37 14.945105 29 17.887164
2 5 41 11.309792 36 6.041116 23 5.676519 30 9.319027 44 19.123516
3
0 5 15 14.227802 39 11.017853 49 9.559163 43 15.749062 35 17.871528
1 5 26 6.339947 15 11.977708 20 19.494686 23 10.680548 19 18.514531
2 5 40 12.229355 18 16.719509 44 9.850542 22 18.936744 21 3.081985
3
0 5 15 6.964069 22 7.526391 47 19.188900 36 19.877817 25 8.337875
1 5 33 7.880257 34 6.576872 21 3.771403 44 10.788189 38 1.419472
2 5 45 12.560213 16 11.773693 48 1.991396 43 9.112073 44 8.976310
3
0 5 15 17.140364 20 7.383079 42 15.958595 31 16.847361 23 11.320400
1 5 23 8.649215 46 3.151044 32 3.661303 31 7.823278 16 16.637150
2 5 17 9.086207 25 9.542460 18 13.009795 41 4.229231 44 17.022196
3
0 5 15 16.152069 36 19.273017 40 7.481803 45 4.203779 42 17.963975
1 5 36 19.531080 30 3.921522 35 14.841916 38 14.013067 39 17.484583
2 5 25 19.733280 40 1.789058 30 9.090744 48 16.280790 37 13.044561
3
0 5 20 8.029249 49 17.384068 48 2.949802 41 6.768092 39 15.498812
1 5 21 15.205605 41 19.833369 36 18.140593 24 14.248512 27 16.559985
2 5 47 8.405606 45 7.037243 44 10.869842 39 15.426788 36 6.451504
3
0 5 20 7.618027 30 13.511896 38 6.468978 40 9.003751 27 15.763302
1 5 24 17.379112 35 11.985930 23 15.207969 49 5.393520 37 7.404359
2 5 46 18.024330 38 5.488077 25 19.656088 45 7.033770 36 13.730309
3
0 5 20 9.788095 43 9.730227 34 6.475951 30 16.576892 28 4.440387
1 5 43 5.821864 21 5.080893 49 19.038141 47 13.306373 36 12.546293
2 5 26 1.643710 40 7.944079 36 15.436674 42 16.520587 29 14.566953
3
0 5 20 11.618502 40 17.266422 46 11.841823 39 10.656491 34 2.314448
1 5 21 12.210678 49 1.237008 40 8.837483 47 4.101890 20 6.292153
2 5 38 2.158812 29 13.134521 20 14.791617 37 9.250577 27 11.604408
3
0 5 20 3.488555 34 19.522565 49 6.792688 44 17.016489 38 4.988990
1 5 40 11.539228 45 15.165497 37 18.683785 31 7.758693 49 3.030297
2 5 43 3.840361 22 9.561973 40 12.367701 44 6.473011 49 19.420663
3
0 5 25 19.454749 35 3.288552 41 16.761235 32 18.852940 37 12.957685
1 5 31 11.949429 47 19.210017 28 16.454394 37 13.666307 41 1.497896
2 5 42 19.479165 31 2.315234 32 8.099081 27 15.509794 45 11.020594
3
0 5 25 5.081270 45 9.746206 29 16.470881 46 16.808633 40 18.137931
1 5 39 14.737626 35 10.970775 40 1.306451 37 10.418163 31 10.235562
2 5 34 17.605566 46 11.806861 45 18.793604 48 10.852309 49 12.653089
3
0 5 25 10.796613 47 9.356254 45 11.280764 28 15.408658 46 9.026659
1 5 38 16.499332 29 3.234508 42 15.117998 27 5.334864 45 8.307024
2 5 41 9.524035 25 8.927230 45 19.350991 46 6.607614 39 17.342781
3
0 5 25 7.396317 49 1.542041 48 4.572779 33 3.065472 46 8.946551
1 5 36 14.385577 43 10.947689 31 10.618952 33 14.164725 29 6.417818
2 5 46 7.203146 28 14.148750 38 6.406075 26 9.669401 30 16.921190
3
0 5 25 11.146849 45 4.907712 49 7.031786 34 18.603925 26 1.116351
1 5 47 18.600119 32 19.618389 30 3.551010 48 8.690001 40 10.339889
2 5 28 3.484801 25 12.476054 47 8.047200 34 12.443239 48 4.283042
3
0 5 30 16.915473 48 13.420509 47 13.447432 31 1.690776 45 5.638919
1 5 48 2.914782 33 8.361764 43 10.163520 30 14.050336 39 11.758406
2 5 40 10.323132 37 5.788474 44 10.163975 31 13.690057 45 14.861006
3
0 5 30 10.300040 37 15.566156 33 11.491993 43 8.096571 39 12.662155
1 5 42 10.251263 37 17.104560 44 18.862652 34 15.996220 47 10.467009
2 5 41 17.345900 48 8.499292 35 10.882969 38 2.537405 46 19.524013
3
0 5 30 11.158558 40 9.427360 37 13.658243 31 19.613623 49 16.819356
1 5 42 16.888272 30 8.722532 49 10.935609 48 5.068934 40 9.549649
2 5 46 14.385922 33 5.425242 30 3.100159 40 18.845410 42 18.961238
3
0 5 30 18.799109 44 14.410588 34 5.219458 32 12.993717 36 5.441242
1 5 31 7.005754 37 3.633394 41 2.831751 33 13.964515 35 18.709342
2 5 49 8.851213 45 8.221634 47 2.273743 40 2.530959 44 3.775431
3
0 5 30 6.732256 34 6.570455 38 19.358306 35 12.951714 44 6.201363
1 5 48 7.615834 30 5.452421 39 8.046550 33 9.321221 31 8.822018
2 5 34 13.411215 40 7.529068 31 8.108069 35 1.661686 38 7.114723
3
0 5 35 3.652519 43 11.795355 42 13.435079 38 9.208793 44 3.947674
1 5 47 3.226383 41 5.129936 38 12.079286 44 19.397542 35 8.894944
2 5 46 13.708232 47 14.979960 40 19.776094 43 3.081336 38 10.503193
3
0 5 35 5.672407 49 7.894682 46 19.697073 45 17.147791 36 12.394153
1 5 42 15.541722 35 11.120624 36 3.497371 41 6.854115 45 2.144990
2 5 43 18.854018 46 17.392992 45 2.848087 39 12.002965 40 4.706895
3
0 5 35 12.422635 39 17.486154 47 1.390994 41 17.238225 36 11.005735
1 5 39 11.980454 46 8.375943 49 19.865295 41 8.232842 45 18.088889
2 5 47 15.343554 37 12.244677 36 10.256952 46 9.368305 44 10.443178
3
0 5 35 9.162079 43 19.768771 48 1.680999 39 12.831813 44 8.931133
1 5 41 7.486427 43 14.456119 42 1.638934 36 15.469509 48 7.534240
2 5 35 16.388791 47 19.213817 49 11.192313 42 18.663250 48 8.376871
3
0 5 35 9.067983 46 13.924725 38 8.034230 44 12.559926 41 10.883329
1 5 46 17.109457 44 2.848613 40 2.860045 48 8.059062 39 7.732434
2 5 35 11.409304 47 6.646791 41 9.443851 39 13.585764 38 1.276079
3
0 5 40 1.734365 46 1.734141 45 15.739953 44 1.592081 42 13.763008
1 5 48 10.792261 41 6.751371 40 12.256787 44 6.031854 42 8.462459
2 5 47 8.874981 40 13.925848 43 19.711275 46 4.025535 48 9.591988
3
0 5 40 9.480621 41 13.232669 44 14.958838 48 3.846950 45 8.071466
1 5 49 12.807740 48 8.979948 40 17.552673 41 17.125335 42 8.923432
2 5 43 19.504243 48 12.407072 45 9.520256 42 11.892527 41 13.601169
3
0 5 40 3.162984 48 2.419281 46 1.216145 45 15.635584 47 17.688245
1 5 44 1.830731 48 5.470721 45 4.215064 41 9.530052 47 5.602703
2 5 47 17.188597 43 13.343712 45 18.696230 48 7.218094 49 11.766598
3
0 5 40 12.552965 45 15.585040 47 9.084604 49 11.319830 43 19.009060
1 5 41 15.298885 43 11.744894 48 16.026907 49 16.598193 46 9.143059
2 5 48 12.791944 47 19.482676 40 18.582596 43 15.319112 45 6.194760
3
0 5 40 1.312987 43 10.058189 44 7.328777 41 15.800606 42 10.507990
1 5 49 9.293536 40 12.144222 44 5.669598 41 9.011939 48 5.457319
2 5 43 13.309577 44 1.791405 46 10.030877 40 16.117694 48 1.295286
3
0 5 45 5.701716 46 13.198211 47 18.738028 48 12.080235 49 9.230086
1 5 45 11.281711 46 19.845639 47 1.255050 48 4.976677 49 9.108847
2 5 45 11.378747 46 8.360088 47 18.007099 48 6.158286 49 19.900461
3
0 5 45 1.712144 46 9.863411 47 10.928635 48 3.409465 49 1.515379
1 5 45 3.872980 46 8.852549 47 13.119762 48 18.573417 49 3.025327
2 5 45 14.628859 46 8.922134 47 5.128640 48 13.565447 49 4.544034
3
0 5 45 3.125094 46 16.127304 47 9.281273 48 7.333815 49 8.101285
1 5 45 11.101261 46 1.397406 47 1.681364 48 16.709756 49 12.248172
2 5 45 1.634726 46 9.785285 47 11.310924 48 5.797213 49 7.399392
3
0 5 45 18.099636 46 10.772661 47 10.982887 48 4.403018 49 4.469297
1 5 45 16.702324 46 7.100574 47 6.217221 48 12.687220 49 3.607310
2 5 45 10.538496 46 11.848384 47 15.274143 48 19.456110 49 11.844078
3
0 5 45 11.099357 46 15.450791 47 5.048295 48 10.726825 49 7.544520
1 5 45 11.129171 46 4.851504 47 13.796753 48 15.958796 49 2.168300
2 5 45 16.757261 46 11.153937 47 2.281675 48 6.042044 49 6.832277
3
0 1 49 18.633936
1 1 49 5.436165
2 1 49 18.804596
3
0 1 49 10.766853
1 1 49 19.929707
2 1 49 9.601726
3
0 1 49 14.055697
1 1 49 2.788810
2 1 49 17.890732
3
0 1 49 19.589983
1 1 49 4.288040
2 1 49 5.353329
0
