50 49
3
0 4 5 17.780402 44 16.481414 43 3.719734 15 11.827753
1 4 42 1.454884 40 18.472429 18 6.330089 6 5.289847
2 4 30 19.203418 12 11.749129 24 5.524152 7 16.556232
3
0 4 5 7.752576 33 7.588971 20 14.559077 28 4.950811
1 4 31 14.587148 30 9.304866 37 14.112713 17 2.008027
2 4 44 15.913233 40 10.573281 19 13.402982 33 10.687622
3
0 4 5 2.958606 31 11.174399 25 14.765774 34 17.044044
1 4 38 13.635116 36 13.434469 5 13.507622 35 6.028636
2 4 45 4.990221 42 7.464066 10 16.460481 39 17.195581
3
0 4 5 2.738744 39 4.659460 32 3.041843 23 4.818596
1 4 45 15.096386 8 6.014024 36 10.434729 22 8.279410
2 4 21 13.922938 8 10.189079 49 16.358834 31 1.330100
3
0 4 5 1.568656 41 9.221198 48 4.412568 34 10.375077
1 4 37 18.398293 47 18.085297 31 4.473620 18 14.885972
2 4 12 6.673585 14 8.284097 16 8.521347 41 13.252307
3
0 4 10 19.243494 39 12.093076 28 9.682462 46 7.393346
1 4 14 6.651560 35 19.435902 12 8.346227 44 17.132382
2 4 34 3.064522 28 3.036178 41 4.901443 15 11.469336
3
0 4 10 3.010735 28 10.287908 46 15.252423 47 17.031599
1 4 45 9.579910 44 3.558000 48 19.314075 35 18.800521
2 4 35 8.250972 28 2.277892 36 11.610202 46 11.159454
3
0 4 10 4.286274 35 15.252804 11 4.845736 49 13.375525
1 4 45 13.033917 47 11.107456 19 19.353668 23 1.924032
2 4 26 11.872831 38 18.274990 11 8.942609 27 17.237707
3
0 4 10 18.924880 19 16.447359 30 7.850410 49 6.389454
1 4 22 16.979532 29 4.359446 49 4.443947 32 15.641817
2 4 41 9.560282 28 5.987861 40 17.184949 19 12.054423
3
0 4 10 8.992956 40 10.562757 19 7.822847 13 5.474094
1 4 29 10.864393 26 14.337226 15 9.880510 28 6.176139
2 4 20 16.476684 29 2.834008 13 13.035676 32 15.411108
3
0 4 15 16.968012 29 18.116386 31 12.667468 23 7.290909
1 4 34 6.930451 46 15.884433 26 9.050103 24 1.129336
2 4 34 6.532893 22 16.103281 37 18.342778 45 11.053412
3
0 4 15 5.198317 27 1.613501 43 1.788269 22 18.774606
1 4 29 10.291555 17 6.292909 24 3.196361 15 12.288917
2 4 17 6.727268 15 16.286981 32 7.122005 43 11.369906
3
0 4 15 15.775275 16 2.488227 47 16.769450 37 9.808118
1 4 25 8.719079 17 15.863564 47 3.682920 35 17.029148
2 4 16 11.117317 28 4.338049 46 19.571632 21 12.962986
3
0 4 15 17.609683 16 16.169193 44 14.681540 31 19.562492
1 4 40 10.221821 16 13.609681 45 14.242309 46 8.856919
2 4 35 17.378423 34 7.465305 32 10.915358 31 5.427483
3
0 4 15 9.755447 37 11.843315 35 4.331933 23 6.938744
1 4 30 9.927483 40 3.486430 38 1.765998 21 5.750605
2 4 17 9.787160 26 3.388643 38 1.092622 47 4.061132
3
0 4 20 18.867245 39 18.444266 41 3.545052 28 13.961548
1 4 34 14.060645 38 9.327004 35 15.054306 26 13.569235
2 4 23 8.872587 30 11.974725 44 15.973160 32 12.045723
3
0 4 20 11.897783 41 1.842474 22 4.445270 36 10.709516
1 4 27 5.155273 24 6.007182 40 12.383198 23 18.886940
2 4 23 14.217597 44 4.618796 34 6.444531 35 7.848829
3
0 4 20 11.176052 34 5.503234 28 5.902542 29 14.454763
1 4 24 6.086595 21 11.864343 48 2.356299 43 17.285745
2 4 45 11.621675 33 8.209952 20 3.601060 47 13.671107
3
0 4 20 1.521435 32 6.440000 37 17.711495 41 4.061669
1 4 45 11.620437 36 5.965919 41 11.484736 42 10.504389
2 4 35 15.170146 21 18.117171 28 16.713899 36 18.406394
3
0 4 20 3.870401 27 7.065103 31 18.691059 21 6.749005
1 4 22 14.005965 35 2.808426 40 19.663716 27 17.415536
2 4 21 16.250417 45 8.360715 41 3.281922 44 2.199635
3
0 4 25 8.961462 40 13.756746 47 16.099824 26 18.505144
1 4 26 7.854249 39 10.646296 46 18.175414 49 10.765209
2 4 42 4.905882 25 9.826928 28 3.287975 38 4.635641
3
0 4 25 5.183818 36 17.703015 33 2.946528 34 9.193332
1 4 28 2.551980 32 5.429099 47 3.698675 36 7.434741
2 4 40 6.261894 47 9.597974 32 10.380002 43 12.451888
3
0 4 25 19.544160 29 14.142092 49 4.732142 27 17.311850
1 4 36 16.912779 32 10.987126 30 17.491027 46 13.297279
2 4 34 15.020228 49 16.432219 31 9.480943 44 17.027891
3
0 4 25 19.814502 39 9.295571 43 10.333363 46 10.063654
1 4 44 16.588915 46 7.365572 39 11.719164 36 11.160544
2 4 35 9.237371 49 15.673263 40 5.339175 30 19.615619
3
0 4 25 2.589027 27 7.961792 38 7.859361 47 1.028506
1 4 27 13.201539 26 15.394930 36 8.135985 43 11.084550
2 4 44 19.724220 29 19.755627 47 14.268423 42 2.906815
3
0 4 30 10.152953 32 15.439875 43 2.945180 46 7.398422
1 4 41 18.670651 32 3.999754 33 19.600391 40 5.384415
2 4 38 7.808264 33 11.624221 32 9.895321 40 3.469205
3
0 4 30 13.678786 48 11.493320 40 1.487251 35 18.014955
1 4 46 3.168040 35 9.064713 43 12.762560 40 16.983060
2 4 37 18.517621 43 12.761378 41 17.995072 44 10.374113
3
0 4 30 2.960982 48 10.715035 43 7.951545 32 8.384504
1 4 30 1.643344 45 14.957033 37 18.567988 46 16.764059
2 4 33 17.535723 43 3.887749 39 10.220156 42 18.372728
3
0 4 30 14.631847 45 14.690159 40 11.641266 32 13.592415
1 4 37 17.871126 46 12.503888 39 16.728670 35 17.501146
2 4 33 10.783892 37 12.066653 46 14.699494 31 19.430841
3
0 4 30 5.932856 36 15.295962 43 13.545653 45 11.611557
1 4 34 6.475581 35 11.741900 33 15.581798 40 15.207788
2 4 48 4.246513 40 13.633999 42 3.700111 45 8.682740
3
0 4 35 15.531026 47 6.342970 48 7.856654 38 10.090120
1 4 38 17.049421 46 1.124022 39 15.235704 49 1.748564
2 4 49 1.706249 36 18.283069 40 16.527217 42 2.028313
3
0 4 35 5.914003 47 18.268296 41 11.977242 45 17.882533
1 4 42 1.547388 37 8.753231 43 19.021486 49 15.597745
2 4 40 17.202984 41 15.994974 35 17.883749 38 17.955026
3
0 4 35 1.549410 46 4.112602 49 1.118165 42 14.820098
1 4 46 2.760627 36 17.300749 35 16.821013 44 6.244794
2 4 43 17.278877 49 14.531520 48 17.298914 44 15.289795
3
0 4 35 19.577452 48 7.986946 38 18.447420 47 10.099595
1 4 37 3.447070 39 1.745294 40 8.520465 47 11.057156
2 4 48 5.898740 40 9.778682 47 7.991373 46 10.150027
3
0 4 35 1.875152 47 14.859508 42 10.030710 41 12.196357
1 4 43 17.711192 44 15.543659 42 2.773651 36 12.355548
2 4 47 19.849643 49 17.305227 41 6.292134 45 12.666160
3
0 4 40 17.409183 44 19.637246 43 1.819949 45 7.133446
1 4 41 15.543855 42 19.698914 49 17.727429 44 17.778179
2 4 47 14.634060 40 19.380769 48 2.483826 44 2.788307
3
0 4 40 9.176458 44 5.183842 46 1.868067 42 18.585398
1 4 47 9.265630 43 15.760046 48 1.478057 40 6.701640
2 4 44 13.515590 42 14.995035 46 13.266896 49 5.912564
3
0 4 40 1.727247 41 6.606917 43 10.133878 47 1.785690
1 4 43 9.177076 45 1.908353 46 13.489589 41 16.741568
2 4 46 16.146491 48 19.983856 45 18.891002 43 3.019215
3
0 4 40 19.682591 47 9.010621 43 14.958657 49 17.092460
1 4 42 15.501263 41 14.325385 45 17.895191 40 3.404168
2 4 41 7.292560 44 12.508377 40 16.128570 42 11.439351
3
0 4 40 16.279276 43 4.154187 49 9.058942 41 4.351900
1 4 44 2.931100 42 4.271351 47 2.520631 45 15.531530
2 4 44 13.035196 48 10.345481 41 8.528774 49 8.291433
3
0 4 45 6.809245 46 11.660845 49 9.985538 47 14.561892
1 4 48 8.690011 47 15.552492 49 4.378761 46 2.902952
2 4 49 19.142661 47 19.117091 45 19.083112 46 13.470297
3
0 4 45 4.421872 48 1.583593 49 8.583640 46 9.880436
1 4 48 16.359994 49 17.380547 47 1.579755 46 1.700721
2 4 47 1.218024 48 19.934418 49 6.219470 46 13.541673
3
0 4 45 10.292315 49 3.664483 48 16.944120 46 18.723651
1 4 48 2.595957 47 9.937431 46 11.687419 45 14.243946
2 4 45 9.535386 49 12.171169 47 17.322229 48 14.254092
3
0 4 45 9.449101 49 13.602360 47 5.426829 46 1.165661
1 4 49 7.424786 47 12.069583 45 15.274018 46 13.628028
2 4 46 6.383526 45 7.117727 49 10.094619 47 11.510686
3
0 4 45 2.346652 48 3.421091 49 10.250775 46 18.171169
1 4 46 7.637650 48 14.108399 47 14.248246 49 12.155585
2 4 49 16.854431 46 2.121028 47 4.147934 45 10.045958
3
0 1 49 12.936740
1 1 49 14.769866
2 1 49 4.864972
3
0 1 49 13.659716
1 1 49 7.778677
2 1 49 11.296531
3
0 1 49 15.431796
1 1 49 13.993298
2 1 49 7.808426
3
0 1 49 19.513940
1 1 49 7.366105
2 1 49 13.502403
0
