50 49
3
0 5 5 2.881751 35 11.520515 30 15.182902 24 10.188087 15 16.235703
1 5 43 4.692560 23 19.033507 12 1.292916 37 1.107797 25 3.857555
2 5 21 13.433397 7 9.276894 49 3.272415 48 1.009377 8 4.388499
3
0 5 5 7.944602 9 16.163948 21 4.319324 35 12.748014 30 14.868777
1 5 39 5.465931 34 11.890909 29 7.801468 17 2.210676 5 18.391879
2 5 22 11.148196 21 6.329232 31 17.190514 42 13.992663 34 9.685332
3
0 5 5 11.602094 16 14.863118 39 17.192522 47 4.922478 24 3.526558
1 5 7 17.481149 14 7.024080 40 19.716305 6 10.796918 25 13.428937
2 5 31 13.283294 15 3.714311 45 18.914528 5 14.783244 23 6.098608
3
0 5 5 2.904940 13 4.390864 15 15.885810 33 14.013913 42 16.066351
1 5 13 19.469704 43 15.742999 7 1.443489 22 19.688623 27 5.397872
2 5 28 16.936334 26 4.489457 14 3.811471 22 11.741592 34 15.684439
3
0 5 5 13.898639 40 8.533544 48 4.498364 7 3.631827 41 17.255827
1 5 35 7.730430 43 18.763844 38 6.805143 40 11.829543 48 4.970711
2 5 45 18.953116 42 14.987254 26 4.265296 21 9.569955 15 3.475668
3
0 5 10 13.257090 28 17.290737 23 15.958789 45 12.590760 36 2.923571
1 5 25 1.147159 28 16.395915 14 5.546907 42 6.031894 13 16.818302
2 5 14 18.662690 22 3.398181 43 12.671158 36 10.462859 40 4.197309
3
0 5 10 7.442756 47 2.160884 41 14.683671 33 13.570865 22 1.144657
1 5 27 8.953731 39 15.744492 33 17.796616 30 6.092807 32 15.660258
2 5 12 2.472852 15 1.520739 44 15.642403 16 8.836421 43 9.090377
3
0 5 10 18.047382 42 13.199080 37 13.441439 46 15.277689 15 5.702079
1 5 43 7.217523 19 12.769898 38 14.763495 18 11.903258 17 18.735432
2 5 43 11.634222 15 16.158805 48 17.102325 38 7.266288 19 16.840109
3
0 5 10 2.377070 33 3.787296 22 17.450557 23 10.158073 41 6.550344
1 5 34 13.394236 28 2.325991 23 3.519020 35 17.976796 12 13.004040
2 5 12 16.284830 18 4.220887 14 14.700106 40 6.011345 21 1.462790
3
0 5 10 7.812428 11 9.480062 42 1.660287 43 5.921839 15 1.033855
1 5 15 3.194385 23 16.121058 46 9.727987 26 2.577739 27 8.782439
2 5 13 7.418943 11 18.477932 32 4.267895 34 16.249335 40 8.270127
3
0 5 15 14.110274 27 2.480287 20 16.003980 21 12.264781 47 16.248055
1 5 45 6.951314 47 15.328903 22 7.211986 32 7.699677 34 5.738867
2 5 15 1.972465 22 4.783343 31 2.071893 41 9.722594 24 19.576199
3
0 5 15 8.107870 29 18.015288 35 8.814029 24 17.884373 36 4.999134
1 5 46 15.411800 47 18.995323 28 4.131310 23 14.852326 49 16.036057
2 5 18 13.361799 37 15.106218 25 11.303694 15 13.406998 46 9.263838
3
0 5 15 11.352203 27 10.974545 43 8.987186 30 9.331428 18 14.926088
1 5 25 8.370477 16 6.953952 43 3.358083 18 19.855972 17 16.025583
2 5 46 7.323541 16 13.543963 44 19.619665 30 18.837095 40 8.382852
3
0 5 15 19.168703 36 19.087222 18 1.974198 32 9.306230 42 16.726151
1 5 23 18.321874 31 17.807479 17 11.278809 45 1.661892 24 19.475145
2 5 47 9.446767 26 14.070253 46 15.649957 38 19.347828 20 15.375874
3
0 5 15 17.775263 35 1.796508 41 4.325267 38 3.821956 17 10.218724
1 5 25 6.821656 20 9.550213 46 11.003785 47 7.743774 45 15.692769
2 5 28 10.019865 16 7.010507 34 1.855715 25 10.478097 29 4.145240
3
0 5 20 1.964535 29 11.725546 37 9.656323 47 10.646184 23 17.421196
1 5 30 9.105676 42 6.601698 35 10.082593 44 18.529159 28 2.908955
2 5 29 7.978554 44 17.125958 32 9.806397 24 3.858103 41 3.524107
3
0 5 20 4.569046 32 19.893209 30 9.976318 35 3.050905 36 6.679647
1 5 49 17.002945 48 12.041096 33 12.699744 46 5.276844 34 1.011487
2 5 23 19.309515 27 3.234740 40 7.621237 39 17.579625 33 2.396690
3
0 5 20 3.176578 48 15.512377 42 6.473965 29 3.389630 32 18.895399
1 5 25 2.931604 31 14.565268 39 19.100701 26 6.270941 43 5.281696
2 5 49 16.570390 48 3.102505 34 14.540637 28 19.045602 40 2.434645
3
0 5 20 8.799439 48 11.465767 45 19.347043 26 2.014594 29 1.028306
1 5 36 2.485215 35 3.645562 30 9.413791 49 13.735523 26 15.094449
2 5 26 1.625533 43 13.574134 36 16.714843 27 14.644408 21 2.727152
3
0 5 20 15.161059 28 13.792573 30 15.950606 45 19.408576 32 4.072975
1 5 42 15.697328 46 1.388570 33 3.634666 39 1.057366 26 3.713951
2 5 29 18.728464 27 1.858167 32 7.270325 33 16.550915 44 15.927537
3
0 5 25 3.723242 38 10.509027 33 11.642647 43 10.463789 49 12.100099
1 5 45 6.414663 32 5.762558 38 9.374286 29 10.323681 46 16.582557
2 5 32 12.075307 39 11.098233 25 7.776687 27 4.479443 43 13.312173
3
0 5 25 12.129802 34 9.203887 43 19.253827 40 17.076241 41 8.555122
1 5 38 16.178915 34 1.875599 44 1.503146 42 4.814576 25 6.425543
2 5 39 16.758917 44 4.706308 37 7.325321 41 9.353804 31 19.394033
3
0 5 25 8.732430 28 4.458484 37 10.651114 34 11.690568 41 10.965273
1 5 32 13.935773 47 11.424508 27 4.233916 39 15.214579 34 7.857959
2 5 43 9.858147 41 6.813829 29 5.742063 35 18.080247 48 13.935626
3
0 5 25 19.312274 37 6.803516 38 2.352710 49 13.817733 46 8.245231
1 5 33 6.312982 48 16.334799 44 19.626514 31 2.048730 42 8.929760
2 5 33 4.321931 49 15.326439 37 16.469210 47 19.523773 34 6.119479
3
0 5 25 16.275288 30 10.035941 31 9.500324 26 7.690334 48 7.534631
1 5 34 4.722997 48 18.922463 47 8.432166 49 8.230869 39 6.858527
2 5 30 14.987971 36 17.834611 49 12.507748 32 5.529728 38 16.757643
3
0 5 30 17.494758 45 3.693481 41 2.046582 49 11.017460 42 6.573647
1 5 45 3.104416 36 9.846653 49 18.072999 47 2.864412 32 6.027343
2 5 31 19.472710 46 13.857765 37 2.977161 39 5.795610 41 18.170499
3
0 5 30 14.455553 36 14.018520 40 19.386014 43 16.461001 49 18.902191
1 5 42 19.710997 45 2.198110 44 14.063760 35 10.688260 43 6.619084
2 5 45 18.343827 33 14.858107 42 15.130844 41 10.000868 49 11.190285
3
0 5 30 18.821587 36 1.111422 43 17.998530 40 16.657624 35 1.132452
1 5 32 11.603299 44 11.648616 40 5.672426 37 12.237956 48 10.324317
2 5 31 12.193510 38 9.505660 36 13.972233 47 10.693741 44 9.462164
3
0 5 30 11.730844 32 5.009407 37 16.196331 35 12.880018 42 6.756436
1 5 33 7.368397 38 12.400306 37 5.970469 39 2.170115 35 13.094292
2 5 48 12.771408 40 4.458650 49 15.285166 30 3.274725 32 12.989797
3
0 5 30 11.760215 37 13.684223 44 18.349958 38 4.961554 40 8.290871
1 5 43 8.546381 30 12.008914 38 6.000685 32 19.760496 48 13.138191
2 5 40 19.121056 45 8.726968 38 9.744257 33 1.731191 42 16.310860
3
0 5 35 12.969979 45 14.640197 43 2.801163 42 13.378723 41 5.368093
1 5 46 8.151068 48 13.170521 39 11.850654 36 15.988917 40 4.488494
2 5 49 11.304168 47 11.473432 42 2.989192 46 3.816073 48 1.153379
3
0 5 35 14.075342 46 11.907380 47 3.026100 36 1.389570 43 13.879316
1 5 48 9.637293 37 5.652808 45 9.746733 43 16.514625 36 8.345402
2 5 36 12.322633 48 9.873375 46 4.772637 40 11.611072 37 2.177004
3
0 5 35 2.779348 44 3.869621 41 5.024931 43 7.635032 38 1.546214
1 5 47 7.923318 44 14.728555 49 2.416546 40 10.362623 39 12.266935
2 5 35 4.965516 37 6.898312 44 11.833046 36 5.273582 47 16.599055
3
0 5 35 7.517127 38 6.732470 43 1.065493 47 2.771951 48 18.516263
1 5 41 7.067274 40 6.392830 49 2.602329 38 15.814997 44 4.009202
2 5 46 14.699246 39 17.556947 43 8.490851 38 7.471172 48 6.258290
3
0 5 35 7.808965 45 7.331959 42 6.417250 43 8.689578 37 11.426097
1 5 45 12.364523 38 4.760362 41 8.003851 39 18.865959 35 4.710657
2 5 38 7.018500 40 17.835903 35 13.645573 48 9.030771 46 5.052792
3
0 5 40 15.179462 49 7.941010 43 3.171392 48 11.567970 47 17.115971
1 5 46 10.066657 45 6.556514 42 15.450596 44 6.687500 49 13.081815
2 5 43 13.522302 47 17.235495 46 17.570221 48 1.861563 40 15.666535
3
0 5 40 17.974653 42 5.009748 45 8.914087 49 14.249441 43 8.274464
1 5 40 14.808445 47 8.527564 43 10.306807 49 15.555429 48 16.561907
2 5 46 9.136171 43 9.941868 44 2.918247 41 4.850217 40 16.265753
3
0 5 40 3.963749 48 8.270732 45 19.082556 44 3.747530 43 17.578617
1 5 45 6.002729 42 19.138429 41 6.309593 48 14.601319 44 15.746154
2 5 46 6.805929 43 6.810605 44 17.578090 47 6.585417 45 15.974235
3
0 5 40 10.839366 41 6.295345 43 17.557167 49 2.682038 42 14.870469
1 5 48 14.743292 40 15.748939 47 17.276055 49 6.331273 41 12.411490
2 5 47 18.841260 40 8.882628 42 11.437915 41 4.113326 45 4.983766
3
0 5 40 9.394364 42 2.131168 47 13.915813 41 10.358188 43 3.455032
1 5 47 3.403962 44 12.792111 41 4.541444 43 11.989635 49 3.673017
2 5 40 4.603934 43 15.488963 49 14.450838 41 1.170790 45 4.523759
3
0 5 45 5.432286 46 12.928420 47 11.183528 48 10.231050 49 17.885278
1 5 45 15.958166 46 2.159808 47 17.322300 48 5.238924 49 11.576387
2 5 45 5.164326 46 1.931464 47 9.935681 48 9.403357 49 16.279167
3
0 5 45 5.044594 46 17.746826 47 4.421116 48 18.869379 49 2.288085
1 5 45 16.801769 46 3.402367 47 15.521342 48 18.076678 49 11.550808
2 5 45 7.110778 46 13.242461 47 6.362122 48 17.704861 49 16.094724
3
0 5 45 3.624349 46 8.102707 47 2.769287 48 8.923280 49 19.633564
1 5 45 9.492479 46 9.675323 47 8.473440 48 17.947928 49 7.201210
2 5 45 18.273730 46 6.420012 47 18.553191 48 13.334154 49 9.423935
3
0 5 45 5.080265 46 15.574049 47 1.689033 48 1.383642 49 7.521526
1 5 45 1.858307 46 8.986292 47 6.637429 48 6.679372 49 17.244886
2 5 45 9.897911 46 1.224518 47 6.389699 48 9.528306 49 12.966844
3
0 5 45 14.723412 46 14.046454 47 10.520418 48 9.659306 49 3.767291
1 5 45 18.436399 46 16.631774 47 9.705386 48 16.500746 49 17.259782
2 5 45 10.507585 46 13.514641 47 9.817155 48 7.591665 49 12.899476
3
0 1 49 18.898290
1 1 49 18.659064
2 1 49 5.397975
3
0 1 49 13.839195
1 1 49 12.563796
2 1 49 7.661989
3
0 1 49 17.705165
1 1 49 12.389530
2 1 49 11.419239
3
0 1 49 14.839110
1 1 49 18.395203
2 1 49 5.139469
0
