50 49
3
0 5 5 18.355331 12 14.252625 42 2.102060 49 7.641396 24 15.321405
1 5 30 7.282298 38 9.348960 25 6.719764 26 1.778153 8 5.783572
2 5 25 17.084010 49 16.690867 6 15.205826 33 15.087018 48 17.569104
3
0 5 5 3.965510 45 1.777010 19 11.837953 44 12.044981 41 12.478809
1 5 14 13.076930 13 13.512418 25 19.578797 49 7.065766 15 4.334566
2 5 37 10.853417 16 19.370929 5 8.244032 24 5.074325 49 3.741655
3
0 5 5 12.886654 45 16.002935 32 5.228507 22 6.292063 31 17.244481
1 5 13 15.754944 36 19.855616 7 12.885929 49 3.946297 5 11.840630
2 5 47 18.416500 32 1.585784 43 13.866902 6 13.930758 26 11.738175
3
0 5 5 11.715952 17 8.597468 19 5.684224 24 7.007209 10 8.251043
1 5 8 1.290013 7 4.758315 35 2.127976 28 8.921223 25 6.682754
2 5 10 11.911883 6 7.990712 12 10.497386 30 17.221435 31 18.857814
3
0 5 5 4.900909 41 14.365987 12 1.757503 26 11.152885 14 15.033450
1 5 47 1.107610 25 1.703184 17 13.518629 28 16.346263 22 12.055664
2 5 26 16.080616 17 5.636463 42 19.287121 38 7.076153 39 17.151109
3
0 5 10 18.713013 12 2.171687 42 12.164204 35 4.014324 14 11.186455
1 5 39 12.848990 18 5.192624 32 9.871949 20 15.829242 31 7.201973
2 5 13 5.303701 34 16.202401 37 11.054459 32 2.861137 48 16.652560
3
0 5 10 5.469408 20 2.334215 35 16.057914 45 2.952639 22 15.726968
1 5 30 16.327808 23 4.241797 22 2.926937 46 5.348748 13 14.240946
2 5 13 13.938143 23 11.527370 28 5.653456 32 14.220989 36 10.878622
3
0 5 10 8.909100 33 7.177130 27 11.872446 48 3.304511 21 10.704100
1 5 25 8.403745 19 16.265719 42 15.299665 37 15.594611 40 18.141964
2 5 49 16.316960 22 2.170559 29 1.112450 28 5.943810 17 2.410011
3
0 5 10 5.864363 30 9.013958 12 6.035908 17 8.658061 22 4.761357
1 5 14 2.005144 33 19.995279 39 19.749755 17 18.952774 12 14.831072
2 5 20 18.743030 16 12.246501 13 15.315289 47 10.355699 11 9.431137
3
0 5 10 16.526967 17 5.052797 48 16.727018 19 5.082888 26 17.472515
1 5 38 10.416297 16 13.263601 26 16.390107 24 15.170258 43 19.761634
2 5 31 7.308466 18 9.346119 29 14.882071 20 13.915994 27 19.762733
3
0 5 15 9.377319 34 17.587011 29 19.195977 32 16.101645 43 9.696137
1 5 19 11.923098 34 5.734045 30 14.735972 43 10.566003 31 3.575225
2 5 30 7.191864 17 2.430097 37 5.909027 49 14.284998 21 8.106306
3
0 5 15 9.157896 48 10.276655 39 7.237512 28 12.493872 49 9.442321
1 5 32 10.914212 48 1.627706 29 7.610372 26 4.782177 43 17.307306
2 5 39 16.211999 18 2.051256 19 2.675318 16 13.842155 31 10.637531
3
0 5 15 6.740901 31 12.930511 33 16.426725 19 17.817052 37 14.187611
1 5 19 10.504390 18 7.081592 17 4.194878 21 11.840765 32 5.055641
2 5 28 18.903112 27 2.998391 26 8.005123 45 18.766546 37 6.050585
3
0 5 15 3.459473 47 4.139152 34 12.839557 16 18.492671 27 5.274993
1 5 39 10.938224 35 10.602336 18 5.417322 36 4.070476 37 16.538999
2 5 27 12.007042 33 13.135670 20 4.790017 49 15.525483 19 14.596802
3
0 5 15 2.318167 23 6.727344 22 5.783556 36 12.091443 39 17.870332
1 5 34 1.373813 47 19.471569 32 19.531154 15 7.916558 16 4.088612
2 5 33 11.152880 48 3.542104 31 11.769998 39 4.410082 38 4.723619
3
0 5 20 10.779921 29 7.599545 46 15.053727 37 11.994527 31 2.028717
1 5 21 3.507274 43 4.739068 26 5.846560 22 6.177209 35 2.639720
2 5 40 13.462320 32 9.803604 27 11.669822 29 2.893177 46 17.514744
3
0 5 20 1.080803 30 11.672345 37 14.566865 48 5.047243 47 19.071984
1 5 40 18.374324 41 13.287694 22 2.816534 44 5.552633 25 9.386469
2 5 26 5.259164 30 18.505260 49 12.946931 20 13.173327 47 14.685080
3
0 5 20 18.623971 32 7.880635 43 7.657542 27 15.469648 41 10.660660
1 5 20 17.078540 45 17.079966 30 8.372173 26 9.077893 41 7.484193
2 5 35 13.227365 20 2.324203 34 19.104024 47 15.281993 29 13.941740
3
0 5 20 1.805853 33 19.080190 22 6.959815 40 12.903715 24 9.099855
1 5 34 1.227247 30 13.745649 20 13.216522 36 6.289784 23 11.304379
2 5 22 11.847635 44 5.349887 45 19.236986 29 9.773455 20 14.565493
3
0 5 20 3.497999 22 6.645006 29 5.297238 42 19.538971 26 17.888948
1 5 48 19.557058 45 17.152659 47 17.649059 26 16.153339 21 1.368997
2 5 20 10.645523 29 14.792256 44 14.463136 33 1.710092 26 1.970835
3
0 5 25 7.920171 48 7.662023 49 15.149178 34 19.567230 27 14.510717
1 5 41 7.757940 32 11.855660 31 15.983983 38 14.960087 45 17.346362
2 5 38 12.540917 34 2.319270 31 1.040468 29 13.868710 35 10.907213
3
0 5 25 9.312865 45 17.265227 44 18.123532 31 2.615303 28 17.176577
1 5 40 19.395986 38 4.473867 32 11.056470 46 13.228012 27 10.179553
2 5 47 6.296219 48 12.429445 44 19.285643 29 18.501558 49 14.588260
3
0 5 25 5.520618 45 12.910501 43 6.849027 46 11.095316 38 18.587615
1 5 41 1.383596 48 11.098886 25 10.179042 44 19.909917 30 19.824820
2 5 27 3.429265 30 14.383867 34 11.987953 37 9.486127 46 10.502430
3
0 5 25 4.283659 45 12.396828 41 15.834642 36 7.570691 46 7.753728
1 5 25 8.936318 35 4.835874 33 13.248055 31 1.938501 39 15.691281
2 5 25 12.975326 41 5.981060 29 6.317906 39 10.247648 34 1.804005
3
0 5 25 10.009962 34 17.717951 33 9.009140 32 7.975626 40 10.399271
1 5 27 2.255254 47 14.632851 42 16.857474 37 4.505420 32 17.740512
2 5 30 18.556305 40 6.240839 34 2.280572 42 18.090420 26 19.118454
3
0 5 30 1.924291 33 14.994413 44 6.563005 34 4.099730 47 19.601820
1 5 41 14.120229 35 5.680944 37 10.386490 39 1.863118 38 11.867690
2 5 32 3.369221 34 2.221879 35 6.249415 45 4.090056 33 9.841989
3
0 5 30 19.045441 38 18.765269 35 13.425663 42 8.633180 34 4.806112
1 5 31 9.649941 32 13.627500 42 8.167292 49 12.379034 44 2.347391
2 5 40 19.305429 49 10.182505 42 18.791263 36 19.287999 48 13.085257
3
0 5 30 15.729348 39 2.007036 49 12.181849 44 16.840603 36 1.572077
1 5 31 7.669767 36 5.190106 41 12.818473 47 9.674034 35 5.583463
2 5 40 9.591059 47 11.786851 30 6.061257 35 19.513851 48 12.276379
3
0 5 30 8.954720 39 15.496499 35 7.776197 43 8.179980 34 18.075599
1 5 35 4.089716 49 17.914774 47 11.201289 45 18.635195 42 9.679242
2 5 40 16.692343 41 13.269650 30 18.616861 47 17.722297 38 2.483045
3
0 5 30 12.343658 33 7.243976 45 19.085351 46 1.878612 43 2.975690
1 5 44 8.287415 40 17.816608 31 15.380071 47 17.255746 48 4.804385
2 5 47 11.899997 45 15.149641 34 8.101250 37 19.857216 35 11.475530
3
0 5 35 1.016186 43 17.188006 38 12.665906 48 14.408351 39 1.728871
1 5 37 15.226074 39 10.201397 35 16.435643 46 15.297808 45 5.948202
2 5 48 9.141525 37 12.344303 46 4.791398 35 5.044500 47 11.396101
3
0 5 35 4.353482 43 16.547936 48 12.347819 45 15.202258 46 19.764207
1 5 46 15.049131 47 1.333982 42 2.884175 38 2.509862 48 9.058632
2 5 36 19.418835 46 6.129086 48 8.992225 41 5.320975 39 1.068627
3
0 5 35 5.856800 38 18.023602 43 5.875008 49 9.757995 37 14.605331
1 5 39 18.322722 43 7.504958 41 5.344123 38 2.955703 47 9.574265
2 5 43 2.372956 35 5.612678 42 2.625201 38 7.688903 36 17.600346
3
0 5 35 7.046890 38 11.280673 49 16.959077 36 13.562477 40 6.300636
1 5 40 15.461443 42 9.947115 35 9.403866 49 3.321249 44 4.086535
2 5 48 4.054188 36 18.095420 46 19.281966 49 3.211138 37 16.161955
3
0 5 35 9.328691 45 13.855647 37 9.391251 44 12.873940 36 17.590664
1 5 37 14.208485 45 18.183382 47 11.742811 36 5.504065 46 13.938291
2 5 35 13.264747 42 3.023154 36 17.818231 48 6.994368 49 19.932233
3
0 5 40 4.027169 41 17.686228 44 3.377437 47 18.862794 49 3.367054
1 5 41 10.211516 45 10.302582 40 5.710668 46 9.821873 42 5.680069
2 5 47 3.024306 49 19.336553 44 17.049490 48 4.195395 40 17.477416
3
0 5 40 8.800899 47 15.854975 49 4.365795 45 9.145500 42 9.875016
1 5 47 9.699070 44 19.839296 40 16.251685 45 7.215818 41 19.973244
2 5 45 3.806417 48 7.009575 47 16.501995 40 6.948267 49 6.023791
3
0 5 40 2.899874 47 8.083342 45 11.617734 46 10.360349 49 16.369495
1 5 46 11.020141 47 18.089008 42 18.889546 40 19.303030 41 10.434736
2 5 44 10.664711 43 11.900075 49 4.649161 48 10.707170 40 14.398004
3
0 5 40 4.257237 48 13.172142 44 19.276534 47 10.762071 42 5.387444
1 5 46 14.151970 49 11.556398 48 17.104022 47 3.949688 40 6.156865
2 5 43 15.838517 49 5.305110 40 3.089277 45 1.814060 48 13.104595
3
0 5 40 9.324082 46 18.672482 42 7.190654 43 18.870842 41 1.741745
1 5 41 1.755990 42 6.603047 46 3.928207 43 3.031820 40 7.951665
2 5 42 14.028347 49 6.722735 43 16.716704 48 14.200938 46 17.631359
3
0 5 45 15.872015 46 12.890154 47 4.142596 48 2.202952 49 5.377532
1 5 45 8.376425 46 17.829833 47 6.332639 48 3.142209 49 10.224357
2 5 45 1.148641 46 18.568439 47 12.932425 48 7.502693 49 9.844816
3
0 5 45 8.587792 46 16.820579 47 13.914406 48 12.307702 49 3.178739
1 5 45 15.513235 46 8.705605 47 19.894849 48 16.480553 49 1.661599
2 5 45 17.658879 46 19.883890 47 2.981311 48 17.940257 49 13.276794
3
0 5 45 13.023965 46 13.608046 47 17.164974 48 2.716266 49 5.170098
1 5 45 11.008001 46 8.483064 47 8.962831 48 10.915218 49 16.053001
2 5 45 10.000373 46 17.943150 47 18.538557 48 8.179854 49 14.055695
3
0 5 45 17.193489 46 5.218120 47 15.230093 48 16.618067 49 6.182354
1 5 45 10.736420 46 14.758345 47 14.818208 48 2.837861 49 12.071268
2 5 45 19.154523 46 14.866021 47 2.219992 48 9.253278 49 15.401192
3
0 5 45 2.953393 46 2.399267 47 15.081171 48 2.548826 49 19.650074
1 5 45 19.213289 46 5.963144 47 1.511367 48 11.686462 49 5.378041
2 5 45 19.395264 46 9.427614 47 13.821090 48 11.399614 49 15.182224
3
0 1 49 9.659114
1 1 49 4.558542
2 1 49 6.953057
3
0 1 49 6.239449
1 1 49 11.183521
2 1 49 5.924789
3
0 1 49 4.350464
1 1 49 1.890408
2 1 49 2.453780
3
0 1 49 19.870894
1 1 49 5.244689
2 1 49 14.834392
0
