50 49
3
0 1 5 2.852339
1 1 13 14.976774
2 1 15 5.973970
3
0 1 5 7.117349
1 1 19 10.258873
2 1 44 3.265296
3
0 1 5 15.699589
1 1 46 12.769221
2 1 16 18.649246
3
0 1 5 2.499764
1 1 39 7.559477
2 1 24 15.000552
3
0 1 5 15.565504
1 1 32 15.086582
2 1 43 18.934328
3
0 1 10 17.722112
1 1 43 15.273917
2 1 23 17.390115
3
0 1 10 17.047077
1 1 18 14.450843
2 1 38 19.496887
3
0 1 10 19.146670
1 1 21 18.865031
2 1 43 16.797831
3
0 1 10 14.904502
1 1 40 14.961748
2 1 10 9.572335
3
0 1 10 11.536797
1 1 45 14.299204
2 1 13 10.453251
3
0 1 15 5.777375
1 1 28 4.759000
2 1 33 5.768972
3
0 1 15 11.876339
1 1 38 13.991447
2 1 39 8.413737
3
0 1 15 12.399468
1 1 32 15.582285
2 1 44 15.439319
3
0 1 15 16.190780
1 1 25 3.210513
2 1 45 19.669813
3
0 1 15 10.315387
1 1 47 11.043030
2 1 44 11.474104
3
0 1 20 14.220085
1 1 30 15.322192
2 1 41 2.383838
3
0 1 20 14.326767
1 1 40 15.644596
2 1 32 14.638095
3
0 1 20 16.361742
1 1 34 9.081532
2 1 27 3.385789
3
0 1 20 14.570851
1 1 44 17.177786
2 1 37 12.733158
3
0 1 20 1.029684
1 1 23 14.022754
2 1 38 16.954336
3
0 1 25 2.628667
1 1 45 19.076306
2 1 29 4.973519
3
0 1 25 8.542571
1 1 48 18.138770
2 1 40 2.634446
3
0 1 25 15.943190
1 1 32 7.370458
2 1 48 9.064594
3
0 1 25 19.142056
1 1 29 14.894656
2 1 44 10.268240
3
0 1 25 19.321867
1 1 49 19.682518
2 1 48 15.363697
3
0 1 30 8.740331
1 1 41 18.655824
2 1 45 9.563502
3
0 1 30 19.134362
1 1 47 7.581595
2 1 40 10.490747
3
0 1 30 2.194047
1 1 45 13.392794
2 1 47 3.503737
3
0 1 30 8.352708
1 1 41 6.024043
2 1 33 2.255308
3
0 1 30 16.618029
1 1 46 11.991321
2 1 38 7.562384
3
0 1 35 15.242905
1 1 48 15.869457
2 1 43 9.019816
3
0 1 35 6.287907
1 1 41 11.901368
2 1 48 9.186488
3
0 1 35 5.926075
1 1 44 3.214947
2 1 48 15.647603
3
0 1 35 8.522154
1 1 35 12.546970
2 1 49 14.184376
3
0 1 35 1.241286
1 1 40 18.858250
2 1 44 12.245366
3
0 1 40 19.810468
1 1 44 16.836853
2 1 45 18.790427
3
0 1 40 8.497131
1 1 41 2.617650
2 1 47 18.319911
3
0 1 40 14.739922
1 1 41 4.314564
2 1 49 2.805114
3
0 1 40 15.273414
1 1 41 5.091546
2 1 41 10.627003
3
0 1 40 10.440668
1 1 46 5.593962
2 1 45 4.738921
3
0 1 45 6.007832
1 1 46 1.578383
2 1 47 15.732835
3
0 1 45 2.189239
1 1 45 4.061628
2 1 49 14.794753
3
0 1 45 2.946345
1 1 46 8.302227
2 1 45 4.908907
3
0 1 45 10.029779
1 1 46 14.881643
2 1 47 17.775839
3
0 1 45 19.426726
1 1 46 8.278119
2 1 45 3.601983
3
0 1 49 10.157396
1 1 49 12.277516
2 1 49 12.164397
3
0 1 49 17.076682
1 1 49 16.474608
2 1 49 18.836052
3
0 1 49 17.625935
1 1 49 11.438847
2 1 49 8.991813
3
0 1 49 14.612696
1 1 49 14.227290
2 1 49 4.228302
0
