50 49
3
0 5 5 4.628770 19 6.875225 21 17.290019 41 10.147455 24 11.425518
1 5 47 6.455440 24 1.322643 32 15.295124 35 5.927837 8 6.404898
2 5 30 16.857039 49 1.754191 40 8.883491 20 2.612401 41 7.604918
3
0 5 5 8.557168 7 16.459201 46 8.518586 8 9.533565 25 12.575690
1 5 39 12.469902 8 7.439417 15 11.995450 17 8.015038 25 19.415969
2 5 33 13.546651 12 15.643404 25 10.242043 35 6.150363 20 9.439198
3
0 5 5 18.492062 30 6.993641 19 7.999516 12 12.799883 6 6.379984
1 5 10 5.271607 41 15.725948 48 13.759596 24 12.218025 19 12.856113
2 5 49 17.965982 34 8.517397 38 5.736016 6 12.620185 35 11.686194
3
0 5 5 13.077685 32 15.375272 28 2.926074 6 10.035899 36 12.643209
1 5 8 19.100054 15 6.544229 42 17.971856 19 18.430976 33 11.036367
2 5 17 6.415433 29 1.669784 21 7.959021 13 12.210159 44 6.700205
3
0 5 5 18.292103 11 18.204808 18 17.796784 41 8.641051 43 15.101964
1 5 34 9.522172 22 10.042333 31 10.489578 21 13.150662 36 9.809297
2 5 18 10.735246 8 15.632852 43 5.924223 41 5.880849 34 6.822527
3
0 5 10 11.701706 21 14.763819 33 18.017924 14 4.600588 24 7.873472
1 5 10 5.447115 33 16.444772 18 13.135990 19 5.739081 35 8.210214
2 5 35 7.555526 33 4.287816 47 11.215144 12 18.621834 41 14.116304
3
0 5 10 8.704580 11 13.334681 27 12.784726 30 9.040224 47 14.528297
1 5 36 2.041030 33 6.457368 40 6.620404 25 18.066239 10 5.086677
2 5 41 1.278940 12 10.135354 42 18.513225 45 19.626912 24 2.187954
3
0 5 10 13.121105 22 17.637634 14 8.676056 25 10.405576 34 9.949826
1 5 29 17.651141 26 7.294331 33 14.826297 34 1.973877 32 11.861017
2 5 28 2.287238 33 14.571590 18 9.992944 47 11.670307 38 16.005714
3
0 5 10 10.597888 48 4.073382 36 18.877233 15 7.476532 37 12.661169
1 5 18 14.260396 14 6.813488 35 10.175742 37 6.152938 23 18.857882
2 5 11 1.641746 38 16.693374 35 1.127322 42 17.175217 29 15.807549
3
0 5 10 2.474137 49 14.829591 13 2.187718 34 10.780366 41 5.179261
1 5 42 7.921150 37 19.198441 11 5.331144 36 14.581388 24 12.231637
2 5 14 18.072088 25 11.924228 45 13.308113 44 11.103203 20 1.242219
3
0 5 15 4.494231 33 17.022341 20 10.522383 22 13.295568 17 3.310071
1 5 34 4.055624 36 4.960988 37 8.846084 21 12.511876 25 16.101120
2 5 31 13.641131 49 17.961272 37 18.479264 20 19.308526 47 10.333483
3
0 5 15 13.089762 18 12.701266 25 18.123056 43 10.094385 29 9.837333
1 5 29 14.179453 35 12.864602 23 7.421052 28 18.009889 45 4.172119
2 5 40 17.105803 16 5.846850 47 4.711492 33 17.991706 21 15.135811
3
0 5 15 7.667621 23 2.443474 36 12.444841 26 7.950366 47 19.113122
1 5 47 6.490345 29 4.642087 31 6.429438 33 19.516224 36 7.072008
2 5 18 13.223456 35 1.710667 38 17.099340 26 16.729859 16 17.402133
3
0 5 15 9.118532 23 6.549589 22 12.177569 44 4.978225 31 5.906383
1 5 48 6.477291 35 2.729171 15 5.032065 19 7.070688 38 17.440739
2 5 20 15.916573 46 3.031467 32 4.679227 24 17.469303 42 13.631747
3
0 5 15 10.958081 16 18.677514 32 3.591694 24 17.250604 29 5.917056
1 5 30 10.677718 43 19.342034 16 15.840934 23 8.717601 25 15.305390
2 5 44 4.100739 37 19.564976 36 18.203962 49 4.538088 35 16.405287
3
0 5 20 15.191889 25 5.794531 33 4.336869 31 6.694472 47 15.092559
1 5 35 15.366694 45 19.440256 42 12.086220 47 4.159083 28 2.046923
2 5 28 15.018770 42 13.655298 25 3.699116 36 19.778071 29 12.372333
3
0 5 20 3.546788 48 14.369672 27 15.154675 46 19.148934 38 19.474249
1 5 46 13.777136 29 14.452562 33 2.468602 30 3.258081 27 19.391133
2 5 42 9.020936 28 4.520472 36 10.060149 45 9.174978 49 12.495488
3
0 5 20 3.079242 38 16.122253 48 17.428658 45 1.671396 42 5.083075
1 5 49 15.425546 46 1.149361 24 7.432985 43 5.227035 39 6.958026
2 5 24 8.150959 31 4.721065 47 14.858865 46 2.177706 40 3.650744
3
0 5 20 2.974826 33 1.392206 27 18.273263 49 9.866217 28 11.398110
1 5 38 17.976854 40 7.593187 49 7.296110 42 18.827194 23 13.288776
2 5 22 13.872041 46 3.744106 30 11.352522 27 13.701231 28 14.039573
3
0 5 20 19.545922 42 10.027174 21 3.819963 47 2.083351 33 5.182775
1 5 46 10.089496 23 8.179368 41 10.556980 29 15.130883 24 5.866426
2 5 30 5.736191 45 1.389138 21 13.743830 44 1.367734 20 15.358180
3
0 5 25 13.140968 32 15.427288 35 16.869709 44 7.215349 38 8.526125
1 5 44 3.407038 26 1.419441 30 3.748048 27 5.032622 43 9.851747
2 5 42 12.354219 35 4.754054 48 10.937343 44 14.957260 39 6.564006
3
0 5 25 2.786662 39 1.415019 32 4.833724 34 4.135934 49 3.280555
1 5 49 11.875794 32 9.903247 44 4.830825 39 14.036418 40 19.295158
2 5 26 16.867384 34 8.374046 46 13.474272 28 18.629676 42 11.444013
3
0 5 25 13.818631 34 1.914610 47 11.141560 27 16.670199 28 15.470219
1 5 34 8.045634 39 3.707300 27 18.344148 42 19.816170 32 1.553612
2 5 39 2.070226 42 8.833092 36 15.342087 25 6.535032 27 14.252908
3
0 5 25 17.218044 35 7.603194 31 10.308493 39 5.221034 41 10.101530
1 5 29 11.184941 48 15.278847 32 13.545141 25 3.927626 42 7.754357
2 5 29 4.970402 36 3.516537 39 15.594880 47 2.009496 45 18.070300
3
0 5 25 10.654696 36 16.804047 37 8.538794 34 2.099393 35 14.990321
1 5 31 4.662286 49 7.524776 46 12.286004 36 3.990288 28 1.858005
2 5 36 5.871929 34 18.958843 44 11.768027 49 14.277458 45 13.808539
3
0 5 30 1.281570 43 2.350921 47 6.658815 42 14.757267 49 2.986334
1 5 32 3.498820 31 1.660886 41 7.329736 48 13.567107 44 16.987350
2 5 30 3.817107 34 19.663400 46 17.254893 35 11.752167 38 15.971566
3
0 5 30 17.177086 33 2.541545 48 18.408947 43 1.438990 44 15.941205
1 5 49 7.093580 39 5.441830 34 7.786427 48 5.499678 35 10.275837
2 5 34 18.630497 45 19.969186 46 13.835630 38 10.387184 48 17.347087
3
0 5 30 19.069473 48 5.234749 37 10.543292 40 9.002667 43 10.398170
1 5 31 16.701943 38 7.193502 42 9.620746 30 16.911521 41 14.521810
2 5 44 11.075130 42 19.524532 35 5.402433 41 19.414191 47 10.938052
3
0 5 30 12.799396 35 19.210140 37 17.208226 41 4.929634 40 7.972946
1 5 48 2.332447 45 14.017849 39 7.247918 32 9.455778 31 13.869615
2 5 46 1.407098 43 3.155430 34 12.887511 44 18.996870 39 11.843374
3
0 5 30 19.976085 44 12.667999 46 10.613364 49 1.933943 42 9.298656
1 5 30 2.631552 44 16.563980 39 7.066443 35 6.695950 41 14.659758
2 5 34 15.267841 47 17.565829 49 3.690888 38 12.241539 45 16.747500
3
0 5 35 16.327404 42 16.572371 44 9.411825 48 4.260396 47 6.454343
1 5 39 15.897009 49 15.359102 36 10.592585 43 13.635748 38 19.587140
2 5 47 3.343148 39 11.723514 35 15.436520 45 17.800257 48 2.898830
3
0 5 35 12.139515 43 18.388106 44 11.228876 41 12.299828 38 3.493870
1 5 48 9.038467 46 7.963953 43 10.694059 35 11.337080 44 17.656669
2 5 44 9.400277 49 8.936022 46 2.033178 47 9.513275 48 13.402241
3
0 5 35 4.058603 49 13.388974 46 3.235560 45 18.558705 44 6.096290
1 5 48 18.922512 38 6.235692 47 19.538903 39 19.119268 46 18.858516
2 5 38 2.225806 47 8.892243 48 2.126161 44 15.637390 45 4.475695
3
0 5 35 5.335705 49 11.174535 47 13.573135 36 8.919700 40 1.289623
1 5 44 2.817182 43 19.485882 46 1.342021 48 16.122666 41 1.420137
2 5 48 19.785935 47 6.656946 43 10.025940 36 8.488278 45 15.012731
3
0 5 35 2.174317 41 7.445099 38 2.109057 42 4.025589 46 16.251012
1 5 41 6.081691 44 19.473855 45 11.111264 49 13.866779 47 14.808573
2 5 35 5.495142 43 10.649665 45 3.842507 48 14.630211 46 3.444574
3
0 5 40 2.595098 41 7.674117 44 9.767698 46 4.109462 45 13.678651
1 5 48 15.919821 47 5.489910 42 5.216747 49 11.750374 45 5.006970
2 5 47 2.560985 48 19.721484 43 11.507067 42 1.619942 49 6.199671
3
0 5 40 2.973563 42 10.110029 47 4.682266 48 11.206026 45 12.282846
1 5 43 17.580153 49 19.283341 40 1.157720 47 2.427516 48 9.002774
2 5 44 19.140273 41 10.048794 47 17.200774 48 17.859509 46 16.513154
3
0 5 40 11.321419 47 18.795176 45 13.902249 48 1.548619 44 18.374327
1 5 44 13.028854 42 13.096343 46 14.187220 43 10.610662 40 4.198433
2 5 40 11.500673 41 1.675088 43 18.471728 47 11.679748 42 5.421082
3
0 5 40 6.450073 47 10.900341 43 10.814454 48 19.274251 49 17.891558
1 5 44 1.591650 41 8.781025 42 8.965684 47 12.676260 46 18.200291
2 5 44 5.130030 43 8.063883 40 8.077443 42 6.546352 46 9.572521
3
0 5 40 8.562549 41 1.694841 49 12.991542 47 3.839626 42 6.819697
1 5 46 14.177945 40 10.708840 44 13.110169 41 18.288739 49 11.877764
2 5 49 7.985147 42 15.376085 43 1.448206 41 4.372357 48 3.240521
3
0 5 45 4.179874 46 1.678196 47 11.681775 48 18.732721 49 9.129337
1 5 45 18.072184 46 16.681043 47 11.518014 48 10.694987 49 4.916033
2 5 45 6.707658 46 2.571369 47 17.999449 48 5.776108 49 18.740371
3
0 5 45 17.938554 46 16.350606 47 17.447533 48 3.287621 49 14.771758
1 5 45 17.809808 46 19.783421 47 7.729919 48 13.226212 49 5.665782
2 5 45 14.902122 46 12.193257 47 4.619388 48 2.187237 49 8.005460
3
0 5 45 8.847250 46 3.566068 47 12.019363 48 9.690216 49 6.409804
1 5 45 12.528361 46 1.898667 47 4.473221 48 18.563335 49 18.446227
2 5 45 19.858112 46 1.194193 47 13.538195 48 14.955507 49 9.953199
3
0 5 45 3.064907 46 9.029541 47 6.151868 48 9.155976 49 12.497255
1 5 45 17.390000 46 9.275078 47 14.622177 48 3.772579 49 6.073603
2 5 45 5.945528 46 1.293821 47 15.039087 48 18.899242 49 11.664500
3
0 5 45 18.603897 46 1.375422 47 4.225305 48 6.269781 49 12.498852
1 5 45 17.497239 46 11.972775 47 16.606956 48 8.107982 49 18.670425
2 5 45 5.598770 46 10.936142 47 10.691507 48 12.910189 49 16.327763
3
0 1 49 16.746221
1 1 49 13.575547
2 1 49 11.963048
3
0 1 49 7.708383
1 1 49 18.608662
2 1 49 13.570908
3
0 1 49 18.069165
1 1 49 7.927237
2 1 49 11.847634
3
0 1 49 17.297729
1 1 49 6.493462
2 1 49 11.258615
0
