50 49
3
0 5 5 6.084862 18 5.407065 48 11.703740 33 19.403647 25 19.955120
1 5 8 4.796289 5 7.302738 14 13.439548 15 6.193933 20 8.081162
2 5 35 3.268062 13 14.497523 18 16.445791 14 15.504084 8 5.523024
3
0 5 5 7.884738 7 17.202180 46 16.991899 36 14.711289 26 6.648357
1 5 27 18.388940 9 8.542317 35 9.759315 10 2.553954 41 13.442288
2 5 40 3.987264 34 1.333240 28 10.490206 49 7.653873 36 5.158445
3
0 5 5 8.664606 47 5.960146 36 5.572838 46 16.198812 35 15.636451
1 5 31 15.445290 13 8.482909 8 18.384223 16 6.112516 17 2.850137
2 5 23 18.651688 42 10.438774 34 19.374267 28 3.420889 37 5.113627
3
0 5 5 16.119428 45 13.049211 32 11.954434 21 10.437332 46 7.275513
1 5 20 8.623223 18 12.570262 31 13.573483 13 7.923418 43 3.654468
2 5 24 8.928500 19 4.030762 49 13.874952 47 19.835999 42 19.821123
3
0 5 5 15.953209 10 9.790928 46 12.001587 26 18.489264 41 12.235937
1 5 32 10.170562 6 12.580015 35 10.601322 7 19.719240 31 19.500620
2 5 30 6.322159 39 8.272636 48 7.333749 36 12.695813 17 2.109352
3
0 5 10 3.945204 43 12.954247 13 17.761549 33 13.303458 41 2.839999
1 5 26 7.776815 47 16.487168 43 16.361221 12 15.746674 40 18.879838
2 5 44 19.479973 28 15.109881 30 4.921317 45 10.139441 26 18.757347
3
0 5 10 9.970884 45 6.797721 22 9.416799 33 6.480546 49 15.285212
1 5 26 2.967678 48 13.853214 20 1.823982 33 18.965415 36 3.161563
2 5 14 3.258861 42 4.736427 17 16.948183 47 17.041637 10 16.942539
3
0 5 10 12.941769 11 2.373610 13 3.804469 28 15.645709 39 16.682297
1 5 34 10.001945 41 6.031021 42 13.704284 12 17.166473 21 11.173810
2 5 15 17.988805 31 10.086664 12 15.722426 39 8.343241 30 18.269226
3
0 5 10 12.772739 24 4.081255 42 18.073460 43 19.424329 47 17.996092
1 5 46 11.735414 14 15.822918 48 1.811007 11 1.782061 35 13.360936
2 5 37 13.614289 46 12.128856 45 8.715798 32 2.226089 13 5.606212
3
0 5 10 12.340520 45 2.938943 22 8.760902 35 16.715897 11 4.203058
1 5 37 12.450452 26 10.028938 23 15.385530 38 15.029017 32 18.958495
2 5 29 10.106399 27 3.994062 46 10.285185 42 18.913516 31 15.192081
3
0 5 15 17.198183 48 8.877538 34 3.852578 47 2.284372 46 10.424498
1 5 48 17.539522 15 16.057359 32 6.138917 41 19.260700 25 15.843635
2 5 26 15.604298 16 17.932829 48 19.362277 44 12.259057 35 9.619353
3
0 5 15 12.056258 17 18.508163 21 11.844307 48 14.197863 27 5.850445
1 5 32 6.771226 21 1.377368 28 4.775338 31 8.723597 25 8.771403
2 5 18 15.032623 26 7.236244 23 16.482986 21 7.673568 32 1.856813
3
0 5 15 13.223513 46 16.544411 21 17.727224 25 2.199079 16 12.075117
1 5 39 17.137727 34 10.607640 29 15.210642 46 2.768350 17 1.611515
2 5 28 19.060882 32 12.098751 23 3.889237 49 2.594235 29 8.960256
3
0 5 15 10.251220 25 6.508573 41 5.482809 27 15.853277 46 13.610293
1 5 40 2.552363 38 4.830431 31 5.132096 43 2.848542 21 3.734781
2 5 36 12.204622 20 15.677838 28 10.847004 49 10.222441 35 18.762693
3
0 5 15 18.149404 31 17.116401 43 1.604288 44 3.660308 32 9.260069
1 5 33 14.522329 43 13.511692 46 19.973922 49 6.494371 48 4.653065
2 5 15 19.128607 44 3.110603 34 2.585856 33 7.891575 19 3.029260
3
0 5 20 13.977049 46 9.454560 33 16.022247 48 2.574982 36 7.212816
1 5 42 4.466497 48 10.376895 23 12.353211 25 14.214968 27 2.939618
2 5 29 16.799348 30 17.239430 25 4.862343 24 5.673728 47 11.226042
3
0 5 20 3.022551 41 1.770034 44 13.532247 35 3.801896 25 3.943997
1 5 47 14.700328 25 12.656480 49 1.684557 24 11.499926 26 16.836942
2 5 24 11.427920 27 18.324579 36 18.236445 31 4.966401 49 1.171680
3
0 5 20 4.831435 37 15.416934 22 12.822453 45 9.611591 35 8.229685
1 5 41 9.185365 45 8.438087 26 14.351124 44 19.897574 46 18.895056
2 5 43 17.298625 38 4.968045 31 17.581832 49 9.013940 25 5.706108
3
0 5 20 16.742829 44 2.275899 46 10.301416 34 5.488642 45 3.156873
1 5 44 4.614199 31 5.336115 27 7.743441 39 15.798024 40 15.693817
2 5 43 14.386158 29 8.716874 26 16.116705 31 8.913025 28 7.876460
3
0 5 20 2.707998 40 4.395323 33 16.267434 28 16.761731 35 19.093074
1 5 25 17.728864 20 9.751832 28 17.498512 31 8.673144 29 7.944725
2 5 46 14.324867 38 16.128294 28 16.083329 23 15.559939 32 16.505410
3
0 5 25 12.219014 27 1.432560 46 1.610773 31 19.088922 47 19.388159
1 5 45 7.617277 46 8.341091 44 6.926052 47 1.995541 30 2.229668
2 5 41 12.070707 26 14.529970 36 4.906831 46 10.725378 31 15.239874
3
0 5 25 11.964592 47 15.946961 36 16.549553 40 1.879550 37 17.670033
1 5 28 8.372455 40 9.975679 45 5.603081 49 17.250739 39 11.487864
2 5 40 2.057716 48 11.404482 36 5.052369 49 9.825796 32 6.100642
3
0 5 25 13.402485 36 1.768750 27 19.827847 34 10.504906 47 9.921260
1 5 35 6.664506 30 2.399470 37 2.062332 39 15.150709 46 11.665805
2 5 33 11.854495 39 8.660040 42 5.301906 47 4.197642 44 15.496324
3
0 5 25 18.648437 43 7.238987 36 3.591321 27 9.495531 29 11.166218
1 5 38 12.503709 37 1.549673 47 2.612586 49 2.798570 25 16.004610
2 5 38 18.248478 25 10.300414 29 14.045812 40 5.693799 37 14.668074
3
0 5 25 15.475929 26 3.646402 47 14.052895 39 8.508691 38 8.746884
1 5 32 1.432109 31 7.654857 36 18.845749 41 19.816445 34 15.421953
2 5 30 19.909087 41 1.481413 38 11.879519 25 9.542610 27 11.242446
3
0 5 30 8.048710 46 16.061729 41 7.459245 42 1.149083 48 13.021524
1 5 32 8.012959 41 17.595550 34 17.754117 44 5.067927 48 13.221321
2 5 41 17.119350 47 1.738946 32 2.503379 37 13.919250 44 11.299136
3
0 5 30 18.073343 46 19.330619 41 16.524097 49 14.861617 31 17.853630
1 5 43 17.309374 47 13.181868 49 7.989986 48 2.279127 31 4.676975
2 5 42 10.391714 32 6.496874 49 17.529464 41 3.027277 38 17.706019
3
0 5 30 16.583530 45 12.631167 47 8.504932 43 12.589157 35 17.300577
1 5 38 7.969641 37 10.018697 41 12.105527 46 5.861401 48 13.911143
2 5 33 14.060214 43 16.759825 45 12.424054 36 3.580556 38 16.576454
3
0 5 30 15.591610 36 12.099896 45 11.894973 43 12.577093 42 4.155587
1 5 37 17.641628 44 17.765998 49 7.824538 30 13.794585 36 18.928636
2 5 31 1.520876 43 13.663238 36 9.889683 42 6.565266 46 1.187704
3
0 5 30 11.379311 47 7.331229 48 7.732244 43 18.592316 34 19.836067
1 5 41 8.859592 37 3.701891 30 7.709883 43 7.543782 47 11.802400
2 5 44 13.306229 35 11.874933 48 4.052660 36 3.527577 43 6.203122
3
0 5 35 19.168138 41 18.497631 45 10.688112 48 5.834142 42 3.588621
1 5 35 17.565437 36 19.557978 46 10.862212 48 11.542809 38 2.634987
2 5 38 16.017010 42 1.084830 39 15.504840 48 13.972314 47 9.751524
3
0 5 35 3.027608 41 14.203686 49 6.322954 45 16.761738 48 18.940062
1 5 36 18.320278 37 6.178962 45 15.308484 46 19.510991 47 5.398700
2 5 42 2.994381 43 11.287736 44 8.865446 48 16.584655 38 19.572823
3
0 5 35 17.400857 49 7.466639 44 2.987691 46 13.045615 43 6.873022
1 5 45 2.201830 46 10.917915 37 17.056033 36 6.064068 38 16.570627
2 5 45 18.072096 40 16.930074 38 4.542652 37 15.775999 48 19.622260
3
0 5 35 12.579808 37 18.939531 38 14.073878 49 17.528118 41 1.622193
1 5 48 18.904593 45 3.230522 38 17.633963 40 17.735454 47 3.210703
2 5 49 18.221184 43 19.302631 48 4.163848 41 17.368431 44 16.432778
3
0 5 35 16.802616 45 1.300529 48 7.638958 49 14.305676 47 7.699783
1 5 44 19.037290 35 14.989992 41 7.316381 40 11.561431 46 13.010921
2 5 46 5.001164 37 6.880884 43 2.060441 35 11.972339 39 11.947324
3
0 5 40 8.644746 48 5.438497 42 11.825364 43 18.229600 49 3.244763
1 5 46 14.784158 44 11.480042 40 13.861730 41 6.856675 49 1.186893
2 5 40 7.298521 48 8.452373 43 18.601934 47 10.155265 41 13.679137
3
0 5 40 13.209913 44 9.508565 49 4.661878 42 15.974392 48 7.038387
1 5 41 14.497433 40 19.929391 48 7.738963 43 13.754832 42 7.690713
2 5 49 12.616872 40 16.736818 43 1.297798 44 17.089936 42 3.718154
3
0 5 40 18.876668 45 3.081492 42 6.175613 46 2.237962 48 13.052686
1 5 46 6.387041 45 14.406179 49 16.336175 48 5.033196 40 9.582089
2 5 48 3.338650 42 12.577683 41 13.740374 46 3.433690 43 18.032011
3
0 5 40 15.650952 44 16.506787 41 17.530735 46 10.033811 42 18.053805
1 5 40 4.727838 43 17.479929 45 16.672829 46 11.372890 41 4.516251
2 5 41 12.595832 46 9.113936 45 4.443756 48 18.628455 43 5.570604
3
0 5 40 12.301023 49 11.809759 43 16.209254 48 8.994671 44 3.242747
1 5 46 18.988986 40 19.171165 45 2.347269 47 3.718335 49 13.761471
2 5 48 7.318236 46 1.426462 45 1.605137 49 16.056450 40 5.820293
3
0 5 45 3.601478 46 2.658878 47 13.795758 48 16.714339 49 18.555550
1 5 45 14.732580 46 7.547454 47 6.602192 48 12.238871 49 2.084372
2 5 45 10.083136 46 13.754585 47 15.072465 48 5.933339 49 17.873067
3
0 5 45 16.895585 46 12.696041 47 2.501248 48 14.639139 49 7.467441
1 5 45 8.182824 46 2.045496 47 16.728456 48 10.782061 49 13.906831
2 5 45 9.831146 46 9.971470 47 3.052004 48 6.956839 49 19.112959
3
0 5 45 11.571902 46 11.562651 47 18.732368 48 18.997734 49 9.543420
1 5 45 13.801365 46 12.530078 47 3.234015 48 7.051843 49 13.165123
2 5 45 18.306656 46 13.177502 47 6.142726 48 5.518577 49 7.758207
3
0 5 45 12.429103 46 3.470028 47 19.260232 48 17.920579 49 16.454692
1 5 45 12.899860 46 15.841754 47 6.223998 48 19.926685 49 17.346523
2 5 45 16.133848 46 8.059726 47 6.513304 48 19.238579 49 16.619376
3
0 5 45 13.905982 46 18.686965 47 6.053795 48 10.759700 49 4.897479
1 5 45 7.514698 46 19.574036 47 16.321088 48 11.099199 49 10.275186
2 5 45 13.953885 46 4.123289 47 7.515740 48 18.254682 49 18.430426
3
0 1 49 11.624867
1 1 49 3.131752
2 1 49 10.827145
3
0 1 49 8.480243
1 1 49 18.026994
2 1 49 3.942154
3
0 1 49 19.618689
1 1 49 13.954487
2 1 49 4.278309
3
0 1 49 2.184479
1 1 49 10.894998
2 1 49 16.945913
0
