50 49
3
0 4 5 10.773354 35 6.055109 8 19.142155 48 18.657304
1 4 42 10.034468 34 17.800350 44 17.245595 30 5.296334
2 4 19 7.542090 16 15.785793 37 8.230755 32 18.971852
3
0 4 5 14.361939 35 7.644814 25 8.198657 7 3.774089
1 4 32 16.946594 41 18.226079 48 14.863953 31 1.232768
2 4 34 5.790092 38 16.433462 45 14.782561 33 7.087354
3
0 4 5 5.423674 18 19.286694 40 17.344693 34 9.697206
1 4 17 7.433970 16 11.620204 34 1.526818 44 3.593563
2 4 27 15.344904 20 4.147992 26 1.694893 47 11.343561
3
0 4 5 12.168708 29 5.102273 42 10.116340 34 7.873886
1 4 32 1.112757 33 8.771137 17 6.999845 49 6.565793
2 4 7 10.094592 26 19.694464 20 9.419007 40 11.955028
3
0 4 5 3.234453 19 15.798470 20 3.084972 27 12.252729
1 4 43 10.326952 11 16.869616 25 3.041479 20 11.125267
2 4 20 18.442158 44 12.329577 41 15.503054 25 6.360518
3
0 4 10 8.117735 18 17.954115 19 9.547887 21 18.845491
1 4 43 4.565322 21 14.794278 19 19.076589 36 11.755681
2 4 44 12.702147 18 9.413128 10 10.637062 12 5.087985
3
0 4 10 6.539074 34 9.493839 25 7.716339 36 19.873590
1 4 20 16.884085 35 19.011508 49 18.535663 18 17.295609
2 4 12 7.764144 33 8.287765 31 6.119227 10 11.811945
3
0 4 10 5.210720 39 17.232132 14 6.328418 25 13.287665
1 4 12 18.804969 30 6.766768 20 18.438318 24 5.634992
2 4 41 8.163670 21 18.074917 25 11.196489 48 13.555399
3
0 4 10 3.241649 47 11.785187 37 1.693239 40 1.932892
1 4 42 4.619545 13 6.286419 45 5.117897 43 14.961501
2 4 26 16.817068 33 1.238664 39 18.672806 27 17.989357
3
0 4 10 1.335799 17 4.662518 42 2.666706 14 4.313757
1 4 20 18.325668 15 6.115811 11 17.402881 10 6.981745
2 4 34 11.596514 23 12.530642 48 2.983556 17 18.435519
3
0 4 15 9.925494 17 12.090679 46 12.782414 38 1.213369
1 4 47 2.706800 20 17.357534 23 7.488401 17 18.745678
2 4 30 16.962562 35 12.503356 48 2.706257 18 10.061879
3
0 4 15 1.125579 25 11.797046 44 12.635725 20 7.916495
1 4 48 16.895001 15 1.270504 17 6.405707 39 16.371799
2 4 21 15.222896 31 7.186515 29 16.055716 26 1.147246
3
0 4 15 1.948305 46 13.275955 44 2.387055 40 14.342441
1 4 23 15.126581 45 7.762031 42 7.116237 25 6.780452
2 4 43 14.472353 30 18.070772 22 6.974756 35 8.624502
3
0 4 15 1.400141 49 15.205800 25 14.983300 31 13.971444
1 4 18 9.704971 49 16.563064 25 4.659013 20 17.844397
2 4 19 1.689601 16 9.769744 35 6.100770 44 6.996904
3
0 4 15 17.987835 26 6.519820 40 7.642897 18 12.782244
1 4 37 9.789612 39 6.143808 28 10.629900 21 4.501721
2 4 17 11.293466 32 19.699354 40 10.025269 45 12.044672
3
0 4 20 12.461380 46 1.042109 44 15.203949 21 19.834644
1 4 46 17.362617 43 14.737636 27 8.661691 34 16.911329
2 4 46 12.698014 35 11.399372 30 12.920810 28 5.070008
3
0 4 20 13.899639 41 8.238202 42 19.115510 48 11.951301
1 4 22 13.822237 46 13.118606 44 14.840255 41 3.774337
2 4 30 1.947857 26 6.088833 45 6.401336 22 5.251095
3
0 4 20 1.276256 37 7.444535 21 14.798878 22 15.274418
1 4 35 10.011347 45 7.147997 41 9.440871 33 15.434298
2 4 44 11.302459 20 9.131042 24 13.722710 48 19.656508
3
0 4 20 10.693652 36 14.194533 25 10.439525 49 3.839206
1 4 31 17.017463 20 4.467586 44 6.913030 48 16.076494
2 4 47 13.888551 28 4.099441 35 15.404885 33 17.976886
3
0 4 20 14.326409 21 12.353184 39 19.357350 25 11.387398
1 4 21 18.037118 27 12.839266 35 2.751216 34 8.802117
2 4 36 16.825678 32 17.167782 45 14.622022 27 15.863831
3
0 4 25 12.812368 45 2.870924 41 9.104699 43 10.866066
1 4 45 6.154097 35 2.932369 30 17.899219 27 2.790682
2 4 26 5.210378 38 19.338484 29 5.874186 40 9.387886
3
0 4 25 5.308170 26 2.088031 36 9.258232 46 7.715967
1 4 45 15.216281 32 5.878825 26 1.539672 36 14.787729
2 4 36 17.939398 39 9.335920 41 16.833812 33 3.114429
3
0 4 25 9.262116 42 16.068258 37 18.778843 39 9.402321
1 4 34 3.883205 47 18.999821 39 11.012343 29 2.891029
2 4 34 3.158263 25 4.204207 39 2.030613 31 12.376828
3
0 4 25 1.924666 27 9.256586 37 17.039210 44 3.037816
1 4 25 19.283912 44 6.920407 38 1.055066 33 13.137226
2 4 28 14.115720 45 14.568718 48 19.428789 35 11.468937
3
0 4 25 11.407748 36 15.605661 31 9.688432 37 5.406639
1 4 34 15.779732 47 12.276740 36 10.981376 39 2.233831
2 4 36 6.624023 37 16.636059 30 2.369152 42 12.742766
3
0 4 30 5.285214 38 14.250611 44 1.570489 33 19.313519
1 4 33 16.818183 40 16.481318 45 16.080138 46 8.911447
2 4 41 16.855116 40 7.753563 48 13.012779 39 8.391434
3
0 4 30 6.472940 43 5.588830 38 11.636363 32 3.181790
1 4 44 15.769049 46 1.537719 49 9.168020 36 4.001176
2 4 41 1.369751 33 10.268613 30 5.104447 39 1.394218
3
0 4 30 2.735882 43 5.511364 40 10.166841 46 11.969776
1 4 37 8.468875 40 10.847262 32 14.241990 43 5.111271
2 4 44 6.456773 39 4.479490 40 17.544164 38 3.479347
3
0 4 30 9.348964 42 19.662294 32 19.460060 45 2.659323
1 4 33 14.565858 38 3.792749 34 9.675467 35 5.145870
2 4 30 19.449807 38 19.195329 48 17.788359 49 18.443599
3
0 4 30 19.087018 42 12.679236 41 1.429916 47 9.687646
1 4 38 19.166211 36 11.909780 46 4.996054 39 13.271186
2 4 30 16.618750 41 14.993189 32 10.331461 34 8.477937
3
0 4 35 16.329440 36 19.045629 40 3.052424 41 3.821688
1 4 49 16.503574 38 15.214701 41 7.955942 45 3.689040
2 4 39 4.853811 49 3.197456 44 17.037930 37 3.303041
3
0 4 35 14.578466 38 19.306991 45 9.344663 40 12.973446
1 4 47 12.976078 43 18.900830 49 8.640778 39 4.120395
2 4 35 10.539012 40 1.295518 46 14.407039 49 13.996545
3
0 4 35 2.068923 46 13.350592 43 19.256230 48 11.894164
1 4 41 13.090174 42 17.217649 37 4.203954 46 12.157155
2 4 43 3.700032 46 10.662764 37 3.846910 39 14.893061
3
0 4 35 4.834825 41 6.752510 43 19.048764 38 12.065909
1 4 44 15.344835 37 7.059256 38 10.700266 43 9.578086
2 4 48 5.923833 36 12.424661 43 14.796317 49 2.643306
3
0 4 35 13.882799 49 6.990716 46 15.304933 42 10.454746
1 4 40 1.794839 37 3.637295 46 3.602105 38 2.145489
2 4 42 3.997262 38 5.064605 35 4.025708 49 9.933678
3
0 4 40 9.794808 45 2.501241 46 6.850480 49 15.027107
1 4 42 2.235585 45 18.497290 49 14.020081 48 4.976566
2 4 40 8.974171 43 16.499443 47 14.733691 46 6.693152
3
0 4 40 9.419170 49 13.824415 41 19.134174 45 10.224465
1 4 40 14.577368 45 1.201095 42 1.354351 49 7.864378
2 4 43 19.537144 40 13.142424 47 7.222030 44 10.257023
3
0 4 40 19.816529 47 15.288079 44 2.048674 41 13.625901
1 4 40 7.748533 44 7.447655 41 9.447199 46 15.780779
2 4 48 15.528998 41 15.483231 49 7.454950 40 3.288857
3
0 4 40 13.061445 41 6.738091 48 3.457418 44 10.353802
1 4 45 12.458195 43 9.488057 48 3.893456 41 19.638367
2 4 44 16.653954 41 4.740243 48 8.011182 40 11.691919
3
0 4 40 15.503931 43 18.635045 42 4.273911 41 4.641984
1 4 44 18.716583 49 15.900657 42 15.140975 46 1.705534
2 4 42 6.939535 47 17.749410 40 2.555968 44 15.688795
3
0 4 45 3.962957 47 17.972757 49 18.959518 48 2.355092
1 4 49 2.721938 47 18.077996 48 1.067111 45 2.418335
2 4 49 8.639788 48 12.319242 46 12.174510 45 10.342306
3
0 4 45 4.222318 46 2.648406 49 11.150171 47 5.830278
1 4 47 11.474879 45 15.491785 49 4.838358 48 10.065489
2 4 45 12.034241 49 9.877153 46 12.798438 48 2.545954
3
0 4 45 16.592850 47 2.896282 49 14.686946 46 19.085478
1 4 46 4.551608 45 10.461501 47 5.325281 49 5.188257
2 4 45 10.948766 46 5.094762 47 16.952212 49 2.083860
3
0 4 45 6.779111 46 14.589027 48 7.402214 49 10.755456
1 4 47 5.627719 45 9.960415 48 9.902967 49 4.374908
2 4 47 5.271222 45 19.054910 48 10.709773 46 3.873518
3
0 4 45 14.314201 48 10.630808 46 10.753816 47 1.244169
1 4 47 13.748281 48 16.725312 45 4.610522 46 12.719022
2 4 49 4.975916 48 4.362224 45 6.484054 47 16.547713
3
0 1 49 9.516427
1 1 49 11.518252
2 1 49 19.475715
3
0 1 49 16.521561
1 1 49 17.674767
2 1 49 10.968854
3
0 1 49 1.234558
1 1 49 6.215759
2 1 49 5.085539
3
0 1 49 5.942178
1 1 49 16.015408
2 1 49 5.347370
0
