50 49
3
0 3 5 19.085427 9 9.367697 33 14.256653
1 3 40 3.207029 48 9.615043 20 14.701312
2 3 16 15.443806 36 14.503718 35 12.437998
3
0 3 5 16.654835 24 3.046302 16 10.079566
1 3 45 11.801616 42 13.502904 29 9.342186
2 3 47 17.558166 26 13.389241 33 4.686164
3
0 3 5 13.284216 23 14.536588 8 13.880279
1 3 8 15.722657 10 5.039138 5 7.106639
2 3 26 8.277235 31 10.664171 23 12.355936
3
0 3 5 17.500017 11 9.427199 27 3.705566
1 3 9 18.982784 43 18.078397 41 18.616726
2 3 30 2.984579 20 4.543556 13 9.328803
3
0 3 5 12.648561 13 15.186778 38 15.349488
1 3 43 17.551870 12 9.071030 24 4.045190
2 3 31 14.399003 15 2.949431 17 4.878084
3
0 3 10 17.372132 45 11.565313 12 5.767101
1 3 46 1.230109 32 11.659761 27 5.163843
2 3 22 15.659666 36 9.893629 38 6.486990
3
0 3 10 19.953515 30 16.668543 44 14.448074
1 3 18 11.845917 43 3.989375 14 1.768125
2 3 34 4.424796 29 17.159380 14 4.704072
3
0 3 10 4.553010 35 14.395695 43 7.600146
1 3 45 5.316868 23 14.260183 47 13.563448
2 3 34 7.668173 12 5.220255 49 4.816766
3
0 3 10 18.358140 23 15.063754 45 15.970405
1 3 37 12.415843 25 19.860984 45 15.106565
2 3 43 16.229379 42 8.531710 27 1.144778
3
0 3 10 15.045445 42 17.212514 34 10.397085
1 3 11 18.891086 44 1.214277 48 7.641158
2 3 21 7.678565 28 13.336455 43 7.039402
3
0 3 15 3.514640 17 12.491866 41 3.140316
1 3 22 13.598798 43 11.500561 17 16.106749
2 3 18 12.163505 44 16.733572 37 17.185602
3
0 3 15 18.013608 48 17.556209 20 5.536354
1 3 45 15.338813 21 2.579801 26 18.198165
2 3 43 16.276056 17 1.074752 20 10.850767
3
0 3 15 15.357513 38 14.117038 30 10.269653
1 3 20 5.635032 30 19.109053 19 3.384993
2 3 39 18.958323 18 8.937858 35 1.133154
3
0 3 15 5.085779 47 13.526612 33 6.284753
1 3 18 1.840417 41 13.941177 32 17.417017
2 3 45 12.210481 48 11.070083 17 14.110938
3
0 3 15 2.214653 35 10.392899 44 5.307961
1 3 21 13.743930 27 3.261134 15 10.608038
2 3 34 13.631548 27 13.024975 47 15.180124
3
0 3 20 4.198669 25 8.057128 48 12.095114
1 3 35 10.482125 44 4.329280 46 16.303822
2 3 30 7.621410 36 17.730006 39 17.757535
3
0 3 20 6.852192 43 13.217464 40 1.009870
1 3 21 17.338250 34 14.923568 27 1.017507
2 3 35 5.611078 46 13.826993 21 6.354284
3
0 3 20 13.633375 45 16.942125 35 8.738820
1 3 34 10.387678 42 13.705555 44 11.777334
2 3 31 8.600570 25 1.220611 40 5.036862
3
0 3 20 12.941053 31 6.921199 48 19.852533
1 3 28 8.520338 38 3.142652 41 14.235779
2 3 22 15.982934 27 2.183249 28 3.979487
3
0 3 20 18.195239 49 13.039477 32 7.452337
1 3 47 17.601667 33 3.772289 40 10.836834
2 3 35 13.361856 33 7.969097 24 17.598336
3
0 3 25 14.029240 34 11.878251 31 16.671892
1 3 37 12.139709 48 15.774188 45 14.253012
2 3 32 4.714791 49 1.402046 48 6.829248
3
0 3 25 13.978031 46 17.161951 30 19.890464
1 3 39 16.596414 49 2.969515 43 8.948202
2 3 42 11.529308 47 9.618059 37 11.813145
3
0 3 25 10.609313 46 2.349922 48 16.576422
1 3 28 16.976666 25 8.478009 46 4.221652
2 3 27 16.858825 40 2.130487 26 9.928129
3
0 3 25 16.322688 41 6.542093 31 17.578334
1 3 29 16.619486 43 18.741317 38 10.621415
2 3 41 3.991700 27 6.765287 33 16.685925
3
0 3 25 3.133898 34 4.536138 38 18.492623
1 3 42 7.072084 33 6.172038 30 6.099706
2 3 28 8.357637 49 10.636827 33 15.047425
3
0 3 30 14.583278 38 7.758439 49 9.577728
1 3 48 10.180984 35 13.763862 33 10.146535
2 3 49 18.477909 44 15.486907 47 9.926025
3
0 3 30 11.362701 41 18.503664 39 19.056370
1 3 39 15.347516 48 18.294795 35 1.174595
2 3 40 10.554891 44 13.556584 37 19.208045
3
0 3 30 13.124396 46 6.740605 34 12.065974
1 3 39 11.783867 38 4.326786 49 5.632721
2 3 49 2.997525 46 14.848985 33 18.243127
3
0 3 30 16.429316 32 10.124513 34 17.564743
1 3 38 3.272052 36 2.100533 33 16.752140
2 3 48 11.085326 33 7.467340 49 1.028966
3
0 3 30 9.673802 48 17.137822 49 3.862851
1 3 40 8.798961 41 12.788804 32 19.712783
2 3 39 7.269324 44 13.631860 43 18.142948
3
0 3 35 9.660525 39 18.805315 42 18.326510
1 3 49 10.824285 46 4.248540 36 1.747286
2 3 45 4.375572 40 18.083096 49 10.006998
3
0 3 35 1.962444 47 13.153005 44 8.554847
1 3 49 18.846971 44 14.251774 40 19.037530
2 3 47 2.008849 40 5.559471 42 12.335155
3
0 3 35 9.715734 39 15.746716 40 16.043742
1 3 39 17.663526 35 4.607402 36 10.708813
2 3 46 9.205719 38 6.081322 42 19.800832
3
0 3 35 1.614183 36 19.413460 40 2.673962
1 3 47 11.570905 45 16.913069 49 8.698134
2 3 49 11.568630 39 12.363460 43 14.328155
3
0 3 35 15.053078 48 1.119057 39 2.648029
1 3 46 18.209462 45 6.576818 38 3.653169
2 3 44 5.289561 49 13.755194 39 18.017401
3
0 3 40 15.062801 49 4.053460 45 12.981613
1 3 44 14.028172 40 17.979754 42 12.027697
2 3 44 7.386948 45 10.310527 47 8.590217
3
0 3 40 9.341027 49 9.084409 48 12.801095
1 3 43 13.023900 41 18.195174 49 8.255849
2 3 48 13.789939 41 1.614052 43 14.145497
3
0 3 40 7.780141 47 4.955792 44 10.461664
1 3 43 19.798309 48 17.504284 47 4.104396
2 3 45 14.996649 42 15.633126 49 3.755649
3
0 3 40 10.092643 46 18.580314 45 1.216855
1 3 40 3.185022 49 8.574093 44 1.898288
2 3 41 11.926446 40 5.748766 49 8.960000
3
0 3 40 8.386559 44 7.513054 43 7.117017
1 3 49 4.355440 40 11.639806 43 11.306672
2 3 48 6.066965 40 2.232628 49 18.846754
3
0 3 45 5.013382 49 13.525234 48 1.081343
1 3 47 3.688306 46 8.387724 48 16.429586
2 3 46 14.865232 49 9.029004 47 2.117010
3
0 3 45 10.661483 48 6.228139 49 6.320423
1 3 46 1.641957 48 2.392705 45 16.322377
2 3 49 1.339382 47 10.913277 48 1.565772
3
0 3 45 9.195136 49 17.111322 46 19.549106
1 3 49 9.164797 46 9.023025 47 19.000947
2 3 45 13.652166 49 6.239517 46 11.044365
3
0 3 45 1.632467 46 8.272884 47 9.778873
1 3 45 9.218165 49 17.635909 46 3.420141
2 3 49 15.144134 45 8.848086 47 10.730798
3
0 3 45 12.131932 48 14.402110 47 5.400405
1 3 47 4.929296 49 4.994438 46 14.631626
2 3 46 5.956186 45 17.292491 48 2.611875
3
0 1 49 5.763838
1 1 49 10.062091
2 1 49 14.192435
3
0 1 49 12.590423
1 1 49 9.588683
2 1 49 4.180789
3
0 1 49 12.346599
1 1 49 8.028950
2 1 49 16.626227
3
0 1 49 15.579858
1 1 49 16.095768
2 1 49 19.650144
0
