50 49
3
0 3 5 11.336155 9 12.467361 37 8.876583
1 3 39 6.082529 28 6.695345 9 7.797740
2 3 42 6.507313 45 6.339222 36 13.123307
3
0 3 5 3.795458 42 6.449384 28 4.096030
1 3 27 5.424234 24 6.512112 46 3.977852
2 3 16 11.619564 19 10.704838 41 2.789367
3
0 3 5 16.164592 49 11.530144 46 11.139343
1 3 33 4.027629 25 3.195516 36 4.418829
2 3 22 11.572396 16 3.519943 39 18.303426
3
0 3 5 3.924517 8 13.623287 13 8.242381
1 3 19 3.193305 38 10.967016 13 11.623630
2 3 20 18.070654 46 16.433297 21 9.418011
3
0 3 5 2.808943 33 2.403547 8 12.844865
1 3 17 1.706845 47 16.745751 33 15.177716
2 3 43 2.815093 32 7.688346 5 11.085916
3
0 3 10 11.815338 38 13.674125 28 14.810090
1 3 33 10.960701 16 7.671413 47 7.397233
2 3 44 15.573339 14 18.949880 46 5.107995
3
0 3 10 5.173188 15 12.704738 16 13.235974
1 3 17 4.890418 28 17.601193 25 3.418110
2 3 43 18.159889 45 16.404896 32 4.762086
3
0 3 10 18.021461 14 17.915078 39 12.619489
1 3 33 4.192784 34 10.081617 42 10.163714
2 3 21 7.953595 30 2.069614 34 2.404182
3
0 3 10 14.603912 11 12.252361 37 17.754120
1 3 18 17.494713 26 13.816564 23 6.585111
2 3 21 4.053805 40 11.011271 47 7.954656
3
0 3 10 6.253211 48 5.916674 16 15.515391
1 3 32 16.378815 21 6.970654 49 1.932214
2 3 46 1.307481 21 11.049933 47 5.727785
3
0 3 15 6.767349 17 12.884591 46 8.009741
1 3 20 8.356805 15 8.830288 49 5.842810
2 3 18 16.609645 34 7.812780 44 9.564484
3
0 3 15 7.039173 21 2.360745 34 16.018711
1 3 28 14.103637 45 11.830497 16 2.073522
2 3 47 17.327030 26 5.859056 20 7.489263
3
0 3 15 10.491225 48 6.742534 37 17.927240
1 3 37 12.840678 48 2.667293 35 7.004787
2 3 33 18.854464 36 12.286033 26 17.900984
3
0 3 15 2.410658 44 14.423648 39 10.989968
1 3 43 14.275636 39 7.242388 26 15.394378
2 3 33 10.520270 22 2.558083 21 1.583132
3
0 3 15 13.486169 31 19.078364 26 16.615284
1 3 21 2.680600 42 3.440966 44 18.290002
2 3 46 19.039717 45 13.064300 30 1.426239
3
0 3 20 2.367155 26 14.593577 38 11.066264
1 3 22 3.525891 34 1.638314 38 12.116374
2 3 26 6.621517 28 8.303238 41 8.572938
3
0 3 20 13.215125 32 11.719931 46 8.933210
1 3 34 4.538611 38 6.919483 49 17.821765
2 3 41 1.368035 29 15.293421 39 8.493409
3
0 3 20 16.183089 32 2.237173 22 6.989817
1 3 26 18.847870 36 1.596367 35 2.340911
2 3 44 11.250781 37 3.258652 28 10.793258
3
0 3 20 12.104215 38 12.778335 27 3.522268
1 3 24 19.401500 21 3.019832 30 5.449322
2 3 25 6.330264 46 8.703598 45 8.544533
3
0 3 20 11.769883 40 11.210029 48 6.517248
1 3 45 16.570671 42 18.765259 48 3.747482
2 3 45 3.326411 43 10.811545 25 2.013626
3
0 3 25 2.687974 37 4.110033 39 9.733313
1 3 25 1.544572 28 7.778541 29 1.498482
2 3 47 16.452181 45 13.444080 34 7.285212
3
0 3 25 19.692050 42 10.077025 26 3.372109
1 3 48 12.632506 26 13.628654 38 9.063246
2 3 33 2.214535 27 9.853660 31 1.485139
3
0 3 25 4.043928 38 16.234252 42 5.270473
1 3 38 19.583281 49 15.266987 25 5.688566
2 3 46 6.879979 47 6.023317 45 12.281752
3
0 3 25 11.707483 42 10.936596 30 13.163996
1 3 32 11.589954 46 14.747238 44 8.633660
2 3 25 5.796953 42 2.580824 46 1.147157
3
0 3 25 5.070575 37 10.152286 27 6.352543
1 3 26 15.702894 34 19.494487 28 12.717126
2 3 41 6.062955 47 13.812569 30 9.735346
3
0 3 30 17.949239 49 17.152332 32 9.322147
1 3 32 11.917387 30 9.652401 35 15.400979
2 3 41 13.499041 44 14.752201 30 15.319113
3
0 3 30 19.416448 39 18.733728 37 14.066936
1 3 30 7.098317 32 2.239179 36 19.683953
2 3 43 14.670643 36 9.096445 49 1.679991
3
0 3 30 8.432054 38 2.137373 42 5.013320
1 3 38 3.265742 37 17.375229 42 15.049422
2 3 41 8.065870 47 10.501820 49 4.859162
3
0 3 30 1.541994 37 6.996350 41 16.947937
1 3 31 4.095254 40 18.780340 35 2.208333
2 3 36 8.036454 38 10.574751 37 15.601409
3
0 3 30 5.019554 31 2.488909 41 10.743646
1 3 38 11.871012 40 7.331776 43 6.438523
2 3 31 1.495955 49 2.326717 33 1.435186
3
0 3 35 16.978811 48 19.053748 38 6.356266
1 3 49 16.938047 42 6.323105 44 9.188188
2 3 39 14.280198 42 13.355330 41 11.202754
3
0 3 35 2.835818 41 5.887668 43 1.864903
1 3 42 18.066311 46 7.024451 39 4.983084
2 3 41 13.907710 40 2.393612 48 2.760490
3
0 3 35 19.492710 43 3.798725 48 14.527942
1 3 45 17.103160 43 19.337165 37 19.305367
2 3 36 14.036632 46 2.632300 42 4.572675
3
0 3 35 14.379753 42 14.606307 48 3.052951
1 3 41 5.800600 45 4.393443 38 14.603269
2 3 47 18.119570 38 16.998360 46 7.032248
3
0 3 35 6.783284 48 8.163345 38 17.645256
1 3 41 2.297157 49 5.940224 46 11.193146
2 3 43 13.647531 49 6.407287 46 1.519342
3
0 3 40 8.229179 48 1.495518 47 8.013776
1 3 46 12.075636 42 18.716275 49 17.802950
2 3 49 16.689970 47 16.151705 42 19.308163
3
0 3 40 6.772674 43 1.985444 49 14.982953
1 3 43 4.360880 45 12.218430 48 1.745300
2 3 49 13.615730 43 11.912794 48 9.314593
3
0 3 40 3.120350 46 18.967143 49 11.555452
1 3 46 5.748007 43 7.365944 45 10.495464
2 3 47 19.422974 43 13.742225 49 16.188532
3
0 3 40 2.825902 49 4.395292 43 3.843402
1 3 43 17.625887 41 18.320890 44 11.895331
2 3 49 6.583512 41 16.442374 47 6.425996
3
0 3 40 7.873501 41 17.407943 42 19.627609
1 3 47 18.962532 41 15.274103 45 10.152719
2 3 46 4.674712 48 17.864542 45 6.434478
3
0 3 45 14.037237 49 11.049461 48 17.417413
1 3 46 14.526221 49 3.257484 48 18.754060
2 3 47 1.159575 48 19.943500 46 12.093019
3
0 3 45 12.033691 46 1.906997 49 14.165401
1 3 46 10.760116 48 11.347989 45 10.408774
2 3 48 15.479030 45 1.105838 46 4.022338
3
0 3 45 19.924739 48 16.529613 46 11.730203
1 3 47 16.946898 49 13.025376 48 1.521601
2 3 48 14.390495 46 15.288884 49 15.472009
3
0 3 45 7.200419 46 10.314481 49 16.920062
1 3 48 6.678294 46 16.468268 49 10.265596
2 3 46 6.075755 47 15.179005 49 12.152873
3
0 3 45 6.671146 49 8.329688 48 14.269271
1 3 47 5.977008 45 12.029542 48 14.781601
2 3 47 12.022690 46 6.424546 48 14.459810
3
0 1 49 11.256474
1 1 49 3.439375
2 1 49 10.602089
3
0 1 49 17.657979
1 1 49 8.298247
2 1 49 7.477596
3
0 1 49 16.790820
1 1 49 18.221505
2 1 49 2.233771
3
0 1 49 8.840278
1 1 49 3.559084
2 1 49 18.524070
0
