50 49
3
0 1 5 9.176279
1 1 23 18.839600
2 1 28 7.712084
3
0 1 5 2.139342
1 1 49 1.745671
2 1 44 17.055414
3
0 1 5 18.112797
1 1 31 18.464323
2 1 34 10.538032
3
0 1 5 6.371957
1 1 24 16.616325
2 1 49 11.381851
3
0 1 5 5.017156
1 1 22 19.871662
2 1 22 2.455073
3
0 1 10 18.080874
1 1 32 5.188961
2 1 37 3.594707
3
0 1 10 9.766485
1 1 28 5.569174
2 1 48 4.700776
3
0 1 10 9.394707
1 1 12 10.189847
2 1 48 7.874224
3
0 1 10 1.101638
1 1 39 19.849972
2 1 39 16.359188
3
0 1 10 4.851988
1 1 17 16.074606
2 1 24 11.729426
3
0 1 15 1.815657
1 1 46 15.957390
2 1 33 17.000814
3
0 1 15 13.083033
1 1 25 11.665806
2 1 28 17.938497
3
0 1 15 16.617989
1 1 18 4.784949
2 1 19 14.580538
3
0 1 15 17.452742
1 1 35 16.074821
2 1 24 16.324335
3
0 1 15 13.372768
1 1 26 18.934123
2 1 24 13.095765
3
0 1 20 2.801603
1 1 43 16.267489
2 1 33 19.391031
3
0 1 20 16.850731
1 1 47 14.537495
2 1 39 12.918792
3
0 1 20 10.994271
1 1 39 18.048846
2 1 34 4.095846
3
0 1 20 12.578839
1 1 45 6.263098
2 1 27 7.810557
3
0 1 20 7.623644
1 1 30 7.292214
2 1 30 6.548247
3
0 1 25 2.188562
1 1 37 15.360063
2 1 44 3.332495
3
0 1 25 2.521089
1 1 34 8.389544
2 1 44 17.156356
3
0 1 25 19.439953
1 1 28 2.088697
2 1 34 16.674825
3
0 1 25 16.121468
1 1 28 18.823961
2 1 32 17.500970
3
0 1 25 3.585297
1 1 34 8.170517
2 1 39 12.433898
3
0 1 30 17.515535
1 1 44 10.516228
2 1 44 4.293593
3
0 1 30 6.060547
1 1 33 18.516015
2 1 49 10.070729
3
0 1 30 2.254635
1 1 44 6.508862
2 1 46 2.624699
3
0 1 30 4.175891
1 1 33 17.613773
2 1 39 16.891969
3
0 1 30 14.540458
1 1 30 7.463631
2 1 39 3.102102
3
0 1 35 16.795813
1 1 42 16.584714
2 1 40 18.816393
3
0 1 35 8.817837
1 1 44 16.603486
2 1 43 18.781903
3
0 1 35 9.131532
1 1 48 8.618980
2 1 42 17.031398
3
0 1 35 2.661675
1 1 45 7.852107
2 1 48 10.209486
3
0 1 35 1.526385
1 1 41 18.455395
2 1 48 18.905230
3
0 1 40 14.760458
1 1 42 7.587182
2 1 49 13.235720
3
0 1 40 1.055032
1 1 43 10.742407
2 1 45 2.803705
3
0 1 40 10.739039
1 1 43 3.882827
2 1 43 16.602155
3
0 1 40 14.414569
1 1 44 15.884435
2 1 42 15.531854
3
0 1 40 10.752128
1 1 49 6.534421
2 1 43 6.460384
3
0 1 45 2.098498
1 1 49 7.937380
2 1 45 14.410123
3
0 1 45 3.086378
1 1 49 10.022946
2 1 47 11.946070
3
0 1 45 7.400387
1 1 45 15.689985
2 1 47 8.090493
3
0 1 45 13.754272
1 1 49 2.434420
2 1 46 14.426547
3
0 1 45 1.596084
1 1 48 7.121157
2 1 46 10.787286
3
0 1 49 7.390356
1 1 49 5.409206
2 1 49 7.568288
3
0 1 49 7.988265
1 1 49 6.987288
2 1 49 17.560845
3
0 1 49 4.903873
1 1 49 8.360290
2 1 49 15.789367
3
0 1 49 15.650273
1 1 49 5.181579
2 1 49 18.580577
0
