50 49
3
0 4 5 17.461889 25 11.339355 36 4.725037 20 13.001601
1 4 49 10.649516 35 4.121215 34 17.064745 22 17.673662
2 4 41 2.789454 23 17.510869 31 12.896634 14 15.800600
3
0 4 5 7.082326 45 19.917141 40 14.535161 27 15.220114
1 4 37 1.645801 43 4.456933 14 5.564986 16 6.031630
2 4 36 15.065094 22 13.194091 7 3.710583 11 11.334971
3
0 4 5 13.657571 46 3.117699 48 10.769051 20 16.621262
1 4 29 12.448534 24 8.813297 33 11.607622 37 1.880955
2 4 25 6.104060 11 14.723806 30 16.034780 9 13.005663
3
0 4 5 6.358562 11 1.501516 10 4.261969 39 17.030063
1 4 42 3.131944 11 2.363771 14 18.545232 18 18.224598
2 4 7 2.247095 31 2.466239 27 12.095740 21 1.082703
3
0 4 5 2.221425 43 6.910497 18 7.280195 47 15.486036
1 4 38 7.595557 13 4.910323 46 11.314321 40 14.760170
2 4 22 4.362665 11 1.669833 49 8.597527 23 3.234590
3
0 4 10 3.084055 44 7.418857 25 1.833454 12 19.354449
1 4 26 8.301374 16 15.621085 18 9.946251 21 3.933364
2 4 29 18.549407 39 1.479400 14 6.198441 40 10.094425
3
0 4 10 17.016080 37 11.535035 26 4.205411 33 19.792284
1 4 38 8.327109 41 5.536401 39 13.068501 30 7.630160
2 4 37 6.268331 17 8.367692 24 19.096060 48 14.466348
3
0 4 10 18.890489 17 2.428915 38 1.678259 25 5.494403
1 4 39 14.288346 13 4.292812 19 16.843094 46 9.078436
2 4 13 9.091850 31 15.100502 19 11.792089 25 3.565920
3
0 4 10 14.670440 44 13.043696 43 1.021419 48 18.880810
1 4 32 12.889609 41 9.959555 23 14.173182 49 8.563605
2 4 24 1.771498 49 10.432380 36 4.874458 48 19.790813
3
0 4 10 4.862551 11 14.284688 39 17.876270 30 9.303354
1 4 25 11.441693 13 2.160882 16 13.438605 26 3.947371
2 4 15 14.808417 13 9.641262 43 1.299482 26 17.864847
3
0 4 15 19.754962 46 10.894511 21 17.719234 32 14.412166
1 4 24 15.236412 46 9.692965 40 15.551753 34 15.140166
2 4 32 3.990075 38 10.844098 45 12.771770 17 17.713008
3
0 4 15 6.589632 42 18.404080 46 19.029626 21 19.302437
1 4 17 15.694722 16 2.855678 23 17.647495 33 6.136179
2 4 24 14.186649 26 3.712239 38 15.697702 36 12.999922
3
0 4 15 4.496837 19 3.068690 49 10.850501 31 9.310513
1 4 40 7.877400 44 5.507446 33 9.833556 23 17.429964
2 4 31 17.368149 26 4.002638 42 14.975487 41 18.327116
3
0 4 15 16.160913 17 6.275767 38 13.392795 47 12.434062
1 4 19 5.613644 15 10.777099 18 12.387313 40 16.161318
2 4 24 17.261793 46 4.929062 48 8.828363 25 11.299805
3
0 4 15 13.989591 18 1.150395 44 5.192790 38 7.599010
1 4 16 18.577782 49 6.089095 39 16.684275 32 8.167164
2 4 32 17.795028 47 11.450268 49 2.065320 39 16.926115
3
0 4 20 8.946084 32 15.312188 44 3.569980 28 12.983050
1 4 26 9.194709 37 12.697306 44 14.757460 32 17.204674
2 4 42 8.761764 21 9.285753 26 10.378424 38 5.974737
3
0 4 20 2.551116 27 7.155268 47 18.990095 46 4.650638
1 4 48 9.767594 38 5.856957 26 15.388194 36 17.085187
2 4 27 10.805135 45 5.402675 47 5.318859 44 13.249532
3
0 4 20 8.305331 47 5.597021 30 18.028070 39 12.992168
1 4 35 18.770239 30 7.470434 44 11.509902 33 13.264182
2 4 33 9.121084 20 16.941202 34 15.777832 28 16.190825
3
0 4 20 2.426343 23 16.456653 38 9.231127 40 14.857620
1 4 31 11.662231 25 10.775501 45 1.124670 37 17.710918
2 4 38 15.668747 20 5.719208 29 11.988843 45 18.500403
3
0 4 20 18.864097 32 10.845753 30 5.697540 26 3.015471
1 4 38 3.349827 33 5.137435 22 17.096385 43 4.948412
2 4 38 16.141301 34 10.358390 37 17.973825 46 7.359398
3
0 4 25 17.464809 32 3.621191 36 3.917593 27 10.106028
1 4 34 4.844619 28 2.111552 25 3.128303 47 4.772225
2 4 31 16.745270 47 1.788509 39 8.372141 49 13.045581
3
0 4 25 15.206323 38 17.027042 47 16.128071 44 16.606009
1 4 34 18.797125 35 8.546351 37 2.472926 45 13.726757
2 4 32 17.198294 31 11.641273 44 5.501510 25 16.116819
3
0 4 25 15.528798 33 9.067933 45 15.567290 26 2.461408
1 4 40 3.842397 25 14.191445 39 2.259936 28 11.143012
2 4 25 2.389998 47 13.512061 34 10.945987 30 18.147798
3
0 4 25 5.673186 26 10.444902 41 17.468306 49 9.859797
1 4 34 15.352705 48 4.198638 41 11.226632 30 5.583329
2 4 47 2.615271 32 15.484982 48 19.970609 33 2.632518
3
0 4 25 11.840020 39 5.122916 47 1.624756 29 18.819666
1 4 32 8.093815 36 2.014305 46 19.173398 33 11.771455
2 4 48 10.788461 25 13.550352 41 3.891383 29 15.612572
3
0 4 30 11.474055 32 11.757422 39 1.598921 49 3.160043
1 4 31 1.699116 46 16.156114 48 13.516248 49 16.689065
2 4 40 19.212968 43 12.575677 35 5.107372 30 16.048270
3
0 4 30 2.074900 34 5.668469 48 1.282858 36 10.590331
1 4 47 7.994681 43 13.686861 40 16.938984 30 3.393339
2 4 36 15.489204 31 12.827702 48 16.377168 47 3.008624
3
0 4 30 3.713699 34 11.777480 45 11.576187 31 18.324373
1 4 45 18.334518 32 7.961153 33 9.512032 38 2.687084
2 4 37 4.582010 34 17.696864 39 16.266506 43 6.975134
3
0 4 30 12.763786 45 9.477662 41 17.604730 39 2.046313
1 4 45 12.703997 38 13.499238 30 6.578778 48 10.995690
2 4 44 18.724416 31 9.264151 35 8.442579 49 4.190614
3
0 4 30 11.520876 43 4.754096 34 9.748477 48 18.424028
1 4 35 3.099593 48 15.580087 44 17.341416 32 15.997267
2 4 37 4.025288 40 17.985375 45 1.475651 35 12.676289
3
0 4 35 12.847236 37 14.847892 46 19.983747 49 18.095707
1 4 48 7.587846 43 12.279142 45 7.911399 46 19.360504
2 4 35 7.585094 36 18.685993 44 10.611309 39 19.467740
3
0 4 35 19.143883 46 11.668568 44 5.169418 43 3.443149
1 4 44 10.973732 36 3.805716 41 9.645186 35 11.921591
2 4 42 17.642682 47 3.433913 49 5.795738 40 1.301733
3
0 4 35 2.224065 48 15.191791 42 11.522980 47 4.545212
1 4 43 10.490040 45 8.669720 41 14.744192 49 18.744573
2 4 49 10.903651 47 15.161174 35 14.722404 42 8.012538
3
0 4 35 7.556093 40 19.015463 37 14.878734 47 19.145845
1 4 46 9.049982 47 8.044724 45 5.715511 40 18.835782
2 4 48 3.048838 39 6.662664 35 16.033264 38 5.319330
3
0 4 35 15.160846 43 2.367038 38 5.127866 39 2.208200
1 4 39 6.995419 46 8.632686 38 19.792586 42 19.340459
2 4 45 2.075987 46 12.193831 44 12.928019 38 10.912973
3
0 4 40 16.616530 41 17.823680 46 17.722718 48 10.839081
1 4 46 15.693539 40 18.369595 41 3.193024 47 10.436178
2 4 45 2.855357 46 1.526155 49 8.357781 40 7.623953
3
0 4 40 16.849953 44 19.375877 45 11.579753 43 3.827491
1 4 43 8.652681 40 10.907310 42 16.332674 41 10.879498
2 4 44 13.854851 40 18.504642 48 10.420787 41 6.967164
3
0 4 40 1.091253 47 15.246237 44 2.418665 43 8.789347
1 4 42 14.285907 44 1.407734 46 1.811472 43 3.397977
2 4 48 8.781596 45 6.998913 44 13.010926 46 3.223383
3
0 4 40 16.666607 43 5.483957 49 10.439021 45 4.707052
1 4 43 13.479435 45 11.594377 40 10.249075 49 19.129675
2 4 49 19.897899 46 4.323164 48 16.149637 41 11.554079
3
0 4 40 4.131966 47 12.411622 48 13.974423 45 5.476278
1 4 43 12.828927 49 1.395035 40 6.034571 46 9.108848
2 4 40 1.544059 43 15.570720 49 8.292714 44 10.235198
3
0 4 45 13.720447 49 1.009284 47 14.084112 48 9.119369
1 4 47 15.716941 46 19.049948 48 10.097467 49 8.848569
2 4 48 18.978266 46 7.279475 45 18.200320 49 1.326551
3
0 4 45 1.133612 46 10.619649 49 16.836485 47 18.962536
1 4 45 13.404653 49 13.374995 47 15.938033 48 10.025290
2 4 49 14.008739 47 8.890579 45 4.300542 46 9.347279
3
0 4 45 4.145645 46 15.899821 48 8.910052 49 1.149170
1 4 45 13.883930 47 13.423188 49 19.737037 48 6.306272
2 4 48 2.245280 46 1.426397 49 17.089128 47 13.854743
3
0 4 45 6.971858 49 19.709792 46 7.128853 48 17.593277
1 4 48 18.742544 45 11.193227 49 17.885144 47 8.915047
2 4 46 15.551104 49 17.117237 47 6.302803 45 9.858896
3
0 4 45 10.347111 48 13.112309 46 8.419432 47 8.947058
1 4 48 6.376407 45 13.915778 47 15.814087 46 12.825618
2 4 45 4.256166 46 3.126264 48 6.396113 49 13.467469
3
0 1 49 15.176324
1 1 49 5.527510
2 1 49 10.283976
3
0 1 49 12.918084
1 1 49 6.333837
2 1 49 2.569574
3
0 1 49 13.380000
1 1 49 12.225058
2 1 49 2.116735
3
0 1 49 17.154642
1 1 49 14.021607
2 1 49 15.903296
0
