50 49
3
0 2 5 8.020012 32 3.845560
1 2 15 13.358877 12 14.612787
2 2 13 4.560308 48 10.490021
3
0 2 5 12.288533 24 18.383838
1 2 44 9.454909 41 11.166248
2 2 42 19.587302 9 2.961153
3
0 2 5 2.400057 49 13.627846
1 2 37 4.375341 32 12.723744
2 2 48 3.509314 14 6.477840
3
0 2 5 14.446138 47 1.673260
1 2 27 2.772272 16 10.526867
2 2 46 12.977631 27 14.223259
3
0 2 5 3.787611 16 9.810322
1 2 25 19.121905 12 1.167250
2 2 6 15.627153 44 17.456770
3
0 2 10 1.904174 14 9.540474
1 2 36 14.247281 46 3.835165
2 2 12 9.622008 16 19.537138
3
0 2 10 17.816760 35 1.329761
1 2 28 9.524073 42 18.551189
2 2 38 11.707211 36 9.140899
3
0 2 10 3.984718 38 10.376133
1 2 12 16.344155 14 5.741756
2 2 19 4.168882 26 13.591001
3
0 2 10 8.134315 14 2.726768
1 2 34 15.495857 31 13.067733
2 2 23 4.286558 15 18.908608
3
0 2 10 7.138874 30 1.216726
1 2 29 9.623300 37 10.081230
2 2 21 17.355857 24 8.505225
3
0 2 15 1.550501 24 9.731692
1 2 38 7.070472 30 4.422406
2 2 27 8.912746 36 14.024858
3
0 2 15 7.424450 24 19.370993
1 2 25 1.433129 40 15.880273
2 2 37 12.374488 35 18.618235
3
0 2 15 16.975290 40 10.307136
1 2 31 15.472660 28 3.756207
2 2 45 16.338693 44 2.575366
3
0 2 15 1.347895 28 8.956881
1 2 18 8.398143 41 16.455238
2 2 24 19.244759 16 13.346179
3
0 2 15 16.832715 22 3.837716
1 2 24 12.372323 29 14.217027
2 2 28 11.206206 47 19.645033
3
0 2 20 12.730021 22 10.535590
1 2 37 12.588621 23 16.174161
2 2 29 8.369516 23 8.478199
3
0 2 20 3.858204 30 14.767044
1 2 44 15.176268 21 7.114342
2 2 35 3.625885 43 3.868430
3
0 2 20 19.104034 48 12.427965
1 2 39 16.591683 26 5.144288
2 2 43 1.053675 29 18.643197
3
0 2 20 6.809493 28 14.154779
1 2 20 17.648208 23 16.564375
2 2 20 15.301577 29 1.023779
3
0 2 20 14.260321 39 9.399121
1 2 39 11.332187 43 3.521099
2 2 46 1.838019 42 9.535090
3
0 2 25 3.552145 35 19.154260
1 2 33 14.372505 34 18.952662
2 2 49 5.260553 46 11.536781
3
0 2 25 19.660056 28 12.867500
1 2 38 19.481107 47 2.152900
2 2 42 16.075138 37 19.884977
3
0 2 25 9.210596 33 9.802318
1 2 36 3.850553 47 11.233236
2 2 38 3.575150 25 12.375776
3
0 2 25 17.369417 47 2.454640
1 2 26 6.209488 44 12.378624
2 2 47 5.753195 41 15.897025
3
0 2 25 16.262835 45 18.264234
1 2 34 8.409050 40 13.863892
2 2 31 4.447764 26 16.748796
3
0 2 30 17.824345 44 6.746886
1 2 45 19.467723 30 4.962049
2 2 43 19.479642 34 13.385373
3
0 2 30 5.180723 44 5.321848
1 2 30 14.130000 43 13.097769
2 2 35 12.334632 38 3.640052
3
0 2 30 4.072465 49 2.753395
1 2 31 10.620781 49 7.571628
2 2 40 9.093737 45 5.067852
3
0 2 30 7.514968 49 8.565839
1 2 32 5.541682 30 13.871395
2 2 43 16.353191 32 19.145266
3
0 2 30 10.390938 43 9.448619
1 2 43 2.657030 32 10.607039
2 2 37 7.179879 32 3.760402
3
0 2 35 17.497965 39 16.658438
1 2 43 13.266572 37 8.775969
2 2 39 10.617020 40 2.839246
3
0 2 35 5.837466 46 19.129795
1 2 44 15.345739 47 4.061311
2 2 47 5.156120 42 8.305284
3
0 2 35 15.710582 48 12.700927
1 2 35 17.446674 45 14.793188
2 2 48 7.442762 40 17.813973
3
0 2 35 18.583172 40 1.667486
1 2 46 11.714724 40 4.151102
2 2 36 5.961011 38 17.052159
3
0 2 35 19.938865 37 9.001565
1 2 47 9.341269 40 9.529096
2 2 45 4.157217 38 5.215395
3
0 2 40 14.214835 43 9.164757
1 2 47 15.555951 48 6.451534
2 2 45 9.353036 40 4.468226
3
0 2 40 14.035907 44 8.847706
1 2 46 10.036742 42 9.301380
2 2 45 8.022687 41 6.254831
3
0 2 40 5.562212 41 7.696352
1 2 45 19.850397 47 8.011353
2 2 48 8.125721 42 4.100026
3
0 2 40 1.515919 42 6.391062
1 2 48 13.661761 43 5.744640
2 2 49 4.765259 40 17.394719
3
0 2 40 18.136864 44 19.466991
1 2 43 11.082830 46 6.853228
2 2 45 16.906694 42 2.040698
3
0 2 45 13.332034 47 5.086085
1 2 47 19.330863 46 8.360198
2 2 49 16.782578 45 9.330191
3
0 2 45 16.412316 48 9.712044
1 2 47 11.062805 49 17.609252
2 2 47 2.108504 46 13.657465
3
0 2 45 16.026920 48 14.031538
1 2 46 2.427483 47 14.040508
2 2 46 8.165554 49 7.661646
3
0 2 45 13.933347 49 1.175343
1 2 49 9.060216 46 18.270381
2 2 48 2.410804 46 16.823123
3
0 2 45 17.426965 48 9.825789
1 2 48 3.188572 49 15.081221
2 2 46 10.477072 49 6.567497
3
0 1 49 18.778358
1 1 49 1.730520
2 1 49 4.953922
3
0 1 49 16.573527
1 1 49 3.324509
2 1 49 3.578983
3
0 1 49 16.946601
1 1 49 10.319011
2 1 49 17.884791
3
0 1 49 7.905320
1 1 49 6.265435
2 1 49 1.640173
0
