50 49
3
0 4 5 3.801783 11 4.214814 39 10.723256 30 14.960987
1 4 16 12.374341 22 7.562075 12 1.055569 23 10.242478
2 4 48 14.632955 36 12.199959 17 3.933062 43 7.676465
3
0 4 5 15.427478 46 8.052864 13 3.021037 31 19.403893
1 4 32 12.201773 15 13.302949 27 12.273995 40 13.384140
2 4 47 3.392501 21 1.541517 45 19.744589 38 2.383907
3
0 4 5 7.299249 6 3.135369 22 11.316342 25 4.710124
1 4 26 13.281807 37 5.336390 33 15.305999 17 7.460201
2 4 48 3.247984 16 6.021479 37 1.705652 21 15.156923
3
0 4 5 6.892444 30 19.556549 7 12.160243 33 12.275332
1 4 16 12.689273 21 2.549446 32 9.499851 44 5.606927
2 4 38 12.592983 9 17.345536 35 16.614065 48 19.502421
3
0 4 5 9.234383 41 16.415169 15 14.385073 26 5.966509
1 4 36 7.109507 34 2.098869 5 2.360559 42 15.082457
2 4 23 9.822994 20 12.007620 28 11.332111 40 8.376920
3
0 4 10 16.215818 20 12.280475 14 7.272453 48 17.806107
1 4 36 4.154859 45 6.012695 42 18.305244 14 4.347393
2 4 19 7.421377 27 14.530775 22 4.595711 17 4.995046
3
0 4 10 14.162432 45 18.332804 19 2.820159 20 8.749931
1 4 19 7.788941 23 14.015850 10 5.999505 26 19.629455
2 4 38 17.957685 10 16.837703 48 7.648846 32 4.094292
3
0 4 10 18.478675 20 6.553918 11 7.327635 42 12.660468
1 4 24 18.340665 32 15.648143 48 6.538327 12 19.164084
2 4 26 15.353885 44 12.146811 20 19.717739 21 7.160186
3
0 4 10 19.954613 19 12.038788 29 16.971599 21 13.746651
1 4 35 4.985018 49 9.725893 30 16.527371 18 4.208669
2 4 10 6.442664 35 13.023041 14 16.759551 23 8.916117
3
0 4 10 16.350432 35 17.330192 14 9.666086 30 11.385425
1 4 36 1.749115 16 7.331311 29 8.902749 43 4.254974
2 4 23 6.900922 10 9.705845 27 9.615010 31 4.777363
3
0 4 15 19.091014 44 4.568372 29 14.450533 27 12.559020
1 4 20 12.702766 34 17.781424 46 15.745259 26 9.399461
2 4 21 2.049676 39 2.987797 26 10.108451 38 14.030262
3
0 4 15 13.668416 23 5.279476 30 17.764759 46 17.661795
1 4 37 15.589725 48 14.086566 29 9.918161 24 1.272973
2 4 18 3.737761 45 8.503701 26 8.504004 31 8.422399
3
0 4 15 3.051572 29 2.241623 18 10.018809 40 17.972078
1 4 46 14.844788 33 1.715398 39 6.779481 29 19.187570
2 4 19 2.865403 38 9.535721 20 7.131339 42 13.022361
3
0 4 15 15.594038 36 9.034295 18 8.479826 16 3.595416
1 4 37 1.016307 28 17.402694 43 3.675448 20 16.896300
2 4 33 18.634609 29 12.453476 37 11.959015 17 7.863732
3
0 4 15 1.312081 18 1.100052 46 17.667448 37 11.976303
1 4 44 6.525366 48 13.434826 26 17.720691 30 9.149506
2 4 33 9.232093 21 17.136935 45 4.587056 40 6.639610
3
0 4 20 5.458145 41 3.983320 46 16.825297 43 18.118509
1 4 37 9.197061 28 7.390453 27 7.707540 48 5.332090
2 4 47 1.673780 42 4.959738 32 9.909342 38 3.914075
3
0 4 20 3.013889 39 14.740756 47 15.595513 44 1.064919
1 4 23 8.154984 21 7.621800 28 11.830579 39 9.774362
2 4 46 4.950073 30 1.653062 29 9.353481 40 7.462500
3
0 4 20 12.093575 31 15.880061 24 1.938537 35 10.821670
1 4 49 8.724566 45 1.632610 20 3.861994 35 13.778760
2 4 35 4.259325 39 17.953888 48 2.923834 22 14.189533
3
0 4 20 8.717451 33 19.068244 27 19.730582 46 1.883120
1 4 47 3.777144 44 2.507657 48 16.756520 24 16.186646
2 4 21 6.172743 43 5.149580 27 18.776564 26 13.492037
3
0 4 20 3.119369 31 1.720950 30 8.574580 29 17.262504
1 4 45 1.022634 43 7.753234 25 19.241140 29 10.544448
2 4 33 1.715599 49 7.942873 24 18.477163 46 14.596450
3
0 4 25 3.248469 49 6.547059 46 8.624010 35 13.490480
1 4 28 2.610919 38 7.940830 41 3.071533 30 10.124884
2 4 28 3.952509 41 19.888165 47 13.447057 42 15.700466
3
0 4 25 11.183777 29 8.340988 36 6.653045 28 2.032186
1 4 33 6.792282 37 7.493091 48 2.110096 38 18.052524
2 4 34 16.269887 38 15.655344 49 10.936103 35 7.844336
3
0 4 25 14.509387 34 4.400345 35 12.113961 37 13.777444
1 4 47 8.321215 32 18.270582 48 13.740592 31 1.525280
2 4 41 9.253652 49 2.475337 45 5.909846 31 17.051411
3
0 4 25 10.809907 27 5.038553 32 7.744128 26 7.573069
1 4 25 16.369593 45 4.829181 32 4.875628 33 9.373882
2 4 31 8.792668 34 12.843013 28 16.454478 33 1.270637
3
0 4 25 10.073715 34 2.840603 49 6.264508 37 12.244930
1 4 38 13.437888 47 6.708054 39 15.860946 25 8.587776
2 4 44 13.972685 29 16.087314 47 3.330870 38 4.492382
3
0 4 30 1.094162 43 10.959396 41 5.115996 42 13.125129
1 4 45 8.891318 43 10.237952 37 13.706347 40 12.761833
2 4 49 4.292837 35 18.755330 42 5.819426 40 10.142684
3
0 4 30 5.383502 47 5.773166 49 12.488307 43 8.160533
1 4 32 9.504267 38 13.498873 30 18.325165 45 1.775824
2 4 37 4.095015 34 19.858875 31 2.849652 33 13.326608
3
0 4 30 12.370854 45 15.123610 48 19.332990 33 6.498626
1 4 44 2.962712 35 5.944929 30 8.173463 47 16.185124
2 4 34 6.731018 35 3.869309 43 5.280933 47 13.335623
3
0 4 30 4.998730 38 5.882977 33 3.598792 44 1.815004
1 4 49 4.557504 45 17.332632 43 18.164356 31 12.824419
2 4 38 14.090077 42 7.896225 44 11.550365 30 9.671583
3
0 4 30 4.108334 35 10.040151 39 15.720620 42 7.575416
1 4 46 17.550367 33 6.504945 37 13.779410 36 11.043052
2 4 44 4.864820 34 13.223417 35 19.979973 43 16.978135
3
0 4 35 1.443643 46 10.245563 49 8.795885 48 17.692135
1 4 49 6.524943 37 5.218715 40 2.548149 48 19.245058
2 4 46 8.089129 36 1.038193 39 3.577080 41 14.105344
3
0 4 35 5.235347 44 2.398928 41 4.173149 42 9.490599
1 4 40 15.562439 42 12.047746 49 16.854864 44 12.589730
2 4 40 8.934038 39 14.068555 35 8.983692 43 12.422732
3
0 4 35 5.277401 40 12.550551 37 10.937026 38 8.665343
1 4 39 11.238026 41 8.536088 49 19.092218 43 4.329652
2 4 37 4.003211 36 10.174937 46 11.798930 41 3.805400
3
0 4 35 9.192037 36 18.330465 48 4.464545 38 2.460236
1 4 46 5.488462 49 17.584564 43 7.278654 42 4.132993
2 4 35 1.809524 37 15.126673 46 3.762617 42 4.579701
3
0 4 35 16.046946 43 16.764163 47 10.427294 40 13.351634
1 4 37 18.650153 47 14.932073 45 7.843850 44 12.439696
2 4 49 6.556498 36 4.880660 48 9.603869 39 15.266494
3
0 4 40 12.474839 45 8.444321 49 3.656424 44 11.760585
1 4 44 2.932661 47 16.417155 43 3.258838 49 15.154386
2 4 48 17.695002 44 13.992435 49 1.555247 46 9.329334
3
0 4 40 18.833396 49 13.816073 43 8.068506 44 18.578614
1 4 46 3.689808 40 15.784630 43 6.107719 42 16.393219
2 4 40 2.629850 42 4.981882 41 14.219230 46 13.913987
3
0 4 40 15.689868 43 16.599434 41 7.736921 42 13.104322
1 4 41 16.548467 40 19.950475 47 12.189685 46 16.788522
2 4 42 7.915828 41 10.334714 46 14.117881 47 19.951955
3
0 4 40 15.029556 46 15.163145 43 2.648231 47 16.102466
1 4 47 3.438252 49 10.474554 42 15.092116 48 3.135319
2 4 40 16.392717 45 17.551428 42 10.832615 43 19.502405
3
0 4 40 4.056885 45 16.621696 44 5.165144 49 7.697962
1 4 41 11.766407 42 11.351566 45 11.027235 47 17.498042
2 4 43 16.773045 41 12.626813 40 2.704828 42 12.247345
3
0 4 45 17.194050 48 10.865975 47 12.741475 46 4.527190
1 4 48 17.116742 49 6.785556 45 2.108288 46 18.563789
2 4 46 13.587071 49 17.382389 45 1.755669 48 5.311766
3
0 4 45 12.025653 48 1.182601 47 3.091153 46 17.993794
1 4 47 1.102499 46 11.887276 48 13.116138 49 9.184245
2 4 49 13.777389 45 8.501029 48 18.800554 46 8.250888
3
0 4 45 15.768415 48 14.136922 49 16.802672 46 18.176381
1 4 48 13.845098 49 6.591050 46 19.826544 45 7.657199
2 4 48 13.550438 47 10.719237 45 18.210765 49 13.888930
3
0 4 45 7.521685 48 18.284034 47 18.470974 49 5.527549
1 4 45 12.971881 49 12.312343 46 18.046933 48 10.342395
2 4 46 9.397118 45 3.972256 49 10.630594 47 16.807490
3
0 4 45 11.848011 48 9.816829 46 16.208130 49 11.425056
1 4 46 1.820773 48 2.025359 49 7.198448 47 3.602787
2 4 47 10.175288 49 15.281481 46 11.396665 45 8.533900
3
0 1 49 7.857723
1 1 49 19.306466
2 1 49 17.851375
3
0 1 49 12.479995
1 1 49 17.177457
2 1 49 17.880929
3
0 1 49 8.508701
1 1 49 19.857952
2 1 49 15.748000
3
0 1 49 10.714251
1 1 49 17.855638
2 1 49 8.894028
0
