50 49
3
0 1 5 2.769536
1 1 12 1.795564
2 1 35 19.006574
3
0 1 5 3.019631
1 1 24 8.314010
2 1 34 1.060249
3
0 1 5 17.598609
1 1 33 4.712753
2 1 23 8.093293
3
0 1 5 11.224692
1 1 48 3.139573
2 1 42 13.909146
3
0 1 5 17.453679
1 1 20 13.318109
2 1 43 13.019278
3
0 1 10 3.426528
1 1 35 14.692311
2 1 31 4.293888
3
0 1 10 18.103269
1 1 40 13.027697
2 1 37 12.268900
3
0 1 10 17.846814
1 1 13 16.559921
2 1 25 10.716969
3
0 1 10 5.748928
1 1 20 8.655845
2 1 11 11.055630
3
0 1 10 18.286566
1 1 40 13.115736
2 1 29 2.659200
3
0 1 15 18.678969
1 1 35 2.639686
2 1 35 7.106180
3
0 1 15 6.389769
1 1 46 2.054167
2 1 16 11.983566
3
0 1 15 6.171878
1 1 45 10.618401
2 1 39 1.624037
3
0 1 15 4.736749
1 1 46 8.117948
2 1 37 19.838273
3
0 1 15 18.025723
1 1 39 16.771895
2 1 20 19.487646
3
0 1 20 8.830729
1 1 44 18.667928
2 1 31 9.001684
3
0 1 20 17.042903
1 1 38 17.918697
2 1 38 6.436067
3
0 1 20 11.085995
1 1 39 17.376109
2 1 46 7.650634
3
0 1 20 5.687822
1 1 45 15.893740
2 1 30 14.664330
3
0 1 20 4.998893
1 1 33 18.979289
2 1 36 7.713165
3
0 1 25 14.389040
1 1 27 5.972419
2 1 38 12.078475
3
0 1 25 13.910767
1 1 26 9.236088
2 1 29 8.346413
3
0 1 25 5.503254
1 1 26 6.366390
2 1 42 6.090257
3
0 1 25 16.207785
1 1 44 3.182874
2 1 33 5.352734
3
0 1 25 19.109446
1 1 26 16.759276
2 1 47 6.188948
3
0 1 30 10.540833
1 1 44 18.932830
2 1 38 6.016401
3
0 1 30 1.386175
1 1 41 15.418647
2 1 31 6.813611
3
0 1 30 7.860490
1 1 37 18.399704
2 1 38 4.861273
3
0 1 30 17.109871
1 1 39 12.560426
2 1 34 10.104850
3
0 1 30 4.878920
1 1 41 16.754906
2 1 41 5.317407
3
0 1 35 2.483724
1 1 37 18.132731
2 1 39 11.024169
3
0 1 35 5.579645
1 1 36 9.374657
2 1 49 2.316034
3
0 1 35 12.413101
1 1 43 16.158892
2 1 46 4.993503
3
0 1 35 13.889973
1 1 44 14.900821
2 1 45 5.105802
3
0 1 35 9.433273
1 1 44 11.185602
2 1 49 17.768193
3
0 1 40 7.962833
1 1 49 4.808429
2 1 42 10.785978
3
0 1 40 6.663447
1 1 47 14.961540
2 1 43 10.976429
3
0 1 40 11.724924
1 1 43 2.727092
2 1 46 6.898055
3
0 1 40 1.024537
1 1 48 19.490833
2 1 41 17.604945
3
0 1 40 7.340531
1 1 43 2.654622
2 1 48 18.347935
3
0 1 45 4.518305
1 1 47 19.706466
2 1 49 5.411091
3
0 1 45 6.023958
1 1 46 14.718674
2 1 45 14.028319
3
0 1 45 13.684160
1 1 47 13.920587
2 1 47 10.447016
3
0 1 45 13.371962
1 1 47 18.698434
2 1 49 17.929414
3
0 1 45 5.744365
1 1 48 2.316899
2 1 49 13.246010
3
0 1 49 8.779382
1 1 49 10.665461
2 1 49 10.033138
3
0 1 49 16.869982
1 1 49 16.567591
2 1 49 4.947338
3
0 1 49 12.753274
1 1 49 7.083016
2 1 49 8.724371
3
0 1 49 12.089380
1 1 49 1.662939
2 1 49 15.802600
0
