50 49
3
0 3 5 6.549709 41 7.903961 29 9.551050
1 3 29 5.695853 44 6.340537 47 14.129447
2 3 48 15.645109 21 2.162115 17 16.840880
3
0 3 5 4.458262 49 15.517339 18 12.259976
1 3 45 13.273620 46 9.100342 36 10.431730
2 3 24 13.469177 44 19.878777 11 6.885661
3
0 3 5 19.179373 27 12.216168 34 10.666593
1 3 28 13.617870 35 11.076800 31 13.027979
2 3 10 12.015134 23 6.211783 35 8.367586
3
0 3 5 7.031829 49 5.558531 11 19.215415
1 3 32 17.615438 45 15.068540 37 9.817836
2 3 8 16.065084 39 3.733021 19 4.937889
3
0 3 5 10.136296 14 8.254724 31 5.674056
1 3 17 8.822264 46 3.631168 28 1.307304
2 3 11 12.933402 31 19.671590 43 16.034940
3
0 3 10 16.782725 25 11.163214 44 18.776613
1 3 37 6.818918 19 10.609092 24 4.153659
2 3 19 12.646035 41 9.946218 23 8.993474
3
0 3 10 1.642525 29 15.380428 19 15.016997
1 3 36 8.225208 35 18.541843 14 1.772892
2 3 43 9.549164 28 13.195137 26 18.146630
3
0 3 10 10.617556 25 3.874422 26 14.859559
1 3 11 19.214465 42 4.783154 19 17.044110
2 3 38 12.314882 33 10.593277 32 14.708082
3
0 3 10 16.641189 29 14.909843 20 17.478277
1 3 17 8.204502 12 5.444166 40 11.399991
2 3 48 7.784499 45 6.806947 12 5.671250
3
0 3 10 11.478756 24 17.441106 20 2.094346
1 3 34 9.211633 19 4.012987 12 2.934182
2 3 33 17.586489 49 17.697050 10 10.872047
3
0 3 15 9.658299 40 2.331601 24 16.565308
1 3 39 3.272044 40 16.889888 41 14.503739
2 3 43 13.878292 26 12.050148 24 13.998821
3
0 3 15 9.147077 38 6.125362 35 7.392268
1 3 40 11.315008 21 14.939420 36 15.770044
2 3 20 2.190686 31 4.552206 22 12.150564
3
0 3 15 13.640987 18 8.931747 44 17.448569
1 3 41 8.661698 34 18.445805 18 9.168972
2 3 35 4.032859 25 18.060119 19 19.913758
3
0 3 15 12.366079 47 7.016567 40 15.113881
1 3 15 13.690389 30 13.872038 38 6.952940
2 3 41 8.185868 47 1.847707 19 5.976414
3
0 3 15 11.040577 33 11.069106 36 9.375939
1 3 26 12.133948 30 1.702407 49 10.048984
2 3 43 8.205357 20 5.224880 29 7.694971
3
0 3 20 19.062358 49 9.654499 32 3.156992
1 3 30 5.080795 25 1.831331 42 17.209410
2 3 35 9.638938 49 11.901729 34 13.079873
3
0 3 20 12.017082 41 12.772627 46 9.551930
1 3 25 3.999756 21 11.418658 39 10.137264
2 3 43 9.561512 32 13.587872 39 6.185472
3
0 3 20 18.101745 46 8.646830 43 5.529428
1 3 34 8.987119 27 2.686469 21 13.707958
2 3 46 11.004550 29 10.559926 27 3.226780
3
0 3 20 1.792488 29 6.355449 38 6.674390
1 3 20 10.697152 24 13.649647 40 15.172536
2 3 41 9.793597 39 1.988033 34 4.910557
3
0 3 20 4.202404 48 13.485731 41 1.051815
1 3 27 16.907763 23 7.859708 43 15.967707
2 3 34 16.633235 35 4.587432 48 5.088802
3
0 3 25 16.553353 36 8.776989 49 16.573222
1 3 26 7.260854 34 17.569552 43 1.987737
2 3 40 3.360814 45 4.312851 44 2.667747
3
0 3 25 11.358809 27 16.133167 34 4.142182
1 3 49 18.900241 25 15.305877 39 13.653046
2 3 44 12.232467 33 2.179325 40 7.021356
3
0 3 25 14.022078 35 5.495434 30 4.419218
1 3 40 1.907856 48 3.058587 49 2.534111
2 3 31 13.361454 34 1.279231 44 7.196028
3
0 3 25 8.179352 45 15.668152 43 18.834875
1 3 49 15.254135 40 14.751008 46 19.721911
2 3 45 16.490500 35 10.761228 41 1.289692
3
0 3 25 15.480814 41 11.607640 35 11.035688
1 3 40 5.797990 27 11.165026 34 14.321462
2 3 42 10.704764 45 12.656045 34 15.770325
3
0 3 30 18.559176 40 13.170354 46 3.260260
1 3 42 13.352320 49 10.266319 39 6.014013
2 3 39 11.652006 31 14.574182 49 19.003976
3
0 3 30 13.863354 32 13.642964 35 5.120182
1 3 44 17.145888 38 16.290974 47 2.147819
2 3 38 1.716811 48 18.268591 35 7.173299
3
0 3 30 6.514646 44 16.998680 46 18.744826
1 3 36 3.539884 38 6.877554 43 16.427547
2 3 42 5.848163 39 11.949027 48 17.305054
3
0 3 30 13.468571 45 4.785839 41 1.351575
1 3 49 16.647435 38 17.413861 45 13.394561
2 3 35 3.680295 37 13.599421 32 19.672207
3
0 3 30 15.037730 35 12.980411 37 8.176526
1 3 36 1.497241 40 6.660166 38 11.440317
2 3 44 4.464972 38 16.876961 36 14.116529
3
0 3 35 6.472097 42 15.804161 45 18.710210
1 3 45 12.046474 42 13.819903 40 17.446739
2 3 48 10.414975 36 18.685599 37 1.611862
3
0 3 35 14.516777 40 11.355926 48 8.315257
1 3 38 15.670651 37 4.691970 40 3.563050
2 3 38 2.871286 46 14.310268 45 18.164141
3
0 3 35 15.943323 46 19.125331 41 17.226883
1 3 42 6.393629 41 6.395344 38 19.808338
2 3 39 7.711709 48 16.829359 42 9.197934
3
0 3 35 4.499918 42 1.217149 43 2.892496
1 3 44 4.255331 46 9.587840 36 14.796172
2 3 38 7.089287 36 2.476153 39 2.548720
3
0 3 35 18.958624 44 2.316293 38 19.420141
1 3 48 3.853226 37 1.665067 47 18.174784
2 3 42 11.877904 47 1.236491 49 12.139117
3
0 3 40 17.757032 46 8.185833 48 2.840966
1 3 47 9.794123 45 4.948766 46 18.958923
2 3 42 2.410377 43 11.609087 45 12.168245
3
0 3 40 17.910061 43 10.297826 42 15.557685
1 3 46 5.124446 44 4.048734 45 7.453275
2 3 43 13.115478 46 8.070470 41 15.319081
3
0 3 40 11.257801 49 11.753838 45 13.880839
1 3 48 4.574717 40 8.168188 47 13.274758
2 3 49 2.302143 43 6.273409 40 7.886179
3
0 3 40 2.715996 42 5.981190 45 17.964587
1 3 41 10.114174 46 18.220356 40 9.382503
2 3 47 9.012195 44 18.428338 46 7.312380
3
0 3 40 5.283327 46 3.632286 43 17.128333
1 3 44 19.944171 48 2.773631 43 17.594359
2 3 46 1.000908 44 2.758791 48 12.127389
3
0 3 45 6.553173 49 3.760866 48 13.614092
1 3 46 9.088438 47 15.891925 45 15.643255
2 3 48 17.524110 49 16.328606 47 4.432196
3
0 3 45 4.018880 48 16.129185 46 7.786697
1 3 45 8.697164 47 7.491296 46 11.732909
2 3 46 10.513309 48 15.401168 45 14.908529
3
0 3 45 9.134542 48 8.798950 46 11.180809
1 3 46 7.371687 49 1.550554 45 1.339843
2 3 46 12.047398 48 2.314644 45 15.288115
3
0 3 45 13.208457 47 12.227696 49 17.081194
1 3 45 9.818579 49 4.183287 46 14.221658
2 3 49 5.545866 48 2.380709 45 1.344370
3
0 3 45 2.965762 49 10.472160 47 8.985254
1 3 49 13.807724 47 9.585895 46 12.015424
2 3 45 9.754320 46 18.511735 48 12.194061
3
0 1 49 17.144900
1 1 49 18.387730
2 1 49 4.881477
3
0 1 49 19.131580
1 1 49 18.497566
2 1 49 6.510397
3
0 1 49 3.793814
1 1 49 5.301227
2 1 49 10.260369
3
0 1 49 17.274208
1 1 49 19.240392
2 1 49 3.670712
0
