50 49
3
0 5 5 5.444661 16 13.730957 28 4.506650 43 6.460579 7 13.333525
1 5 12 4.386447 40 2.852135 44 3.599380 22 16.237161 23 12.545281
2 5 29 17.013614 39 16.605797 34 2.485236 44 17.033396 6 10.601968
3
0 5 5 3.280354 14 8.428038 47 9.955278 10 16.074354 18 1.415377
1 5 40 1.037157 22 1.101634 12 5.902339 6 4.282982 17 4.080096
2 5 14 3.578807 21 8.789191 17 13.630551 41 8.513900 23 6.663662
3
0 5 5 2.380647 11 10.870082 10 17.416401 46 19.293983 26 19.022166
1 5 21 17.687233 8 14.123405 15 10.356959 36 10.642076 6 10.820030
2 5 31 16.645526 9 7.983017 14 4.480164 44 8.634039 20 19.926044
3
0 5 5 9.807414 49 10.539874 6 4.904945 37 3.469241 16 10.950334
1 5 25 11.765599 23 19.985055 45 8.083954 48 9.624142 34 18.527104
2 5 22 9.787483 25 15.854431 31 6.674290 36 16.445421 44 3.622582
3
0 5 5 9.024550 27 13.149412 12 11.149012 6 18.167282 34 1.664794
1 5 7 6.231622 5 17.331931 11 12.407090 45 13.854246 29 11.179039
2 5 10 4.417997 32 18.202713 16 17.283906 25 16.460114 35 18.252862
3
0 5 10 11.107163 45 5.497993 31 2.203432 32 10.284075 47 3.816096
1 5 45 6.794988 29 15.423799 47 19.013233 30 15.861981 20 11.782814
2 5 31 17.316890 14 11.415086 32 6.884527 29 1.297625 34 13.487309
3
0 5 10 13.797710 47 9.186769 16 10.201512 41 3.056254 37 9.823449
1 5 39 12.054631 16 10.139483 33 12.304591 26 4.624254 48 1.366075
2 5 46 6.346397 33 10.199591 24 10.831955 41 17.310089 18 2.051328
3
0 5 10 3.245250 16 8.075694 37 12.787952 32 10.203554 15 18.924909
1 5 25 10.267972 22 9.028134 29 14.097179 28 2.877393 41 7.092906
2 5 36 7.132989 25 6.705355 44 11.053967 40 19.697655 18 9.047642
3
0 5 10 6.099543 22 17.024568 36 12.842407 46 16.008413 38 4.193694
1 5 13 10.275658 19 7.809835 25 2.215180 27 1.395917 39 9.467459
2 5 30 6.627966 15 1.255538 41 7.183082 49 16.187131 18 8.602459
3
0 5 10 19.901538 18 5.538891 48 14.565080 28 16.019951 43 9.185711
1 5 11 12.249359 26 6.593392 25 14.161354 16 14.887796 21 6.570756
2 5 12 11.129383 14 3.254225 11 6.482706 17 6.551213 20 16.984172
3
0 5 15 13.564939 36 9.273423 33 19.477839 40 17.791737 42 14.934260
1 5 39 11.143100 40 7.815802 20 13.415845 19 9.149105 47 6.624149
2 5 30 8.724357 29 6.876282 48 9.493437 42 11.230054 16 15.351332
3
0 5 15 1.933759 39 18.023301 21 15.542619 49 9.098582 40 11.267185
1 5 47 10.449214 16 6.815305 23 8.066293 26 12.834384 34 10.724601
2 5 21 15.608749 46 19.435919 25 1.000392 40 13.411169 49 8.177984
3
0 5 15 11.326381 46 14.747036 48 18.218736 36 15.123908 41 1.548548
1 5 35 19.872092 38 19.105623 32 9.420241 41 17.633923 20 13.076291
2 5 34 4.210347 39 7.983737 41 5.787253 20 14.367124 21 16.132325
3
0 5 15 15.900652 39 17.638882 38 17.300996 19 2.701037 17 2.348133
1 5 16 16.835755 37 7.122849 46 17.306616 19 15.944590 36 11.551684
2 5 35 12.782990 38 11.589718 21 5.824082 25 11.534013 20 10.068420
3
0 5 15 16.348892 38 3.642009 17 13.663147 49 16.009128 19 15.018666
1 5 36 17.895337 40 7.152199 41 15.419059 19 18.760337 17 6.049120
2 5 38 12.118569 49 17.013465 41 4.672137 29 16.613486 36 1.231648
3
0 5 20 4.055970 35 15.026632 36 7.188341 25 11.283627 21 13.442093
1 5 27 8.302957 23 6.101963 38 18.427314 25 4.929766 36 8.709607
2 5 35 5.163195 39 14.157809 30 4.240554 43 10.056119 48 12.975978
3
0 5 20 3.926700 41 4.829788 25 7.250010 29 14.891076 24 19.695380
1 5 28 6.382078 49 11.494160 45 10.319396 36 3.150982 37 13.927770
2 5 27 3.605105 38 19.392110 23 7.659476 48 13.591146 39 6.818748
3
0 5 20 3.239704 48 13.201202 36 13.964506 41 7.065454 32 8.877247
1 5 26 6.556256 29 11.913443 38 5.137001 44 4.313355 43 8.196482
2 5 47 2.929444 28 14.416424 41 9.945992 33 16.802993 34 3.005229
3
0 5 20 12.343667 46 4.697971 37 4.450002 28 17.916001 27 2.749802
1 5 23 1.518558 33 7.266379 26 17.824713 46 6.596382 20 1.579803
2 5 25 4.644946 38 12.699752 33 8.121127 39 6.749258 34 8.224510
3
0 5 20 1.368337 22 13.496397 23 13.858983 27 2.230830 24 10.515722
1 5 47 5.236301 29 15.976227 21 19.626864 33 17.369668 41 13.626718
2 5 47 2.249507 29 8.377760 33 13.492674 35 10.179320 45 4.335121
3
0 5 25 12.838812 41 12.550319 40 13.864737 46 19.690471 31 12.893340
1 5 26 16.242148 38 2.708452 45 4.638261 37 18.603129 32 18.377588
2 5 47 6.351899 34 15.120039 29 9.998938 42 17.612098 30 3.454495
3
0 5 25 1.755615 26 13.849192 49 6.126089 40 19.508836 34 1.037548
1 5 32 18.075001 45 6.410765 36 17.979781 37 7.652724 29 1.092346
2 5 41 15.707073 26 10.218808 49 7.824302 43 16.839794 27 15.737930
3
0 5 25 2.530408 26 13.350554 28 4.534053 40 5.191555 36 18.486621
1 5 29 8.342228 41 16.133587 37 10.071675 36 15.552300 38 14.289312
2 5 31 14.748512 35 12.816586 48 17.320531 27 5.677145 37 5.144228
3
0 5 25 7.897248 42 8.007243 31 12.904933 45 12.109071 49 13.454290
1 5 28 12.720779 35 5.506277 44 4.557766 43 7.938957 26 10.502836
2 5 48 9.076058 40 16.154995 33 14.316406 37 9.855505 28 5.905999
3
0 5 25 6.363926 49 6.441184 35 4.599053 31 14.040262 29 15.790211
1 5 40 10.273127 41 12.575335 27 12.768856 39 17.400273 49 7.037537
2 5 38 16.332499 34 15.906686 40 12.081830 42 16.960609 33 9.574320
3
0 5 30 19.053786 48 7.640356 32 11.761946 35 3.741926 44 3.251778
1 5 42 1.609383 43 8.064838 36 11.792483 41 9.573120 32 19.411162
2 5 38 14.496468 46 15.184119 43 8.212975 42 15.506545 37 6.071729
3
0 5 30 11.846679 33 14.749385 47 8.327741 36 10.056236 43 8.541074
1 5 42 19.569078 41 5.736648 39 12.104888 37 13.441248 33 18.519855
2 5 47 9.722141 40 5.374543 30 16.450426 46 3.052489 34 12.340467
3
0 5 30 1.802403 44 18.694444 34 11.857843 48 13.393590 37 15.732601
1 5 37 15.645895 49 5.511598 34 3.035793 32 13.281255 41 8.156694
2 5 45 14.913852 31 6.639705 34 15.970470 41 10.484644 33 14.356798
3
0 5 30 19.840887 46 17.531717 31 10.199322 41 7.715273 43 1.663623
1 5 49 5.845641 33 16.436243 48 6.334231 44 8.259644 35 11.792776
2 5 39 12.370404 45 8.112906 31 7.628374 42 8.865567 43 8.098755
3
0 5 30 6.396576 48 19.832437 40 5.034071 36 17.715409 46 9.511434
1 5 32 17.113426 33 4.730810 46 5.528737 30 2.923828 41 17.887788
2 5 30 4.769046 44 14.798776 36 10.014566 41 5.540293 45 5.765202
3
0 5 35 11.448827 41 13.596850 36 1.359798 46 16.900375 39 5.905971
1 5 41 13.377852 36 15.063715 35 6.998386 44 12.332344 38 1.827679
2 5 46 14.962385 43 10.887774 44 11.374255 40 18.622544 37 14.104994
3
0 5 35 12.215693 43 15.284973 37 9.713932 39 11.572819 47 10.364464
1 5 47 6.610469 39 19.255438 46 18.307139 48 16.902121 42 1.725403
2 5 40 18.626168 35 1.139339 44 6.860436 48 9.739870 41 14.198388
3
0 5 35 14.367815 44 14.397223 47 18.993204 48 16.277222 46 14.258982
1 5 39 16.182098 47 3.873023 37 18.718320 38 19.580936 40 13.072501
2 5 37 15.223528 36 7.535316 49 5.312165 43 11.219026 48 10.728256
3
0 5 35 17.925311 45 9.151024 49 19.460227 41 13.890262 48 5.314278
1 5 40 14.442238 43 17.222400 47 15.482994 35 5.176747 42 2.707283
2 5 41 18.836817 45 19.927938 44 3.037203 46 18.180692 40 8.187231
3
0 5 35 16.621277 46 13.161083 49 7.386775 38 4.237081 40 17.580572
1 5 42 12.195366 36 9.361667 46 18.227257 37 13.377073 47 12.620228
2 5 36 15.745396 48 6.380129 46 1.767920 45 14.874017 37 6.046193
3
0 5 40 15.614087 46 6.724248 41 8.354027 47 10.657578 42 6.132881
1 5 48 18.877597 44 9.097568 42 11.287916 46 9.630253 41 12.188692
2 5 42 2.038782 43 4.748829 46 11.668754 45 3.603847 47 4.408730
3
0 5 40 6.183358 47 3.497364 43 1.904411 44 7.673606 42 6.507328
1 5 45 16.646617 47 2.334450 49 19.447703 48 3.081185 46 3.464402
2 5 49 17.142614 46 19.762581 48 15.758690 40 18.435509 41 17.935824
3
0 5 40 1.917475 42 16.924608 47 11.534696 49 10.556138 41 4.373621
1 5 42 1.803488 43 6.751007 44 7.820921 49 16.769989 47 17.624297
2 5 47 3.313466 49 11.593469 48 8.430091 45 15.279108 41 10.335050
3
0 5 40 18.926294 42 13.290582 44 5.694157 49 12.074352 47 16.124496
1 5 48 5.835452 44 2.755711 40 10.643080 42 9.818292 46 15.268434
2 5 44 10.029191 43 12.982594 40 12.032248 42 11.974062 46 4.001237
3
0 5 40 3.957103 42 16.060646 45 7.407115 47 11.590228 46 7.733465
1 5 48 9.044674 49 7.230182 47 1.866182 42 16.061983 43 17.457117
2 5 47 11.258573 41 19.968958 48 4.008837 42 19.560348 43 14.362990
3
0 5 45 16.975032 46 7.241851 47 11.044726 48 7.107493 49 15.755901
1 5 45 2.095802 46 10.202026 47 15.975766 48 11.408481 49 3.857202
2 5 45 15.538784 46 17.593737 47 7.671463 48 17.282849 49 15.004635
3
0 5 45 13.516623 46 12.388563 47 10.688170 48 5.846224 49 3.437279
1 5 45 2.985184 46 15.819723 47 7.390655 48 6.728852 49 1.527745
2 5 45 15.229745 46 19.029318 47 2.503650 48 16.538792 49 8.949105
3
0 5 45 5.289869 46 6.778809 47 12.070916 48 14.628747 49 15.545705
1 5 45 13.241847 46 15.105629 47 1.481584 48 3.871776 49 5.441482
2 5 45 14.654378 46 17.337428 47 1.711539 48 10.153382 49 13.261719
3
0 5 45 2.312399 46 11.068659 47 13.105245 48 16.900770 49 3.246145
1 5 45 7.426626 46 18.760992 47 8.357300 48 4.633712 49 2.131243
2 5 45 6.281739 46 5.867948 47 9.080525 48 10.161348 49 12.746118
3
0 5 45 18.928526 46 11.648898 47 5.216029 48 3.681494 49 10.242729
1 5 45 4.509854 46 19.715330 47 9.470824 48 2.319833 49 19.517445
2 5 45 4.578109 46 8.113606 47 10.531178 48 12.243078 49 17.541425
3
0 1 49 15.706587
1 1 49 14.493610
2 1 49 5.989007
3
0 1 49 10.570643
1 1 49 15.853242
2 1 49 12.013753
3
0 1 49 2.719941
1 1 49 15.622340
2 1 49 1.139613
3
0 1 49 6.667542
1 1 49 13.914742
2 1 49 8.238116
0
