50 49
3
0 4 5 15.838507 44 4.091264 43 10.805579 19 8.931224
1 4 25 15.462421 49 1.422059 24 7.368884 48 14.602006
2 4 14 4.975659 7 6.613042 8 3.629248 30 9.755316
3
0 4 5 17.966386 11 10.538259 10 16.421635 38 3.401238
1 4 47 16.787489 8 1.144644 38 9.417788 10 18.415812
2 4 23 14.242675 29 2.402834 33 12.687161 26 3.486609
3
0 4 5 5.110671 36 7.994286 19 16.798795 48 4.837109
1 4 47 5.866902 48 10.216956 15 19.968811 28 12.267006
2 4 46 13.207736 31 18.107049 45 16.004617 42 12.927301
3
0 4 5 1.482200 48 17.905561 26 6.817879 11 17.317531
1 4 29 12.249438 37 8.450759 28 8.366536 48 14.336010
2 4 15 16.892950 37 8.055889 47 10.929730 33 10.113954
3
0 4 5 5.677183 44 6.117687 34 4.950631 31 14.090620
1 4 6 8.331398 13 7.570486 24 16.517403 30 5.544327
2 4 6 11.580103 26 14.309099 45 8.300477 23 6.300486
3
0 4 10 2.751097 42 8.311651 31 5.006687 29 9.600028
1 4 26 11.933308 35 3.095922 47 12.126813 19 4.041652
2 4 27 13.654855 21 7.738764 24 17.635859 19 1.757860
3
0 4 10 13.573286 42 3.747423 11 17.176250 13 13.272416
1 4 40 10.989520 48 12.198252 21 17.917486 43 2.828506
2 4 15 10.200167 37 16.225311 32 19.210655 45 1.683229
3
0 4 10 4.804482 24 9.662124 37 7.852560 30 6.508163
1 4 15 5.381998 46 11.925923 44 5.724711 33 7.459999
2 4 24 5.349789 28 8.927911 48 13.192198 25 5.907975
3
0 4 10 15.461325 38 14.137412 22 1.819393 33 10.035998
1 4 40 1.441752 20 8.345697 48 18.081867 25 11.798073
2 4 12 8.656697 42 2.387846 25 6.328495 18 3.948449
3
0 4 10 19.183891 19 10.214014 48 16.523785 25 6.345886
1 4 10 13.249221 44 17.108281 16 8.135626 13 10.928902
2 4 10 12.817018 47 8.234684 37 6.994568 11 5.671592
3
0 4 15 16.298952 44 5.896018 30 15.832470 49 18.067486
1 4 32 3.323068 42 5.030693 37 3.475872 28 16.955097
2 4 29 14.453106 43 8.013951 37 9.311045 16 3.078696
3
0 4 15 3.653470 36 9.836156 24 17.437680 44 10.403096
1 4 19 1.180878 15 7.387439 45 19.565254 24 14.741480
2 4 45 16.422533 21 9.734250 23 11.019016 48 4.088915
3
0 4 15 16.415093 47 6.899591 33 1.297179 30 2.773450
1 4 29 16.283863 19 13.513720 49 18.540295 41 1.650795
2 4 24 13.346286 49 1.946680 43 2.469885 35 17.680985
3
0 4 15 5.985204 36 16.475123 26 12.343279 46 3.819157
1 4 20 8.002513 16 3.513540 36 9.217988 39 19.166303
2 4 22 5.221719 44 9.692012 28 18.166626 43 13.744050
3
0 4 15 4.505360 16 15.908140 25 17.390983 46 5.371535
1 4 24 8.404957 22 14.622140 46 2.160629 39 19.562315
2 4 40 3.902621 23 16.052597 19 10.842331 35 7.482320
3
0 4 20 13.173228 27 7.444382 34 1.331906 32 10.990736
1 4 21 1.042971 46 11.218835 27 3.143500 32 1.882017
2 4 20 8.303029 30 4.386359 46 1.136854 43 16.600984
3
0 4 20 18.493272 49 14.991855 40 10.789939 21 13.183187
1 4 42 19.713874 33 5.233923 40 14.920547 44 19.075947
2 4 44 1.344059 43 5.624044 47 12.819994 26 7.422907
3
0 4 20 1.440605 26 7.064463 28 6.595801 46 9.947522
1 4 48 8.077416 28 11.324425 45 5.520145 40 4.975429
2 4 41 16.494380 29 17.065110 48 19.479481 28 8.958870
3
0 4 20 6.795966 31 6.060642 49 8.372726 22 3.167111
1 4 26 3.391646 49 7.514392 25 19.311544 37 15.794983
2 4 23 19.477434 33 2.204590 48 18.756676 47 2.993196
3
0 4 20 19.535562 37 13.160988 44 14.061282 32 9.621094
1 4 46 9.936865 32 14.724802 31 13.229072 22 5.585757
2 4 34 5.664301 36 2.080779 26 8.599430 24 14.935073
3
0 4 25 18.584598 33 13.034732 27 14.810187 45 7.702408
1 4 28 2.437530 47 5.497681 30 19.929774 26 2.060545
2 4 40 18.385544 49 7.048864 42 15.880262 36 11.211950
3
0 4 25 17.886156 32 15.210208 38 17.838276 31 17.081169
1 4 25 17.961330 30 18.651569 33 10.630756 43 19.295528
2 4 35 15.152361 49 1.511085 29 11.074309 41 11.540580
3
0 4 25 3.506427 48 19.595467 36 3.501160 41 15.813826
1 4 45 15.466412 46 9.447032 44 16.586966 35 13.224310
2 4 25 8.797947 41 7.635705 43 8.358429 39 17.401112
3
0 4 25 3.978159 42 6.275939 44 2.117636 38 13.648890
1 4 35 16.152203 39 12.659020 44 19.268066 45 5.577999
2 4 34 12.294725 44 3.361477 48 11.947072 27 1.960163
3
0 4 25 13.276595 40 19.279785 38 14.336688 31 17.664306
1 4 28 18.512309 38 16.926890 49 6.181835 26 2.865513
2 4 30 2.699255 25 11.618045 39 11.234224 33 9.491668
3
0 4 30 15.811250 44 10.680231 46 2.095188 49 19.583360
1 4 34 2.044915 31 4.805904 30 15.277807 41 13.766447
2 4 31 8.858030 33 3.491964 41 18.347496 40 11.391886
3
0 4 30 9.729162 36 5.125098 38 1.544934 47 7.297396
1 4 31 12.202508 46 11.812464 33 1.474377 47 5.852560
2 4 48 13.319776 33 10.568077 46 16.528967 31 3.351791
3
0 4 30 19.249485 43 13.913614 34 14.981074 44 3.009683
1 4 33 8.143660 48 18.397522 36 2.866150 32 8.403501
2 4 45 18.618513 36 7.671837 39 17.201468 40 9.149524
3
0 4 30 19.888953 37 15.056096 44 2.140696 42 8.606627
1 4 38 1.572230 47 10.171814 31 6.934414 49 7.817566
2 4 38 13.317385 42 18.398687 49 9.470828 45 14.807141
3
0 4 30 5.332427 45 13.468960 41 2.650547 43 19.047266
1 4 45 6.330013 42 1.272468 35 10.282052 40 13.637197
2 4 41 14.652372 36 12.902990 44 8.493033 39 11.495983
3
0 4 35 18.561798 36 2.450795 37 17.079286 46 7.833585
1 4 35 2.800947 39 19.093984 40 13.259632 38 4.270120
2 4 44 13.910244 46 14.346326 41 3.837046 42 16.093832
3
0 4 35 14.878927 38 14.520959 48 18.818511 40 10.501150
1 4 40 18.260597 41 7.368273 35 15.095667 46 1.338084
2 4 46 4.242812 47 15.009551 49 16.212013 42 18.622398
3
0 4 35 5.055686 36 16.471900 37 2.189696 49 1.496743
1 4 48 15.470960 49 15.323237 36 6.846182 38 18.792295
2 4 48 13.450330 37 13.144767 43 18.945159 38 11.675853
3
0 4 35 15.110875 49 9.680081 39 13.265740 47 7.449756
1 4 49 5.557550 45 13.918085 37 17.641766 46 14.846463
2 4 45 13.303652 43 4.000696 40 7.097222 42 18.872063
3
0 4 35 12.081140 38 8.190745 36 14.771327 41 1.423333
1 4 44 9.751506 46 2.352151 41 15.225549 49 6.385206
2 4 47 3.996825 39 18.172283 41 19.988340 42 13.424814
3
0 4 40 3.261327 45 7.585816 41 2.345225 42 18.303045
1 4 41 5.768248 45 17.866359 40 6.846942 42 12.733559
2 4 44 7.564161 42 17.574933 41 14.490281 49 8.623167
3
0 4 40 8.202078 47 19.575394 48 13.212324 41 6.032466
1 4 47 2.961529 43 9.018821 41 7.120875 46 16.897488
2 4 42 18.432262 49 11.063228 48 18.182123 44 19.162413
3
0 4 40 18.699067 45 1.179330 49 4.629311 46 12.728880
1 4 44 16.843873 47 5.254173 40 17.838753 46 11.280898
2 4 49 4.460344 40 19.065214 48 16.476793 42 3.231257
3
0 4 40 9.405405 42 13.135700 44 1.366671 41 14.040778
1 4 48 7.121434 40 11.451978 43 7.001635 44 8.175328
2 4 46 6.633658 40 13.417628 44 9.166579 48 14.609778
3
0 4 40 1.124366 48 18.713530 43 6.901727 47 4.707403
1 4 46 14.018143 47 15.394750 44 18.732660 45 18.493171
2 4 41 18.568216 47 16.797496 48 19.755835 46 11.496865
3
0 4 45 5.135436 46 16.138916 47 10.764783 49 5.898487
1 4 48 11.408088 46 11.485417 45 9.090149 49 13.504371
2 4 45 4.067991 46 8.204267 49 5.317881 48 15.192480
3
0 4 45 3.929243 49 2.492165 46 4.301463 48 17.057162
1 4 46 10.844763 48 2.355838 47 17.272741 45 2.427357
2 4 48 16.339541 47 2.262488 46 6.320874 49 18.270603
3
0 4 45 8.847522 49 9.471595 48 14.384700 47 4.283833
1 4 47 17.615610 48 14.784515 45 3.709889 49 3.818440
2 4 49 15.481744 48 4.402126 46 17.618251 47 7.631440
3
0 4 45 4.399077 48 9.123800 49 14.555749 47 19.055632
1 4 47 3.865856 49 16.483428 45 14.480480 46 16.509818
2 4 47 6.270371 49 14.356695 48 9.841834 46 18.271282
3
0 4 45 17.545007 46 19.100942 48 18.068953 49 7.023951
1 4 48 3.631817 49 4.226678 46 7.367608 47 7.724774
2 4 49 11.601380 48 16.848078 45 15.986303 47 14.309392
3
0 1 49 19.669711
1 1 49 5.501282
2 1 49 12.648404
3
0 1 49 19.291513
1 1 49 8.346865
2 1 49 17.709000
3
0 1 49 10.526442
1 1 49 19.634919
2 1 49 1.911046
3
0 1 49 5.822467
1 1 49 14.903153
2 1 49 4.756958
0
