50 49
3
0 5 5 8.918879 17 1.287004 36 4.349926 27 10.399939 29 3.074447
1 5 32 13.437224 20 2.573308 17 4.903899 31 14.174933 27 10.407505
2 5 42 10.422303 48 18.138385 41 9.899582 10 18.804292 17 7.199881
3
0 5 5 11.950605 21 9.655681 19 15.693752 35 2.520561 14 16.356949
1 5 24 17.697989 36 4.088964 26 4.294946 39 6.939547 8 5.734346
2 5 29 18.322298 16 6.131707 37 17.054668 30 16.112516 45 10.070874
3
0 5 5 8.888626 21 12.445404 24 7.237467 23 8.322967 47 9.885674
1 5 8 17.920084 15 16.861229 13 16.258981 34 2.335434 14 10.286226
2 5 24 18.878095 42 1.283157 28 17.986747 32 5.077211 25 13.170844
3
0 5 5 4.145575 48 8.077354 37 17.768584 19 9.696632 24 8.910742
1 5 39 2.630451 36 5.343317 47 7.647319 49 13.100857 31 4.174755
2 5 24 17.831026 45 16.129502 39 19.528855 10 1.974135 31 10.301661
3
0 5 5 10.275860 45 18.585223 15 9.755469 11 10.247200 33 5.191622
1 5 22 7.338287 35 5.460911 15 5.197314 28 13.205415 33 4.052202
2 5 29 13.800638 7 1.867348 44 10.222125 15 6.182030 31 3.102019
3
0 5 10 5.690185 15 13.759922 16 6.063013 36 2.825158 11 17.799237
1 5 29 19.342993 27 12.359024 41 12.319642 38 18.133252 46 10.326097
2 5 34 9.659699 47 1.919502 38 14.150788 32 6.200950 25 14.234420
3
0 5 10 19.635826 48 4.060832 43 15.956639 37 11.827120 40 9.439845
1 5 43 16.514822 27 18.711986 47 6.809857 11 14.201514 16 19.830290
2 5 14 18.759009 17 6.784894 20 9.275273 12 1.235465 46 17.953692
3
0 5 10 13.941372 15 9.540785 28 13.633175 48 10.265991 47 17.435923
1 5 28 13.871777 30 13.862240 29 15.710555 10 17.695539 39 7.942656
2 5 23 1.681378 11 19.476830 16 4.665264 33 16.201762 38 15.610192
3
0 5 10 1.418838 46 19.964395 28 7.513986 15 8.747150 21 9.604148
1 5 26 15.646018 19 3.450788 32 19.584693 17 18.115547 49 17.570648
2 5 15 2.297898 32 19.625451 28 14.873279 27 19.308962 12 3.774776
3
0 5 10 6.148553 31 12.391550 11 15.503570 15 7.974409 13 2.791275
1 5 43 15.170276 10 4.226142 21 11.824641 15 14.154892 28 14.142473
2 5 45 10.245701 15 5.294936 18 6.424890 32 6.931910 12 15.357721
3
0 5 15 19.557242 44 8.878190 23 15.109570 39 8.998412 36 14.401855
1 5 47 9.936784 28 18.229103 44 14.980966 17 4.979764 31 2.729882
2 5 49 2.586457 28 5.134492 21 11.673620 23 6.136670 38 18.520501
3
0 5 15 15.135914 31 6.964359 34 13.670091 23 2.662943 38 18.913122
1 5 30 17.974633 26 7.669199 48 1.467727 35 17.579086 45 7.517296
2 5 37 15.818896 20 15.888841 39 13.999769 35 14.525575 21 12.695775
3
0 5 15 2.263047 18 1.597150 47 11.484169 27 4.129913 49 18.673509
1 5 32 19.959391 45 10.684786 49 16.840705 31 6.249183 26 12.661492
2 5 25 4.978807 29 18.429444 33 9.269284 21 6.109045 43 17.701593
3
0 5 15 16.344005 27 2.072661 34 16.254601 17 6.971680 49 10.150995
1 5 40 5.650222 35 1.424330 17 16.095721 21 16.768629 22 10.279813
2 5 28 13.087134 20 14.803138 39 15.316040 30 18.063459 46 7.543326
3
0 5 15 17.381587 43 12.629159 22 11.417521 31 15.528353 27 17.952977
1 5 46 7.600687 29 8.558512 41 18.521761 16 4.407119 23 12.628102
2 5 28 11.143535 21 9.705081 46 11.666077 49 17.882806 39 18.740625
3
0 5 20 11.735338 37 2.781536 30 8.598645 28 5.291830 29 10.845754
1 5 43 2.348024 48 10.456623 47 14.097793 40 18.084219 42 4.108571
2 5 33 1.957675 26 4.098559 21 12.258332 29 16.685875 35 4.173205
3
0 5 20 14.926789 25 16.221452 45 15.810916 39 11.441080 44 18.698792
1 5 32 13.571814 36 8.203812 27 19.361720 46 2.043833 28 8.556667
2 5 22 13.171166 34 12.127540 20 15.378741 38 17.278698 33 4.823158
3
0 5 20 9.684309 46 16.435359 22 5.023192 49 4.769816 30 19.786305
1 5 36 18.452310 48 19.549159 47 13.702077 25 7.950055 20 5.007208
2 5 20 7.621445 41 9.950216 28 9.052381 30 11.126020 23 3.517365
3
0 5 20 14.038882 21 15.999295 44 15.097315 34 16.265486 31 8.476514
1 5 21 3.881021 23 13.461001 45 1.578727 29 5.726369 44 1.458021
2 5 26 16.088230 49 14.136559 43 19.820055 34 2.360849 36 4.935344
3
0 5 20 7.801733 26 14.028665 36 2.710531 34 2.297453 45 13.268127
1 5 28 2.664773 37 17.204985 22 10.126481 49 8.268256 31 6.974558
2 5 24 11.910813 49 16.776016 34 3.805981 36 16.732764 27 14.941835
3
0 5 25 11.978993 30 12.939930 32 12.652173 34 2.682375 49 7.780519
1 5 46 15.950628 42 14.677964 47 17.889352 31 1.128156 27 7.354555
2 5 49 18.969760 32 16.093944 33 7.757650 29 15.781830 37 19.022726
3
0 5 25 3.604691 32 19.155646 34 6.696556 49 1.880568 31 13.902330
1 5 47 4.001427 25 14.849557 46 15.063484 30 7.852660 31 3.203731
2 5 38 18.020733 37 5.236926 30 3.733341 47 10.952317 34 19.585196
3
0 5 25 5.948830 27 1.852622 42 17.782943 45 5.702432 40 16.578210
1 5 35 10.212037 30 10.143873 47 10.859725 38 8.837768 44 13.966187
2 5 33 14.455475 48 16.465484 32 5.515638 26 14.167710 40 6.674103
3
0 5 25 12.157774 35 6.470648 38 4.195087 42 15.671354 29 5.299866
1 5 36 3.456786 45 10.979575 38 6.641284 48 14.238735 47 10.211663
2 5 35 7.540431 40 6.592299 49 18.163355 47 7.638465 25 13.366412
3
0 5 25 10.851365 47 18.953867 40 19.850645 46 9.747963 30 15.511049
1 5 38 1.845126 29 14.725713 36 4.196232 40 13.355772 48 10.493208
2 5 29 15.242644 31 5.365186 35 6.099422 25 6.145276 46 13.808082
3
0 5 30 5.755839 37 12.530807 31 8.493928 39 14.098528 35 8.028802
1 5 32 15.987272 40 14.554568 33 13.773353 49 14.863471 43 9.250187
2 5 34 18.728791 44 18.770109 31 8.142272 40 4.184258 36 4.901723
3
0 5 30 18.886745 39 14.114349 36 13.732562 37 7.920317 48 7.607056
1 5 49 3.013076 41 13.355565 35 10.060567 34 1.347076 36 9.542964
2 5 40 14.033356 43 4.118478 49 3.742021 33 1.500031 39 5.182618
3
0 5 30 3.241029 42 15.228751 33 10.502793 43 19.663228 36 12.695272
1 5 46 8.347755 33 6.891348 45 14.636161 31 7.208287 39 3.498044
2 5 30 4.312926 32 1.641464 39 3.752606 33 8.680687 43 9.396485
3
0 5 30 15.337428 36 7.541479 38 11.563760 40 14.008439 47 3.589458
1 5 36 17.551356 46 9.526140 37 4.473642 31 18.019996 47 13.552555
2 5 30 5.767508 34 13.430638 36 5.290980 43 7.239577 38 17.473904
3
0 5 30 12.162288 40 1.492985 39 5.867277 32 2.254456 49 14.625671
1 5 36 5.905101 31 14.575448 47 11.385765 37 16.452535 35 7.587125
2 5 33 16.980462 45 6.058827 35 18.405426 47 2.767535 32 4.314171
3
0 5 35 12.704485 44 15.753102 43 19.196841 49 1.391515 45 1.076713
1 5 35 10.497941 43 12.529225 40 19.280291 38 8.231849 49 5.179429
2 5 35 2.792446 42 13.466975 39 13.819822 49 7.991846 37 15.134854
3
0 5 35 15.544255 47 4.451574 41 11.349171 45 1.567939 39 16.495367
1 5 46 9.917189 35 16.029066 47 13.025895 38 4.061255 42 10.296715
2 5 41 10.942018 43 6.587915 37 6.375508 38 13.351321 47 8.761087
3
0 5 35 13.547480 48 14.099975 47 17.427044 37 11.300797 44 7.505735
1 5 39 9.183946 49 13.548845 45 18.750587 43 19.738323 42 12.268846
2 5 38 2.711647 41 1.467573 39 4.489612 47 12.580533 48 8.590940
3
0 5 35 19.376957 44 9.748875 36 3.230550 38 7.867467 37 1.546148
1 5 45 2.418897 37 12.568124 36 3.382597 39 4.441527 49 9.122919
2 5 35 12.370095 40 17.509068 48 10.762564 44 11.120371 38 5.236447
3
0 5 35 9.080468 40 18.920109 44 5.960693 45 12.743456 47 10.377048
1 5 37 19.908539 38 6.666727 43 11.772744 49 16.522114 35 13.392814
2 5 43 15.703546 42 1.876451 35 12.958979 36 2.816680 44 4.684555
3
0 5 40 19.719125 45 6.026054 41 9.552485 44 16.562268 48 18.598353
1 5 45 1.945502 47 9.266567 49 17.085523 40 15.528198 46 18.496899
2 5 46 15.159174 48 11.353614 42 5.226597 40 1.012298 45 17.972415
3
0 5 40 10.680426 49 6.404281 45 4.488070 44 10.478643 47 10.958115
1 5 48 2.331629 46 15.747092 43 9.498693 49 13.876404 44 12.522405
2 5 48 11.991796 49 13.609249 42 4.245957 43 2.970057 41 11.918495
3
0 5 40 11.332225 49 5.939492 45 8.496780 42 8.771534 44 1.864257
1 5 41 10.084931 42 9.224367 47 1.935462 40 9.206894 48 10.269869
2 5 43 9.317395 41 6.864016 46 4.139900 45 14.956260 47 7.376958
3
0 5 40 17.746552 44 18.008707 42 2.780351 41 18.327838 43 5.776703
1 5 44 8.903228 42 15.064389 40 15.421059 49 19.500266 41 11.289054
2 5 40 1.836477 41 18.613927 42 11.356545 44 2.118790 43 9.943599
3
0 5 40 12.428364 42 9.501716 49 16.643710 47 14.125016 45 16.313128
1 5 46 5.569631 47 6.528056 45 10.474202 49 7.859198 44 12.889270
2 5 48 8.344508 49 13.503255 46 7.218922 44 9.838994 40 16.829543
3
0 5 45 13.682496 46 14.555164 47 15.884604 48 4.550966 49 5.823321
1 5 45 4.083865 46 19.743037 47 14.430682 48 18.480974 49 9.765939
2 5 45 13.775904 46 6.555844 47 2.430221 48 18.032561 49 5.706895
3
0 5 45 4.273632 46 5.471706 47 11.228867 48 16.511910 49 3.860612
1 5 45 17.329652 46 15.181415 47 1.994539 48 2.450080 49 4.817479
2 5 45 13.025272 46 2.247527 47 7.999069 48 13.391744 49 1.579339
3
0 5 45 18.603293 46 10.956167 47 4.528814 48 1.791042 49 17.445821
1 5 45 15.015815 46 5.163959 47 18.282107 48 3.602555 49 6.496099
2 5 45 2.598383 46 13.426397 47 14.340410 48 6.435305 49 5.228606
3
0 5 45 15.592738 46 6.825438 47 11.098191 48 15.066428 49 4.742370
1 5 45 7.089234 46 17.629977 47 17.700761 48 3.424998 49 9.567460
2 5 45 14.673402 46 11.719793 47 8.662112 48 12.731607 49 12.624215
3
0 5 45 19.905305 46 19.462911 47 11.736426 48 16.898494 49 4.514290
1 5 45 16.247384 46 1.776618 47 2.900631 48 11.217921 49 17.276302
2 5 45 19.183817 46 3.739805 47 18.478496 48 17.881082 49 14.499167
3
0 1 49 4.421272
1 1 49 3.609280
2 1 49 16.170434
3
0 1 49 4.121586
1 1 49 6.947389
2 1 49 6.189428
3
0 1 49 17.608953
1 1 49 15.915260
2 1 49 18.565908
3
0 1 49 18.969221
1 1 49 19.056222
2 1 49 9.255879
0
