50 49
3
0 5 5 4.464720 39 4.113653 14 2.180817 29 9.832261 48 7.536032
1 5 37 16.264275 6 6.585774 13 6.080746 43 4.473455 16 7.309681
2 5 16 18.715461 9 16.269464 44 4.298444 38 19.839274 27 19.667005
3
0 5 5 3.359591 23 1.539841 11 2.586793 32 16.712111 9 16.118407
1 5 13 13.567243 29 14.139180 44 15.896811 47 3.032809 28 4.594601
2 5 17 4.200032 31 13.458515 5 16.455665 23 15.297689 34 7.693828
3
0 5 5 12.748314 30 19.787522 36 16.047287 47 14.531209 37 17.098225
1 5 34 2.525891 25 1.881075 18 18.584138 10 6.525224 41 5.355158
2 5 43 13.831345 37 6.621289 34 5.557919 24 17.686004 22 1.659211
3
0 5 5 11.482536 13 18.884678 10 10.050879 45 7.850173 30 6.628331
1 5 32 13.064427 40 7.047092 22 8.690802 41 8.985009 48 14.103450
2 5 13 18.808928 29 10.089409 19 5.941109 15 19.582590 46 7.497555
3
0 5 5 12.447148 36 11.511165 33 13.269857 8 11.650248 39 13.268414
1 5 11 3.296026 32 3.446853 17 16.485996 30 5.373264 35 4.941179
2 5 22 10.440640 49 13.914204 32 6.818656 44 1.210646 27 8.370448
3
0 5 10 16.050803 39 7.333692 22 8.608416 28 17.598225 15 3.321165
1 5 27 16.876461 46 1.681085 47 7.127789 14 6.951625 39 11.899656
2 5 15 13.551140 44 15.517587 32 1.160178 38 7.351583 43 8.715288
3
0 5 10 10.300787 25 9.728488 14 13.873742 13 4.304161 23 16.730160
1 5 11 17.185082 27 2.485591 21 12.922535 49 9.256710 34 19.149978
2 5 28 13.547243 17 15.646837 23 13.304486 21 6.796015 30 3.009695
3
0 5 10 2.475244 26 17.781117 20 1.139325 18 1.462366 41 3.708664
1 5 23 4.064831 19 15.724816 38 18.252358 11 8.185926 29 19.559772
2 5 48 14.258018 44 13.877504 37 9.345572 17 7.477895 43 4.196724
3
0 5 10 8.147560 31 7.902546 29 7.890213 11 6.977197 38 3.878059
1 5 48 17.899070 27 3.600554 34 18.494894 41 15.096606 12 16.255889
2 5 17 7.704280 44 8.177460 49 1.614861 45 16.744219 16 13.254553
3
0 5 10 9.957475 30 18.457559 22 4.936529 31 8.549298 38 19.067028
1 5 47 10.895728 33 19.411528 31 13.686273 24 3.842159 40 2.766554
2 5 27 17.057049 14 17.550161 11 14.857726 26 4.008478 30 3.116503
3
0 5 15 12.811109 37 10.157138 40 11.984334 44 1.029594 38 15.584361
1 5 22 15.636314 23 13.445321 34 14.717788 28 7.623394 27 2.225089
2 5 43 4.763799 23 15.791744 29 17.428881 44 14.164037 33 1.769079
3
0 5 15 1.569113 36 19.093097 33 14.394755 46 17.221746 34 11.904210
1 5 34 12.032730 15 4.697058 24 15.366346 26 4.596889 31 5.545028
2 5 27 5.650884 24 12.690044 19 17.300155 46 8.475485 42 11.564642
3
0 5 15 11.788230 44 14.434736 26 13.608969 27 15.790938 33 6.848010
1 5 41 11.033315 25 11.261211 43 13.498664 44 9.858758 30 13.933361
2 5 27 15.630005 19 12.255380 15 14.322848 30 4.361783 25 12.340853
3
0 5 15 17.090988 34 2.901986 17 15.970800 44 10.361958 20 7.277021
1 5 16 17.931855 17 9.797868 22 3.794758 38 15.991788 32 15.151671
2 5 37 19.751858 34 4.509396 29 5.366812 36 2.614872 46 4.005734
3
0 5 15 5.221236 45 15.182240 39 18.837150 42 13.698605 30 4.012301
1 5 16 18.816484 30 15.756291 15 11.264851 40 8.147193 44 2.234547
2 5 35 1.188747 22 11.047008 18 11.575954 43 9.173555 41 1.820092
3
0 5 20 10.026157 39 14.283778 47 7.077108 35 10.173750 27 14.070590
1 5 22 7.583157 29 9.452949 42 16.337899 40 18.280575 38 18.071282
2 5 48 4.937117 44 14.817581 41 16.517348 46 8.882804 49 13.218315
3
0 5 20 18.450267 37 2.833091 48 9.278017 38 18.159397 25 16.436368
1 5 28 11.816950 29 9.573760 45 9.280893 27 19.504426 48 10.300031
2 5 38 10.781513 26 13.748753 24 13.720818 35 17.828268 31 2.402810
3
0 5 20 1.952882 37 17.171406 35 11.777801 26 10.411555 27 4.535270
1 5 25 8.445740 47 17.396990 37 16.044257 45 18.173266 36 2.218327
2 5 23 17.736715 32 12.588871 40 11.765636 33 7.469959 47 2.040108
3
0 5 20 13.897956 41 17.554095 27 6.722737 48 12.846533 47 5.548694
1 5 48 9.527978 21 15.782202 34 7.463926 25 3.564041 43 7.926638
2 5 48 14.369880 38 15.579690 27 2.717877 31 4.022825 21 5.018244
3
0 5 20 14.744206 35 1.744192 24 14.975722 28 2.202125 23 19.238584
1 5 26 8.481655 39 3.283658 36 5.995984 28 15.673696 48 7.374147
2 5 46 18.006072 40 17.457032 43 19.759677 34 11.130517 37 14.336079
3
0 5 25 8.340738 47 13.142120 34 5.357724 30 2.076675 32 14.254627
1 5 38 4.567689 43 18.442405 44 3.693202 25 9.183001 35 4.654042
2 5 40 8.872261 29 14.857540 42 2.049422 26 14.805883 39 6.603797
3
0 5 25 1.700402 47 5.137051 44 18.979885 31 9.955361 32 5.193073
1 5 44 4.471415 27 14.585348 32 19.632736 26 11.586394 33 8.173276
2 5 28 18.261358 29 12.694712 31 11.638992 26 16.016294 35 2.269159
3
0 5 25 3.110943 41 7.068693 44 15.982635 28 13.925813 31 11.160174
1 5 47 17.988693 46 16.215810 29 18.400047 42 12.379944 34 12.134979
2 5 46 15.028385 31 12.905285 49 1.763113 45 18.868751 38 17.033429
3
0 5 25 19.846508 44 4.239330 27 1.181819 34 6.211639 28 19.982581
1 5 42 6.432384 31 3.991257 45 17.161063 34 4.669333 43 18.619427
2 5 31 11.500487 29 3.994563 42 2.844551 33 16.961639 48 14.663889
3
0 5 25 7.775317 29 7.481048 33 19.264980 48 16.848121 39 3.067242
1 5 27 17.963677 36 11.074184 30 19.209694 46 4.662616 44 5.313169
2 5 47 17.063785 25 4.125467 35 9.979734 37 1.347120 34 15.243657
3
0 5 30 14.410712 33 18.029261 42 18.228910 31 12.283528 40 11.334633
1 5 45 9.082254 32 2.892129 35 1.550299 33 7.781110 34 12.164235
2 5 41 9.562476 38 8.729735 43 18.926614 49 5.261365 35 16.188579
3
0 5 30 1.465417 46 18.541100 38 6.181035 39 10.114308 49 11.158456
1 5 31 6.840469 45 19.362759 39 3.841452 30 1.457111 44 2.111010
2 5 30 10.470727 35 8.859262 43 4.055323 44 6.948127 40 12.082374
3
0 5 30 9.624646 39 18.405797 38 11.637018 41 13.477490 40 18.542526
1 5 34 11.225117 45 7.841126 31 19.574070 44 15.922211 41 19.915968
2 5 31 12.079646 35 4.049292 36 1.329589 41 11.494688 48 7.118077
3
0 5 30 4.005487 32 13.788727 43 11.530097 42 8.770921 34 5.439808
1 5 32 9.572280 41 18.122439 39 11.878389 37 4.100266 42 7.689540
2 5 42 1.506157 43 19.864843 30 8.681221 48 12.184115 44 3.071284
3
0 5 30 13.054442 44 16.973433 39 14.114129 45 2.698229 48 4.206190
1 5 30 13.675603 47 16.224366 32 5.645136 35 2.525522 48 3.604162
2 5 41 8.091892 40 10.127062 35 2.250078 30 14.429051 33 3.782563
3
0 5 35 1.489483 47 8.685750 46 2.310050 48 13.018840 41 5.720686
1 5 46 6.241035 42 11.777148 35 18.652859 37 9.158675 45 19.340945
2 5 38 15.018652 47 18.794211 43 9.779378 44 4.564358 40 16.224082
3
0 5 35 6.509012 44 17.835507 37 1.232451 48 4.491062 40 8.896963
1 5 42 13.287895 38 17.655798 40 5.206006 35 18.255353 43 8.383736
2 5 42 2.920155 48 19.837313 36 10.058683 47 18.833699 41 11.363664
3
0 5 35 8.056701 41 10.032732 42 10.146949 40 17.545184 49 18.735004
1 5 43 9.719139 42 17.709452 49 19.472256 35 14.739528 48 2.126652
2 5 47 2.223241 35 14.888804 45 17.020064 46 2.493672 40 8.061699
3
0 5 35 8.908312 36 13.713191 45 13.355509 40 10.665127 47 3.435631
1 5 38 6.549421 44 1.566879 36 9.438482 49 16.209441 45 3.709994
2 5 43 8.230284 47 5.340006 48 17.964798 40 10.745750 39 1.315996
3
0 5 35 8.057200 36 11.380925 44 11.781700 42 10.528707 49 16.564208
1 5 35 8.797847 47 1.346923 43 13.643156 48 4.210017 36 7.790549
2 5 40 1.930186 35 6.921293 42 4.416970 39 19.340582 47 11.314593
3
0 5 40 7.107279 49 6.556542 45 5.190352 46 2.662832 43 1.401808
1 5 42 13.716892 44 9.037397 43 13.775517 40 17.263694 49 10.640653
2 5 43 15.229816 41 2.447655 42 2.478893 46 19.727080 40 18.366861
3
0 5 40 14.189350 49 8.651909 41 5.932565 46 15.578936 47 6.067569
1 5 42 1.299349 44 16.099553 48 10.994767 49 3.466985 40 8.455903
2 5 41 6.803319 47 17.258167 49 15.014539 43 12.204576 48 10.273822
3
0 5 40 19.278696 43 8.902483 49 6.139177 45 9.870813 44 10.814910
1 5 40 17.460534 41 13.591578 42 19.169674 49 12.613573 43 16.437826
2 5 41 4.568949 45 14.137027 43 10.493537 44 9.376925 40 15.394453
3
0 5 40 11.915233 42 3.171280 49 3.132472 47 1.541944 48 3.742588
1 5 41 17.803614 43 3.259331 49 18.373947 47 4.680613 44 15.329361
2 5 42 4.548465 45 5.373433 41 9.268000 47 6.877973 40 12.372597
3
0 5 40 18.920145 46 19.918151 47 9.374110 49 10.351066 41 4.697420
1 5 43 18.587415 42 14.787124 48 3.195100 40 11.812551 45 3.763407
2 5 43 3.615743 41 17.516601 42 13.695278 47 4.116155 49 11.400360
3
0 5 45 9.665243 46 2.460723 47 14.144099 48 19.294442 49 8.256993
1 5 45 9.938463 46 2.171539 47 18.822001 48 8.785051 49 13.787424
2 5 45 19.421859 46 3.932416 47 19.049560 48 12.926611 49 3.092738
3
0 5 45 9.626791 46 12.442505 47 16.016141 48 3.323651 49 7.272962
1 5 45 6.503022 46 8.763177 47 4.687739 48 5.918645 49 1.803272
2 5 45 6.357127 46 4.380098 47 10.569577 48 13.729031 49 6.748432
3
0 5 45 15.419627 46 2.727248 47 9.254665 48 2.271904 49 18.885651
1 5 45 5.867387 46 5.022112 47 10.736288 48 6.457503 49 12.514944
2 5 45 9.575972 46 1.927118 47 7.181211 48 2.354418 49 2.257504
3
0 5 45 14.864522 46 6.979218 47 16.279492 48 18.242923 49 19.013766
1 5 45 15.865232 46 12.539178 47 3.729246 48 6.755070 49 1.972488
2 5 45 14.583768 46 12.241841 47 13.758414 48 5.773638 49 19.017978
3
0 5 45 19.439989 46 17.899975 47 8.385641 48 9.949704 49 3.641725
1 5 45 12.763357 46 18.637812 47 10.968820 48 8.526194 49 14.241966
2 5 45 5.738948 46 6.170427 47 1.124416 48 3.250458 49 11.850216
3
0 1 49 12.463620
1 1 49 5.305527
2 1 49 3.705984
3
0 1 49 15.037682
1 1 49 6.601991
2 1 49 7.061360
3
0 1 49 13.377870
1 1 49 13.103599
2 1 49 3.148693
3
0 1 49 18.201063
1 1 49 3.509329
2 1 49 16.596056
0
