50 49
3
0 1 5 17.496087
1 1 40 4.769394
2 1 35 11.936074
3
0 1 5 19.042476
1 1 11 8.456490
2 1 10 6.732176
3
0 1 5 19.325702
1 1 29 19.372896
2 1 29 2.097757
3
0 1 5 6.503705
1 1 6 4.760749
2 1 12 3.619954
3
0 1 5 6.943656
1 1 6 15.116595
2 1 49 19.041790
3
0 1 10 2.132529
1 1 24 5.419683
2 1 21 19.408740
3
0 1 10 7.701937
1 1 38 7.050200
2 1 30 18.437231
3
0 1 10 4.407765
1 1 46 15.725812
2 1 24 1.249556
3
0 1 10 9.764744
1 1 18 6.397061
2 1 37 14.609979
3
0 1 10 19.486995
1 1 45 14.830693
2 1 19 17.969746
3
0 1 15 9.262613
1 1 38 13.564209
2 1 19 15.466171
3
0 1 15 7.743408
1 1 31 18.183180
2 1 44 9.864391
3
0 1 15 10.086947
1 1 39 3.342047
2 1 37 7.516629
3
0 1 15 16.862821
1 1 40 6.744605
2 1 23 8.697537
3
0 1 15 17.113311
1 1 44 1.262850
2 1 47 11.150075
3
0 1 20 13.024078
1 1 47 6.990635
2 1 42 15.460989
3
0 1 20 18.374072
1 1 40 3.411661
2 1 46 12.862919
3
0 1 20 3.694899
1 1 49 15.644499
2 1 20 2.357526
3
0 1 20 1.920367
1 1 42 3.273601
2 1 35 13.941163
3
0 1 20 11.303506
1 1 33 6.285035
2 1 49 8.730920
3
0 1 25 2.347981
1 1 39 1.042788
2 1 25 3.676286
3
0 1 25 16.606155
1 1 37 12.667749
2 1 29 17.414488
3
0 1 25 3.003056
1 1 34 6.856568
2 1 38 9.403783
3
0 1 25 15.373470
1 1 42 13.286351
2 1 44 10.768955
3
0 1 25 17.884605
1 1 45 2.695892
2 1 43 2.047993
3
0 1 30 4.385704
1 1 43 12.193413
2 1 32 2.149360
3
0 1 30 4.512354
1 1 39 6.226872
2 1 43 14.518602
3
0 1 30 7.893521
1 1 42 5.947614
2 1 47 15.858661
3
0 1 30 13.271950
1 1 44 19.885933
2 1 30 15.901046
3
0 1 30 12.879472
1 1 33 7.403428
2 1 43 4.127316
3
0 1 35 19.759260
1 1 48 18.123356
2 1 38 16.380375
3
0 1 35 19.113589
1 1 46 8.582796
2 1 38 12.664080
3
0 1 35 10.429499
1 1 45 2.328759
2 1 49 5.317388
3
0 1 35 16.381575
1 1 42 12.779647
2 1 41 5.586200
3
0 1 35 10.183015
1 1 40 11.770919
2 1 46 5.934270
3
0 1 40 4.965010
1 1 48 17.504792
2 1 40 15.336737
3
0 1 40 11.649768
1 1 44 19.535364
2 1 47 11.925462
3
0 1 40 1.251916
1 1 48 5.043271
2 1 47 5.709171
3
0 1 40 7.830753
1 1 47 6.112755
2 1 43 2.007852
3
0 1 40 9.499435
1 1 48 10.544531
2 1 45 6.198653
3
0 1 45 11.392348
1 1 49 5.796122
2 1 46 17.961942
3
0 1 45 9.483934
1 1 47 5.263662
2 1 49 13.141640
3
0 1 45 19.390288
1 1 49 8.356648
2 1 46 2.244306
3
0 1 45 6.213568
1 1 48 13.047454
2 1 49 19.802925
3
0 1 45 9.001741
1 1 47 2.126764
2 1 45 19.658527
3
0 1 49 14.134020
1 1 49 16.112926
2 1 49 12.995892
3
0 1 49 18.906983
1 1 49 19.331083
2 1 49 13.827241
3
0 1 49 5.682858
1 1 49 1.583709
2 1 49 3.659486
3
0 1 49 6.846638
1 1 49 18.427134
2 1 49 10.274863
0
