50 49
3
0 3 5 3.448491 36 10.639134 47 18.532207
1 3 28 8.168131 33 18.925044 16 13.204894
2 3 24 6.178147 41 8.503763 19 16.991410
3
0 3 5 18.699703 12 5.198234 41 11.350226
1 3 24 7.888812 47 9.053294 36 17.979021
2 3 18 14.157858 38 7.037553 12 2.383746
3
0 3 5 18.072539 18 9.018657 13 12.579059
1 3 37 3.084928 32 17.869295 12 5.400750
2 3 11 7.119443 7 13.008694 38 9.430753
3
0 3 5 7.422188 42 9.948393 6 1.425612
1 3 38 15.965211 40 18.925565 16 6.657007
2 3 47 2.204907 46 1.634406 20 19.594848
3
0 3 5 1.158767 20 11.007735 7 5.968687
1 3 41 19.008397 26 12.687821 47 10.969129
2 3 32 12.974770 19 17.470118 25 3.614955
3
0 3 10 8.280882 38 18.501797 31 14.250274
1 3 38 7.336381 20 3.752592 15 17.594265
2 3 35 2.059406 49 16.479228 19 8.751051
3
0 3 10 3.853498 35 14.085103 31 9.607924
1 3 49 2.496315 35 10.599904 17 13.907009
2 3 14 10.078516 17 17.312847 41 3.416556
3
0 3 10 10.450084 31 11.266106 44 3.334126
1 3 44 7.231586 32 8.352298 48 13.688245
2 3 37 9.050932 42 14.785039 35 3.367974
3
0 3 10 14.685118 29 4.076969 27 15.428487
1 3 44 13.774554 47 12.633564 46 1.122489
2 3 44 18.525015 32 14.427930 33 14.772864
3
0 3 10 19.968152 42 5.119775 45 16.426032
1 3 44 7.584034 27 8.926995 10 8.843325
2 3 23 12.580636 35 9.553187 12 15.428483
3
0 3 15 7.111454 35 19.446642 31 14.529859
1 3 34 4.053724 39 3.135999 17 16.424516
2 3 25 6.122393 45 17.916261 41 16.396899
3
0 3 15 17.492501 33 13.161773 21 10.065682
1 3 33 8.711306 22 12.668873 45 2.396447
2 3 44 14.114719 25 12.542311 27 17.278800
3
0 3 15 13.032809 23 6.612426 16 16.709632
1 3 28 10.762804 16 16.175198 33 18.309060
2 3 40 12.277979 49 3.239527 38 3.039849
3
0 3 15 12.846104 26 3.638987 44 13.066327
1 3 47 16.320004 43 3.625186 31 15.061851
2 3 35 13.578205 44 17.922204 23 16.862688
3
0 3 15 13.582859 30 2.068544 41 16.159283
1 3 26 8.719026 27 16.534126 32 7.077711
2 3 47 7.819017 46 8.422166 22 16.809003
3
0 3 20 13.444939 39 17.537116 48 18.514591
1 3 28 4.817041 20 13.038724 31 16.535206
2 3 20 5.765790 39 14.980360 41 3.239280
3
0 3 20 13.340792 28 5.624901 35 14.765319
1 3 34 5.452637 40 9.440987 48 17.027324
2 3 26 5.660093 27 10.453260 45 17.517462
3
0 3 20 7.743972 49 7.142770 33 4.647472
1 3 42 19.343886 38 2.616854 39 5.988071
2 3 33 1.857667 26 14.435345 39 16.059211
3
0 3 20 3.352318 32 4.702840 45 17.667838
1 3 27 12.517711 23 15.593109 21 18.812781
2 3 39 3.253393 26 4.750464 33 7.974417
3
0 3 20 19.314345 47 10.969913 41 12.415218
1 3 37 12.624607 35 5.411132 46 2.492529
2 3 44 17.815813 39 2.604917 42 7.048063
3
0 3 25 17.043298 35 11.990366 34 17.300749
1 3 41 13.542716 45 7.243078 46 8.873574
2 3 48 17.613325 35 7.476846 29 6.748654
3
0 3 25 13.935879 42 12.822144 49 11.247938
1 3 47 8.660693 30 2.789702 27 6.167284
2 3 27 12.863850 25 6.052769 42 3.154519
3
0 3 25 1.721719 26 18.785571 46 4.264109
1 3 35 8.661053 30 14.862609 25 1.790084
2 3 30 8.959989 45 1.640805 34 1.678366
3
0 3 25 14.403009 26 11.524207 46 18.596513
1 3 49 5.542696 26 8.834818 27 9.847530
2 3 48 1.246381 32 17.433827 26 10.903892
3
0 3 25 17.695727 30 10.602790 32 6.855276
1 3 31 11.274994 32 8.582157 26 4.482103
2 3 26 15.085551 25 5.773191 38 5.469555
3
0 3 30 10.112333 35 5.304054 41 15.530278
1 3 40 14.606502 41 10.304556 44 18.329436
2 3 32 19.167514 40 18.048894 49 6.318763
3
0 3 30 3.889058 36 17.006159 37 2.353624
1 3 46 9.718209 44 11.505163 43 17.690380
2 3 48 10.872788 43 19.594203 36 14.719888
3
0 3 30 18.960101 49 2.205027 47 3.292950
1 3 45 10.412951 32 6.374763 43 13.914928
2 3 33 17.787510 31 12.486698 47 16.396781
3
0 3 30 12.839717 33 9.039076 47 12.906930
1 3 38 9.864327 48 15.181520 49 18.653278
2 3 44 9.376449 34 1.064160 37 16.109083
3
0 3 30 1.391279 35 3.790137 47 14.630309
1 3 45 11.458687 30 2.280119 47 10.637326
2 3 36 2.745984 45 9.773953 48 6.200812
3
0 3 35 7.028693 43 19.495104 42 17.849724
1 3 46 3.967732 38 10.637402 35 4.947740
2 3 44 7.974878 42 9.088290 43 11.880821
3
0 3 35 4.390299 40 18.676054 48 1.371715
1 3 41 11.109753 48 8.199519 47 8.694976
2 3 43 13.318681 39 18.704765 36 19.659217
3
0 3 35 6.922804 39 1.947571 45 16.965340
1 3 36 16.414482 47 3.772820 46 2.572536
2 3 45 13.915265 46 4.182980 48 10.519170
3
0 3 35 13.673082 47 15.861618 43 14.186090
1 3 36 11.587791 35 9.679199 46 16.417799
2 3 42 7.792557 41 19.354512 48 2.436408
3
0 3 35 2.821410 39 6.967866 43 9.330821
1 3 37 15.007844 44 19.716197 47 5.968055
2 3 45 17.983918 42 8.827877 43 14.920571
3
0 3 40 5.018560 47 2.047035 43 12.731262
1 3 41 7.941494 44 6.006874 40 18.548907
2 3 40 8.767249 49 15.720338 42 16.510783
3
0 3 40 15.569162 49 10.715438 43 13.525339
1 3 42 6.517407 44 9.586078 46 13.371669
2 3 42 10.479892 45 6.475983 46 8.102738
3
0 3 40 17.880992 46 4.137785 47 12.282177
1 3 43 7.378460 44 16.763290 48 16.684763
2 3 46 13.556941 49 18.093532 42 3.273462
3
0 3 40 19.238626 41 19.500325 49 5.190679
1 3 45 7.230506 48 19.391292 44 10.774266
2 3 47 3.313127 43 14.707035 42 17.983300
3
0 3 40 1.878626 45 17.167849 44 19.524807
1 3 42 15.921034 40 2.724461 49 12.040341
2 3 48 5.403484 46 18.793055 41 6.785858
3
0 3 45 13.676783 47 10.711389 46 16.580050
1 3 47 2.788082 46 13.321971 49 9.147986
2 3 47 3.095300 45 9.165425 46 1.721932
3
0 3 45 9.745964 47 3.127278 48 17.261867
1 3 45 1.407917 48 14.396576 47 17.806539
2 3 47 13.998396 45 7.249459 46 9.854391
3
0 3 45 10.226160 47 3.007519 46 17.990402
1 3 47 12.154422 49 10.269846 46 19.927218
2 3 49 4.117855 46 2.631555 45 10.308057
3
0 3 45 13.024522 49 6.971588 46 14.658288
1 3 46 8.257018 48 4.530190 49 17.255212
2 3 46 10.385768 48 9.912717 45 8.342750
3
0 3 45 6.168964 46 12.646258 49 3.728247
1 3 46 9.453607 49 10.557686 47 8.874567
2 3 47 10.591492 48 10.050644 49 19.312467
3
0 1 49 4.847747
1 1 49 9.237753
2 1 49 17.677692
3
0 1 49 13.946975
1 1 49 9.903281
2 1 49 6.638555
3
0 1 49 5.672231
1 1 49 16.341473
2 1 49 14.917584
3
0 1 49 9.283111
1 1 49 7.705742
2 1 49 9.588645
0
