50 49
3
0 2 5 12.357096 28 10.420690
1 2 24 2.980291 25 10.626357
2 2 36 5.740380 24 13.142908
3
0 2 5 1.583863 46 3.564902
1 2 21 12.796869 43 17.716943
2 2 36 14.930967 23 6.908756
3
0 2 5 6.390943 6 11.370488
1 2 48 9.321949 41 1.189040
2 2 17 1.650276 42 15.620119
3
0 2 5 13.749019 15 8.046338
1 2 32 3.433607 37 1.124930
2 2 11 16.816212 32 10.587897
3
0 2 5 15.139091 19 11.916270
1 2 47 2.513924 35 17.565557
2 2 6 7.129617 22 1.983615
3
0 2 10 10.570406 42 9.232159
1 2 20 10.846453 31 1.110494
2 2 10 2.214076 47 14.718699
3
0 2 10 11.924181 16 17.311427
1 2 37 12.970120 31 13.616169
2 2 30 1.797231 25 5.635658
3
0 2 10 13.243022 45 8.230571
1 2 29 14.038645 37 18.289172
2 2 11 5.757137 14 12.029347
3
0 2 10 13.992255 27 7.116440
1 2 34 13.698075 22 3.099625
2 2 36 11.681124 40 3.478328
3
0 2 10 2.890328 28 8.431919
1 2 27 17.298082 44 2.836471
2 2 12 19.297916 18 11.041121
3
0 2 15 3.036574 32 14.518552
1 2 21 1.521926 42 4.021974
2 2 17 13.568279 24 6.350616
3
0 2 15 11.900525 49 10.337275
1 2 42 9.487175 47 16.544404
2 2 47 2.310413 45 13.748104
3
0 2 15 2.909791 48 1.971512
1 2 15 7.356364 23 2.293596
2 2 40 19.077210 32 11.818295
3
0 2 15 2.803929 45 12.730116
1 2 46 10.266503 44 4.104141
2 2 41 18.166832 38 4.312528
3
0 2 15 11.372789 22 18.982344
1 2 24 8.534061 34 12.029303
2 2 17 12.877916 22 6.355052
3
0 2 20 10.477731 37 4.054033
1 2 47 15.416887 45 18.684806
2 2 25 2.615245 47 18.123418
3
0 2 20 16.478771 37 19.428274
1 2 42 4.185644 47 14.898135
2 2 22 4.017794 23 19.729188
3
0 2 20 6.421858 47 2.648279
1 2 21 7.806924 34 14.445974
2 2 38 12.638451 31 19.436242
3
0 2 20 15.968292 49 1.787809
1 2 48 6.200518 49 17.352502
2 2 34 10.215598 25 18.424629
3
0 2 20 13.190177 39 3.750541
1 2 41 1.946697 27 7.812828
2 2 30 9.127035 39 15.584490
3
0 2 25 8.345229 32 17.849751
1 2 46 6.387452 31 17.170433
2 2 26 11.376035 47 2.855875
3
0 2 25 8.176902 40 5.774010
1 2 34 6.945417 30 2.888726
2 2 31 13.448773 48 14.748736
3
0 2 25 2.170686 26 15.200201
1 2 27 7.840287 31 18.988482
2 2 42 3.696577 35 5.672794
3
0 2 25 3.201950 43 14.340932
1 2 46 3.608894 48 10.230727
2 2 36 18.968930 31 8.074461
3
0 2 25 14.844688 47 15.316804
1 2 32 8.344969 34 10.240672
2 2 29 7.482668 25 2.827417
3
0 2 30 17.723541 49 3.443613
1 2 33 19.870451 41 18.082729
2 2 46 9.306804 35 17.443242
3
0 2 30 7.163720 43 12.699951
1 2 41 4.635628 35 6.912547
2 2 36 5.494887 34 2.271719
3
0 2 30 14.059697 44 10.217792
1 2 41 17.407350 30 3.676017
2 2 44 16.559287 30 13.107360
3
0 2 30 5.572985 32 14.568185
1 2 48 19.020839 46 15.701088
2 2 47 10.227764 38 16.257053
3
0 2 30 3.896163 42 2.891154
1 2 36 10.666998 39 1.403510
2 2 42 5.971848 46 5.013360
3
0 2 35 7.704546 39 3.237334
1 2 42 9.676660 41 7.825904
2 2 35 19.572677 38 5.352824
3
0 2 35 1.770176 40 10.677714
1 2 44 13.456409 47 1.986719
2 2 41 13.244875 48 3.947061
3
0 2 35 11.691849 39 2.921000
1 2 40 18.984142 42 14.546962
2 2 48 1.550023 39 10.625917
3
0 2 35 17.481564 45 11.680597
1 2 48 10.656997 35 1.137576
2 2 44 3.355048 45 14.946172
3
0 2 35 13.016936 45 16.273506
1 2 47 1.356070 45 10.237867
2 2 35 10.561538 37 19.374538
3
0 2 40 11.802126 42 7.421186
1 2 41 2.797897 42 18.796844
2 2 47 7.223803 44 1.147213
3
0 2 40 6.602100 43 5.629409
1 2 41 9.086085 49 1.169979
2 2 47 12.828829 41 4.529415
3
0 2 40 8.945773 45 5.810181
1 2 46 13.079433 42 8.818600
2 2 40 4.994171 47 16.918819
3
0 2 40 14.840664 42 2.509119
1 2 42 10.752571 41 4.451664
2 2 49 11.759194 45 8.496305
3
0 2 40 2.798801 45 17.024720
1 2 42 10.630648 49 8.669737
2 2 45 18.690252 40 6.320027
3
0 2 45 13.924530 48 19.791211
1 2 47 3.223613 45 17.612306
2 2 48 8.650168 46 14.391500
3
0 2 45 19.191160 49 8.123291
1 2 45 7.758889 46 19.951863
2 2 49 12.923087 46 8.514708
3
0 2 45 14.090013 47 18.199940
1 2 48 11.014693 45 2.841569
2 2 45 16.929461 49 5.339353
3
0 2 45 17.057999 49 17.554171
1 2 46 16.335685 48 3.248756
2 2 45 3.242433 46 4.222174
3
0 2 45 14.132098 49 16.465095
1 2 45 18.335566 49 18.494719
2 2 48 9.530631 47 16.520081
3
0 1 49 16.491769
1 1 49 13.368587
2 1 49 15.615484
3
0 1 49 12.769977
1 1 49 4.681973
2 1 49 7.378518
3
0 1 49 7.247382
1 1 49 13.419169
2 1 49 4.848822
3
0 1 49 15.890948
1 1 49 4.463310
2 1 49 17.639527
0
