50 49
3
0 5 5 18.486741 48 12.391337 16 16.034512 47 16.688342 20 2.990062
1 5 23 17.220905 35 2.268694 45 13.154034 24 16.101199 31 4.742741
2 5 6 13.036186 34 15.859741 20 4.407370 31 4.540716 14 13.025879
3
0 5 5 10.986553 9 18.545833 16 19.631457 25 2.010990 35 1.713490
1 5 16 12.638385 49 5.041082 26 19.515620 42 5.315641 9 10.747840
2 5 43 5.884344 49 6.877729 20 2.416028 23 1.811285 21 19.268134
3
0 5 5 8.828654 7 18.267464 13 14.829466 22 8.900078 8 7.583295
1 5 22 16.139169 23 14.542680 43 17.126651 45 15.241715 48 19.863619
2 5 5 12.244336 11 4.090470 34 15.611618 23 8.338177 44 2.651017
3
0 5 5 18.384136 18 16.910492 37 3.746396 10 10.740376 6 16.686965
1 5 32 14.198808 38 6.672277 20 7.294492 36 17.495051 39 6.500373
2 5 13 18.916309 39 5.727167 30 12.775631 21 10.901051 9 6.144548
3
0 5 5 14.373658 27 13.726138 32 16.498895 23 14.018369 42 1.112684
1 5 42 8.932322 23 6.722780 43 13.659854 26 11.983791 20 11.398377
2 5 42 16.528558 34 5.648652 38 19.559591 41 13.971399 43 6.071924
3
0 5 10 15.973033 34 13.815382 24 15.524523 26 12.375352 43 16.279039
1 5 15 10.618818 41 16.821456 34 18.281606 12 2.608254 27 9.012485
2 5 44 2.385255 31 2.347894 13 11.254442 21 19.601284 39 19.558714
3
0 5 10 15.847601 42 14.228784 27 2.527112 13 5.959285 18 9.834253
1 5 15 15.027633 17 8.588374 14 12.900764 46 16.017785 10 15.292097
2 5 49 3.276157 41 10.330932 20 14.051093 15 19.521212 27 3.123083
3
0 5 10 18.251061 17 11.184220 14 14.980002 37 15.180073 45 16.593732
1 5 33 3.273075 11 4.317067 48 5.608780 37 19.290535 16 14.776493
2 5 48 17.293471 13 8.394880 24 2.618753 23 7.946486 35 2.997013
3
0 5 10 7.414352 20 9.569767 24 5.673178 49 3.994910 18 10.088239
1 5 10 9.266755 15 9.632465 28 3.981831 45 1.287945 43 5.399566
2 5 29 17.678186 43 17.410439 48 13.428459 38 12.680088 28 13.541080
3
0 5 10 18.463639 47 16.934510 23 18.250504 40 8.898486 39 10.315100
1 5 30 10.931344 43 6.898236 36 15.859866 44 3.989235 17 10.011855
2 5 25 4.733444 26 7.530362 32 19.429264 33 10.372899 27 14.017511
3
0 5 15 3.736225 47 7.033005 33 1.840799 39 12.126673 36 3.036452
1 5 19 13.577601 35 9.135825 44 2.969057 18 13.996939 49 14.908192
2 5 26 17.698697 30 17.769341 18 2.402218 28 13.319496 35 6.481967
3
0 5 15 7.493542 44 2.080108 38 13.915177 29 8.818652 34 16.579876
1 5 45 3.260697 47 14.018882 15 11.988136 21 1.073491 16 8.193607
2 5 30 17.150321 16 7.966925 29 14.441642 21 6.361490 48 6.508352
3
0 5 15 12.944379 33 8.056477 49 5.988209 18 13.936058 19 7.604106
1 5 48 4.725041 28 15.776147 49 2.206563 20 14.621070 30 2.803058
2 5 48 11.851740 46 13.176775 26 13.197994 40 11.239856 25 19.622634
3
0 5 15 17.638385 26 2.214996 27 15.565508 37 2.394935 24 2.415933
1 5 30 9.301747 36 12.716304 28 14.319258 29 15.612586 15 11.026841
2 5 20 1.978046 23 11.256247 22 4.058379 29 5.463520 41 9.032624
3
0 5 15 13.678585 37 3.318374 31 10.964455 48 18.540569 47 16.766388
1 5 35 10.258369 32 16.384699 30 2.913242 46 9.429211 18 9.007505
2 5 34 4.528580 41 16.610209 27 2.237258 37 16.328571 30 5.046835
3
0 5 20 1.053126 44 5.052585 27 7.670863 23 6.030388 48 5.975401
1 5 37 5.263400 40 2.548729 42 16.871030 38 12.638903 25 18.810369
2 5 43 15.642459 24 7.293862 35 11.257657 28 15.263340 33 7.655172
3
0 5 20 13.204192 34 15.511954 45 12.888504 30 7.486122 47 9.472208
1 5 46 3.978993 20 13.832103 21 5.443825 49 11.583606 35 18.452241
2 5 47 14.427250 24 19.557896 28 6.730737 49 5.145372 34 19.563979
3
0 5 20 8.509181 25 12.800049 26 16.275413 40 13.267025 42 10.533634
1 5 29 14.380433 45 5.881600 46 1.251014 49 12.059727 37 17.479110
2 5 41 8.867345 33 9.224243 36 2.220241 47 12.639815 22 3.881467
3
0 5 20 9.725332 35 1.984780 27 11.635822 33 4.705343 22 7.577489
1 5 49 7.160066 28 7.687393 35 13.887651 20 9.451940 46 1.851514
2 5 37 10.423679 34 7.193325 31 14.449052 27 14.918927 39 11.832207
3
0 5 20 4.323929 27 10.536728 33 10.604442 29 1.256774 42 12.537789
1 5 41 11.596722 31 18.648848 44 18.755086 28 3.660788 48 19.686336
2 5 42 10.748897 27 5.077431 29 7.776955 47 4.620771 35 1.046311
3
0 5 25 9.264576 44 3.163856 46 3.286822 31 3.758336 49 9.686736
1 5 40 17.808760 28 12.735854 36 4.538461 31 15.698590 29 10.347040
2 5 34 12.002209 25 3.414106 30 10.396068 47 18.405690 48 8.329243
3
0 5 25 10.216208 40 4.468858 32 7.695136 35 17.515737 33 4.377685
1 5 25 14.986471 46 8.104662 29 2.117984 42 15.074362 44 17.839733
2 5 49 1.270556 29 8.575988 40 14.655528 47 9.046568 35 13.442724
3
0 5 25 19.439272 36 5.935652 42 19.717521 29 2.590065 35 9.018277
1 5 26 14.224984 35 12.583753 42 17.493421 38 5.824808 32 2.622269
2 5 42 16.028153 49 17.644333 25 12.558737 30 6.609891 40 12.195995
3
0 5 25 16.501779 31 18.684505 29 18.256817 44 12.201364 35 13.112058
1 5 41 13.857376 42 3.134984 44 6.320847 32 6.761087 39 19.951535
2 5 43 14.025910 36 8.665414 49 11.177034 35 1.838317 26 10.046893
3
0 5 25 14.145217 26 4.932625 42 7.161963 41 8.147271 40 1.630394
1 5 38 7.300541 29 13.810795 49 7.113706 25 1.011463 46 17.377684
2 5 27 12.497409 42 3.358290 26 6.272767 31 2.799444 45 5.747742
3
0 5 30 5.577829 43 8.742745 45 6.969506 35 16.235681 40 4.038189
1 5 30 17.849485 33 11.645065 43 6.996304 34 4.942303 37 8.707536
2 5 39 9.093579 42 16.532178 37 5.756133 38 6.713865 49 11.838488
3
0 5 30 19.365412 31 15.564381 38 2.744266 39 11.754761 46 11.765197
1 5 38 3.120027 37 2.652505 40 19.889821 42 17.824074 30 13.606413
2 5 32 19.506357 30 8.387803 38 1.493027 35 17.937083 47 18.075780
3
0 5 30 15.797650 31 2.524258 48 17.602123 49 11.739354 41 15.002718
1 5 33 9.276515 36 12.664758 41 12.661703 34 9.175271 45 8.512411
2 5 34 16.942562 49 9.516546 41 12.510613 35 18.183086 31 7.707200
3
0 5 30 5.475374 39 13.277100 32 7.757255 49 17.822653 31 11.209125
1 5 36 2.695844 42 1.713114 49 2.305900 47 3.049611 46 4.194765
2 5 43 17.152273 33 4.226561 39 5.846753 48 13.894759 46 4.873099
3
0 5 30 11.403751 40 13.392034 47 8.424675 44 7.476807 46 7.816414
1 5 37 4.290893 49 3.039420 44 9.164392 48 18.197801 39 5.582762
2 5 47 1.096646 30 17.955759 48 5.369888 41 3.056396 44 9.173472
3
0 5 35 8.515016 45 2.064340 41 13.857283 38 10.153062 39 17.376314
1 5 39 5.645835 45 1.866373 46 18.704494 43 15.699767 42 1.361490
2 5 37 16.276582 41 14.452476 35 4.962709 42 4.443609 48 18.571882
3
0 5 35 18.545046 49 11.974818 45 5.102779 48 19.478517 39 16.013838
1 5 47 17.972044 39 8.503254 36 16.845708 44 8.314963 37 18.789290
2 5 37 12.377958 44 1.598866 47 6.414748 42 7.055234 36 4.890956
3
0 5 35 13.167112 45 1.884662 46 16.434798 37 10.736443 38 19.703791
1 5 46 9.039525 40 3.372040 39 2.860081 36 5.913529 44 7.133074
2 5 40 13.343285 39 12.665913 49 7.586766 47 4.850021 44 7.534226
3
0 5 35 6.776765 49 7.820509 36 10.697599 42 11.611993 44 17.572821
1 5 44 7.389676 35 10.594039 36 2.623826 47 13.899038 45 19.049226
2 5 37 8.704652 49 8.901910 39 1.362985 48 4.083783 47 8.872895
3
0 5 35 7.313350 41 13.115620 37 12.651386 48 1.958487 44 1.164740
1 5 38 5.371430 43 4.900177 49 9.042014 35 12.346591 42 7.680604
2 5 46 11.572679 45 5.628959 48 12.124774 36 17.533934 43 12.023790
3
0 5 40 15.515857 49 2.660215 45 6.409628 48 3.628071 42 11.511799
1 5 43 2.050849 45 13.487230 44 2.378485 48 19.994274 42 4.802279
2 5 42 17.752577 46 19.518204 49 7.722346 44 12.014614 45 12.086534
3
0 5 40 16.337949 41 4.633782 42 3.953170 47 6.826194 46 11.612072
1 5 47 11.115807 46 14.482809 41 19.682941 43 10.151102 40 14.184636
2 5 48 2.622737 42 5.856940 49 17.243576 41 5.204761 46 3.660281
3
0 5 40 17.464579 46 7.084516 44 12.511955 43 11.836413 47 11.708059
1 5 41 14.193021 47 18.621605 43 18.594073 42 10.841770 44 3.636664
2 5 45 18.162490 44 8.743436 49 9.307399 42 18.052309 41 3.765696
3
0 5 40 10.308344 47 14.338411 48 1.269627 46 1.280554 42 16.530613
1 5 49 13.496637 44 18.829331 41 2.864138 46 11.527051 47 6.771914
2 5 41 2.438199 46 15.560827 43 8.330277 45 2.656754 42 4.401969
3
0 5 40 19.396314 47 19.599136 42 15.342748 46 10.027948 41 19.440088
1 5 49 10.296250 40 19.924696 42 19.140327 43 12.717471 45 4.339290
2 5 46 15.947897 48 1.049290 45 16.750991 40 10.689915 44 6.889604
3
0 5 45 7.218658 46 6.262193 47 8.954329 48 1.110843 49 4.157673
1 5 45 9.377308 46 13.866537 47 16.047262 48 2.183715 49 12.644522
2 5 45 6.258876 46 9.930615 47 11.175031 48 13.216920 49 7.207704
3
0 5 45 12.513536 46 10.217294 47 12.519196 48 15.646707 49 5.275312
1 5 45 5.873803 46 2.749369 47 18.969247 48 14.088827 49 17.619177
2 5 45 11.757506 46 7.901530 47 9.064365 48 2.616284 49 13.172617
3
0 5 45 3.449372 46 11.000853 47 2.498228 48 8.110869 49 12.436569
1 5 45 13.912172 46 9.957455 47 4.051377 48 16.774025 49 19.733456
2 5 45 19.872479 46 4.835128 47 12.215046 48 10.371556 49 5.870909
3
0 5 45 12.500955 46 4.301371 47 10.902322 48 5.461260 49 19.029121
1 5 45 9.622329 46 10.493290 47 8.087037 48 19.580301 49 10.326943
2 5 45 7.833141 46 18.708331 47 15.594307 48 2.453840 49 15.943834
3
0 5 45 9.418275 46 5.687446 47 9.191872 48 12.957256 49 1.118204
1 5 45 8.325784 46 14.493838 47 19.149428 48 2.802260 49 12.269263
2 5 45 7.290218 46 8.841738 47 14.719270 48 19.892549 49 8.700496
3
0 1 49 14.839429
1 1 49 14.429252
2 1 49 10.927742
3
0 1 49 12.544109
1 1 49 18.345065
2 1 49 5.925156
3
0 1 49 14.996606
1 1 49 7.337599
2 1 49 18.397686
3
0 1 49 6.555543
1 1 49 14.554373
2 1 49 19.499052
0
