50 49
3
0 4 5 10.347619 24 1.691926 28 5.926176 49 17.526017
1 4 30 18.335117 37 9.083831 47 15.926419 41 4.976248
2 4 24 16.428925 28 13.411691 5 12.137643 37 5.830290
3
0 4 5 4.933930 21 10.115598 28 11.444646 34 6.212337
1 4 31 5.713313 34 3.772345 21 4.809549 39 13.371601
2 4 49 2.479805 17 12.459601 8 12.064777 10 12.574302
3
0 4 5 6.493734 26 11.594717 12 12.285167 10 15.704905
1 4 29 18.539716 17 17.410586 14 14.878080 41 3.144813
2 4 38 16.760702 28 5.418345 35 18.828466 32 17.959595
3
0 4 5 4.247826 6 19.550127 23 16.139808 49 16.541814
1 4 14 15.692210 13 14.863006 29 12.200459 41 1.854339
2 4 45 3.906834 13 16.178820 49 17.750547 10 19.476763
3
0 4 5 15.865618 31 12.039581 9 14.262178 34 8.254236
1 4 5 8.021744 31 10.499332 39 14.233143 12 9.195608
2 4 34 7.885821 21 8.629536 41 16.887785 45 15.499271
3
0 4 10 8.434648 30 3.603937 11 4.934834 12 1.042983
1 4 17 3.444794 23 3.378908 20 10.308486 29 4.985203
2 4 43 8.364442 17 7.620065 33 7.391822 36 1.044938
3
0 4 10 3.197649 44 17.241778 22 10.948197 30 16.647959
1 4 20 3.118587 46 15.393489 34 11.417802 13 17.311917
2 4 19 8.567941 13 18.082655 20 15.362983 35 9.622857
3
0 4 10 16.860750 14 19.274209 15 16.855638 11 17.464954
1 4 28 9.913234 47 2.182602 27 11.996853 31 16.273345
2 4 39 3.289100 47 16.994486 38 7.598416 42 3.807608
3
0 4 10 5.345165 25 19.946363 14 4.404357 35 5.813650
1 4 43 19.416607 26 14.961291 16 2.541072 41 11.995364
2 4 14 11.084198 29 7.107506 25 7.174107 17 2.818132
3
0 4 10 18.567500 34 7.338817 41 15.428193 19 5.388725
1 4 41 16.558117 42 12.304999 48 6.082442 18 6.540922
2 4 38 18.788920 34 7.289974 21 1.833657 27 2.936469
3
0 4 15 12.799634 20 18.617948 44 16.111222 35 18.156772
1 4 29 6.286838 26 9.332800 38 9.388116 23 14.894861
2 4 47 13.388898 29 4.397176 44 15.805973 37 18.194030
3
0 4 15 9.852299 46 13.951873 36 4.051714 20 9.166077
1 4 20 11.955555 34 2.427891 15 17.810274 16 5.667596
2 4 46 13.930391 21 9.364011 42 16.391909 32 19.743701
3
0 4 15 6.000826 26 3.178002 39 18.879568 27 4.108252
1 4 48 18.504674 38 14.175055 39 16.302892 33 17.046389
2 4 22 9.246167 49 2.029011 17 10.647093 23 10.006498
3
0 4 15 11.850882 34 15.472145 18 5.301434 46 19.640431
1 4 27 3.754407 25 15.048299 36 14.171086 46 10.626265
2 4 20 16.913842 23 15.616913 37 6.288253 42 4.025579
3
0 4 15 18.589859 38 2.912287 43 16.476297 24 6.986801
1 4 19 15.250801 35 16.478769 20 3.515581 29 9.858354
2 4 38 17.557316 19 12.040658 27 4.907501 22 19.557367
3
0 4 20 11.599205 48 14.940595 26 15.911770 23 9.191398
1 4 39 11.653377 27 4.660482 34 14.477292 23 10.594563
2 4 38 10.154900 41 3.053398 33 13.100367 24 19.224466
3
0 4 20 12.930385 39 6.866714 40 1.921957 24 8.758663
1 4 35 14.640341 21 15.621524 30 6.101555 23 8.110146
2 4 36 19.282654 46 13.345145 30 3.205192 47 19.648085
3
0 4 20 18.985580 37 9.402499 46 8.080589 40 11.699397
1 4 45 17.832539 41 16.838927 28 11.208640 23 9.767258
2 4 22 13.263484 27 12.749086 46 19.205667 32 1.320252
3
0 4 20 15.563483 25 3.842233 45 19.837456 46 17.031133
1 4 23 4.833748 30 3.487956 43 16.703042 47 13.137312
2 4 44 12.295940 41 7.812443 46 7.624620 34 6.111102
3
0 4 20 4.512390 24 16.639475 34 11.878170 41 15.946533
1 4 46 12.477282 31 14.630718 33 17.152077 20 3.475697
2 4 25 11.401720 22 9.744969 41 5.163663 47 2.165086
3
0 4 25 15.091046 46 11.028593 33 14.817097 32 12.650794
1 4 39 3.434536 36 11.454568 37 19.777072 34 2.527802
2 4 34 16.086848 48 11.446656 39 18.335356 38 8.993991
3
0 4 25 1.055055 39 15.746855 32 11.506597 33 13.486786
1 4 47 18.652023 48 19.567924 26 3.809554 42 3.302561
2 4 32 2.351738 33 14.153145 41 18.353440 48 12.439843
3
0 4 25 1.918699 49 8.352169 47 11.186701 34 1.294143
1 4 42 18.201267 27 11.275295 33 11.232541 38 1.056607
2 4 45 7.786804 29 16.299614 48 2.995093 47 19.739851
3
0 4 25 12.148347 36 7.170559 40 3.631294 37 19.637956
1 4 38 19.785011 31 8.553305 43 6.130900 33 16.979390
2 4 43 11.712710 26 10.955979 35 3.632335 39 11.749742
3
0 4 25 5.234909 35 5.070493 29 2.473279 28 1.255341
1 4 31 6.614554 43 12.670414 40 2.039150 39 14.938954
2 4 32 18.011906 41 6.401357 35 4.543022 45 2.934358
3
0 4 30 1.486871 46 17.798837 33 11.902531 38 3.965237
1 4 37 11.986418 36 15.755172 45 1.855442 35 15.240846
2 4 39 14.067387 45 16.234263 35 10.030799 43 16.895991
3
0 4 30 16.533769 40 16.720278 32 12.585956 43 5.470520
1 4 46 15.342757 35 13.780727 32 1.782876 47 8.836477
2 4 49 16.196539 33 10.218870 44 16.754618 48 13.239218
3
0 4 30 3.184321 36 7.076320 40 19.091196 32 14.592360
1 4 35 13.034829 37 6.526603 43 17.286407 42 12.871114
2 4 37 1.448513 42 6.792039 43 15.237132 41 6.676315
3
0 4 30 8.750112 33 15.713138 43 6.399040 31 11.163528
1 4 41 19.770180 40 8.693198 44 14.527221 48 16.303349
2 4 48 5.478362 46 15.020474 32 17.043548 42 18.493477
3
0 4 30 6.803177 41 11.231628 32 12.948809 37 16.928403
1 4 30 2.635735 35 10.711100 33 1.970656 31 16.351938
2 4 35 9.327030 47 9.659650 31 4.300150 48 8.857973
3
0 4 35 7.133442 42 14.602324 36 8.912805 49 17.510588
1 4 39 8.628869 42 5.913239 46 13.869757 37 6.976645
2 4 42 5.844671 37 8.722745 41 4.994638 46 11.496857
3
0 4 35 14.668484 46 10.782668 36 15.950575 47 3.600411
1 4 39 15.606046 45 6.128776 46 19.935491 42 3.629561
2 4 37 1.640797 41 3.995509 35 19.988584 42 16.780216
3
0 4 35 9.698643 49 14.693774 43 18.334664 36 11.338697
1 4 38 15.607416 41 17.035943 49 2.538165 48 3.272062
2 4 37 15.570041 49 9.002518 42 19.758511 35 10.924645
3
0 4 35 7.695798 43 14.669348 40 19.826784 41 14.975288
1 4 42 9.105536 47 15.485844 46 3.009081 48 14.252672
2 4 43 16.421367 41 1.748327 44 15.426030 37 4.485334
3
0 4 35 2.252407 48 18.698887 49 8.716185 38 11.267020
1 4 43 9.423925 37 1.456312 38 13.732924 41 13.072490
2 4 47 11.542830 39 14.915233 49 2.098052 37 13.216198
3
0 4 40 3.803584 45 1.400852 47 5.465960 41 2.907147
1 4 47 14.069601 40 5.591770 42 12.189511 44 1.911546
2 4 42 5.764419 49 6.456260 47 15.654812 41 15.426843
3
0 4 40 13.545446 46 6.337248 41 19.673007 47 19.556770
1 4 40 14.981908 48 15.222595 49 14.146727 43 1.188016
2 4 46 3.459503 45 13.392291 47 5.133702 49 3.842868
3
0 4 40 2.130232 42 13.500002 48 19.352722 43 14.151516
1 4 40 6.138656 44 17.368329 43 3.900586 42 7.257485
2 4 49 19.748877 44 6.117505 48 2.783127 45 8.414706
3
0 4 40 14.528425 43 12.259907 48 12.352367 44 9.337771
1 4 45 1.943031 42 17.551224 43 5.039944 40 14.458658
2 4 44 5.862582 48 17.608352 41 1.081951 42 16.486830
3
0 4 40 4.398855 48 14.655243 43 16.958641 46 9.725171
1 4 45 8.394046 42 13.015776 40 10.872021 49 8.495080
2 4 41 8.750512 46 9.940246 44 17.641851 47 11.466732
3
0 4 45 5.812897 46 2.275172 47 17.168065 49 2.928924
1 4 47 1.125540 49 6.936957 46 1.307278 48 5.055891
2 4 48 9.773181 46 18.806549 47 14.007904 45 11.286413
3
0 4 45 1.662744 48 17.042973 49 9.711587 47 10.822174
1 4 48 9.223219 45 5.437483 49 8.683104 46 11.340900
2 4 49 11.010064 45 12.467619 47 6.923933 46 16.620625
3
0 4 45 1.502733 48 18.591855 46 7.066700 47 5.709298
1 4 47 11.934453 48 11.371640 49 4.654047 46 15.870482
2 4 46 6.779140 45 4.178566 48 3.356361 49 5.505549
3
0 4 45 8.081050 47 13.348817 48 4.118865 46 18.091616
1 4 48 7.422497 46 1.510348 45 17.250689 47 15.369578
2 4 46 9.792941 49 11.646986 47 14.837131 45 8.007918
3
0 4 45 19.767757 48 6.059245 49 3.656949 47 13.099885
1 4 47 9.140026 45 16.549011 46 18.481305 48 10.718856
2 4 49 4.348065 46 14.118039 47 19.955872 45 4.173826
3
0 1 49 8.573502
1 1 49 19.749307
2 1 49 6.579993
3
0 1 49 7.567923
1 1 49 18.074620
2 1 49 10.605895
3
0 1 49 5.283574
1 1 49 17.353963
2 1 49 2.063703
3
0 1 49 18.405562
1 1 49 13.242452
2 1 49 13.167361
0
