50 49
3
0 4 5 11.177283 35 18.137292 45 9.183969 32 13.765806
1 4 43 8.618456 6 14.736529 13 13.935719 33 14.150486
2 4 28 15.894470 23 15.872557 8 19.911570 30 19.027189
3
0 4 5 1.001282 17 3.275061 44 9.655804 21 2.031110
1 4 46 17.972807 41 3.108625 45 14.504346 48 11.846206
2 4 21 19.706121 33 9.976396 47 18.842335 25 18.054313
3
0 4 5 5.951648 34 17.861987 30 4.165565 24 8.427722
1 4 49 11.709974 28 8.943781 33 8.479129 45 17.611511
2 4 15 11.192009 27 1.615350 40 14.955063 14 2.456766
3
0 4 5 2.627227 49 16.699361 25 3.798454 46 10.582550
1 4 31 15.912945 39 14.418566 46 8.621277 20 18.679595
2 4 21 15.950498 9 13.470879 43 11.899557 30 18.921354
3
0 4 5 3.545953 48 9.444905 49 9.316575 17 13.386543
1 4 18 5.154190 42 8.529367 9 18.298339 11 17.347321
2 4 20 8.494870 14 1.183336 40 18.760998 30 16.946128
3
0 4 10 19.145006 11 13.767285 37 5.600694 45 5.632149
1 4 20 10.044270 39 1.951710 30 8.775095 27 4.915964
2 4 32 13.945354 25 15.817707 24 11.407180 48 7.581481
3
0 4 10 11.713869 15 10.341894 17 6.465176 46 4.302328
1 4 32 1.372440 23 2.881347 29 9.757254 44 3.987224
2 4 12 19.962948 18 15.329542 42 16.985689 38 1.892410
3
0 4 10 6.154694 45 13.709325 38 14.663309 18 17.959333
1 4 35 15.292387 20 14.561480 33 6.295951 18 4.010661
2 4 28 18.474205 42 6.768708 10 12.288077 21 8.344527
3
0 4 10 7.951863 49 9.529301 18 12.487777 32 19.307730
1 4 38 17.367492 26 10.548430 36 9.688654 35 8.023984
2 4 26 17.941222 25 8.879182 11 11.131240 47 1.646516
3
0 4 10 18.327805 40 7.484180 14 18.181575 39 9.551473
1 4 27 6.690462 32 2.125213 25 4.079177 13 7.495220
2 4 35 7.833865 45 18.850677 11 19.672669 13 11.932893
3
0 4 15 4.478133 21 4.540969 39 17.029903 42 7.532027
1 4 25 12.685745 42 9.124173 26 12.428935 18 18.168259
2 4 43 10.292364 20 1.779333 23 16.708309 36 1.951347
3
0 4 15 8.446123 22 5.330320 19 5.863093 36 8.625658
1 4 24 6.495325 37 19.951622 21 7.533299 40 8.259119
2 4 18 3.494802 37 19.421284 39 5.714552 16 13.197960
3
0 4 15 3.292978 43 10.000040 37 1.485670 40 5.322614
1 4 45 13.207771 24 2.847559 28 8.934570 18 14.407133
2 4 18 6.305444 38 7.814049 27 3.922866 49 11.965181
3
0 4 15 14.725247 38 6.028568 18 3.630487 47 15.148500
1 4 43 8.567464 41 9.890801 39 15.876368 46 8.802603
2 4 15 12.999132 28 14.766827 41 15.979019 16 19.456758
3
0 4 15 18.214922 41 2.033131 49 1.437609 39 4.667321
1 4 22 6.446573 33 15.880216 46 6.772130 25 1.951870
2 4 31 10.942077 16 10.894671 43 18.356073 32 8.458141
3
0 4 20 12.604148 48 18.883672 22 15.935165 36 11.759856
1 4 43 19.176829 47 15.013660 40 16.901722 41 5.924888
2 4 35 16.919787 41 11.936648 31 4.149422 49 15.606463
3
0 4 20 11.662291 23 18.271501 29 17.361777 49 10.680450
1 4 35 3.677293 23 2.658778 20 16.986288 42 19.680323
2 4 43 16.070280 49 16.471074 22 16.266745 38 14.784779
3
0 4 20 7.087384 41 7.397435 29 18.290619 34 5.874716
1 4 49 7.520732 36 3.437045 42 17.460246 34 12.233013
2 4 20 4.946124 44 1.879960 26 13.151981 45 19.551154
3
0 4 20 15.725702 46 2.192218 40 16.189204 43 4.719228
1 4 20 10.937597 43 14.993171 29 8.012649 42 11.172582
2 4 41 4.314841 45 4.422528 25 7.970584 29 11.000960
3
0 4 20 2.659762 29 13.067784 48 15.756646 33 6.315265
1 4 42 11.428245 29 8.632512 26 5.971234 38 9.532038
2 4 33 11.225505 29 3.835942 34 17.273647 47 14.981156
3
0 4 25 15.348630 45 8.915393 41 17.491344 42 10.525276
1 4 27 8.084054 35 9.920347 34 7.787240 40 16.973783
2 4 38 10.224298 35 6.784040 27 15.470607 41 17.222740
3
0 4 25 11.714890 37 18.250754 30 13.891577 41 18.170943
1 4 40 18.164017 26 8.162994 28 19.453661 30 1.433223
2 4 31 2.881376 46 3.672874 27 16.535996 40 17.911877
3
0 4 25 2.324443 38 10.489512 34 9.302553 49 8.475540
1 4 27 9.122249 46 5.999479 29 17.612615 25 16.525703
2 4 37 9.513261 42 17.628693 39 1.200144 25 19.234562
3
0 4 25 18.936216 49 12.963939 31 1.702670 27 6.663415
1 4 38 17.611686 49 17.243424 48 1.759384 29 9.422753
2 4 29 1.281796 32 17.479760 35 8.289414 36 9.187170
3
0 4 25 12.209501 44 3.749648 38 16.467235 34 11.087836
1 4 34 6.972932 49 15.085147 35 8.690351 30 2.272817
2 4 25 18.334109 39 15.469573 32 1.050310 38 12.643114
3
0 4 30 6.960696 38 5.580752 46 2.985536 36 3.605782
1 4 34 3.898966 48 2.518048 40 11.666469 44 2.474262
2 4 47 14.939855 41 17.379330 42 13.503717 32 12.290307
3
0 4 30 1.483611 47 19.040207 38 18.002940 39 11.337994
1 4 42 4.624398 41 11.721591 35 5.506276 45 10.090946
2 4 33 8.832418 34 17.740252 30 4.453211 45 8.217334
3
0 4 30 3.479748 48 15.829966 35 16.097149 38 19.112062
1 4 31 3.771480 36 18.899895 34 10.113713 47 11.935657
2 4 32 19.468389 31 4.597137 37 5.820345 33 1.459454
3
0 4 30 8.750370 45 14.106001 41 3.322079 34 1.496111
1 4 44 7.332062 42 19.428489 32 10.116075 36 11.994922
2 4 33 10.224466 48 7.761234 37 16.373406 46 3.243510
3
0 4 30 15.615455 34 4.330425 44 1.159894 41 7.131175
1 4 45 4.437385 46 15.553309 40 9.588461 42 5.817273
2 4 45 7.140504 40 3.556528 35 12.412351 32 6.902873
3
0 4 35 16.582880 43 1.461152 47 17.154697 37 12.159194
1 4 41 9.460143 46 13.868348 48 1.063725 35 18.429666
2 4 46 7.783706 49 10.074673 48 8.692138 36 16.889654
3
0 4 35 6.840290 49 14.131998 38 16.092770 36 10.026779
1 4 44 5.515545 36 14.884034 37 18.105233 40 16.653642
2 4 43 14.228209 40 13.729012 41 7.616710 45 15.732415
3
0 4 35 10.633499 49 16.463455 45 1.052864 36 7.733411
1 4 36 2.055454 38 8.600700 46 1.929601 44 5.505873
2 4 46 11.426047 35 6.926690 47 10.961121 44 18.718357
3
0 4 35 11.657642 41 6.306388 40 1.280429 43 17.964526
1 4 39 3.585568 43 16.960512 44 13.987530 36 9.132239
2 4 38 12.842407 48 13.063598 49 13.452464 47 8.303846
3
0 4 35 16.281843 37 3.565949 45 4.976184 46 17.261849
1 4 40 2.190092 36 11.477324 48 18.567184 46 14.951701
2 4 39 15.182249 42 12.269151 35 11.348984 40 5.517760
3
0 4 40 8.336670 46 4.997677 41 19.414000 45 11.997817
1 4 41 16.757687 46 15.168199 40 9.375591 45 19.290358
2 4 49 2.800639 45 16.945460 48 12.846439 43 5.158095
3
0 4 40 11.494240 48 17.524700 43 2.614379 45 17.705018
1 4 49 3.637586 42 1.218059 44 10.359627 46 8.611064
2 4 40 6.017269 45 7.887702 46 8.650634 41 14.600427
3
0 4 40 15.952649 43 15.896857 48 15.614110 41 10.586275
1 4 41 13.096662 46 18.389540 44 3.363582 43 2.820540
2 4 46 5.762149 45 19.529680 44 7.347733 49 12.906037
3
0 4 40 13.177924 44 1.829338 46 3.701350 47 3.647596
1 4 45 16.095531 46 18.422607 49 19.787662 40 5.896456
2 4 49 1.046106 40 13.094911 48 2.409120 43 18.609185
3
0 4 40 15.785344 49 5.417889 47 7.948898 45 5.359875
1 4 45 14.945073 40 2.819701 48 5.580739 46 15.648901
2 4 43 14.079302 44 5.375469 47 19.769057 45 9.861781
3
0 4 45 10.614285 46 12.347569 49 8.201393 48 19.667537
1 4 48 12.285372 47 5.028618 46 13.716631 45 16.488626
2 4 45 6.890636 46 17.184916 49 9.036414 47 13.051896
3
0 4 45 19.140349 49 10.881011 46 4.905533 48 4.055275
1 4 47 4.022260 45 17.370759 46 9.096359 48 10.377084
2 4 49 5.338553 46 3.387927 45 6.267340 47 15.655168
3
0 4 45 1.135285 46 10.010769 47 16.351343 48 9.264723
1 4 48 16.634320 45 4.433599 46 10.662818 47 9.322932
2 4 47 5.086031 45 14.175458 48 12.790075 46 16.481056
3
0 4 45 10.263894 49 9.649230 46 3.605218 48 2.704304
1 4 49 1.124964 45 7.635411 48 18.759439 47 14.084547
2 4 47 15.866235 45 1.811838 48 18.738290 49 11.527599
3
0 4 45 14.945990 47 9.349748 48 4.748103 49 5.113038
1 4 46 19.636365 47 18.414894 48 14.957015 45 13.773649
2 4 49 17.548140 48 15.749192 47 13.961160 45 17.946201
3
0 1 49 16.624415
1 1 49 4.167376
2 1 49 9.367296
3
0 1 49 16.091543
1 1 49 1.541130
2 1 49 11.646534
3
0 1 49 15.204361
1 1 49 1.623428
2 1 49 18.163192
3
0 1 49 9.428732
1 1 49 11.238224
2 1 49 9.534477
0
