50 49
3
0 3 5 15.791435 43 1.390115 41 9.359992
1 3 49 18.563637 23 6.083890 5 9.621428
2 3 26 19.749342 21 19.848986 28 11.173684
3
0 3 5 17.450291 10 13.278479 24 13.467411
1 3 39 8.317759 45 2.059658 15 6.512809
2 3 25 12.591871 32 7.311778 11 10.115560
3
0 3 5 18.528921 18 2.068769 47 2.111895
1 3 43 10.634218 17 10.744721 44 13.101619
2 3 5 16.690064 41 19.525255 8 5.274380
3
0 3 5 7.783506 28 8.710792 6 10.801509
1 3 13 13.447925 29 13.870985 40 7.965292
2 3 23 16.300697 10 2.097362 21 16.229391
3
0 3 5 19.869273 49 6.548965 6 10.095963
1 3 24 9.697954 30 9.136245 18 8.121117
2 3 6 8.026296 19 3.350626 39 11.720823
3
0 3 10 14.785800 14 12.867859 36 5.256722
1 3 46 12.364294 22 7.871802 21 16.176680
2 3 37 15.556034 24 11.123461 40 6.253548
3
0 3 10 5.652846 33 16.126800 36 1.912152
1 3 47 4.857109 27 17.859725 43 6.600896
2 3 13 1.979723 16 9.361332 21 19.838266
3
0 3 10 11.598977 39 6.431065 22 4.585497
1 3 24 17.676295 27 19.597574 15 14.516027
2 3 39 4.803759 47 16.959203 13 8.411249
3
0 3 10 4.651962 40 7.333323 11 6.858023
1 3 36 16.482146 25 6.886536 22 3.402652
2 3 34 11.834676 36 2.506676 43 3.951828
3
0 3 10 4.430316 25 1.503783 38 3.367358
1 3 24 8.855832 44 6.239544 32 1.664530
2 3 21 9.594523 40 5.727830 36 13.558918
3
0 3 15 14.417251 42 15.123190 41 4.085404
1 3 36 3.274318 39 15.313781 40 4.958498
2 3 16 14.148556 36 13.534375 27 3.383892
3
0 3 15 11.060555 19 5.409525 20 13.904032
1 3 39 17.759700 40 4.844438 35 8.052440
2 3 31 6.089274 23 13.140847 19 11.873257
3
0 3 15 13.556428 36 2.494126 47 5.709496
1 3 47 1.898260 42 14.592875 38 9.122288
2 3 26 12.704383 17 1.644971 22 4.927093
3
0 3 15 11.465530 35 12.672546 41 19.710368
1 3 48 17.093922 46 7.184987 36 7.044822
2 3 46 14.539877 20 13.736345 24 6.646953
3
0 3 15 6.126800 17 9.534687 16 17.150541
1 3 40 9.090828 41 13.558079 27 4.732984
2 3 20 14.643791 34 9.376532 25 13.144038
3
0 3 20 15.424629 32 18.628480 44 5.385969
1 3 49 2.869953 27 14.580770 22 11.658525
2 3 39 8.949926 21 16.646168 36 8.309792
3
0 3 20 6.656395 47 8.784575 22 16.963796
1 3 30 7.437355 26 14.432078 49 7.141250
2 3 43 10.439672 40 4.143638 39 18.510736
3
0 3 20 17.565037 41 8.859703 29 17.599756
1 3 22 4.784726 48 4.870770 40 7.777421
2 3 48 6.637303 44 18.944045 49 12.555342
3
0 3 20 2.517740 24 3.220015 45 19.312069
1 3 29 18.785710 42 14.651595 27 9.843484
2 3 47 2.062268 46 3.258007 30 1.030112
3
0 3 20 5.105550 37 5.255443 22 17.755530
1 3 34 1.128113 32 11.175854 38 11.701285
2 3 48 18.161203 29 16.511985 21 15.972667
3
0 3 25 1.446983 29 1.514343 40 17.759618
1 3 32 15.369858 34 17.379311 35 4.421854
2 3 41 16.253286 28 8.894711 48 1.181190
3
0 3 25 1.311865 35 7.157077 49 2.746860
1 3 33 6.548384 35 16.903691 27 13.884805
2 3 40 15.010594 29 8.876582 42 15.407424
3
0 3 25 4.483261 44 16.859401 42 18.771293
1 3 44 19.602574 26 13.673677 37 5.727272
2 3 45 7.700653 33 8.073185 27 17.775518
3
0 3 25 6.150854 45 9.463743 27 7.656735
1 3 38 4.094807 28 11.291217 37 2.701760
2 3 34 17.094981 46 5.639246 45 6.238701
3
0 3 25 2.963578 47 14.172048 32 5.238235
1 3 29 1.811178 43 18.146102 47 16.097516
2 3 39 7.826734 30 7.937023 41 15.796797
3
0 3 30 13.766504 32 15.897613 48 10.706346
1 3 45 1.284801 48 5.599616 44 7.715565
2 3 31 13.829086 42 7.355057 35 6.145011
3
0 3 30 15.858351 31 1.168024 36 16.042737
1 3 41 1.489989 47 6.224636 48 19.868178
2 3 43 19.998554 37 6.919730 35 19.819897
3
0 3 30 3.338755 48 2.472390 49 2.809457
1 3 48 1.315998 37 5.663147 39 14.551496
2 3 35 8.827773 46 5.499176 49 1.532656
3
0 3 30 3.033643 46 16.633134 44 6.982389
1 3 31 16.193761 39 19.110374 33 10.109381
2 3 40 1.753329 32 18.043654 34 16.205823
3
0 3 30 15.914459 43 6.863331 37 14.121317
1 3 44 10.002432 30 13.798657 32 6.536785
2 3 37 16.904606 38 2.927184 33 5.833906
3
0 3 35 3.574835 46 14.604778 38 10.362751
1 3 43 9.675948 38 18.047589 49 6.668851
2 3 36 3.127235 41 15.599034 45 10.547606
3
0 3 35 17.071547 48 7.320133 45 17.735771
1 3 46 7.243152 44 2.238967 40 2.308174
2 3 47 3.506746 41 19.667662 36 17.298322
3
0 3 35 5.185633 44 8.372133 37 19.063160
1 3 40 9.631152 44 5.975532 48 11.382927
2 3 46 4.781702 47 6.286417 37 1.985507
3
0 3 35 10.951324 38 7.024314 40 13.090362
1 3 39 5.601588 35 5.050253 45 2.467066
2 3 40 9.994737 41 15.976950 49 9.484189
3
0 3 35 19.917297 46 10.691411 38 18.537599
1 3 45 3.545970 40 16.617013 38 15.716812
2 3 35 17.735639 42 7.104878 44 16.103356
3
0 3 40 15.288951 44 14.239757 49 17.301346
1 3 41 17.013554 43 11.907016 48 9.842281
2 3 47 11.517492 46 9.758002 43 11.859098
3
0 3 40 17.369560 46 17.757371 45 3.864906
1 3 48 12.915169 44 1.179101 43 13.066133
2 3 47 9.131773 41 2.893458 40 2.788804
3
0 3 40 19.709047 41 15.047610 42 15.489902
1 3 48 10.465074 49 6.654559 42 15.282752
2 3 41 12.357499 40 14.222824 46 14.275976
3
0 3 40 15.461963 45 6.880509 42 15.699212
1 3 42 12.583588 40 5.193953 47 2.999141
2 3 46 1.167170 48 14.132305 43 19.496819
3
0 3 40 7.473953 42 4.674259 48 17.827901
1 3 42 8.425993 44 16.087091 48 13.680226
2 3 40 12.477322 44 5.667452 46 13.874842
3
0 3 45 6.484521 48 5.845391 47 11.219546
1 3 48 5.911033 49 19.328270 47 7.622561
2 3 45 10.342284 46 5.612416 48 19.092713
3
0 3 45 11.624172 48 18.296575 46 12.987520
1 3 45 3.567580 46 11.104001 49 2.316658
2 3 45 1.758156 48 1.281766 49 13.330341
3
0 3 45 4.451360 49 10.964220 48 11.172161
1 3 45 14.517786 46 18.376621 47 1.816786
2 3 45 12.319552 46 18.131335 48 1.578226
3
0 3 45 1.209843 48 19.457483 49 11.080680
1 3 45 15.873145 48 19.218933 47 9.868894
2 3 45 5.392008 46 3.624226 48 9.893112
3
0 3 45 16.518906 47 14.049184 48 17.373536
1 3 47 16.531963 49 8.064305 48 18.455261
2 3 49 15.300106 47 14.036000 46 10.201415
3
0 1 49 16.321810
1 1 49 18.957988
2 1 49 6.919051
3
0 1 49 19.404612
1 1 49 6.889690
2 1 49 10.737714
3
0 1 49 10.538556
1 1 49 5.986970
2 1 49 2.564957
3
0 1 49 19.073733
1 1 49 3.520040
2 1 49 18.008818
0
