50 49
3
0 2 5 9.384219 20 19.040175
1 2 25 4.361375 10 19.905544
2 2 20 19.539646 5 15.302701
3
0 2 5 12.994605 48 6.273613
1 2 10 8.629817 22 9.094526
2 2 6 13.680462 10 1.461943
3
0 2 5 6.695592 38 15.075607
1 2 15 10.674781 31 18.221724
2 2 38 13.982089 31 6.835338
3
0 2 5 7.527847 39 8.110599
1 2 15 17.282661 19 19.972750
2 2 24 4.488267 36 11.465780
3
0 2 5 17.159165 24 4.344876
1 2 29 1.297777 47 15.564238
2 2 9 11.447005 45 16.286539
3
0 2 10 19.331730 30 19.455780
1 2 13 16.267783 48 1.315602
2 2 31 2.156290 17 16.950391
3
0 2 10 5.430059 26 10.813993
1 2 29 7.987107 25 4.560022
2 2 12 2.539163 29 17.318431
3
0 2 10 13.037401 34 2.914701
1 2 37 9.938680 15 7.081720
2 2 43 4.829631 35 14.776307
3
0 2 10 14.870108 36 12.727312
1 2 18 1.196952 26 1.247653
2 2 47 7.126212 18 9.350661
3
0 2 10 6.140187 33 13.017146
1 2 12 11.004198 32 4.849971
2 2 33 2.184192 43 6.461613
3
0 2 15 14.267843 43 7.012631
1 2 17 12.169208 27 15.592254
2 2 31 3.265799 45 9.510338
3
0 2 15 3.340330 38 19.100063
1 2 38 4.822252 37 2.407396
2 2 41 16.437479 17 13.181485
3
0 2 15 6.127920 39 17.053679
1 2 42 19.848557 49 10.864847
2 2 23 5.614911 49 4.972312
3
0 2 15 12.943878 38 12.421660
1 2 42 12.286973 15 17.220648
2 2 26 7.502374 49 4.515762
3
0 2 15 10.703453 34 4.896918
1 2 18 16.401580 45 19.696631
2 2 46 4.137914 49 4.726172
3
0 2 20 12.132906 47 6.267724
1 2 38 6.618457 41 7.130072
2 2 43 18.810986 30 11.355139
3
0 2 20 5.234072 34 18.116624
1 2 39 13.607211 20 3.888281
2 2 21 9.169142 41 3.865929
3
0 2 20 19.010556 48 4.233250
1 2 28 11.552113 26 19.702002
2 2 31 9.109507 29 5.684038
3
0 2 20 11.919655 35 9.262610
1 2 35 4.135242 33 10.805074
2 2 46 13.450632 27 5.156372
3
0 2 20 8.180765 38 16.406843
1 2 20 4.089062 29 4.555390
2 2 21 12.060967 42 18.955626
3
0 2 25 10.197474 41 3.310441
1 2 45 15.324774 49 18.587120
2 2 30 4.828321 29 16.124381
3
0 2 25 16.017286 40 5.612092
1 2 42 7.311102 47 16.919452
2 2 46 3.093315 33 8.264281
3
0 2 25 14.317477 44 15.864253
1 2 27 8.409807 40 4.749644
2 2 42 15.279479 34 9.484390
3
0 2 25 3.741225 48 17.818597
1 2 38 9.874261 45 6.317434
2 2 28 11.021248 47 14.009485
3
0 2 25 16.154037 34 12.138162
1 2 37 9.923315 41 19.503415
2 2 28 17.709961 45 19.477136
3
0 2 30 15.318584 32 3.279927
1 2 44 17.108030 39 5.043877
2 2 33 1.267931 47 11.989700
3
0 2 30 5.048530 37 3.482544
1 2 46 10.182727 31 6.266461
2 2 47 7.862646 35 9.628167
3
0 2 30 12.559028 37 10.092250
1 2 42 4.165458 35 4.054656
2 2 43 11.186196 46 2.289128
3
0 2 30 18.615848 49 12.847692
1 2 49 4.545779 32 11.856901
2 2 34 18.617500 43 1.422152
3
0 2 30 8.992256 41 15.871315
1 2 39 5.348286 41 12.583779
2 2 49 8.889659 33 5.420765
3
0 2 35 5.632946 47 2.735087
1 2 45 4.328407 40 17.323772
2 2 49 17.933158 43 3.937651
3
0 2 35 9.191849 38 14.980362
1 2 39 16.885620 35 4.520977
2 2 46 4.510677 39 1.112234
3
0 2 35 15.080454 40 8.652330
1 2 38 13.762019 43 5.038368
2 2 38 5.330193 45 18.776762
3
0 2 35 3.414847 37 16.034258
1 2 37 16.183241 36 4.471800
2 2 48 12.627125 35 9.553912
3
0 2 35 14.607319 44 15.466594
1 2 43 1.122552 36 4.601019
2 2 37 3.100952 40 7.116923
3
0 2 40 2.569973 47 1.504388
1 2 48 8.488211 43 7.601114
2 2 40 5.266710 46 9.975727
3
0 2 40 11.051616 46 17.755344
1 2 43 16.483536 45 3.027709
2 2 42 12.134892 41 18.264818
3
0 2 40 5.051808 49 19.670483
1 2 41 3.707897 46 7.082360
2 2 45 17.245110 40 2.997858
3
0 2 40 19.046333 46 18.653647
1 2 49 11.972367 40 7.742864
2 2 47 2.669626 42 13.847781
3
0 2 40 9.905231 48 16.063420
1 2 46 7.108290 48 15.291364
2 2 44 10.433225 43 15.817037
3
0 2 45 10.558384 48 17.617626
1 2 49 1.928892 45 1.378277
2 2 46 1.752283 45 4.948223
3
0 2 45 13.958732 47 6.995648
1 2 48 7.369611 46 13.977114
2 2 47 1.866531 48 13.085210
3
0 2 45 8.174908 47 15.177471
1 2 49 9.787692 48 15.798065
2 2 49 6.377792 45 11.661771
3
0 2 45 18.694184 46 7.969856
1 2 49 6.055038 45 19.848318
2 2 47 1.165586 49 2.342417
3
0 2 45 8.053673 49 18.378877
1 2 45 7.144708 48 15.501550
2 2 47 4.734827 49 2.376086
3
0 1 49 1.189888
1 1 49 12.679510
2 1 49 5.604689
3
0 1 49 9.484918
1 1 49 15.967637
2 1 49 5.866950
3
0 1 49 8.397921
1 1 49 3.742829
2 1 49 1.542442
3
0 1 49 3.782544
1 1 49 18.317886
2 1 49 9.752054
0
