50 49
3
0 5 5 14.078749 43 6.129754 45 13.093442 15 19.019480 38 11.279797
1 5 43 1.254723 22 13.985289 18 12.250824 40 4.497872 13 7.069688
2 5 6 15.155325 25 13.336439 44 17.112730 23 3.637999 33 1.721619
3
0 5 5 13.931733 27 3.520727 18 18.900808 44 11.503724 46 18.066513
1 5 16 16.470231 22 14.461167 8 12.872737 38 7.191520 32 15.411640
2 5 25 11.155648 21 10.118286 44 11.691710 6 7.342468 18 5.518157
3
0 5 5 6.733545 27 13.677298 15 13.504813 36 16.742443 32 5.046087
1 5 32 3.486207 22 15.481415 29 14.747108 6 19.544128 20 11.426251
2 5 22 10.264610 29 10.277562 23 13.270947 10 15.912199 38 18.700277
3
0 5 5 12.826138 34 7.795981 32 17.107243 43 2.865078 18 9.551743
1 5 18 8.603289 8 4.609424 7 16.091526 45 14.821885 47 19.325146
2 5 28 19.945222 41 9.273562 44 16.616955 8 6.340748 35 13.623770
3
0 5 5 13.346889 34 16.806150 46 3.213781 15 15.058051 16 8.036722
1 5 15 12.583595 11 13.100838 44 4.673154 40 8.924782 47 17.000808
2 5 24 18.093795 30 16.409788 46 8.321961 39 16.545538 23 12.645769
3
0 5 10 2.172258 28 7.120686 22 8.957201 16 11.563545 11 11.810629
1 5 11 3.619945 36 17.476245 20 16.867966 29 11.474051 43 18.045288
2 5 44 14.522390 32 4.724863 34 3.064218 30 3.206743 25 16.576979
3
0 5 10 2.908039 11 16.289172 14 15.300835 33 12.870618 12 10.104057
1 5 21 1.175680 47 1.101120 30 5.807602 19 12.293598 24 2.141758
2 5 49 15.785010 13 14.299947 29 15.815118 15 14.485820 40 15.467070
3
0 5 10 9.122244 19 11.606370 37 15.643829 39 5.743460 22 11.693323
1 5 30 5.353426 46 12.383644 49 8.287947 21 17.690319 12 9.961251
2 5 23 8.973578 41 14.832278 39 1.317958 14 18.753651 28 2.725093
3
0 5 10 17.429602 42 13.743166 41 16.878034 47 8.491229 18 16.134142
1 5 10 14.805626 45 9.990603 37 2.647751 11 17.271956 13 3.214635
2 5 22 10.708948 14 13.326939 18 4.659466 40 3.139998 16 16.001830
3
0 5 10 2.813330 29 5.623858 38 16.133827 32 17.229939 23 12.281585
1 5 48 1.901552 26 18.837136 43 7.754420 37 17.836958 13 15.167523
2 5 38 13.792100 33 3.375778 20 8.117259 41 6.472244 43 8.129400
3
0 5 15 1.999237 47 5.552679 30 4.541935 33 5.133872 18 10.548510
1 5 43 1.939375 25 1.601472 24 14.921428 17 3.914957 38 10.582511
2 5 25 7.658390 36 10.213478 37 7.893790 48 19.990721 17 12.797545
3
0 5 15 11.707277 36 14.917251 17 5.803759 23 13.501529 30 2.000619
1 5 47 15.533665 21 9.186328 32 8.819389 49 5.640883 44 12.129279
2 5 35 15.057856 42 18.569331 49 8.266710 36 5.441306 37 14.820474
3
0 5 15 4.800401 32 7.047698 36 14.825760 20 19.994468 40 5.594732
1 5 47 10.669241 36 19.469654 39 8.210046 44 11.811723 42 4.190093
2 5 19 14.733658 45 19.079535 31 14.375921 28 14.667998 21 19.953107
3
0 5 15 19.817163 28 4.560517 39 8.061726 23 10.831421 29 6.464045
1 5 23 4.677245 29 7.738936 22 18.038363 43 7.501189 15 19.983927
2 5 15 1.304221 22 6.859927 24 19.905188 36 1.857157 21 14.503581
3
0 5 15 15.877884 47 6.958803 22 9.785307 26 17.463832 37 11.101046
1 5 36 15.028276 29 19.040696 25 19.278180 32 8.031301 22 11.381168
2 5 28 19.009889 25 13.112259 35 19.877777 45 9.267209 17 8.735967
3
0 5 20 15.835678 49 10.730419 45 6.372711 33 14.409572 42 2.370190
1 5 33 6.087696 27 5.781889 43 11.481526 28 5.610812 26 5.210405
2 5 35 11.418509 45 12.405622 21 15.433934 27 2.716148 41 10.132564
3
0 5 20 19.387968 33 11.019518 42 12.019173 40 11.375145 47 5.754285
1 5 32 8.779745 28 11.177450 25 12.801356 38 15.437042 35 7.242224
2 5 23 9.868942 42 4.058454 45 16.376250 28 9.652461 49 7.140932
3
0 5 20 4.505773 31 9.355076 39 14.210672 45 17.730100 21 8.824310
1 5 21 7.096240 22 15.310411 25 18.394779 24 16.214170 29 10.825170
2 5 31 1.184667 37 11.056270 47 17.235031 24 15.934037 33 18.096439
3
0 5 20 8.990915 28 8.252890 34 19.142099 32 9.561850 42 3.264534
1 5 38 11.670386 45 8.198661 41 4.137873 31 15.543402 32 18.777645
2 5 20 17.777622 32 14.058876 34 9.449431 43 10.766858 33 18.039301
3
0 5 20 17.812779 46 10.615723 25 8.488792 29 17.052720 24 12.887811
1 5 23 14.052320 47 16.078892 33 10.836784 35 18.272576 26 19.689424
2 5 32 19.255157 20 10.763616 24 10.948134 21 15.433778 48 1.377863
3
0 5 25 15.409809 43 19.226834 35 11.962722 40 6.593138 41 7.210191
1 5 47 10.915443 45 12.526327 35 16.558317 43 4.284364 41 16.078561
2 5 26 13.115353 46 8.063942 38 6.701233 44 6.875420 30 14.470542
3
0 5 25 4.227344 41 17.537261 37 1.494146 27 1.420216 44 15.581463
1 5 25 11.461945 31 17.312086 46 7.023334 33 5.070462 40 4.861485
2 5 35 2.483288 32 5.154740 44 18.490727 27 17.107593 49 19.303066
3
0 5 25 8.801839 31 1.572823 28 15.632539 34 14.874359 38 3.261632
1 5 27 11.052362 49 10.314127 28 13.686032 42 17.594235 44 17.058879
2 5 48 13.319345 47 2.328355 30 10.005623 40 3.103340 38 5.426470
3
0 5 25 8.760072 49 12.378147 38 7.535349 35 1.817220 29 5.176637
1 5 25 19.392966 28 2.245215 39 19.436017 31 13.381777 34 15.252566
2 5 42 2.310281 36 11.359208 39 11.489942 33 1.731010 26 18.724661
3
0 5 25 9.060308 33 14.292471 48 11.312014 47 16.133822 45 2.159955
1 5 41 4.130409 29 11.202909 35 11.241204 25 6.155757 49 17.306950
2 5 25 7.899572 30 15.936487 35 16.134559 45 3.331769 40 6.490685
3
0 5 30 19.098947 41 14.367217 42 5.138385 48 7.648728 37 10.127602
1 5 45 2.812075 42 10.796028 36 6.004903 32 1.407329 43 1.282466
2 5 44 11.829477 40 5.751052 39 8.094230 30 4.847971 34 16.684638
3
0 5 30 8.877129 33 15.473908 48 2.812542 42 14.707204 40 15.444024
1 5 42 17.547183 33 2.637989 41 7.264051 45 4.051474 43 13.287867
2 5 47 1.380316 49 19.590572 38 2.282463 34 8.816627 42 5.339554
3
0 5 30 15.147694 41 3.373844 38 9.505956 39 18.319463 36 14.472094
1 5 35 1.910895 39 9.764793 49 4.371601 33 15.231072 32 2.336937
2 5 30 4.290969 41 6.848480 35 15.986112 44 5.453989 49 13.412522
3
0 5 30 11.213704 35 9.721635 31 5.360640 45 11.434478 49 10.585843
1 5 33 13.355238 40 11.100953 46 6.128928 36 19.342837 45 13.167520
2 5 37 17.100717 32 11.151570 38 14.849258 48 14.890157 31 19.550567
3
0 5 30 2.671951 48 4.136506 32 3.248751 40 11.948099 42 14.409288
1 5 33 4.577047 48 1.763958 36 3.019442 38 15.741817 42 5.216159
2 5 30 14.107681 38 7.305378 46 5.517297 37 16.346663 36 10.044289
3
0 5 35 12.382266 40 10.571315 39 11.555088 42 8.224556 49 19.339233
1 5 46 6.978895 38 19.189997 44 18.803362 48 7.874115 35 13.950345
2 5 40 3.743097 36 8.661929 42 13.461923 48 3.868497 38 17.904567
3
0 5 35 2.711206 37 12.782184 48 6.231041 42 8.839491 44 7.433565
1 5 43 7.670618 49 12.492493 40 7.954623 44 16.021772 37 6.989489
2 5 37 17.599868 40 18.003434 44 3.644926 38 1.847603 49 9.605829
3
0 5 35 18.563014 46 3.779435 44 10.089705 41 12.654185 40 12.650069
1 5 40 15.176700 47 4.388608 38 3.755608 39 5.429696 36 15.321068
2 5 45 1.314126 46 6.695907 48 8.200030 35 10.947676 39 17.601106
3
0 5 35 17.686168 43 2.968776 37 15.136020 40 15.268169 39 2.735572
1 5 46 19.794793 45 6.103546 42 19.388216 36 6.410647 37 9.657242
2 5 41 5.873513 44 11.390953 39 7.763452 45 14.776798 49 2.751679
3
0 5 35 18.268125 40 5.084710 43 18.324068 49 12.593273 37 10.738100
1 5 39 12.053269 46 7.582638 36 18.394303 42 8.506456 40 3.449203
2 5 45 5.685534 36 15.461061 35 1.236981 37 13.280274 42 11.801608
3
0 5 40 19.686184 41 14.079449 47 12.074701 42 14.331259 49 2.138981
1 5 43 5.281968 41 10.490717 45 9.270891 48 11.049678 44 3.586472
2 5 44 19.641968 48 6.206285 49 4.369601 47 7.268570 46 8.527607
3
0 5 40 16.855556 46 16.935130 47 17.278694 45 19.521894 44 8.057979
1 5 45 8.716080 41 14.076096 46 6.392486 47 7.280540 49 14.496260
2 5 48 9.577886 40 8.251076 46 8.693251 43 19.411773 45 7.792479
3
0 5 40 10.483157 42 9.444389 48 4.584851 44 7.116709 45 18.482006
1 5 40 18.913572 44 1.438432 46 7.953110 41 15.763836 42 7.972698
2 5 45 8.768552 41 1.146957 48 7.516261 47 14.591317 44 9.082443
3
0 5 40 9.783557 48 6.244456 45 1.591793 47 10.513737 41 17.461680
1 5 47 12.476745 46 15.741857 41 17.638150 44 7.483242 43 15.458122
2 5 43 16.765279 47 9.585910 42 19.210927 45 16.325087 48 11.169165
3
0 5 40 18.654138 44 8.105152 49 13.003572 43 8.354907 47 18.809334
1 5 48 6.224659 40 12.541847 41 16.825962 46 1.245529 44 2.579740
2 5 49 7.486564 45 12.796685 46 15.523221 43 12.161640 40 12.239415
3
0 5 45 6.255700 46 7.986360 47 5.463621 48 11.623753 49 18.032497
1 5 45 2.583359 46 4.870478 47 5.866966 48 4.563559 49 15.941476
2 5 45 3.331659 46 13.098321 47 14.702145 48 9.915917 49 12.277107
3
0 5 45 5.381325 46 13.623949 47 16.239660 48 13.745753 49 5.391521
1 5 45 15.697428 46 5.412481 47 3.901532 48 15.290250 49 15.232674
2 5 45 1.961297 46 19.397999 47 17.588464 48 9.172284 49 4.890029
3
0 5 45 6.097090 46 16.605993 47 4.763763 48 14.775073 49 5.124895
1 5 45 19.543329 46 16.709752 47 1.159250 48 18.459264 49 5.761802
2 5 45 12.058973 46 15.128496 47 5.349556 48 12.377369 49 7.310619
3
0 5 45 4.060517 46 9.926134 47 18.233383 48 7.589726 49 19.102370
1 5 45 18.882361 46 8.787132 47 8.106177 48 19.326319 49 7.561566
2 5 45 16.350999 46 12.877976 47 15.455279 48 1.394456 49 1.154712
3
0 5 45 3.581770 46 19.489836 47 8.959449 48 2.214201 49 15.208482
1 5 45 4.838579 46 1.349041 47 10.246527 48 12.787595 49 14.980002
2 5 45 7.689032 46 7.983275 47 14.814201 48 16.085610 49 6.714162
3
0 1 49 10.199388
1 1 49 17.305057
2 1 49 11.656432
3
0 1 49 14.804527
1 1 49 16.971976
2 1 49 11.865856
3
0 1 49 10.671716
1 1 49 6.937737
2 1 49 13.941405
3
0 1 49 4.245861
1 1 49 7.316459
2 1 49 3.852297
0
