50 49
3
0 1 5 3.227243
1 1 49 4.382700
2 1 20 13.754455
3
0 1 5 3.247367
1 1 48 17.080689
2 1 12 5.325928
3
0 1 5 15.928879
1 1 45 8.724607
2 1 26 6.027241
3
0 1 5 18.042462
1 1 16 5.448535
2 1 24 4.747725
3
0 1 5 19.418078
1 1 24 15.158797
2 1 47 15.608971
3
0 1 10 12.464583
1 1 15 9.826387
2 1 44 13.735524
3
0 1 10 6.109380
1 1 37 19.988380
2 1 15 4.031749
3
0 1 10 11.018556
1 1 20 19.248464
2 1 38 10.725690
3
0 1 10 5.417738
1 1 27 17.420937
2 1 32 9.681351
3
0 1 10 1.168029
1 1 44 14.379168
2 1 36 12.854196
3
0 1 15 14.670905
1 1 26 1.342249
2 1 18 8.227137
3
0 1 15 7.873752
1 1 34 14.121488
2 1 30 14.204469
3
0 1 15 2.059443
1 1 35 18.795821
2 1 20 1.378447
3
0 1 15 18.507831
1 1 47 13.141304
2 1 30 18.000773
3
0 1 15 16.604915
1 1 31 13.418359
2 1 26 7.683968
3
0 1 20 4.774304
1 1 20 3.523131
2 1 34 17.779871
3
0 1 20 18.561067
1 1 48 12.543813
2 1 38 1.264715
3
0 1 20 1.360609
1 1 30 5.972616
2 1 27 14.527888
3
0 1 20 4.667230
1 1 20 11.378281
2 1 32 18.921732
3
0 1 20 7.634370
1 1 48 15.221376
2 1 43 2.032725
3
0 1 25 9.789220
1 1 49 1.642041
2 1 46 1.796469
3
0 1 25 6.927920
1 1 26 5.290435
2 1 48 13.734814
3
0 1 25 2.262287
1 1 33 8.815080
2 1 35 10.564507
3
0 1 25 10.769060
1 1 27 15.908571
2 1 31 8.286215
3
0 1 25 11.885966
1 1 38 18.059879
2 1 35 8.612084
3
0 1 30 1.496465
1 1 35 1.665698
2 1 43 17.378517
3
0 1 30 14.684082
1 1 46 11.645120
2 1 33 12.067009
3
0 1 30 2.570745
1 1 33 3.641881
2 1 42 16.921176
3
0 1 30 3.172897
1 1 30 2.241846
2 1 40 12.724138
3
0 1 30 4.060473
1 1 38 14.129539
2 1 45 2.973800
3
0 1 35 7.350717
1 1 40 18.223772
2 1 39 5.443740
3
0 1 35 16.948653
1 1 49 7.478704
2 1 41 7.671948
3
0 1 35 9.074926
1 1 35 16.059880
2 1 48 12.044552
3
0 1 35 18.070124
1 1 48 2.035461
2 1 47 6.344138
3
0 1 35 1.812763
1 1 48 18.074976
2 1 36 11.190291
3
0 1 40 6.120672
1 1 43 6.957683
2 1 48 12.811486
3
0 1 40 18.831050
1 1 47 7.172333
2 1 49 11.309779
3
0 1 40 7.714118
1 1 48 4.022986
2 1 43 2.359819
3
0 1 40 6.924015
1 1 42 16.905574
2 1 45 4.393628
3
0 1 40 6.488994
1 1 49 3.803994
2 1 42 17.565195
3
0 1 45 16.912086
1 1 45 18.318367
2 1 48 17.424724
3
0 1 45 1.189975
1 1 45 3.630574
2 1 49 14.492948
3
0 1 45 5.753176
1 1 45 2.818886
2 1 45 2.625201
3
0 1 45 16.719356
1 1 48 12.165428
2 1 45 3.331253
3
0 1 45 2.094048
1 1 47 12.964244
2 1 45 12.047828
3
0 1 49 5.582549
1 1 49 10.808360
2 1 49 12.635492
3
0 1 49 11.027566
1 1 49 5.900378
2 1 49 16.148622
3
0 1 49 10.875608
1 1 49 15.919988
2 1 49 15.949393
3
0 1 49 2.143195
1 1 49 16.692088
2 1 49 9.614284
0
