50 49
3
0 5 5 5.078897 46 4.039406 23 8.335708 11 14.852173 42 13.644185
1 5 5 9.760159 9 19.012095 27 17.582396 26 7.990127 16 4.164114
2 5 11 15.295063 24 5.001683 45 19.570554 22 3.386136 8 6.361391
3
0 5 5 5.577270 29 1.532570 20 4.908322 47 9.450960 37 11.578202
1 5 15 8.992410 28 10.886959 26 11.817993 20 5.132484 49 5.974969
2 5 39 1.832125 17 15.493049 40 1.650051 29 9.046389 41 7.813481
3
0 5 5 17.707309 42 7.767359 15 16.717656 17 1.282102 30 11.776802
1 5 30 2.214065 14 2.662664 23 15.014206 37 3.349850 48 8.755858
2 5 29 19.041150 35 3.418283 41 8.458442 17 11.236095 28 1.481150
3
0 5 5 14.646547 37 12.134602 13 5.549559 16 15.434844 47 19.572681
1 5 24 8.975014 49 13.034302 7 19.914568 38 12.101308 40 5.370472
2 5 6 5.350977 39 15.789212 15 10.639554 16 14.957705 8 1.636919
3
0 5 5 6.766848 15 19.793359 48 4.534630 45 9.769551 14 16.961473
1 5 19 16.551613 20 3.687970 45 17.862356 46 10.992140 44 14.086333
2 5 47 12.525426 18 3.612957 34 13.095009 30 11.990704 48 3.259643
3
0 5 10 3.687970 29 15.453879 49 15.219931 22 11.538461 20 4.528968
1 5 11 12.637164 49 12.707443 26 17.883983 30 12.991396 12 1.056072
2 5 39 4.090690 17 8.534502 23 12.698855 47 17.647857 44 8.317644
3
0 5 10 19.804599 40 15.815555 37 5.125764 43 1.991459 39 7.375183
1 5 26 1.221169 16 18.134098 10 19.805033 23 11.914000 29 5.625217
2 5 37 1.844296 16 13.113517 30 4.476694 29 4.066732 47 6.312226
3
0 5 10 15.594593 14 12.134397 23 18.849929 20 16.387615 27 10.744400
1 5 24 4.144342 41 5.665370 46 7.357988 25 11.392882 12 18.808695
2 5 11 11.241141 39 19.018010 45 1.523045 36 16.640124 29 8.360176
3
0 5 10 3.684395 49 6.275407 48 16.421312 43 3.761961 15 17.293047
1 5 19 6.992827 38 7.674420 31 17.194500 34 6.658459 30 2.957625
2 5 20 8.518041 10 18.163697 11 6.423104 14 2.941258 44 2.999653
3
0 5 10 7.243805 14 2.308746 49 14.624280 40 19.407635 20 4.850228
1 5 13 4.946099 16 14.040355 48 18.171573 39 16.269923 41 3.178721
2 5 42 11.079796 10 4.047437 36 16.232052 46 5.029483 23 4.328957
3
0 5 15 7.262958 42 11.893950 32 6.956494 26 6.566915 38 11.566987
1 5 43 7.718548 44 18.714122 17 7.559996 32 6.908968 39 17.345154
2 5 41 17.564947 35 13.027201 40 8.854936 32 19.179822 19 19.108859
3
0 5 15 12.057754 41 6.542580 42 11.330685 46 17.649137 49 12.673149
1 5 32 13.108543 43 18.915097 25 1.137838 49 11.211974 29 7.045082
2 5 27 5.168222 21 9.913500 46 8.940623 43 17.609323 49 7.989413
3
0 5 15 13.239473 22 19.514916 38 13.009726 29 19.046896 36 8.751683
1 5 22 9.955019 28 16.107538 31 11.871209 41 19.696808 24 12.505424
2 5 21 17.732699 35 1.750264 16 19.577543 38 8.647461 22 7.481751
3
0 5 15 6.424960 38 14.558247 34 3.473273 17 16.670342 26 16.824551
1 5 31 16.717299 20 19.970919 27 17.422607 24 13.785107 39 17.776276
2 5 22 3.222224 15 5.035258 49 10.797620 35 10.673359 40 16.976909
3
0 5 15 10.811429 40 13.969915 49 8.384472 32 18.797993 37 16.147156
1 5 24 6.321800 27 7.945232 32 16.146741 20 19.156835 26 13.469368
2 5 32 16.115373 23 5.685743 28 5.172150 40 12.346135 21 12.616552
3
0 5 20 7.051499 33 14.784571 49 6.283016 27 3.799240 48 5.412856
1 5 39 17.343463 23 4.906947 41 6.771874 32 17.022769 47 10.384510
2 5 40 17.813500 30 18.902881 28 19.091938 20 7.343991 23 10.634232
3
0 5 20 17.161843 49 4.299236 24 5.462123 29 1.196566 45 9.746034
1 5 38 14.184244 36 11.689948 39 5.496821 44 17.332749 41 10.528700
2 5 41 16.414456 36 19.882891 47 8.434028 33 4.640960 35 10.084752
3
0 5 20 3.712966 22 19.476555 44 8.256592 29 11.018242 46 10.625113
1 5 23 10.453065 26 11.025073 47 16.665376 40 17.675225 21 4.313723
2 5 49 1.704090 48 19.067236 24 1.442545 26 19.217820 42 8.944472
3
0 5 20 8.413552 34 3.130454 21 14.134035 35 9.519501 25 2.602281
1 5 24 14.162427 40 5.581561 28 4.690930 31 10.777599 34 6.651269
2 5 46 19.290430 20 9.513675 31 4.322520 26 7.398763 48 6.674433
3
0 5 20 18.913578 23 16.879699 48 4.524945 24 12.840945 35 18.525122
1 5 33 4.332716 49 7.539039 43 5.969714 29 6.701528 21 19.701520
2 5 42 16.375494 46 11.129218 35 10.419921 26 2.401855 41 14.665554
3
0 5 25 3.705738 39 9.405322 36 6.256700 31 2.533801 40 16.932542
1 5 48 18.844893 39 6.331269 44 6.104356 33 5.469548 30 13.032080
2 5 36 11.072986 25 5.843670 35 11.633660 46 15.847228 30 2.028275
3
0 5 25 11.752839 38 9.452870 42 3.591869 44 11.600429 29 10.231937
1 5 48 10.711049 41 15.321513 39 19.047976 27 6.477901 45 16.758641
2 5 48 3.293454 49 14.853169 28 12.693313 33 9.287155 41 12.610333
3
0 5 25 4.600223 45 9.598909 29 14.217208 28 16.362028 36 15.086882
1 5 35 13.514057 30 16.836172 44 15.410935 43 11.505053 25 19.844179
2 5 44 4.665528 30 13.121297 34 3.427564 46 15.979284 48 12.448045
3
0 5 25 10.969054 43 14.732902 41 6.056048 27 18.871262 45 1.119922
1 5 45 9.028868 30 8.959764 26 15.055292 36 18.152079 38 5.551301
2 5 28 10.647633 40 4.742263 26 15.917272 25 17.075035 45 11.100645
3
0 5 25 6.436919 41 17.496141 45 19.214178 39 8.780539 27 19.594777
1 5 32 4.061643 48 8.734486 49 2.032317 35 10.300371 43 14.819760
2 5 43 3.708762 26 19.779759 46 1.157635 41 2.548878 33 5.817840
3
0 5 30 9.367772 43 15.205927 38 4.398710 39 12.225398 31 7.630235
1 5 35 9.285248 40 8.481915 37 2.190165 49 8.505267 47 5.426406
2 5 44 17.978003 35 4.489292 48 9.061415 47 17.489206 37 14.541016
3
0 5 30 6.679281 38 1.762777 37 12.627007 48 14.024328 34 18.435116
1 5 36 1.778980 37 19.956894 35 15.399976 49 5.979259 43 18.834720
2 5 32 6.256465 43 7.992564 35 3.006665 41 11.135533 30 2.898941
3
0 5 30 7.566704 33 9.909913 40 14.993107 36 14.268422 34 12.263721
1 5 47 11.873927 35 5.297431 31 5.235013 40 14.014382 43 14.898644
2 5 36 13.445715 31 12.271325 46 8.752952 48 9.082585 42 10.414037
3
0 5 30 18.933485 40 13.527495 42 3.425498 44 17.006745 45 17.595043
1 5 33 5.326950 34 9.955666 37 6.222910 46 1.304821 38 1.066002
2 5 47 16.929651 41 15.346346 38 17.861675 37 8.363513 46 4.918708
3
0 5 30 19.120573 40 12.966801 46 1.297976 43 10.625934 36 19.136688
1 5 32 3.220357 35 11.542855 37 7.178981 40 15.374173 49 15.252562
2 5 36 1.640591 40 6.367024 48 2.689627 38 16.152668 45 19.976923
3
0 5 35 5.713819 46 8.200812 44 10.705935 38 13.374669 48 9.670896
1 5 36 5.008106 45 15.327441 46 19.884032 49 17.329956 44 15.448606
2 5 40 3.756321 35 3.687396 38 13.964016 43 11.754506 45 5.388938
3
0 5 35 4.117629 45 9.526619 42 3.643460 36 7.202166 48 15.794327
1 5 48 6.820718 43 3.028499 46 1.979087 41 4.540070 37 4.326323
2 5 46 7.903804 42 15.574526 35 9.968547 38 15.210617 43 19.274035
3
0 5 35 12.804055 36 17.229248 47 10.118033 39 14.327827 38 10.165077
1 5 41 15.302460 48 15.888377 45 8.154498 35 10.034990 39 16.874546
2 5 38 11.860435 41 15.745608 42 15.595239 35 4.083238 37 2.716300
3
0 5 35 4.935701 45 15.161175 39 5.529830 48 8.974559 46 4.358757
1 5 39 7.391964 42 12.081278 35 17.250418 46 4.344957 47 17.119046
2 5 37 17.749469 36 17.749206 44 16.012617 43 14.418032 38 4.380139
3
0 5 35 3.939767 44 16.410561 47 10.533278 38 10.295685 41 14.246857
1 5 41 4.332100 37 10.671666 49 8.168683 36 13.250127 47 6.568221
2 5 41 7.246173 37 17.561100 45 6.827591 39 8.970268 35 7.856798
3
0 5 40 6.444644 47 3.121574 43 3.661372 44 19.177201 41 11.679612
1 5 41 11.815251 48 3.380444 43 17.236171 42 15.117046 44 19.459185
2 5 48 1.436410 42 10.968056 46 8.509910 45 11.505405 44 10.709903
3
0 5 40 15.538082 47 3.286985 41 2.663767 45 19.706920 46 7.667736
1 5 45 13.036633 49 15.140056 43 17.205681 41 4.032837 40 9.052828
2 5 40 12.167975 47 3.638254 43 1.190416 49 3.892032 46 11.730115
3
0 5 40 7.252702 42 6.427472 45 17.932527 48 17.519784 47 10.433772
1 5 41 9.180220 40 3.404742 49 16.918819 43 7.593860 45 12.971147
2 5 43 13.358233 48 4.385310 46 1.741029 44 6.368074 45 15.731055
3
0 5 40 7.749195 41 11.276752 47 6.307102 48 6.915340 44 2.928727
1 5 45 17.402647 49 7.970002 47 7.441341 43 10.823920 44 5.123811
2 5 48 17.934960 45 1.667111 41 13.654613 43 7.742090 46 16.657213
3
0 5 40 5.661222 47 12.439028 42 6.684105 45 15.855075 41 15.728660
1 5 40 19.903496 42 5.215151 43 6.865192 47 11.154807 48 10.528758
2 5 40 18.974646 41 16.527404 43 13.831098 49 14.047050 45 13.896370
3
0 5 45 16.531335 46 9.933677 47 8.395734 48 19.731401 49 7.407149
1 5 45 17.030912 46 1.490763 47 15.481918 48 2.112256 49 9.543950
2 5 45 3.886835 46 17.224315 47 10.671221 48 14.560318 49 19.729130
3
0 5 45 2.812818 46 19.244964 47 17.619218 48 10.211962 49 7.775649
1 5 45 19.389212 46 18.819325 47 19.321204 48 4.914546 49 6.098486
2 5 45 17.623996 46 9.918090 47 6.876837 48 6.059707 49 19.053670
3
0 5 45 8.671766 46 17.079719 47 2.588520 48 8.832094 49 17.402156
1 5 45 19.167079 46 8.621953 47 4.056280 48 18.671282 49 6.323334
2 5 45 17.089568 46 16.856035 47 18.132660 48 14.753178 49 11.271024
3
0 5 45 5.286544 46 16.400142 47 5.494624 48 4.730955 49 13.943926
1 5 45 4.956226 46 14.291006 47 18.091881 48 12.103659 49 8.819903
2 5 45 18.920490 46 4.510440 47 14.036258 48 15.221615 49 3.577225
3
0 5 45 19.700241 46 6.093245 47 15.541105 48 13.064028 49 12.394669
1 5 45 15.601186 46 15.877267 47 11.036849 48 10.276484 49 19.608739
2 5 45 12.385433 46 4.718512 47 11.962985 48 6.999020 49 5.575507
3
0 1 49 12.893168
1 1 49 11.454799
2 1 49 18.047517
3
0 1 49 1.914279
1 1 49 2.452347
2 1 49 8.142250
3
0 1 49 4.067511
1 1 49 18.549813
2 1 49 14.442751
3
0 1 49 9.675049
1 1 49 9.608950
2 1 49 3.471335
0
