50 49
3
0 1 5 7.758385
1 1 42 5.501073
2 1 15 19.976397
3
0 1 5 11.589823
1 1 24 10.698591
2 1 21 7.770481
3
0 1 5 12.448847
1 1 48 9.410708
2 1 31 16.799181
3
0 1 5 16.668337
1 1 25 8.379533
2 1 41 3.214992
3
0 1 5 12.495012
1 1 15 16.892598
2 1 35 18.167992
3
0 1 10 7.630238
1 1 34 9.202627
2 1 34 14.929714
3
0 1 10 3.261434
1 1 38 7.510403
2 1 18 10.225384
3
0 1 10 19.619452
1 1 29 10.058270
2 1 36 12.590081
3
0 1 10 17.471493
1 1 45 8.660178
2 1 28 1.948477
3
0 1 10 16.722761
1 1 38 2.307637
2 1 40 8.628595
3
0 1 15 14.460757
1 1 34 15.526873
2 1 46 5.495125
3
0 1 15 14.074541
1 1 44 7.837412
2 1 17 8.895481
3
0 1 15 2.723900
1 1 23 10.971703
2 1 22 10.853560
3
0 1 15 5.824726
1 1 48 16.035108
2 1 26 12.927261
3
0 1 15 17.252215
1 1 27 10.239128
2 1 34 2.338302
3
0 1 20 2.025183
1 1 38 8.320031
2 1 34 2.305132
3
0 1 20 6.490744
1 1 23 12.065745
2 1 25 14.420673
3
0 1 20 10.746722
1 1 46 19.060407
2 1 39 18.087010
3
0 1 20 18.958217
1 1 30 12.049603
2 1 25 13.715531
3
0 1 20 8.809533
1 1 29 11.921147
2 1 40 4.100355
3
0 1 25 2.576517
1 1 48 3.877056
2 1 34 13.318454
3
0 1 25 7.459023
1 1 38 16.944576
2 1 39 14.466342
3
0 1 25 14.543231
1 1 28 8.896214
2 1 42 17.449376
3
0 1 25 1.915255
1 1 47 1.023093
2 1 33 19.232167
3
0 1 25 4.891241
1 1 27 15.237863
2 1 34 10.697356
3
0 1 30 19.274069
1 1 49 2.782861
2 1 45 4.031429
3
0 1 30 12.381994
1 1 42 11.674570
2 1 35 3.384922
3
0 1 30 18.330691
1 1 48 6.450996
2 1 34 10.179814
3
0 1 30 3.270787
1 1 40 13.238826
2 1 30 4.771147
3
0 1 30 19.751256
1 1 30 12.690904
2 1 46 4.531866
3
0 1 35 14.484288
1 1 36 7.866085
2 1 35 19.709575
3
0 1 35 19.052068
1 1 45 6.720857
2 1 48 5.372917
3
0 1 35 3.771096
1 1 36 15.606927
2 1 49 14.137484
3
0 1 35 9.760666
1 1 44 13.300615
2 1 43 19.234203
3
0 1 35 2.907614
1 1 36 11.761863
2 1 49 1.713199
3
0 1 40 3.623589
1 1 40 3.458948
2 1 44 16.503732
3
0 1 40 13.589578
1 1 46 13.711954
2 1 44 3.513008
3
0 1 40 18.240541
1 1 47 12.480450
2 1 46 16.486805
3
0 1 40 16.093602
1 1 41 14.955270
2 1 45 4.606286
3
0 1 40 7.023099
1 1 49 7.578266
2 1 46 9.227683
3
0 1 45 16.634410
1 1 45 13.919463
2 1 49 4.859055
3
0 1 45 9.074599
1 1 48 7.012365
2 1 48 8.648085
3
0 1 45 16.192328
1 1 49 7.039814
2 1 48 1.421723
3
0 1 45 17.378788
1 1 47 15.405612
2 1 49 12.665477
3
0 1 45 17.056635
1 1 45 3.303908
2 1 47 2.994081
3
0 1 49 15.562707
1 1 49 9.548115
2 1 49 13.606952
3
0 1 49 7.977025
1 1 49 19.277685
2 1 49 16.365520
3
0 1 49 1.507072
1 1 49 10.564237
2 1 49 4.063692
3
0 1 49 9.708618
1 1 49 17.280197
2 1 49 16.024304
0
