50 49
3
0 4 5 3.374887 6 18.218358 47 8.392511 45 18.147898
1 4 42 14.890785 40 11.733999 36 9.788895 38 17.673812
2 4 22 3.309614 49 2.860115 33 19.245026 16 19.523239
3
0 4 5 16.590560 11 5.780579 10 14.906689 18 16.561052
1 4 22 6.333592 13 10.320637 28 15.815068 41 18.735686
2 4 22 19.546663 16 5.961543 28 12.228966 49 12.668627
3
0 4 5 5.144785 15 15.004605 8 3.725247 20 10.968721
1 4 38 7.101581 48 6.569635 10 17.929675 12 9.265184
2 4 45 5.310275 21 2.078911 24 9.261746 37 15.899985
3
0 4 5 5.361477 44 7.099146 30 13.907548 16 7.032093
1 4 15 12.322384 27 9.974693 28 9.131681 48 8.362185
2 4 9 15.494818 44 1.713968 20 17.274456 8 1.414625
3
0 4 5 2.015646 9 7.833985 8 19.622788 33 14.100578
1 4 47 15.105844 5 10.188145 24 8.501361 25 5.907820
2 4 27 19.423489 48 6.661826 5 18.417344 23 11.031952
3
0 4 10 10.133353 16 14.744574 27 12.802201 33 4.789023
1 4 25 17.351566 41 8.182563 38 3.188754 16 5.779403
2 4 32 1.297074 46 1.478684 15 13.446370 25 15.148268
3
0 4 10 18.892632 16 8.214097 25 18.384779 15 14.223229
1 4 30 15.680217 21 7.421822 10 16.450531 18 4.271258
2 4 19 13.594229 28 4.084091 29 18.559869 34 19.839109
3
0 4 10 15.978482 49 5.933273 21 16.712966 13 11.865641
1 4 39 14.658415 10 16.043190 19 1.134044 14 5.350941
2 4 27 2.965477 13 9.113366 22 14.929895 42 9.269131
3
0 4 10 13.276070 30 11.712702 39 4.378934 44 4.967044
1 4 35 3.366928 33 9.781369 15 7.169214 34 1.992795
2 4 29 2.019128 23 2.119356 15 3.217505 13 12.560200
3
0 4 10 17.145526 28 16.212480 23 6.851432 33 15.725617
1 4 34 14.881805 10 4.090244 44 12.040381 31 18.226561
2 4 36 1.353828 22 3.421427 48 3.979585 32 6.916589
3
0 4 15 18.559906 27 1.777413 43 14.056051 17 18.584238
1 4 22 14.813209 33 15.851641 27 3.022913 39 13.838578
2 4 30 8.290734 33 5.657306 18 10.827402 40 10.821510
3
0 4 15 17.691290 23 12.335569 32 10.833094 21 19.311464
1 4 23 10.146112 28 9.365261 45 5.936051 34 14.561970
2 4 34 1.888895 23 9.280564 27 2.725290 19 5.931340
3
0 4 15 10.968530 43 12.479698 27 15.577627 37 11.951600
1 4 36 6.131826 44 6.011423 28 19.051102 23 4.913481
2 4 15 18.449190 42 12.329506 37 11.780190 46 1.118547
3
0 4 15 5.040499 27 3.981740 36 3.573328 32 9.543350
1 4 41 6.916968 25 7.063961 39 15.000691 49 17.165352
2 4 49 13.613643 16 5.340519 36 13.944146 48 11.464467
3
0 4 15 7.150522 28 9.854959 42 19.617376 38 8.625855
1 4 43 8.286660 38 11.257580 20 11.116454 31 19.879469
2 4 39 8.444779 35 19.299147 27 19.977144 36 12.166480
3
0 4 20 10.725495 32 7.657629 28 6.218969 46 3.619886
1 4 32 6.128310 30 18.961183 20 7.129301 31 10.224463
2 4 40 10.266660 25 2.488240 35 16.822826 22 17.021649
3
0 4 20 11.805164 36 15.221005 29 2.516010 46 11.421753
1 4 26 17.231802 33 9.613523 45 14.774937 38 12.196479
2 4 28 16.283921 22 7.026953 40 8.961407 44 18.281068
3
0 4 20 15.278958 28 4.294065 45 3.183492 35 4.006610
1 4 35 13.824807 44 6.392306 21 1.036159 49 12.100902
2 4 25 4.559158 44 19.417880 29 8.338925 40 12.538875
3
0 4 20 3.107122 47 12.179830 30 19.336805 37 13.753871
1 4 46 10.907779 39 6.844711 37 15.458288 38 12.913184
2 4 38 11.180421 22 3.267781 34 4.986726 46 16.973364
3
0 4 20 15.653630 30 15.478137 27 8.290579 34 1.019313
1 4 20 4.100234 32 4.324724 33 15.983522 21 17.868074
2 4 44 9.165675 33 5.763340 30 12.742548 36 8.108984
3
0 4 25 6.515918 31 7.735493 46 13.076880 30 7.440962
1 4 49 3.964985 43 5.108719 39 3.276147 33 2.913719
2 4 34 17.101159 29 8.364292 38 2.465754 35 10.764051
3
0 4 25 10.761789 30 17.937678 26 11.679003 49 2.257927
1 4 27 6.745792 25 5.694227 38 6.091959 30 9.415339
2 4 26 18.168283 49 5.718344 37 12.723157 42 17.720763
3
0 4 25 9.765995 47 9.846925 49 6.746801 38 14.496585
1 4 28 3.011565 43 8.934460 46 6.059837 37 11.331453
2 4 45 2.740378 43 16.641038 28 1.688619 36 10.297037
3
0 4 25 14.154614 26 14.732270 48 10.745662 42 19.106877
1 4 40 5.258708 27 2.013267 29 5.272547 44 11.958160
2 4 44 13.195707 34 15.815107 25 14.674218 40 7.481589
3
0 4 25 17.092610 39 9.708285 34 6.282002 38 10.624939
1 4 34 5.510437 42 8.578149 26 12.830905 47 7.917394
2 4 28 13.765625 27 16.443484 35 19.479272 46 5.748151
3
0 4 30 16.560149 49 4.190375 35 4.519309 48 10.823108
1 4 44 1.697905 49 2.313714 46 14.326775 47 11.781522
2 4 35 1.912261 47 18.337177 41 3.355960 42 6.094428
3
0 4 30 1.207200 35 15.133356 41 3.134903 47 2.586697
1 4 31 11.323753 45 7.615082 30 11.459329 43 15.243688
2 4 49 14.006204 45 4.454572 38 1.679842 33 9.401343
3
0 4 30 6.997759 42 8.242777 34 7.014111 32 7.402020
1 4 41 8.240691 44 4.523252 42 9.438170 39 11.913079
2 4 32 12.306514 41 19.555557 30 14.333692 43 17.936466
3
0 4 30 5.664116 43 12.458624 46 8.883371 44 7.410852
1 4 45 8.868537 34 1.883706 46 2.424518 32 19.266853
2 4 47 5.703607 35 17.289161 34 11.086116 44 1.599383
3
0 4 30 13.624739 38 9.829656 48 5.848290 47 17.782674
1 4 45 14.379240 40 18.714649 33 15.751786 37 7.382102
2 4 45 12.921733 36 19.503877 32 4.656450 34 9.527314
3
0 4 35 5.657563 36 5.299696 37 11.193175 47 15.912292
1 4 39 18.545764 37 2.995934 49 2.476952 48 14.601206
2 4 44 1.957804 38 13.323904 43 12.142357 36 19.540691
3
0 4 35 2.360275 47 16.417194 41 12.574957 48 13.418967
1 4 47 7.741664 48 12.018270 42 14.056445 44 17.401667
2 4 48 1.861910 40 13.541486 35 11.800646 45 9.511017
3
0 4 35 17.926078 40 9.155534 39 6.710366 38 13.106890
1 4 44 19.175400 36 5.332915 35 6.122594 49 9.343962
2 4 44 16.507835 39 4.870756 48 13.891397 43 16.859971
3
0 4 35 3.375382 36 5.297560 43 3.342839 37 7.917019
1 4 35 6.767209 49 19.004765 37 17.994744 42 18.649394
2 4 44 13.999459 42 7.101846 39 18.683915 40 16.261750
3
0 4 35 12.328170 45 10.264957 46 8.938213 38 3.811315
1 4 39 11.553638 48 12.162709 43 19.463418 37 14.833761
2 4 49 14.250837 45 3.175119 41 13.289665 44 4.513810
3
0 4 40 9.882379 45 16.727865 47 4.881031 46 11.963322
1 4 43 7.101795 40 1.816164 48 2.793240 41 17.561182
2 4 46 4.440995 43 19.494787 45 18.056719 48 7.230214
3
0 4 40 1.804903 46 11.212254 48 12.378586 49 1.561910
1 4 46 3.641172 47 6.742484 45 5.100054 42 13.339225
2 4 45 10.025914 48 8.191949 46 13.471133 41 2.488896
3
0 4 40 18.827062 41 14.398609 42 10.971313 44 9.622790
1 4 48 7.402789 40 8.025609 49 6.316923 47 17.813482
2 4 48 2.852509 40 4.959688 42 19.832528 44 10.552849
3
0 4 40 7.479429 44 19.100293 42 18.658400 45 12.545108
1 4 40 11.554166 41 2.831704 48 12.156045 42 3.530999
2 4 43 11.758035 47 13.524626 49 14.081102 46 19.768490
3
0 4 40 6.577489 43 11.864973 48 17.943430 46 5.214480
1 4 44 6.284080 47 4.850872 43 12.935890 42 1.048487
2 4 47 5.931495 44 7.102232 43 14.794130 42 2.932922
3
0 4 45 9.048161 48 19.506417 49 19.097882 47 9.726832
1 4 46 11.769893 47 5.374495 48 11.446965 45 5.648876
2 4 48 18.995904 49 19.864218 46 12.418429 47 15.400226
3
0 4 45 5.899294 46 7.318433 49 11.291429 47 2.082956
1 4 47 10.230587 48 1.502622 49 2.777230 45 8.618605
2 4 48 12.073801 47 11.273231 46 6.175317 49 7.947862
3
0 4 45 2.845095 49 1.880301 46 3.026314 47 9.760827
1 4 46 14.973722 47 19.066533 45 1.917083 49 6.572060
2 4 46 3.450812 48 5.277630 45 13.489058 49 7.995469
3
0 4 45 5.077062 47 8.237290 48 4.670035 46 15.924546
1 4 49 8.894174 48 13.623195 46 10.866972 45 18.568122
2 4 47 4.257615 45 13.407716 48 6.377991 46 5.708585
3
0 4 45 3.881640 47 5.146102 48 13.099038 49 13.936673
1 4 49 11.986236 46 18.204915 47 1.076319 45 15.807159
2 4 48 8.307290 49 18.429386 46 3.931319 45 16.499955
3
0 1 49 2.059818
1 1 49 14.029528
2 1 49 5.506642
3
0 1 49 15.020311
1 1 49 1.023297
2 1 49 1.281945
3
0 1 49 2.191005
1 1 49 3.574656
2 1 49 16.651214
3
0 1 49 10.940746
1 1 49 9.561037
2 1 49 19.822098
0
