50 49
3
0 4 5 13.221176 6 13.157004 29 15.306121 13 3.227752
1 4 9 6.096038 45 5.332875 5 19.123809 11 12.669218
2 4 45 12.557165 26 17.322357 47 2.728832 44 17.171990
3
0 4 5 19.755517 26 11.765948 38 13.292281 33 7.711581
1 4 7 13.242750 24 6.614095 28 8.270139 46 6.587758
2 4 43 12.650147 37 9.607134 42 9.198083 48 15.607229
3
0 4 5 10.323971 33 1.727563 41 1.369456 38 11.090357
1 4 42 18.799159 39 1.832141 15 12.016559 25 8.906977
2 4 8 16.302616 13 10.360817 35 2.368481 18 10.367383
3
0 4 5 5.181466 38 17.211021 26 16.863123 42 19.504485
1 4 32 17.285013 48 6.408645 47 7.648243 5 8.373808
2 4 15 1.204148 42 12.816133 23 11.765624 38 10.999075
3
0 4 5 11.106258 13 2.147220 28 13.017016 17 10.593807
1 4 42 8.723007 49 11.169890 39 17.559380 48 7.003791
2 4 37 15.298228 24 1.092990 40 15.530163 34 5.850684
3
0 4 10 5.003110 45 17.588576 15 6.054253 32 4.118340
1 4 25 16.123509 10 2.199328 27 17.557139 33 11.125625
2 4 33 17.665811 38 11.343345 44 4.134744 19 13.541321
3
0 4 10 12.590044 25 9.783799 41 14.820020 21 16.387300
1 4 40 9.171091 23 8.032374 14 4.723328 24 5.648808
2 4 28 12.346914 19 9.584716 49 16.192255 20 5.140827
3
0 4 10 3.992730 40 6.282846 31 17.241434 34 15.411934
1 4 28 12.852615 18 11.250393 43 4.130490 35 15.327396
2 4 16 11.546300 29 8.711840 33 16.036768 48 3.907424
3
0 4 10 7.698734 17 7.034665 30 19.365183 45 17.637420
1 4 40 5.685263 49 17.308009 15 9.728597 36 6.836993
2 4 15 13.111438 49 12.710893 40 4.546350 21 5.339774
3
0 4 10 8.231922 46 10.677617 23 19.871075 48 14.896094
1 4 36 15.153811 25 10.585553 35 18.095055 24 8.313218
2 4 35 4.540040 25 10.056444 16 9.201325 32 18.387749
3
0 4 15 17.939099 37 11.122167 19 9.980822 24 10.118055
1 4 45 5.031695 23 18.677047 25 13.190660 38 7.997865
2 4 30 16.483754 36 18.591479 48 2.015718 31 5.505019
3
0 4 15 13.146064 30 14.151643 24 18.395120 42 10.700478
1 4 48 9.949213 32 11.279812 15 18.547660 17 15.485580
2 4 30 4.276802 21 9.330997 23 6.902471 43 15.910142
3
0 4 15 13.701169 16 19.262217 45 3.578502 39 3.626190
1 4 26 19.308049 18 17.520627 27 6.807851 37 11.029324
2 4 34 14.937470 18 9.609392 43 16.579156 37 10.857247
3
0 4 15 3.651615 16 18.106357 20 12.448208 41 6.708882
1 4 23 13.133599 17 16.187157 44 6.199592 27 19.734496
2 4 34 16.641160 38 4.467870 26 5.658646 40 6.787372
3
0 4 15 14.438380 33 14.008728 17 7.913538 19 3.010543
1 4 22 11.934397 45 12.176198 34 16.869343 44 14.926971
2 4 24 19.325493 40 3.623834 25 2.698990 23 6.548268
3
0 4 20 12.668883 21 18.395768 37 5.079323 45 9.556395
1 4 35 14.513483 49 12.687024 39 10.691625 44 1.905149
2 4 43 8.171127 22 8.026493 20 9.200188 30 4.758284
3
0 4 20 4.499186 48 7.985278 41 14.327299 30 6.546874
1 4 35 19.858229 36 12.478383 20 9.193713 42 16.018439
2 4 25 2.387546 44 4.538433 42 9.275544 28 17.619380
3
0 4 20 15.182338 41 15.645969 22 11.159712 44 7.280708
1 4 31 17.015092 45 13.826185 37 18.900613 41 7.357502
2 4 31 4.096050 29 6.590518 40 4.101662 42 4.588017
3
0 4 20 12.740665 41 13.476063 44 13.561046 38 11.794791
1 4 38 9.781895 47 13.458033 37 12.235417 34 15.734383
2 4 41 9.872439 21 4.929227 29 17.784146 23 18.678094
3
0 4 20 5.227729 39 1.660812 48 7.978291 37 10.219176
1 4 20 4.020062 48 18.302503 38 13.108255 41 11.423436
2 4 22 3.975193 23 16.494671 36 12.394176 40 17.925799
3
0 4 25 16.998081 29 7.825492 26 4.043851 27 14.802701
1 4 32 1.315298 46 11.268919 27 7.337338 39 4.681024
2 4 31 17.383733 32 14.147439 43 12.340204 25 8.605367
3
0 4 25 13.364997 38 7.619107 31 3.397684 48 13.029079
1 4 41 7.320378 43 15.501658 46 1.821678 29 12.356315
2 4 33 18.222673 49 15.223009 27 6.257436 26 12.967224
3
0 4 25 12.724447 44 9.862021 42 18.827427 45 3.411785
1 4 35 10.720690 27 2.234019 39 5.299387 33 5.189828
2 4 46 15.900141 45 16.969900 48 10.742154 40 1.808973
3
0 4 25 3.591193 35 2.957174 31 16.526933 33 18.745026
1 4 34 13.796700 26 5.551576 33 13.528302 48 2.816805
2 4 39 5.390278 27 7.439497 48 8.694729 35 14.485972
3
0 4 25 18.003308 35 2.391741 42 6.193052 31 2.691981
1 4 34 10.465716 45 6.525113 37 10.115821 48 7.083008
2 4 47 17.726193 28 4.359178 45 18.190462 34 8.310300
3
0 4 30 18.140598 46 6.656822 49 17.282659 42 16.435218
1 4 43 4.167073 42 7.351185 31 18.619318 38 15.552067
2 4 36 1.484913 30 12.513930 40 12.967805 34 9.718573
3
0 4 30 18.064779 48 16.372593 38 10.885636 43 7.811480
1 4 37 1.296291 39 19.083649 44 9.393818 35 5.090177
2 4 37 2.653978 35 10.639546 32 17.965236 42 3.255628
3
0 4 30 4.966643 35 3.811766 44 9.111499 42 18.784958
1 4 44 9.838194 45 8.210503 31 8.747680 36 12.409407
2 4 44 2.111304 43 19.327720 36 17.805860 46 8.191809
3
0 4 30 3.580565 49 2.849418 36 12.013141 31 10.492119
1 4 31 3.591128 35 14.682601 44 10.276852 45 14.495257
2 4 46 19.934275 40 17.540964 44 12.757443 45 2.075801
3
0 4 30 3.983229 47 11.399714 34 19.926542 49 7.319263
1 4 43 16.493524 34 8.409008 30 14.853284 37 9.629170
2 4 30 6.178716 46 5.142910 49 4.495419 32 9.386768
3
0 4 35 5.330964 42 13.905641 37 16.612737 45 2.077919
1 4 45 1.435984 40 13.982726 37 11.583929 42 7.516229
2 4 35 15.579493 48 12.975924 39 10.627125 38 16.194984
3
0 4 35 18.073433 37 7.992472 45 10.397701 47 8.969740
1 4 39 11.939229 41 15.266120 36 4.732773 40 16.750914
2 4 39 12.486803 36 19.881628 48 10.551886 42 10.012226
3
0 4 35 4.024193 43 3.810486 42 8.930703 46 18.268863
1 4 49 9.042054 35 4.986490 45 15.904925 39 10.839416
2 4 42 14.363692 37 3.382111 49 2.700330 46 18.700451
3
0 4 35 17.811449 38 16.171060 45 16.698341 39 1.056633
1 4 47 15.259945 36 19.802153 48 15.962810 45 17.294816
2 4 44 1.222977 41 12.366198 46 18.889750 49 6.867980
3
0 4 35 5.937119 47 18.910866 37 11.732813 44 4.694638
1 4 48 19.516399 44 10.085311 47 11.703383 38 14.800858
2 4 43 11.648883 35 16.531546 36 11.996629 39 3.829416
3
0 4 40 18.412828 46 16.163550 41 6.229499 43 11.816314
1 4 42 9.203446 48 10.530069 49 1.383586 46 2.479440
2 4 43 10.342847 40 11.775098 44 15.040201 48 4.066023
3
0 4 40 14.143166 43 6.279167 48 11.983513 45 4.030583
1 4 44 13.736885 41 9.030169 49 6.186446 42 18.250255
2 4 49 7.915368 45 1.306045 40 13.508112 44 17.062134
3
0 4 40 15.910082 48 11.363767 47 9.801106 43 17.227310
1 4 47 15.602894 49 15.306595 43 2.349041 48 18.406331
2 4 45 9.938549 46 8.389291 47 14.896570 43 8.786687
3
0 4 40 18.689202 42 15.355299 41 16.035788 45 6.103859
1 4 40 5.764813 49 16.924872 48 6.566663 43 10.506583
2 4 45 5.015886 49 18.225860 47 9.175558 42 18.782531
3
0 4 40 13.821575 41 19.064871 42 6.764542 44 13.044726
1 4 48 7.633593 40 14.680080 43 4.162357 41 19.840269
2 4 49 1.185973 47 11.938862 41 4.496068 45 11.030673
3
0 4 45 6.250036 46 16.971392 49 14.265192 48 15.669059
1 4 46 12.045582 49 7.618517 47 4.502169 45 8.151365
2 4 47 13.750603 48 14.115139 49 13.940974 46 13.927763
3
0 4 45 13.078268 48 1.343960 49 8.729480 46 6.199019
1 4 45 16.865482 47 9.389578 46 8.132518 48 1.310758
2 4 46 11.884658 45 9.962735 48 15.873710 47 4.759691
3
0 4 45 19.155997 48 5.565277 47 5.207067 49 19.932819
1 4 48 18.705556 46 14.704113 45 2.001430 49 10.516616
2 4 47 11.778911 48 2.444517 49 13.180332 45 17.098824
3
0 4 45 7.330371 49 6.054863 47 10.488353 48 17.700070
1 4 49 19.487778 48 10.413803 45 6.215788 46 15.328078
2 4 47 16.612401 46 13.113189 49 12.375505 45 5.041044
3
0 4 45 16.993734 48 3.396839 46 2.890471 49 2.478770
1 4 46 15.495685 49 9.490449 47 18.298322 48 16.307115
2 4 49 5.079674 45 3.352324 48 19.503135 47 18.902305
3
0 1 49 3.026351
1 1 49 9.783227
2 1 49 13.373755
3
0 1 49 6.227237
1 1 49 19.360620
2 1 49 17.524564
3
0 1 49 19.136118
1 1 49 15.493664
2 1 49 1.681343
3
0 1 49 10.665139
1 1 49 14.744950
2 1 49 2.298457
0
