50 49
3
0 4 5 2.672215 13 6.004507 18 3.079255 22 7.795910
1 4 46 4.666087 22 17.634718 36 15.065570 35 19.899047
2 4 10 17.334841 34 1.250235 31 11.204966 43 12.831168
3
0 4 5 17.731780 26 5.533731 35 7.002726 28 18.369354
1 4 13 7.736357 5 1.942915 26 18.027827 17 5.188712
2 4 9 7.835645 16 14.412696 14 15.289070 37 14.483660
3
0 4 5 2.764694 42 12.111696 43 13.214130 20 18.079351
1 4 27 13.307830 23 14.624159 18 8.944045 44 4.902464
2 4 24 14.753637 26 4.751761 8 2.337136 38 7.977149
3
0 4 5 9.410371 42 15.798846 16 14.230496 20 12.305600
1 4 33 1.923237 46 7.198204 22 2.045211 32 7.595464
2 4 29 8.904290 35 18.083366 15 10.229915 40 1.588233
3
0 4 5 13.188371 14 5.767237 29 5.076590 35 4.236407
1 4 8 3.691187 47 10.859628 39 4.155626 22 15.466957
2 4 12 18.049201 5 8.723619 35 15.342364 40 11.969905
3
0 4 10 8.930783 13 12.910507 31 13.380324 48 8.230934
1 4 42 9.625979 14 16.465650 48 19.654760 45 14.140537
2 4 47 11.556987 10 18.262704 46 10.037362 16 7.975515
3
0 4 10 7.818676 16 11.477450 26 17.124878 32 10.355617
1 4 46 12.462930 30 11.745569 32 1.321252 18 6.077529
2 4 19 19.302096 17 12.396394 20 4.057483 23 4.284230
3
0 4 10 13.101424 18 12.352274 45 3.582479 30 8.958273
1 4 27 13.030469 36 2.712352 12 14.359195 47 8.893911
2 4 33 6.378325 43 6.692798 10 14.094278 42 18.058418
3
0 4 10 10.212420 32 9.591109 35 17.817139 24 19.644362
1 4 12 13.798202 43 14.621917 46 1.065722 15 6.942987
2 4 47 12.851300 27 7.036249 18 16.829954 23 9.009770
3
0 4 10 5.887689 39 4.779109 28 18.482017 48 5.972934
1 4 36 5.783522 45 7.398616 31 18.799762 18 4.037237
2 4 30 16.018188 15 4.722481 35 11.327350 11 6.298493
3
0 4 15 11.460679 42 14.642119 17 15.577109 47 2.296049
1 4 19 14.581411 49 12.253595 45 14.529671 39 5.580294
2 4 49 17.537232 35 3.333536 38 10.860481 15 12.019346
3
0 4 15 12.281393 16 17.625570 30 7.467020 43 11.700581
1 4 15 3.390945 39 14.894543 42 7.562179 47 17.311223
2 4 25 3.983147 40 6.083076 48 19.637107 36 12.180696
3
0 4 15 9.928366 36 2.927019 48 5.498957 32 11.385762
1 4 49 1.217901 46 18.453577 38 11.912911 39 9.915221
2 4 25 7.104284 37 13.227673 31 5.806273 29 12.785202
3
0 4 15 14.553586 30 2.778087 27 6.570795 34 7.277741
1 4 37 8.459601 30 5.703804 49 4.232233 27 2.663942
2 4 35 4.314198 26 8.624347 49 4.033616 28 13.278538
3
0 4 15 9.571309 43 2.524011 20 1.005716 38 8.582652
1 4 39 15.476080 26 19.345887 37 18.684277 17 4.088800
2 4 23 16.307942 44 15.019078 37 10.414486 26 13.216061
3
0 4 20 7.702461 27 1.847395 35 12.707661 37 19.170726
1 4 39 8.574167 48 4.080775 32 16.254950 36 11.926672
2 4 43 11.076449 25 1.111755 30 11.753426 49 5.953628
3
0 4 20 2.234822 32 16.122535 44 10.085263 43 15.065741
1 4 26 19.732562 24 5.478545 20 7.837133 31 4.936339
2 4 33 7.311899 38 6.256762 37 8.354581 24 5.968042
3
0 4 20 5.544343 37 14.354366 43 10.829509 24 14.847562
1 4 42 9.205170 41 17.360197 21 17.156689 20 19.380564
2 4 45 7.665879 42 5.510168 40 3.726913 36 15.678398
3
0 4 20 17.838513 22 10.655457 44 1.852341 23 14.844878
1 4 48 9.519923 35 12.028310 46 7.045058 27 1.149774
2 4 47 15.427618 34 12.106741 33 6.859598 30 9.612827
3
0 4 20 2.937543 41 6.715894 44 18.391179 38 11.759049
1 4 20 9.974034 46 19.066473 26 15.446189 42 13.381910
2 4 35 4.764879 37 4.693845 40 14.947889 28 1.237548
3
0 4 25 5.211585 48 2.329251 34 7.965065 49 11.858903
1 4 37 4.937897 42 12.484254 38 2.298538 36 5.638955
2 4 43 13.094910 41 5.924778 26 7.276634 45 17.074560
3
0 4 25 9.398663 26 10.044043 47 8.679667 48 9.038772
1 4 33 13.004912 40 11.416932 39 8.363927 26 6.999684
2 4 34 16.766766 46 18.437997 36 10.167698 26 5.530127
3
0 4 25 3.215565 47 11.748059 36 8.552101 45 19.571315
1 4 27 2.686323 31 19.622427 44 17.717412 32 9.496050
2 4 32 16.426193 30 17.180564 35 4.633780 45 12.907682
3
0 4 25 12.895975 34 9.221997 37 17.443449 36 4.238340
1 4 49 13.074035 38 1.645115 40 16.907182 25 12.723798
2 4 32 10.326320 40 19.395170 31 2.327147 41 4.131376
3
0 4 25 5.865574 42 13.540297 37 3.284091 40 11.383390
1 4 28 11.505430 25 9.294955 40 11.805375 48 11.622153
2 4 32 9.743615 34 3.851698 40 2.789683 30 9.086699
3
0 4 30 14.643376 42 19.035576 31 7.183889 33 19.390072
1 4 36 9.723397 32 4.643675 38 5.961870 33 12.759318
2 4 32 18.095199 48 1.888258 36 13.670953 38 9.493806
3
0 4 30 18.664907 38 9.439905 45 11.339067 33 13.677842
1 4 39 4.446616 30 13.669802 31 13.866479 46 18.704532
2 4 33 11.341353 30 5.932041 40 15.408130 44 1.569134
3
0 4 30 6.393798 44 2.348889 49 7.438793 43 8.153844
1 4 40 16.802136 43 16.162627 41 5.434505 37 9.276757
2 4 36 17.194390 41 1.444718 32 7.629353 31 16.493068
3
0 4 30 11.168260 40 10.076376 46 5.434855 37 3.769833
1 4 36 5.013439 40 8.680582 43 6.121694 48 8.590382
2 4 40 10.542552 30 12.304398 34 12.924740 39 10.897805
3
0 4 30 18.989980 43 11.829755 49 14.303388 40 6.241300
1 4 34 16.163162 44 13.617285 33 16.531906 46 19.165830
2 4 41 6.425137 45 10.197663 33 12.909576 31 13.629804
3
0 4 35 17.409928 46 9.089293 38 10.627618 41 15.489253
1 4 44 3.163462 40 18.651883 43 10.950572 47 15.670273
2 4 41 16.649543 39 16.589667 45 12.323579 43 13.520198
3
0 4 35 18.424797 42 2.860727 36 15.809899 45 18.304606
1 4 45 15.356813 48 5.003265 42 17.919410 41 10.571451
2 4 47 3.914303 36 19.222551 41 11.686398 37 18.779553
3
0 4 35 18.536634 37 19.382070 38 1.430602 40 17.511897
1 4 40 11.817265 49 6.060728 46 6.052880 37 1.551876
2 4 42 3.877134 38 3.692707 35 3.559485 45 8.605951
3
0 4 35 4.275274 43 11.964308 38 4.147175 40 12.657719
1 4 38 16.744257 43 16.615665 44 10.800386 45 14.117618
2 4 35 1.739825 39 13.116895 49 10.528252 44 3.312120
3
0 4 35 8.962055 40 2.637157 36 14.180819 48 14.175859
1 4 47 4.082299 42 5.957172 38 10.605639 45 10.644599
2 4 41 18.093338 37 11.916634 40 3.670012 36 11.820689
3
0 4 40 16.388805 43 11.426676 46 17.039464 41 15.526547
1 4 43 6.462402 40 16.048807 48 10.275383 47 11.623948
2 4 48 17.921080 45 11.714571 49 1.144324 46 9.522308
3
0 4 40 12.294782 42 18.884104 41 12.272529 45 7.453294
1 4 44 3.966739 47 12.047092 45 7.405344 40 12.858887
2 4 46 9.930483 44 15.371857 43 19.820250 41 2.022282
3
0 4 40 5.280054 41 16.398891 47 8.446393 49 13.121145
1 4 46 10.130789 40 3.661525 49 12.848676 48 17.678656
2 4 46 15.220551 40 14.489015 42 16.314733 41 3.216729
3
0 4 40 17.193770 49 18.855383 44 6.509969 46 8.341578
1 4 47 13.127993 45 1.924975 40 10.792928 41 13.827280
2 4 49 14.719108 44 6.554672 41 13.662195 46 19.319088
3
0 4 40 4.221968 43 17.616691 49 5.373673 45 12.079158
1 4 40 15.674638 45 5.099762 47 19.610430 43 15.872783
2 4 43 8.811973 41 19.362476 42 1.062366 46 7.972628
3
0 4 45 1.347303 49 7.166679 46 11.390770 47 11.235080
1 4 49 10.055229 48 15.420327 46 6.152887 45 5.304410
2 4 49 6.467312 45 8.736503 48 2.125502 47 2.425723
3
0 4 45 11.624503 47 9.687756 46 4.897467 49 5.675275
1 4 48 19.135073 47 8.869645 49 6.144753 46 16.028977
2 4 45 16.855751 47 15.251688 49 4.767781 46 12.221343
3
0 4 45 3.733037 47 13.290186 46 16.803985 49 15.055195
1 4 46 5.499840 49 13.896916 45 7.445190 47 12.263286
2 4 47 10.500432 49 11.482379 46 13.129096 45 12.370713
3
0 4 45 1.296394 47 13.171121 49 14.579952 46 3.368615
1 4 48 9.973216 49 17.136750 47 14.182481 45 5.269822
2 4 48 2.779015 47 10.893751 45 4.911929 46 19.355584
3
0 4 45 9.630143 48 12.239414 46 9.645816 49 1.199089
1 4 48 12.475417 46 1.884141 45 18.057238 49 15.480577
2 4 45 18.003323 46 19.934186 49 19.909523 48 13.142850
3
0 1 49 5.822488
1 1 49 9.120410
2 1 49 8.382658
3
0 1 49 4.239961
1 1 49 15.982792
2 1 49 11.580493
3
0 1 49 3.785015
1 1 49 12.758174
2 1 49 10.578222
3
0 1 49 19.324757
1 1 49 10.906389
2 1 49 10.266726
0
