50 49
3
0 1 5 5.242082
1 1 18 14.193248
2 1 24 2.708906
3
0 1 5 7.980794
1 1 27 14.635980
2 1 38 8.846078
3
0 1 5 6.628573
1 1 5 1.407523
2 1 47 14.547450
3
0 1 5 18.995803
1 1 48 14.133379
2 1 25 11.637847
3
0 1 5 17.804124
1 1 16 11.491723
2 1 44 2.100987
3
0 1 10 3.156477
1 1 20 14.066329
2 1 29 15.214817
3
0 1 10 5.674431
1 1 34 11.979826
2 1 42 8.871237
3
0 1 10 16.911139
1 1 38 15.179945
2 1 36 7.525526
3
0 1 10 15.085830
1 1 21 12.034419
2 1 45 3.499762
3
0 1 10 1.661173
1 1 12 8.610533
2 1 31 18.589116
3
0 1 15 14.559052
1 1 23 4.563460
2 1 35 1.773487
3
0 1 15 1.863268
1 1 27 4.318693
2 1 27 13.936730
3
0 1 15 5.226891
1 1 37 11.942927
2 1 17 17.938657
3
0 1 15 18.500906
1 1 36 11.489115
2 1 37 3.032312
3
0 1 15 13.515852
1 1 46 17.719756
2 1 41 15.748554
3
0 1 20 3.824179
1 1 25 7.744630
2 1 45 10.534032
3
0 1 20 9.318275
1 1 49 3.576308
2 1 49 5.236150
3
0 1 20 2.051922
1 1 34 8.410087
2 1 43 6.633125
3
0 1 20 19.369284
1 1 46 8.843592
2 1 21 15.766120
3
0 1 20 10.931644
1 1 22 15.739184
2 1 23 7.139549
3
0 1 25 19.798647
1 1 26 11.212178
2 1 32 16.406132
3
0 1 25 16.744409
1 1 28 10.115056
2 1 47 14.561791
3
0 1 25 17.838420
1 1 27 9.963384
2 1 31 17.526789
3
0 1 25 12.988675
1 1 37 15.645839
2 1 29 18.333321
3
0 1 25 11.343067
1 1 44 3.677029
2 1 39 19.866385
3
0 1 30 11.284706
1 1 42 11.143659
2 1 43 12.631744
3
0 1 30 10.883294
1 1 38 13.296676
2 1 43 2.166412
3
0 1 30 6.987721
1 1 35 13.712026
2 1 44 11.599791
3
0 1 30 3.756315
1 1 47 17.274088
2 1 40 18.390163
3
0 1 30 13.048261
1 1 35 7.848753
2 1 42 7.544398
3
0 1 35 8.397598
1 1 36 18.673227
2 1 48 6.335648
3
0 1 35 1.738203
1 1 48 15.201054
2 1 44 13.553885
3
0 1 35 14.133416
1 1 43 9.411667
2 1 36 9.810593
3
0 1 35 17.554310
1 1 41 12.901540
2 1 48 9.641004
3
0 1 35 15.347471
1 1 37 19.535957
2 1 45 3.814125
3
0 1 40 9.501019
1 1 41 3.237987
2 1 46 1.275399
3
0 1 40 19.362414
1 1 45 10.652100
2 1 42 16.278701
3
0 1 40 17.386297
1 1 45 7.580678
2 1 49 5.835127
3
0 1 40 5.246621
1 1 49 2.856060
2 1 45 14.515168
3
0 1 40 19.015135
1 1 45 10.222789
2 1 49 14.540766
3
0 1 45 11.353473
1 1 46 15.502696
2 1 46 4.791998
3
0 1 45 6.245378
1 1 49 1.474286
2 1 49 9.100831
3
0 1 45 4.557997
1 1 48 13.471097
2 1 46 10.037490
3
0 1 45 19.575238
1 1 49 8.897369
2 1 48 15.222401
3
0 1 45 14.696499
1 1 47 8.077065
2 1 48 1.134057
3
0 1 49 2.762614
1 1 49 15.474671
2 1 49 5.736966
3
0 1 49 5.633190
1 1 49 6.683218
2 1 49 5.893987
3
0 1 49 1.660743
1 1 49 7.770609
2 1 49 5.369705
3
0 1 49 3.147714
1 1 49 8.123944
2 1 49 10.586579
0
