50 49
3
0 1 5 17.997322
1 1 29 3.906168
2 1 37 8.991734
3
0 1 5 8.992509
1 1 16 1.594596
2 1 39 16.195763
3
0 1 5 3.072571
1 1 29 6.831914
2 1 26 15.153120
3
0 1 5 16.946260
1 1 14 15.987004
2 1 22 14.695818
3
0 1 5 1.103413
1 1 15 18.415585
2 1 19 18.433464
3
0 1 10 10.163757
1 1 31 2.718860
2 1 19 13.392774
3
0 1 10 4.973608
1 1 12 4.399538
2 1 38 2.593500
3
0 1 10 11.233038
1 1 43 12.189597
2 1 31 4.388237
3
0 1 10 5.140358
1 1 32 11.618825
2 1 20 3.014549
3
0 1 10 18.257101
1 1 49 2.270670
2 1 12 9.370901
3
0 1 15 15.054114
1 1 27 15.186964
2 1 16 3.122513
3
0 1 15 8.587945
1 1 31 13.933178
2 1 25 14.766048
3
0 1 15 11.996988
1 1 29 19.540905
2 1 43 6.595059
3
0 1 15 10.771916
1 1 31 4.156930
2 1 20 5.471274
3
0 1 15 9.766043
1 1 37 4.536917
2 1 41 11.752662
3
0 1 20 5.039522
1 1 47 15.129102
2 1 32 6.554728
3
0 1 20 7.372501
1 1 23 4.703201
2 1 21 19.753145
3
0 1 20 10.236966
1 1 20 13.411461
2 1 38 6.091748
3
0 1 20 2.152386
1 1 23 4.371673
2 1 31 9.243959
3
0 1 20 9.313610
1 1 30 5.508645
2 1 31 9.345325
3
0 1 25 18.462136
1 1 47 16.226806
2 1 29 17.310602
3
0 1 25 2.545402
1 1 33 2.291328
2 1 46 5.685597
3
0 1 25 11.868062
1 1 41 4.153413
2 1 41 17.709924
3
0 1 25 11.553442
1 1 39 14.370381
2 1 43 16.717922
3
0 1 25 3.638878
1 1 31 6.294656
2 1 45 1.541870
3
0 1 30 14.410751
1 1 48 11.536664
2 1 33 6.041044
3
0 1 30 16.351262
1 1 33 6.393102
2 1 47 15.648024
3
0 1 30 9.911034
1 1 46 6.243427
2 1 31 19.288303
3
0 1 30 2.579372
1 1 43 3.073565
2 1 45 6.889831
3
0 1 30 17.610380
1 1 40 4.530048
2 1 39 9.647077
3
0 1 35 10.454092
1 1 42 13.659469
2 1 45 6.939683
3
0 1 35 15.951479
1 1 49 9.182479
2 1 46 13.589324
3
0 1 35 15.461130
1 1 44 11.863039
2 1 40 7.187566
3
0 1 35 12.233764
1 1 37 13.010679
2 1 47 10.422903
3
0 1 35 8.981973
1 1 48 3.729728
2 1 36 1.519731
3
0 1 40 8.054822
1 1 47 6.059791
2 1 45 17.140313
3
0 1 40 13.001817
1 1 43 13.513318
2 1 47 10.908716
3
0 1 40 14.087908
1 1 43 14.182245
2 1 42 11.933781
3
0 1 40 11.629151
1 1 44 6.423884
2 1 46 2.310260
3
0 1 40 14.115921
1 1 42 18.832030
2 1 42 12.710267
3
0 1 45 9.409609
1 1 46 11.446233
2 1 46 18.725680
3
0 1 45 4.875075
1 1 48 17.124665
2 1 46 2.702926
3
0 1 45 16.967964
1 1 48 5.605703
2 1 49 8.410971
3
0 1 45 8.860393
1 1 47 11.057620
2 1 45 1.826981
3
0 1 45 9.665073
1 1 49 11.640998
2 1 47 4.929848
3
0 1 49 13.747794
1 1 49 16.097324
2 1 49 9.188223
3
0 1 49 14.641969
1 1 49 19.319572
2 1 49 9.462964
3
0 1 49 18.682100
1 1 49 8.679160
2 1 49 10.143538
3
0 1 49 11.429708
1 1 49 1.834231
2 1 49 5.487512
0
