50 49
3
0 3 5 17.445078 35 16.375052 7 11.860256
1 3 42 10.269229 25 3.771153 6 12.630967
2 3 13 18.930477 19 18.826247 23 12.432581
3
0 3 5 5.296600 29 8.393621 36 10.456950
1 3 32 12.299799 44 18.376089 30 15.544502
2 3 34 19.336821 48 7.188985 33 16.874357
3
0 3 5 1.004025 14 5.367111 9 3.303916
1 3 19 7.269540 14 1.818007 17 5.138703
2 3 20 11.477412 41 12.469720 6 3.356534
3
0 3 5 8.718593 41 17.034635 30 4.736662
1 3 24 5.773533 9 3.575795 44 4.338682
2 3 30 12.792926 7 14.902893 27 14.791081
3
0 3 5 10.885795 24 15.020086 31 18.609501
1 3 34 3.313605 14 7.200926 49 2.383481
2 3 33 8.228747 5 5.706887 15 4.734378
3
0 3 10 11.727283 49 6.631676 42 3.221094
1 3 11 18.757868 13 15.840989 44 14.841556
2 3 16 17.641566 27 10.284263 36 14.161001
3
0 3 10 14.245916 16 11.828247 19 15.026060
1 3 45 16.830493 42 3.721138 13 1.004011
2 3 27 16.856149 26 1.691365 46 9.457444
3
0 3 10 8.872364 18 7.905408 26 9.928692
1 3 34 17.783380 14 3.994495 26 11.104803
2 3 45 6.658144 17 10.733438 31 16.466139
3
0 3 10 18.447336 23 7.064791 49 15.556946
1 3 48 2.102103 46 5.549323 19 13.849123
2 3 39 7.449291 31 14.202619 48 13.101895
3
0 3 10 15.766131 42 14.913077 32 10.924626
1 3 24 2.414647 17 1.261973 16 15.264381
2 3 34 15.605113 14 18.561254 31 18.784995
3
0 3 15 2.033048 39 15.139742 42 3.944105
1 3 31 11.910204 49 6.863357 28 11.777400
2 3 25 19.347992 17 3.319131 15 5.067734
3
0 3 15 16.036116 35 19.199325 49 6.163361
1 3 27 5.127485 48 4.541799 49 5.614405
2 3 27 1.198208 28 15.836363 43 2.368626
3
0 3 15 5.530108 31 17.150611 37 13.999158
1 3 45 6.355572 41 7.746811 47 7.126330
2 3 41 17.633318 30 6.325180 47 8.649060
3
0 3 15 8.408517 39 11.474749 44 6.716034
1 3 47 1.516408 28 6.586408 34 4.008579
2 3 23 1.611255 29 4.476367 48 8.461995
3
0 3 15 10.987101 16 11.183827 30 16.096760
1 3 27 1.863766 23 3.453145 31 9.872658
2 3 16 10.233528 34 3.434992 33 4.934780
3
0 3 20 9.799638 25 9.655409 21 3.255322
1 3 40 7.860282 30 10.089853 45 16.773649
2 3 38 7.901195 29 1.263496 37 7.769323
3
0 3 20 3.717011 48 7.526745 47 7.975417
1 3 20 12.299681 46 19.143252 30 1.160716
2 3 43 10.637236 20 18.479602 31 14.589480
3
0 3 20 18.907832 43 2.097557 35 14.498669
1 3 21 2.622000 44 1.202086 33 17.535269
2 3 24 6.271061 30 7.930529 42 6.693184
3
0 3 20 9.149226 34 1.231636 49 9.000537
1 3 29 12.231069 20 8.160836 48 9.853498
2 3 25 12.385577 31 8.629021 34 14.840338
3
0 3 20 5.753122 22 10.355092 35 14.109655
1 3 39 1.922779 21 14.412436 45 1.773858
2 3 34 12.733741 48 1.363097 38 14.907197
3
0 3 25 6.244063 27 14.840049 48 16.431950
1 3 28 10.507479 43 15.740585 45 5.588750
2 3 29 18.603937 43 13.894258 35 10.958369
3
0 3 25 10.178872 27 10.870551 32 5.290654
1 3 43 14.680521 35 12.220668 41 6.749505
2 3 29 6.331741 31 13.303709 40 16.662158
3
0 3 25 8.391646 27 19.700777 42 8.703644
1 3 38 8.667829 34 1.841957 39 3.783487
2 3 26 4.444844 27 6.981868 31 16.661083
3
0 3 25 3.377431 42 3.511895 47 18.627043
1 3 34 19.228071 30 15.376865 26 12.473308
2 3 28 5.210519 33 7.459691 38 9.510596
3
0 3 25 17.569545 38 8.612711 28 4.757202
1 3 38 16.110958 29 4.283769 36 13.906866
2 3 27 17.842627 29 12.557513 25 6.193511
3
0 3 30 16.315133 41 9.709682 40 15.507223
1 3 33 5.457382 31 18.966134 41 11.423122
2 3 31 12.961211 40 5.813123 35 8.044506
3
0 3 30 12.733807 49 6.139602 43 16.217532
1 3 38 2.675166 42 14.951094 35 17.473535
2 3 40 3.693510 33 15.740553 41 9.174568
3
0 3 30 4.796038 44 10.727580 40 15.290532
1 3 49 17.763216 47 7.047053 39 4.980474
2 3 42 19.127419 34 11.676110 30 18.994441
3
0 3 30 5.931429 37 19.801577 43 4.749528
1 3 48 7.914048 42 1.222059 33 13.431634
2 3 42 10.787356 49 13.484505 31 10.353838
3
0 3 30 14.215288 39 19.225796 38 1.897183
1 3 37 14.894149 32 19.420528 47 2.914556
2 3 43 6.199982 35 9.908608 45 10.989077
3
0 3 35 9.291340 37 18.497116 48 2.385532
1 3 41 8.742562 44 13.778548 49 5.532746
2 3 42 16.669434 35 2.875266 41 2.325303
3
0 3 35 14.276969 40 11.146253 44 6.335830
1 3 43 9.584957 47 13.190418 35 17.272056
2 3 41 9.321642 42 1.004524 39 7.454196
3
0 3 35 2.819645 48 2.632653 43 8.583781
1 3 47 1.414001 46 4.331403 35 15.149220
2 3 35 6.733863 47 12.136146 44 7.633727
3
0 3 35 19.245766 44 1.870118 48 10.395735
1 3 36 2.628482 37 8.889390 48 11.614744
2 3 49 7.704284 46 1.395431 47 15.228160
3
0 3 35 6.046444 43 15.595130 42 3.141195
1 3 46 13.239125 41 5.848096 48 14.392205
2 3 44 19.518032 35 16.655704 37 13.215306
3
0 3 40 2.976770 46 17.101259 48 8.140365
1 3 41 3.240593 47 18.776897 42 19.850860
2 3 43 17.855981 41 17.188242 48 2.192151
3
0 3 40 19.550543 45 9.112610 42 9.438465
1 3 49 12.042901 47 12.326862 45 6.758364
2 3 49 5.375791 44 12.161986 41 1.609000
3
0 3 40 19.261642 46 4.887551 43 2.360407
1 3 49 15.176532 46 11.822460 44 11.845333
2 3 43 14.429304 44 5.962634 49 14.964533
3
0 3 40 4.609327 46 19.912482 47 4.082872
1 3 47 4.712646 46 13.838612 40 16.125861
2 3 40 15.773814 49 17.149962 41 13.816141
3
0 3 40 9.698119 49 3.085345 41 7.232909
1 3 46 6.522860 42 17.006497 47 11.319232
2 3 45 3.777987 49 5.288703 48 18.662261
3
0 3 45 2.252249 48 16.767946 47 2.604759
1 3 47 3.745161 46 16.164230 48 11.126662
2 3 49 1.348409 48 13.601424 46 1.551958
3
0 3 45 8.936733 49 12.261657 48 2.481047
1 3 49 16.810603 45 5.337826 46 4.866847
2 3 45 13.235700 46 4.031432 48 2.625100
3
0 3 45 10.452037 49 12.085155 46 7.369900
1 3 47 2.623246 49 10.847286 45 2.235556
2 3 46 13.884203 49 9.289344 47 14.307559
3
0 3 45 17.258322 47 1.036198 49 8.711207
1 3 48 6.576265 49 16.274328 45 4.070277
2 3 46 9.798574 47 5.739168 45 8.155529
3
0 3 45 2.080435 46 12.496000 48 17.019615
1 3 47 7.425819 46 4.673413 48 15.625082
2 3 47 15.897093 45 4.672536 49 15.381673
3
0 1 49 12.780437
1 1 49 17.209149
2 1 49 13.216566
3
0 1 49 1.547436
1 1 49 9.003857
2 1 49 16.910981
3
0 1 49 6.059593
1 1 49 8.143917
2 1 49 16.040557
3
0 1 49 13.943468
1 1 49 6.463996
2 1 49 2.190746
0
