50 49
3
0 1 5 1.957296
1 1 12 1.075368
2 1 38 6.594560
3
0 1 5 2.551571
1 1 22 14.169681
2 1 45 13.169348
3
0 1 5 15.580055
1 1 10 3.482315
2 1 15 18.284598
3
0 1 5 3.550356
1 1 22 6.694585
2 1 29 15.601699
3
0 1 5 10.991158
1 1 24 7.392505
2 1 13 1.694611
3
0 1 10 8.682838
1 1 40 13.229875
2 1 19 14.849113
3
0 1 10 2.026750
1 1 22 14.064200
2 1 23 1.592295
3
0 1 10 9.828625
1 1 23 1.803703
2 1 26 6.666542
3
0 1 10 15.307473
1 1 21 11.377772
2 1 21 1.228789
3
0 1 10 1.009568
1 1 39 15.364386
2 1 35 2.294877
3
0 1 15 2.217635
1 1 40 14.739149
2 1 38 7.560677
3
0 1 15 1.291756
1 1 23 2.863494
2 1 38 13.360787
3
0 1 15 19.113347
1 1 28 8.186021
2 1 34 17.755584
3
0 1 15 14.931175
1 1 22 9.294638
2 1 43 7.839313
3
0 1 15 15.305406
1 1 48 9.274207
2 1 29 8.060976
3
0 1 20 12.551857
1 1 44 1.417925
2 1 33 9.648621
3
0 1 20 5.393350
1 1 45 4.764492
2 1 22 2.449324
3
0 1 20 4.827016
1 1 28 6.034927
2 1 38 7.236566
3
0 1 20 13.335195
1 1 46 17.993598
2 1 31 13.490977
3
0 1 20 8.488649
1 1 28 18.802996
2 1 22 16.416478
3
0 1 25 4.307833
1 1 25 12.695044
2 1 42 4.632025
3
0 1 25 4.528836
1 1 33 5.211520
2 1 49 15.611232
3
0 1 25 16.849442
1 1 40 17.844214
2 1 25 15.123299
3
0 1 25 11.523486
1 1 34 7.361506
2 1 34 9.172864
3
0 1 25 15.401752
1 1 28 3.817321
2 1 38 13.556648
3
0 1 30 9.970576
1 1 33 3.319100
2 1 48 10.804750
3
0 1 30 13.319914
1 1 36 19.439976
2 1 31 1.954488
3
0 1 30 16.591888
1 1 31 15.822171
2 1 48 11.563248
3
0 1 30 2.942141
1 1 34 4.265216
2 1 35 4.951501
3
0 1 30 14.468199
1 1 47 16.837066
2 1 46 7.173340
3
0 1 35 17.266452
1 1 35 11.119544
2 1 49 18.285431
3
0 1 35 3.372083
1 1 48 17.826176
2 1 47 13.794618
3
0 1 35 5.023369
1 1 41 2.196882
2 1 40 10.872316
3
0 1 35 7.387599
1 1 37 19.522269
2 1 46 2.019071
3
0 1 35 2.695491
1 1 35 8.659322
2 1 38 15.437671
3
0 1 40 12.182283
1 1 40 10.669316
2 1 42 11.142175
3
0 1 40 4.493543
1 1 42 6.808933
2 1 49 9.926081
3
0 1 40 12.211003
1 1 45 14.705853
2 1 44 3.132384
3
0 1 40 1.084797
1 1 45 7.854424
2 1 43 13.653771
3
0 1 40 16.476946
1 1 44 11.800498
2 1 47 16.644322
3
0 1 45 2.161020
1 1 47 6.665541
2 1 47 17.344382
3
0 1 45 4.880947
1 1 49 9.163089
2 1 47 9.255903
3
0 1 45 15.083422
1 1 45 16.166091
2 1 47 14.210209
3
0 1 45 5.834536
1 1 48 9.422198
2 1 47 3.299489
3
0 1 45 9.250885
1 1 48 1.865391
2 1 47 8.844731
3
0 1 49 5.894794
1 1 49 2.998466
2 1 49 10.782865
3
0 1 49 5.232726
1 1 49 1.198330
2 1 49 6.907548
3
0 1 49 7.022570
1 1 49 11.111378
2 1 49 9.854616
3
0 1 49 7.808678
1 1 49 4.705984
2 1 49 3.431258
0
