50 49
3
0 1 5 18.086866
1 1 33 14.710107
2 1 48 1.418445
3
0 1 5 2.994674
1 1 6 13.824263
2 1 49 1.029791
3
0 1 5 10.230022
1 1 28 9.285111
2 1 22 14.189670
3
0 1 5 4.176364
1 1 6 9.079068
2 1 15 18.388552
3
0 1 5 16.892263
1 1 49 16.491842
2 1 25 10.041619
3
0 1 10 11.140422
1 1 28 4.211070
2 1 41 17.813182
3
0 1 10 13.567735
1 1 15 14.843722
2 1 30 15.539050
3
0 1 10 11.958171
1 1 28 17.888409
2 1 27 18.493304
3
0 1 10 14.229098
1 1 42 2.030703
2 1 24 12.425444
3
0 1 10 10.640654
1 1 18 3.814566
2 1 25 2.089334
3
0 1 15 18.635653
1 1 21 14.203839
2 1 16 3.198141
3
0 1 15 7.729413
1 1 19 4.800967
2 1 16 14.363420
3
0 1 15 18.898268
1 1 24 12.481974
2 1 37 5.046279
3
0 1 15 2.794291
1 1 49 12.108532
2 1 47 2.569892
3
0 1 15 1.385680
1 1 21 18.130201
2 1 34 9.194657
3
0 1 20 9.755432
1 1 49 5.625921
2 1 23 6.865721
3
0 1 20 5.523195
1 1 48 1.444311
2 1 37 11.865764
3
0 1 20 8.322178
1 1 28 19.632595
2 1 25 6.495265
3
0 1 20 19.664754
1 1 32 18.913862
2 1 36 13.475210
3
0 1 20 1.107416
1 1 44 7.436249
2 1 41 15.111648
3
0 1 25 1.388423
1 1 42 10.247025
2 1 43 11.598860
3
0 1 25 4.927577
1 1 35 15.855232
2 1 36 3.630856
3
0 1 25 10.081618
1 1 29 10.298021
2 1 30 19.807082
3
0 1 25 13.012640
1 1 44 8.151608
2 1 36 15.319531
3
0 1 25 4.299533
1 1 31 14.799215
2 1 32 8.127313
3
0 1 30 11.353383
1 1 47 13.967710
2 1 46 5.597637
3
0 1 30 17.197933
1 1 44 9.442006
2 1 42 11.172992
3
0 1 30 12.166592
1 1 36 14.183669
2 1 44 12.048295
3
0 1 30 15.340396
1 1 31 14.615407
2 1 30 3.973172
3
0 1 30 2.994764
1 1 37 7.775935
2 1 39 17.624460
3
0 1 35 12.700464
1 1 47 12.589101
2 1 48 12.643064
3
0 1 35 6.988954
1 1 47 14.805423
2 1 36 16.111941
3
0 1 35 8.663175
1 1 39 6.902761
2 1 48 2.184246
3
0 1 35 13.178512
1 1 38 9.376042
2 1 39 12.051739
3
0 1 35 13.546394
1 1 43 13.072296
2 1 38 14.474203
3
0 1 40 8.747373
1 1 47 13.025947
2 1 43 16.156850
3
0 1 40 8.358792
1 1 48 2.634113
2 1 42 8.323175
3
0 1 40 4.306972
1 1 44 13.516166
2 1 48 15.277996
3
0 1 40 19.293122
1 1 40 4.473367
2 1 43 17.634602
3
0 1 40 4.869821
1 1 40 16.390802
2 1 45 8.722075
3
0 1 45 12.726145
1 1 48 14.956725
2 1 49 7.498927
3
0 1 45 11.743706
1 1 48 16.973669
2 1 47 6.769347
3
0 1 45 17.375367
1 1 47 4.097046
2 1 47 6.156410
3
0 1 45 10.370589
1 1 46 17.481714
2 1 47 18.865610
3
0 1 45 6.132428
1 1 48 10.422538
2 1 46 8.333653
3
0 1 49 18.201421
1 1 49 11.101038
2 1 49 12.810624
3
0 1 49 3.712551
1 1 49 5.768993
2 1 49 5.522218
3
0 1 49 3.514374
1 1 49 16.098135
2 1 49 12.208304
3
0 1 49 8.170605
1 1 49 12.141669
2 1 49 15.803671
0
