50 49
3
0 5 5 15.852799 9 6.423120 35 19.860417 26 8.102442 19 1.297665
1 5 25 16.630907 27 3.354039 6 16.561539 14 4.210325 31 11.972463
2 5 14 17.078062 23 5.878031 38 6.117193 33 17.276837 7 7.949909
3
0 5 5 4.978745 35 17.089016 28 2.649221 13 8.068685 17 8.193522
1 5 22 8.449937 37 8.488954 6 5.876283 49 15.951032 18 17.326522
2 5 17 4.387092 18 13.907914 47 3.552339 8 19.051291 36 9.271346
3
0 5 5 14.294691 49 13.245837 16 16.697593 43 3.826814 20 18.099264
1 5 38 17.529978 48 6.946833 26 19.852028 13 15.617828 22 8.780681
2 5 45 11.695487 41 16.340560 13 1.630384 39 15.513756 12 6.699188
3
0 5 5 8.638893 33 17.117907 15 19.996199 47 8.930927 13 1.866415
1 5 44 10.433200 29 12.916946 32 10.838581 5 3.763019 36 5.159148
2 5 44 13.138323 18 5.482823 24 10.909052 40 4.756080 42 8.357262
3
0 5 5 2.837657 9 13.006905 47 11.817150 24 9.131086 20 15.367202
1 5 28 8.246531 6 18.889783 49 7.512223 31 16.919581 18 13.281683
2 5 40 12.440787 11 6.093577 31 15.826535 9 8.502877 24 19.447795
3
0 5 10 4.736110 18 5.883173 38 13.370543 39 2.050171 27 1.318340
1 5 29 13.126399 23 5.528933 34 9.306896 49 19.780461 19 6.405784
2 5 16 15.930028 39 12.763630 26 17.698182 15 19.814147 24 2.135742
3
0 5 10 8.392437 29 13.681304 28 13.604609 14 11.474550 15 13.966252
1 5 39 3.727663 23 11.543580 42 12.383941 37 1.072381 15 17.465341
2 5 23 19.755894 47 8.478088 11 13.584147 35 5.913676 15 5.885641
3
0 5 10 1.289920 14 7.671933 46 12.978416 47 15.850370 40 13.794085
1 5 16 5.422596 37 14.159874 29 14.596169 41 12.660652 14 14.513372
2 5 36 17.242380 18 17.171945 26 18.224103 30 13.300819 24 15.433208
3
0 5 10 15.333952 30 16.639783 31 6.020196 12 9.557609 34 6.431805
1 5 12 3.321499 19 16.767702 41 16.954832 45 13.935205 29 7.371014
2 5 27 19.318537 28 13.823916 22 11.843659 49 9.023384 26 5.416550
3
0 5 10 15.883986 41 18.684166 36 17.022067 14 17.488147 40 2.569891
1 5 47 15.675262 43 1.805727 49 17.041428 25 6.522527 19 6.397769
2 5 13 9.388032 29 3.063416 31 6.098745 21 18.898868 44 14.711573
3
0 5 15 18.749143 41 4.185450 48 1.711347 37 19.190197 22 1.132383
1 5 24 5.694979 17 12.840980 34 1.522685 44 5.361574 26 8.498711
2 5 37 5.440486 26 8.716023 42 10.350171 40 15.853519 39 14.792685
3
0 5 15 1.788039 45 14.063082 30 9.779959 47 17.902736 41 9.543471
1 5 21 1.785120 36 2.685789 35 4.067393 31 1.923101 19 8.580369
2 5 26 15.557419 34 19.560958 41 2.637524 43 16.376190 18 7.522035
3
0 5 15 15.257949 34 15.607319 47 17.222256 49 11.727053 36 5.523390
1 5 48 17.369716 35 8.405997 17 13.521080 19 16.391371 44 13.069596
2 5 24 11.809216 16 5.126506 18 1.729735 26 13.904964 44 16.770650
3
0 5 15 18.043943 36 7.018438 29 2.367569 43 3.269083 45 5.655676
1 5 31 3.482389 22 5.506843 30 16.932989 17 17.554676 34 8.235942
2 5 20 4.193174 22 5.256354 47 6.164247 16 13.475012 42 5.668579
3
0 5 15 19.622280 42 6.430161 24 8.359415 36 5.418579 37 7.427597
1 5 33 12.952847 20 7.613682 42 15.979216 32 9.231610 22 5.806424
2 5 30 13.477554 44 12.846888 25 12.552769 40 13.435758 29 16.722392
3
0 5 20 15.452307 39 6.335649 44 15.092403 23 8.978422 41 7.250715
1 5 43 8.137961 35 2.795573 37 8.875841 45 16.939935 29 15.701376
2 5 45 9.606343 48 19.974555 42 18.302261 35 13.345048 29 5.520649
3
0 5 20 1.378744 45 14.337581 47 4.952899 22 16.512779 38 11.390194
1 5 27 9.845986 30 17.204846 42 2.815485 29 14.615908 33 11.109800
2 5 37 8.200287 48 6.919540 28 8.222041 32 2.334520 26 3.506435
3
0 5 20 5.925879 44 10.063685 49 7.326828 27 7.364779 42 5.912047
1 5 30 7.473737 22 9.534792 36 12.914075 20 18.190483 27 2.786812
2 5 30 17.629681 42 12.788260 43 16.986672 49 1.809605 26 19.405876
3
0 5 20 10.032930 45 13.617194 25 7.085178 47 16.076294 29 5.197582
1 5 40 14.977241 31 3.416416 32 5.501434 24 10.987834 37 6.683536
2 5 47 3.519269 31 3.886117 24 2.345944 39 11.915007 25 14.861463
3
0 5 20 18.511947 26 13.655239 39 13.422790 36 15.203474 25 19.599418
1 5 30 14.312322 28 8.959253 35 14.121233 27 2.105339 45 8.162745
2 5 23 17.157308 42 4.056174 32 1.546907 35 12.131707 36 8.842395
3
0 5 25 17.200699 31 7.276013 35 11.844418 27 18.094169 43 5.776262
1 5 38 1.046443 39 4.260840 27 2.878104 41 8.516519 35 15.906623
2 5 30 13.315634 41 2.750883 27 3.746662 38 8.959419 40 19.659938
3
0 5 25 10.768546 26 18.336476 38 18.846779 37 16.997148 47 2.591518
1 5 29 14.159041 35 3.863170 25 17.990114 44 15.834851 30 7.915225
2 5 37 7.835346 44 14.012543 35 17.274633 26 10.544651 46 12.657151
3
0 5 25 4.360101 31 15.803389 41 18.565676 28 18.651976 44 3.355152
1 5 32 19.182703 44 4.316779 27 16.208300 35 4.589115 41 18.169878
2 5 42 8.332256 33 10.051926 37 16.282005 29 17.766397 30 19.706805
3
0 5 25 19.711172 31 1.333458 39 14.158811 42 15.837581 38 11.859177
1 5 32 11.164194 28 7.719807 29 6.871194 46 10.875011 25 8.478290
2 5 43 17.120100 30 19.537781 27 8.029308 46 5.058019 33 12.946335
3
0 5 25 12.617623 35 10.185676 45 1.537238 41 2.701037 40 3.151290
1 5 25 17.204890 48 11.584257 33 4.749110 39 17.707366 27 5.641644
2 5 34 7.204199 49 8.180655 45 10.646120 37 6.486814 47 18.048422
3
0 5 30 15.979272 45 18.367200 37 1.052425 48 8.732376 33 5.690941
1 5 41 13.001062 48 16.596398 39 15.703352 34 8.566246 47 11.492306
2 5 40 5.844816 37 17.985950 34 2.900403 48 6.547605 31 3.669615
3
0 5 30 6.230460 32 15.405271 37 4.192333 34 3.239533 45 13.937239
1 5 40 8.494124 34 4.685652 39 13.435510 41 7.402334 49 17.327665
2 5 48 10.123484 36 1.692110 31 3.649396 42 5.662144 45 2.520663
3
0 5 30 7.676085 39 19.812855 33 19.190731 42 18.767712 44 19.990866
1 5 37 2.242629 44 5.961427 41 1.292865 30 7.682466 42 3.583343
2 5 36 2.526745 35 2.416802 39 6.168668 31 11.402392 45 19.095336
3
0 5 30 16.308484 39 3.944935 41 12.528014 45 3.685090 37 10.197164
1 5 39 8.690208 32 9.086621 44 7.474239 49 11.335809 34 13.462677
2 5 37 14.894259 41 9.093450 30 13.595962 48 16.493715 39 10.836381
3
0 5 30 1.207596 38 17.893546 35 2.911967 41 12.141667 49 8.542298
1 5 40 14.855849 32 13.225100 31 10.140557 33 14.531739 45 6.783535
2 5 32 14.215829 33 5.767480 41 2.068006 37 18.604391 43 19.932437
3
0 5 35 5.210921 45 7.325315 36 18.691841 38 15.218820 43 18.385142
1 5 39 9.821800 35 15.191146 46 2.986008 36 16.117778 38 19.449016
2 5 38 11.497040 45 3.024735 41 18.878985 44 15.448901 36 12.864440
3
0 5 35 17.748624 37 8.862785 45 2.187369 36 7.333279 48 5.517189
1 5 48 8.387160 40 9.375320 41 13.180140 47 13.403442 49 9.255675
2 5 39 4.347430 49 4.654094 36 2.845077 46 3.589304 42 16.226894
3
0 5 35 18.414639 48 2.775193 49 14.559536 42 15.437838 37 6.818983
1 5 42 7.667390 47 18.422585 41 9.554994 46 8.760154 38 15.655756
2 5 42 2.088028 44 16.389052 37 6.867410 49 3.831192 38 14.543336
3
0 5 35 13.555631 36 7.907179 42 10.180952 46 4.794920 39 5.003474
1 5 43 19.737729 38 2.872795 40 17.190620 49 17.110297 42 18.418648
2 5 36 10.249337 42 19.887777 48 13.836248 47 11.704034 43 4.346464
3
0 5 35 19.201469 42 3.318849 45 12.243010 36 19.220386 49 18.651387
1 5 45 15.171555 44 14.328297 49 18.708688 39 8.945738 38 19.293852
2 5 45 15.022071 48 14.517088 47 15.720250 40 1.271497 46 7.659670
3
0 5 40 13.455128 47 13.558274 44 4.720726 45 6.053082 46 16.897243
1 5 48 16.494498 47 13.874976 40 12.433006 44 13.894270 43 5.893653
2 5 48 7.755403 42 15.002845 47 10.474338 44 13.840811 49 4.841575
3
0 5 40 14.831667 47 10.150571 46 16.152405 42 13.898419 49 9.288645
1 5 41 13.288228 47 18.742828 45 4.611200 42 8.100595 48 10.347086
2 5 41 12.066525 49 7.713308 46 4.455008 43 15.260533 42 16.821875
3
0 5 40 3.929569 49 7.462782 41 6.508561 45 9.544540 48 13.265885
1 5 43 9.905067 40 14.243156 49 9.624814 41 18.557168 46 7.406418
2 5 49 13.937187 46 9.157996 40 16.838660 42 14.623474 43 12.276315
3
0 5 40 18.079693 49 12.231969 44 9.114319 48 9.479708 42 4.601768
1 5 45 13.640642 41 18.646666 42 1.275507 40 1.618067 43 19.622942
2 5 42 6.217007 46 10.749419 47 7.554645 49 9.270977 41 5.479723
3
0 5 40 11.455149 42 13.571577 44 6.404451 47 16.992746 49 7.117167
1 5 40 2.773428 49 19.868713 41 19.025004 47 10.791816 48 14.721951
2 5 42 2.559440 45 2.285987 48 14.697291 49 6.369376 46 14.187091
3
0 5 45 6.241761 46 16.093691 47 5.461271 48 12.991131 49 14.150240
1 5 45 12.568875 46 9.214448 47 4.378299 48 1.545352 49 5.640298
2 5 45 7.594860 46 15.678991 47 7.973327 48 3.129513 49 12.947134
3
0 5 45 8.559831 46 4.281308 47 16.744962 48 6.118473 49 3.527998
1 5 45 4.709727 46 19.060721 47 3.124952 48 8.831933 49 5.650162
2 5 45 16.659664 46 16.561278 47 8.526767 48 4.275018 49 8.178444
3
0 5 45 6.224414 46 16.819032 47 3.016662 48 12.819833 49 16.923726
1 5 45 2.911777 46 3.082694 47 19.714255 48 9.683758 49 10.211049
2 5 45 17.678961 46 8.686696 47 15.756670 48 12.916693 49 14.670004
3
0 5 45 4.319186 46 13.100366 47 3.008104 48 7.311156 49 17.427360
1 5 45 2.445225 46 18.053578 47 3.927652 48 9.913132 49 11.703913
2 5 45 17.091398 46 7.456996 47 13.839397 48 8.015389 49 2.731389
3
0 5 45 2.107314 46 5.108413 47 2.989598 48 4.743005 49 12.671743
1 5 45 10.749157 46 4.377390 47 13.300669 48 5.820400 49 2.099434
2 5 45 17.188623 46 16.133073 47 9.894423 48 10.515158 49 7.126756
3
0 1 49 6.651741
1 1 49 13.713006
2 1 49 14.901259
3
0 1 49 10.527851
1 1 49 11.777314
2 1 49 15.012036
3
0 1 49 7.966025
1 1 49 2.022606
2 1 49 11.864877
3
0 1 49 15.266842
1 1 49 18.052426
2 1 49 2.128602
0
