50 49
3
0 4 5 15.193078 40 10.353898 30 13.553328 6 5.410289
1 4 24 7.673720 28 6.646109 35 16.496033 37 13.716574
2 4 5 18.191108 14 15.682939 21 15.930525 48 10.216664
3
0 4 5 4.667092 15 15.443506 45 15.603743 38 5.252050
1 4 35 6.205716 31 2.315933 42 13.983385 33 5.131278
2 4 21 16.549307 11 2.626113 23 12.928768 15 2.733401
3
0 4 5 13.273297 38 11.723856 42 1.301971 47 10.798301
1 4 21 13.830092 29 1.827890 5 3.048354 46 7.514422
2 4 29 5.172681 45 2.185855 26 1.967719 9 19.650388
3
0 4 5 19.655370 46 9.731141 32 19.780364 19 4.716278
1 4 31 7.862686 7 7.882586 26 11.356734 46 2.474001
2 4 43 4.451717 28 9.805500 6 15.747717 10 2.581121
3
0 4 5 4.438414 9 2.560473 33 16.624114 46 8.205209
1 4 20 3.413412 31 16.996785 19 14.268834 38 14.334789
2 4 11 17.225811 43 17.821441 30 18.472714 20 19.460242
3
0 4 10 10.814624 43 15.284699 14 15.617005 26 7.162269
1 4 25 8.776290 16 10.381009 49 3.822662 24 14.126853
2 4 48 2.194587 43 18.536747 49 6.099296 44 8.656136
3
0 4 10 17.869080 15 8.882447 30 10.797047 18 2.113030
1 4 35 17.917147 11 3.437418 25 9.923831 15 8.918753
2 4 21 10.899893 40 7.531966 42 5.061551 32 17.758935
3
0 4 10 17.281089 16 5.674516 27 4.568805 47 19.025301
1 4 38 13.711506 24 11.262777 34 10.136124 22 8.748545
2 4 27 10.001528 33 5.050731 46 13.686253 36 10.361769
3
0 4 10 10.363633 14 3.580529 29 16.333188 48 18.375003
1 4 29 13.564560 11 14.183901 21 19.187949 37 13.284838
2 4 20 6.196666 19 10.323672 47 12.990730 43 9.493814
3
0 4 10 5.734072 35 4.399059 41 11.111112 30 14.611899
1 4 38 5.117053 49 15.547469 46 11.692207 27 12.663564
2 4 20 11.938467 42 13.261347 38 15.150392 49 17.579654
3
0 4 15 1.666347 22 15.862928 35 3.314760 38 3.161934
1 4 38 1.121956 30 14.311282 28 9.527318 21 5.569642
2 4 37 6.853959 46 17.197045 15 13.997231 30 11.750090
3
0 4 15 16.398224 45 7.173433 31 1.127702 42 3.058062
1 4 25 17.873835 42 5.018284 16 16.901337 27 18.884537
2 4 25 12.518388 26 8.981760 30 16.492761 15 2.748049
3
0 4 15 7.738069 18 15.033012 47 1.283126 46 18.694484
1 4 17 18.420391 41 15.504225 45 7.373519 39 15.684794
2 4 26 9.507067 38 7.257642 40 5.668107 23 19.777577
3
0 4 15 14.953432 24 4.760539 35 1.458636 45 7.043222
1 4 35 13.770134 17 15.657134 33 2.567611 40 12.057349
2 4 26 9.261770 46 9.147759 22 11.932742 49 3.458844
3
0 4 15 15.414853 39 1.724598 19 4.125054 24 16.595737
1 4 21 1.986784 25 13.096531 17 8.739807 33 2.588989
2 4 34 13.684935 28 11.252230 26 15.712602 31 14.556398
3
0 4 20 19.223733 26 10.575845 41 1.583041 46 19.705834
1 4 49 8.527144 25 10.039445 36 3.704604 41 18.100990
2 4 35 17.313549 21 14.903536 47 9.081786 37 5.266661
3
0 4 20 3.566534 32 15.991539 41 12.619885 44 13.314433
1 4 30 4.177946 40 8.605784 44 5.342364 23 15.859042
2 4 28 10.953086 22 9.709633 25 17.119041 43 12.739847
3
0 4 20 14.175933 42 9.241041 49 19.436923 33 12.756192
1 4 39 3.340330 45 16.162817 20 3.595628 29 10.088667
2 4 48 6.458907 34 12.455462 33 16.893164 29 15.081716
3
0 4 20 10.331413 49 13.176514 36 9.780533 38 10.178172
1 4 35 6.395626 21 14.158417 43 3.613927 41 12.407926
2 4 25 15.652946 45 19.365305 31 19.313641 33 7.168851
3
0 4 20 3.753496 30 9.573818 38 19.570021 39 9.949284
1 4 47 9.780346 44 3.737530 49 11.672533 37 16.344289
2 4 34 3.580059 26 3.395570 39 17.183059 47 7.402587
3
0 4 25 11.965859 41 3.356829 36 3.798540 38 7.005082
1 4 37 6.499253 35 15.226145 46 2.531718 33 13.632749
2 4 28 14.035405 25 8.507544 43 11.609803 27 5.835161
3
0 4 25 5.380265 42 8.479132 37 12.077161 45 8.350654
1 4 35 8.456860 29 14.748659 38 17.463685 43 16.789251
2 4 31 18.616397 33 17.359439 46 3.120968 28 13.079351
3
0 4 25 3.672511 42 12.941641 30 18.369751 47 15.498586
1 4 46 11.667957 33 7.102351 26 5.369192 38 3.623299
2 4 30 15.933548 26 3.364030 34 5.674248 45 19.261094
3
0 4 25 14.332211 49 14.954324 41 11.104979 29 11.160770
1 4 26 14.815502 48 9.593909 33 10.533055 32 10.938593
2 4 43 18.880740 36 10.888801 39 10.826028 46 19.820748
3
0 4 25 4.143599 28 12.565089 40 18.293818 37 5.552185
1 4 45 4.249112 34 12.974904 28 8.152814 42 8.216896
2 4 42 4.977172 26 10.317619 33 13.584320 43 3.592993
3
0 4 30 10.419362 35 11.806666 44 13.231447 37 17.027290
1 4 39 19.228931 43 17.140211 37 3.784551 31 8.267843
2 4 32 1.249963 42 11.336080 38 14.704322 33 15.295844
3
0 4 30 19.871879 31 10.907241 44 17.240316 38 5.044651
1 4 48 12.717429 45 17.773097 39 12.638408 47 18.523522
2 4 30 15.109864 32 17.251781 36 12.135496 46 3.497710
3
0 4 30 16.798108 36 12.861693 43 1.007475 39 11.891527
1 4 48 9.228823 30 7.659714 39 10.877612 41 4.163823
2 4 38 18.694137 46 1.918640 41 15.679128 49 16.795645
3
0 4 30 9.990710 38 14.344801 43 15.317424 48 6.981172
1 4 41 1.132211 45 19.771081 46 4.683213 35 11.443118
2 4 41 6.689475 34 8.319364 47 11.268457 46 19.855534
3
0 4 30 4.159600 33 19.434464 32 12.521182 49 14.975130
1 4 30 14.086012 34 15.808964 33 16.099337 39 11.276317
2 4 37 11.571694 43 2.682520 48 12.104525 31 3.855724
3
0 4 35 7.425025 47 6.704649 44 12.512063 39 9.340085
1 4 49 11.064008 42 15.042458 38 17.324868 46 9.519623
2 4 35 15.270437 36 18.710492 38 11.044631 48 6.576576
3
0 4 35 14.464920 47 16.343713 37 7.253223 44 8.651773
1 4 47 4.969434 35 19.706198 39 5.430555 36 8.332016
2 4 44 16.331487 36 6.755169 40 16.779310 46 12.197414
3
0 4 35 16.379876 43 10.490355 39 9.134485 38 5.723106
1 4 43 19.068044 38 6.648527 48 19.258623 49 1.712868
2 4 46 12.405411 48 6.721436 45 6.700704 36 17.613917
3
0 4 35 18.196983 44 15.748780 40 10.012353 48 14.470498
1 4 42 2.827160 45 5.983077 40 7.499618 41 3.326102
2 4 43 9.295111 41 7.648120 40 16.219313 44 19.407180
3
0 4 35 10.687601 42 9.008099 39 17.987003 46 13.063437
1 4 45 13.132876 48 10.030013 40 14.963257 35 15.077493
2 4 42 5.257110 37 6.877497 46 12.773063 49 14.225838
3
0 4 40 1.682406 41 1.331695 44 9.019599 49 7.085599
1 4 45 5.578180 42 14.494538 49 9.388576 41 3.248099
2 4 44 18.845143 42 4.870424 43 2.830096 46 17.893923
3
0 4 40 1.443461 42 3.591737 45 15.582661 48 14.221882
1 4 44 12.514320 49 2.571458 41 19.993454 42 16.782720
2 4 43 18.571707 46 6.349424 47 17.491943 41 4.826180
3
0 4 40 3.928427 44 8.238113 48 8.278389 46 9.517575
1 4 40 12.978004 47 10.270901 44 17.528163 45 4.664180
2 4 44 3.688793 46 6.382926 41 4.191176 40 9.187143
3
0 4 40 6.370195 43 8.378467 45 11.528282 41 9.771392
1 4 42 11.601511 45 6.276345 44 3.749192 47 3.771924
2 4 40 1.947618 42 18.615085 48 6.388687 44 4.014914
3
0 4 40 2.524262 41 3.623448 44 2.951788 48 2.510929
1 4 44 19.912519 40 6.861390 49 17.797707 45 16.812596
2 4 40 5.058198 42 11.895184 44 17.206486 41 8.596505
3
0 4 45 12.116648 47 10.388243 48 6.396845 46 11.752488
1 4 49 16.316370 45 1.344998 46 18.074519 48 12.702903
2 4 46 12.912115 47 14.271953 48 8.432628 49 11.459197
3
0 4 45 16.679218 49 1.557821 47 11.583078 48 9.928695
1 4 45 7.550571 47 19.230357 46 6.605214 48 3.014769
2 4 47 8.724934 46 2.991028 48 17.559950 49 12.846217
3
0 4 45 19.657056 46 14.604002 48 5.039319 47 11.285243
1 4 45 6.595541 46 2.170630 47 17.171173 48 15.450473
2 4 47 5.303929 49 16.022446 45 16.980979 48 10.540350
3
0 4 45 11.267148 47 10.915702 46 17.302024 48 6.401720
1 4 45 8.444168 47 3.288321 49 8.677669 48 16.416548
2 4 47 12.284863 45 1.878403 49 7.565105 46 10.603240
3
0 4 45 18.680439 49 17.710791 48 10.102480 47 3.306610
1 4 46 14.066142 47 9.928896 45 14.619777 49 16.772768
2 4 46 10.591948 49 17.461220 47 7.653380 45 8.262868
3
0 1 49 13.732143
1 1 49 14.420757
2 1 49 1.377507
3
0 1 49 17.652479
1 1 49 5.863441
2 1 49 19.960509
3
0 1 49 5.491918
1 1 49 11.957143
2 1 49 3.571772
3
0 1 49 6.265486
1 1 49 3.681472
2 1 49 3.294909
0
