50 49
3
0 1 5 14.489958
1 1 9 12.746527
2 1 47 13.310787
3
0 1 5 13.338294
1 1 13 3.894158
2 1 12 10.236515
3
0 1 5 15.713147
1 1 30 5.379088
2 1 36 15.708724
3
0 1 5 16.618773
1 1 21 12.470160
2 1 48 7.640454
3
0 1 5 12.244490
1 1 13 3.557028
2 1 29 4.944806
3
0 1 10 16.479436
1 1 41 9.854400
2 1 43 8.343754
3
0 1 10 9.222729
1 1 13 8.108201
2 1 10 14.142285
3
0 1 10 18.193358
1 1 44 13.393887
2 1 26 3.486332
3
0 1 10 19.213101
1 1 38 3.239590
2 1 39 5.660282
3
0 1 10 11.517420
1 1 33 15.735061
2 1 49 6.007428
3
0 1 15 3.446289
1 1 44 9.764507
2 1 19 13.467875
3
0 1 15 2.725473
1 1 38 5.872609
2 1 32 2.778300
3
0 1 15 3.045384
1 1 47 13.162964
2 1 41 13.206552
3
0 1 15 13.016145
1 1 40 10.351268
2 1 43 17.025786
3
0 1 15 2.380004
1 1 36 7.059859
2 1 27 4.075614
3
0 1 20 14.377464
1 1 20 5.942195
2 1 24 2.548179
3
0 1 20 8.633789
1 1 42 9.552625
2 1 23 16.546687
3
0 1 20 19.316248
1 1 47 14.841453
2 1 27 16.644928
3
0 1 20 19.104508
1 1 25 15.766997
2 1 23 18.963901
3
0 1 20 6.551256
1 1 28 11.029561
2 1 36 6.062510
3
0 1 25 7.038347
1 1 36 2.366163
2 1 45 12.943373
3
0 1 25 11.767367
1 1 25 15.067380
2 1 25 4.528278
3
0 1 25 2.058367
1 1 47 10.454547
2 1 44 13.138948
3
0 1 25 3.872074
1 1 27 18.059192
2 1 37 19.040002
3
0 1 25 16.564320
1 1 30 5.724895
2 1 35 10.740467
3
0 1 30 11.192163
1 1 41 11.277990
2 1 46 11.764332
3
0 1 30 13.905978
1 1 43 1.728859
2 1 42 2.304065
3
0 1 30 13.384914
1 1 48 4.012855
2 1 43 13.323512
3
0 1 30 5.006310
1 1 49 9.869110
2 1 39 13.510415
3
0 1 30 6.841311
1 1 42 19.175321
2 1 49 13.837642
3
0 1 35 15.493537
1 1 40 11.358801
2 1 44 1.259495
3
0 1 35 7.425829
1 1 40 14.171866
2 1 36 3.226270
3
0 1 35 12.741465
1 1 39 1.223605
2 1 43 5.070547
3
0 1 35 8.050384
1 1 44 4.834806
2 1 41 4.617137
3
0 1 35 1.044154
1 1 38 3.799007
2 1 35 5.186103
3
0 1 40 16.934024
1 1 41 1.516820
2 1 45 4.234902
3
0 1 40 4.505768
1 1 45 9.205969
2 1 46 2.981036
3
0 1 40 1.170908
1 1 41 15.859175
2 1 48 10.708759
3
0 1 40 12.888903
1 1 41 12.499796
2 1 45 4.082354
3
0 1 40 5.975326
1 1 47 13.511039
2 1 45 1.221342
3
0 1 45 8.026010
1 1 46 14.912223
2 1 46 5.309969
3
0 1 45 14.752519
1 1 47 2.077486
2 1 49 16.080485
3
0 1 45 18.479414
1 1 47 18.577792
2 1 45 2.293636
3
0 1 45 2.805423
1 1 47 13.597348
2 1 48 8.974606
3
0 1 45 14.369586
1 1 47 9.512104
2 1 47 16.392113
3
0 1 49 18.202827
1 1 49 16.265188
2 1 49 1.136879
3
0 1 49 9.197685
1 1 49 15.580234
2 1 49 2.898641
3
0 1 49 14.388686
1 1 49 2.479968
2 1 49 9.864993
3
0 1 49 9.949011
1 1 49 9.714746
2 1 49 14.927908
0
