50 49
3
0 1 5 8.816708
1 1 47 2.796604
2 1 35 11.635770
3
0 1 5 13.941069
1 1 13 18.694223
2 1 9 10.642544
3
0 1 5 2.100100
1 1 30 5.304060
2 1 43 2.630852
3
0 1 5 15.141731
1 1 12 10.977790
2 1 46 19.010212
3
0 1 5 8.761871
1 1 10 16.288078
2 1 45 9.734053
3
0 1 10 15.816676
1 1 31 4.973816
2 1 44 19.996335
3
0 1 10 15.332548
1 1 16 14.551736
2 1 15 8.270821
3
0 1 10 11.739917
1 1 10 2.689098
2 1 35 16.884019
3
0 1 10 4.013313
1 1 10 10.978416
2 1 12 12.559600
3
0 1 10 13.280967
1 1 15 19.992152
2 1 26 1.160184
3
0 1 15 4.451795
1 1 19 7.319385
2 1 31 3.819142
3
0 1 15 18.854812
1 1 33 7.620780
2 1 44 11.866720
3
0 1 15 4.217972
1 1 48 1.830671
2 1 45 15.590239
3
0 1 15 13.454775
1 1 44 8.632465
2 1 26 4.683058
3
0 1 15 3.623373
1 1 41 1.119676
2 1 36 16.105388
3
0 1 20 4.201457
1 1 42 14.825071
2 1 34 19.457893
3
0 1 20 6.064669
1 1 40 4.320515
2 1 30 18.346989
3
0 1 20 14.516752
1 1 24 8.109603
2 1 46 16.409980
3
0 1 20 4.351605
1 1 41 6.113571
2 1 34 3.204533
3
0 1 20 8.077348
1 1 20 14.983241
2 1 46 1.201049
3
0 1 25 7.780322
1 1 32 3.990932
2 1 34 5.698895
3
0 1 25 10.770664
1 1 43 6.795087
2 1 30 16.486733
3
0 1 25 3.672413
1 1 41 10.018887
2 1 30 17.305710
3
0 1 25 13.490914
1 1 41 5.777042
2 1 44 14.744585
3
0 1 25 15.740373
1 1 37 4.928153
2 1 28 16.032400
3
0 1 30 7.189623
1 1 30 14.027048
2 1 45 3.477209
3
0 1 30 19.214495
1 1 47 1.531024
2 1 31 6.855128
3
0 1 30 12.082918
1 1 43 9.902856
2 1 37 1.925270
3
0 1 30 14.766280
1 1 43 3.742259
2 1 31 19.793771
3
0 1 30 5.760207
1 1 31 18.430858
2 1 48 3.884575
3
0 1 35 14.469872
1 1 41 2.274628
2 1 41 9.156992
3
0 1 35 15.213888
1 1 40 18.001773
2 1 35 13.275690
3
0 1 35 15.574345
1 1 36 13.021242
2 1 39 3.150511
3
0 1 35 8.165989
1 1 43 3.243780
2 1 44 10.238581
3
0 1 35 3.889828
1 1 39 9.848528
2 1 48 5.165142
3
0 1 40 6.521711
1 1 41 13.676684
2 1 44 10.833945
3
0 1 40 10.866007
1 1 48 18.047818
2 1 46 4.626347
3
0 1 40 8.413224
1 1 48 19.073452
2 1 47 1.125388
3
0 1 40 5.761325
1 1 44 3.739994
2 1 45 13.978527
3
0 1 40 1.037297
1 1 40 1.298817
2 1 45 5.628145
3
0 1 45 8.170948
1 1 47 8.274168
2 1 47 14.571074
3
0 1 45 14.100420
1 1 45 2.720693
2 1 45 16.537124
3
0 1 45 14.966768
1 1 49 7.926488
2 1 45 9.041429
3
0 1 45 12.903303
1 1 45 12.936370
2 1 46 3.693727
3
0 1 45 8.745222
1 1 49 12.273664
2 1 48 14.055332
3
0 1 49 7.850875
1 1 49 8.671525
2 1 49 6.146326
3
0 1 49 8.956894
1 1 49 6.675184
2 1 49 14.141760
3
0 1 49 5.608424
1 1 49 5.724063
2 1 49 5.692284
3
0 1 49 18.822896
1 1 49 6.039627
2 1 49 8.920234
0
