50 49
3
0 3 5 1.150870 49 12.140323 31 14.692764
1 3 17 12.768170 19 9.145282 9 7.388613
2 3 42 8.233030 48 15.831029 8 17.644423
3
0 3 5 6.753874 30 18.884878 39 2.915808
1 3 30 7.319391 18 3.238479 26 4.183475
2 3 43 19.663591 11 6.120895 29 5.675000
3
0 3 5 4.835349 29 14.550301 40 19.690751
1 3 22 14.509622 7 15.700798 36 13.579171
2 3 44 18.033161 10 3.707364 8 19.966707
3
0 3 5 18.406706 31 9.142301 40 14.613562
1 3 9 19.973146 39 8.213591 44 17.156320
2 3 27 4.895632 37 10.441237 38 2.717062
3
0 3 5 19.626276 23 14.607963 47 6.998295
1 3 25 19.934829 7 3.392174 31 19.651812
2 3 45 11.788227 31 3.998898 37 6.187286
3
0 3 10 17.328941 37 2.588857 47 4.300307
1 3 37 15.951547 29 3.556416 47 3.172757
2 3 23 9.311402 22 1.896644 14 4.515406
3
0 3 10 8.810241 22 14.631548 46 5.234028
1 3 18 3.018766 26 6.236974 38 17.087445
2 3 26 12.658554 16 19.296969 27 6.830919
3
0 3 10 4.938462 19 8.394666 25 12.340648
1 3 13 14.991374 38 12.549037 22 4.878228
2 3 16 12.435174 34 17.598297 49 12.129077
3
0 3 10 18.362566 18 5.293812 34 3.983339
1 3 16 2.489208 22 9.568442 47 3.442078
2 3 35 2.947287 49 17.766025 15 8.133897
3
0 3 10 10.932466 34 5.813388 22 19.606273
1 3 32 9.990564 39 12.256602 17 1.429647
2 3 13 14.280768 40 15.194186 17 17.123096
3
0 3 15 19.425514 24 4.147780 32 15.586721
1 3 24 7.886711 45 7.571693 47 6.008898
2 3 20 19.891510 41 8.335507 44 14.697313
3
0 3 15 13.295246 44 5.442505 39 11.796208
1 3 20 6.068677 19 11.037524 26 18.579952
2 3 37 5.897065 29 4.254141 36 10.887186
3
0 3 15 12.763873 33 11.874258 21 6.698897
1 3 38 17.921430 15 9.327064 48 6.900875
2 3 15 6.709399 45 8.016508 22 5.643802
3
0 3 15 6.387420 26 16.267605 49 6.652760
1 3 40 2.254949 44 12.310958 21 17.746460
2 3 42 4.363105 15 5.790199 45 8.966506
3
0 3 15 8.415264 27 11.308719 44 16.203614
1 3 33 6.082979 21 9.029046 46 5.179662
2 3 27 5.174974 17 13.046777 29 15.708423
3
0 3 20 18.207531 34 2.328126 22 2.732803
1 3 26 1.957970 49 14.871052 28 14.555706
2 3 20 4.727683 24 13.252956 31 16.294563
3
0 3 20 8.798336 33 3.152635 41 4.452759
1 3 31 1.737219 41 8.961173 36 7.442834
2 3 26 6.247998 47 13.289116 20 14.938376
3
0 3 20 4.704004 26 17.655962 46 14.222827
1 3 32 15.948667 25 1.891985 28 14.157270
2 3 28 7.473423 44 9.875753 29 11.117606
3
0 3 20 4.587330 49 14.326210 32 8.906816
1 3 30 5.586413 21 15.755146 37 19.197229
2 3 26 14.102219 20 14.839688 44 2.382327
3
0 3 20 17.158688 40 2.638723 28 12.277959
1 3 41 3.407453 46 13.423814 40 6.754661
2 3 24 14.121867 33 16.904152 46 14.745043
3
0 3 25 18.860794 43 17.437251 28 6.700764
1 3 31 4.287494 38 6.856345 27 19.824144
2 3 45 18.767493 48 14.144457 47 18.334858
3
0 3 25 17.747901 34 6.074365 40 15.971296
1 3 46 16.767523 27 16.346535 25 12.521957
2 3 37 12.466394 34 19.452659 47 5.876846
3
0 3 25 4.714859 38 3.587845 35 12.261614
1 3 25 5.832490 39 14.151734 36 16.204022
2 3 33 14.465826 42 13.936129 35 4.810636
3
0 3 25 6.236830 47 9.966566 49 6.483617
1 3 36 14.741264 41 3.660237 46 6.609742
2 3 44 3.197806 39 4.521344 34 18.648631
3
0 3 25 13.792337 39 13.147640 40 4.932069
1 3 39 12.162820 48 4.988958 26 14.404643
2 3 40 7.031355 34 1.004410 32 10.273813
3
0 3 30 6.513219 32 13.474183 37 11.313517
1 3 47 6.982134 37 5.845920 43 12.095048
2 3 30 12.228777 37 5.753026 32 5.971303
3
0 3 30 2.457381 45 5.882930 41 16.766949
1 3 44 6.946160 31 8.098080 35 13.882825
2 3 37 10.690877 33 9.123986 34 2.790235
3
0 3 30 14.197405 41 10.089497 33 8.994991
1 3 38 12.963277 42 15.750676 44 16.513798
2 3 49 1.572855 45 9.723782 47 5.005791
3
0 3 30 16.752955 33 1.669527 49 16.823797
1 3 37 10.685204 42 17.094245 41 5.777438
2 3 43 7.829620 46 11.803306 36 11.100543
3
0 3 30 13.403081 45 11.469987 49 3.134361
1 3 37 19.929730 35 6.145957 44 10.811932
2 3 48 4.736172 45 15.484679 32 2.854032
3
0 3 35 16.517069 47 19.784101 48 3.048704
1 3 39 8.688969 38 18.261467 40 18.264569
2 3 37 9.488156 43 12.697790 48 14.599765
3
0 3 35 7.868816 40 15.062655 39 4.372310
1 3 35 7.556935 36 12.908025 39 9.989455
2 3 48 13.727634 38 13.149521 49 1.114893
3
0 3 35 7.736560 38 12.776066 41 9.855426
1 3 37 7.209682 45 18.929507 36 3.924793
2 3 44 16.338105 45 18.695722 49 19.967350
3
0 3 35 7.915004 49 10.764682 47 5.179743
1 3 38 11.712041 42 4.202579 44 6.503573
2 3 46 1.990955 48 6.823577 43 10.727170
3
0 3 35 19.059450 43 16.982836 39 10.218130
1 3 48 12.277905 37 11.989480 49 13.134947
2 3 35 18.609733 45 9.707804 36 16.886830
3
0 3 40 18.572981 41 2.334031 48 1.380702
1 3 48 19.231539 45 4.654010 40 17.281227
2 3 40 5.908595 41 17.607176 48 12.647917
3
0 3 40 6.951681 41 4.431792 47 1.586517
1 3 47 16.058986 40 6.154174 44 9.749892
2 3 47 14.897435 46 16.451903 44 9.404597
3
0 3 40 1.893784 47 18.251604 45 2.752757
1 3 40 10.073223 49 12.798994 46 15.642223
2 3 40 6.072049 45 6.755115 42 3.413884
3
0 3 40 18.086030 42 14.959434 46 8.419162
1 3 46 6.260238 47 11.201967 40 19.968305
2 3 46 19.830172 45 18.056451 48 11.256828
3
0 3 40 10.290635 43 4.686789 44 17.664263
1 3 47 17.958201 40 19.096524 43 1.123553
2 3 40 13.967289 46 8.800116 49 12.762741
3
0 3 45 2.834939 48 16.802004 49 9.403685
1 3 46 17.916535 45 10.361959 48 7.683053
2 3 48 16.768333 47 8.831059 45 11.786450
3
0 3 45 11.261298 49 19.000349 48 16.644054
1 3 48 7.146361 47 16.273489 46 12.004425
2 3 46 14.505656 48 2.804357 47 18.267762
3
0 3 45 8.773238 48 15.192558 49 15.632132
1 3 47 8.367548 48 7.913539 49 8.666816
2 3 46 17.147234 49 15.614564 48 16.271479
3
0 3 45 17.445384 47 15.702340 48 7.409146
1 3 47 3.235158 46 15.054086 48 14.430115
2 3 47 17.757404 45 3.490188 46 5.575088
3
0 3 45 3.001193 48 13.263622 47 10.736115
1 3 45 16.196854 48 9.702763 47 4.809405
2 3 46 16.808591 49 8.328448 47 16.692638
3
0 1 49 14.830199
1 1 49 13.889961
2 1 49 12.434525
3
0 1 49 18.637836
1 1 49 15.648226
2 1 49 18.303841
3
0 1 49 2.601003
1 1 49 4.489320
2 1 49 14.472319
3
0 1 49 11.946115
1 1 49 6.077394
2 1 49 16.978675
0
