50 49
3
0 1 5 11.506806
1 1 43 9.357640
2 1 21 6.135173
3
0 1 5 8.750455
1 1 35 5.985258
2 1 16 11.066008
3
0 1 5 18.734113
1 1 28 14.627730
2 1 35 13.535770
3
0 1 5 6.853675
1 1 40 18.465543
2 1 6 9.255064
3
0 1 5 14.875738
1 1 21 2.777304
2 1 6 9.262062
3
0 1 10 16.659228
1 1 27 5.090951
2 1 37 11.752881
3
0 1 10 13.670713
1 1 32 7.155148
2 1 43 4.587829
3
0 1 10 11.699478
1 1 13 10.646534
2 1 44 10.924061
3
0 1 10 13.713940
1 1 33 18.086852
2 1 41 2.399831
3
0 1 10 18.152328
1 1 16 10.968670
2 1 26 8.862781
3
0 1 15 7.249828
1 1 49 14.281043
2 1 37 1.379700
3
0 1 15 2.572410
1 1 24 6.660536
2 1 36 19.547046
3
0 1 15 9.026197
1 1 16 16.971889
2 1 34 12.533525
3
0 1 15 18.806777
1 1 16 1.477807
2 1 19 1.014078
3
0 1 15 18.621370
1 1 34 3.503780
2 1 41 7.680409
3
0 1 20 1.095403
1 1 32 16.568055
2 1 21 11.442137
3
0 1 20 1.770173
1 1 48 12.469531
2 1 46 2.213586
3
0 1 20 2.784926
1 1 38 12.599192
2 1 42 19.452115
3
0 1 20 1.252109
1 1 26 11.984708
2 1 24 3.988803
3
0 1 20 5.701771
1 1 23 11.962260
2 1 40 12.031807
3
0 1 25 16.229300
1 1 35 16.546540
2 1 49 6.879188
3
0 1 25 6.028560
1 1 31 8.421805
2 1 46 2.132078
3
0 1 25 14.787583
1 1 29 12.067195
2 1 25 19.941717
3
0 1 25 18.564185
1 1 26 15.485788
2 1 33 9.784629
3
0 1 25 9.669726
1 1 42 19.674641
2 1 38 11.226839
3
0 1 30 14.402637
1 1 36 3.640444
2 1 40 2.371076
3
0 1 30 11.567372
1 1 32 10.581341
2 1 34 2.110775
3
0 1 30 19.801401
1 1 44 12.003978
2 1 36 10.530865
3
0 1 30 16.614389
1 1 39 1.459614
2 1 39 6.586623
3
0 1 30 4.195642
1 1 47 4.203599
2 1 45 18.585318
3
0 1 35 14.910311
1 1 46 19.999336
2 1 41 4.346723
3
0 1 35 19.357621
1 1 36 3.837693
2 1 49 9.494048
3
0 1 35 10.476353
1 1 39 8.428307
2 1 41 15.928016
3
0 1 35 3.171066
1 1 44 4.489336
2 1 42 7.372506
3
0 1 35 10.767019
1 1 36 17.092732
2 1 44 13.729825
3
0 1 40 19.155460
1 1 43 14.923053
2 1 47 16.334464
3
0 1 40 2.404939
1 1 41 1.791769
2 1 41 8.108790
3
0 1 40 18.093329
1 1 40 16.350597
2 1 47 6.318663
3
0 1 40 10.709765
1 1 49 10.292766
2 1 43 19.717019
3
0 1 40 6.974366
1 1 48 6.875515
2 1 42 18.751053
3
0 1 45 17.496356
1 1 45 11.193164
2 1 47 3.255490
3
0 1 45 4.993726
1 1 45 19.405552
2 1 48 8.151364
3
0 1 45 17.706434
1 1 47 2.596367
2 1 49 4.193323
3
0 1 45 16.178402
1 1 48 3.444920
2 1 49 14.408782
3
0 1 45 15.585042
1 1 47 12.317546
2 1 45 15.125673
3
0 1 49 19.828720
1 1 49 16.696949
2 1 49 9.817312
3
0 1 49 16.636555
1 1 49 13.521567
2 1 49 14.612694
3
0 1 49 6.734643
1 1 49 15.097660
2 1 49 9.826253
3
0 1 49 12.721697
1 1 49 9.337678
2 1 49 17.012721
0
