50 49
3
0 4 5 16.753736 46 3.993009 25 16.698523 44 1.736160
1 4 11 13.863342 22 11.915473 29 13.142309 23 10.630760
2 4 18 3.482339 33 7.426099 31 8.568625 27 4.104835
3
0 4 5 8.942149 10 13.445830 27 13.002336 34 4.301134
1 4 40 12.219138 34 2.855196 38 6.546367 27 5.969489
2 4 40 9.190755 41 17.337888 46 19.979289 12 18.539556
3
0 4 5 11.404325 45 9.788043 12 17.684916 49 6.004352
1 4 17 1.425892 25 13.409535 22 12.959098 13 19.765282
2 4 8 2.522545 44 8.787873 41 1.658350 42 10.641516
3
0 4 5 18.753952 35 15.191131 9 14.875368 16 18.665787
1 4 32 9.227803 16 7.048768 49 18.332432 28 12.172296
2 4 44 13.572829 15 10.879521 32 16.136500 45 17.252624
3
0 4 5 17.197540 11 9.996052 32 7.211544 45 12.536821
1 4 5 10.790506 20 14.319724 39 9.245437 14 7.167678
2 4 25 9.616584 11 18.231969 9 11.291739 22 3.827074
3
0 4 10 4.883488 30 10.370096 25 18.381825 24 13.597974
1 4 49 3.241508 47 11.199916 37 19.828719 10 9.016546
2 4 11 3.626473 48 11.587542 10 12.253395 19 9.367808
3
0 4 10 7.749504 48 10.148558 46 1.903470 19 3.966053
1 4 19 5.377361 23 8.161422 32 17.234989 31 2.601535
2 4 36 16.034859 47 14.116802 30 19.748152 32 19.009399
3
0 4 10 13.702085 38 6.711636 26 13.037808 22 17.038562
1 4 10 6.927265 26 19.485122 48 16.875329 33 6.021725
2 4 46 1.844123 49 17.538696 36 14.991412 19 4.289820
3
0 4 10 17.091355 12 15.194964 44 4.502117 37 5.173812
1 4 11 8.839035 27 19.299382 14 8.649280 18 19.837237
2 4 14 4.254351 30 5.892800 11 9.435292 39 8.489421
3
0 4 10 1.589048 35 2.441328 41 6.743852 30 14.496652
1 4 10 19.038160 28 9.355749 48 1.570786 47 18.051727
2 4 47 8.426014 45 12.768798 26 10.009803 25 10.527153
3
0 4 15 7.252218 32 18.899758 24 19.468525 25 4.000617
1 4 43 18.208357 38 9.380634 20 4.303493 28 3.138987
2 4 18 10.092539 20 3.202662 42 4.212155 47 18.496135
3
0 4 15 11.955127 23 3.256242 28 13.955486 38 15.364644
1 4 29 5.084525 26 8.631762 20 11.847104 34 18.120636
2 4 23 16.938843 34 4.610723 45 8.543255 32 15.556282
3
0 4 15 13.642262 33 1.689778 36 14.997845 23 3.199306
1 4 42 15.400166 44 10.623200 26 11.681009 47 4.585835
2 4 28 19.220962 40 19.930133 21 10.585232 29 10.219023
3
0 4 15 9.210077 49 2.961444 38 13.629410 42 4.145428
1 4 15 10.514883 29 18.706137 28 16.837683 27 9.408017
2 4 28 17.928230 43 2.992625 45 3.848798 42 8.735756
3
0 4 15 16.072892 44 4.616994 37 3.694663 32 6.017573
1 4 37 19.475865 16 1.057933 47 3.901052 22 17.842615
2 4 48 2.209048 18 9.401371 19 4.154988 32 12.014710
3
0 4 20 5.134334 25 6.335622 39 12.933277 32 13.186460
1 4 35 2.729900 45 15.745720 21 13.939201 28 12.347945
2 4 21 19.112667 28 16.947783 27 8.159568 37 14.826856
3
0 4 20 18.959185 28 6.117475 49 17.977882 21 9.014220
1 4 31 11.043396 23 8.409690 42 2.855949 21 8.006965
2 4 41 1.232009 35 4.617936 45 3.479824 38 19.635591
3
0 4 20 16.326195 41 17.026022 31 17.044835 26 11.654008
1 4 20 5.613722 31 2.672617 45 5.736368 48 7.183413
2 4 20 4.667371 27 10.556734 38 18.884679 32 5.909462
3
0 4 20 15.500147 21 11.784015 39 9.404637 35 4.779815
1 4 47 14.914232 43 1.264072 45 14.263664 26 3.095376
2 4 48 7.060917 28 4.735221 34 5.156871 41 5.289031
3
0 4 20 18.262265 26 12.839986 28 7.460816 35 1.199249
1 4 46 8.768588 33 4.048946 31 10.164500 37 4.970766
2 4 28 2.409592 46 3.830191 27 3.030332 23 10.125033
3
0 4 25 11.613896 28 18.479997 36 10.422874 30 13.478776
1 4 27 8.809518 48 10.321017 43 10.746687 38 2.366175
2 4 30 14.506407 34 2.890608 28 2.799610 47 2.933548
3
0 4 25 2.298704 32 13.599406 35 7.364356 33 11.953212
1 4 32 7.441616 37 3.205898 31 5.841818 45 10.350916
2 4 37 8.834119 33 1.727572 29 15.155118 27 14.231700
3
0 4 25 17.295573 45 18.634304 41 11.430358 46 9.453497
1 4 42 13.047373 43 1.472219 31 11.307642 47 18.871908
2 4 28 16.290812 49 11.620635 33 18.411004 42 13.846185
3
0 4 25 13.724006 38 13.673872 49 9.971288 32 6.400362
1 4 41 8.378591 48 11.027135 29 16.355802 35 6.792199
2 4 32 6.776241 41 2.653692 45 5.541230 48 19.199869
3
0 4 25 4.205182 45 1.255928 41 6.372033 29 15.739497
1 4 49 15.339943 33 11.713269 30 3.244122 48 17.903334
2 4 44 18.439470 40 17.341124 35 12.169714 33 8.019086
3
0 4 30 18.116148 40 19.286901 39 3.510942 49 5.407223
1 4 48 6.415064 41 7.035503 31 6.076179 34 12.112050
2 4 34 18.904655 38 4.977979 43 12.936387 41 4.661138
3
0 4 30 11.886237 40 5.976603 37 3.738215 33 10.949217
1 4 37 2.893618 38 15.563137 45 11.720956 41 5.163268
2 4 33 19.999977 35 13.238058 44 12.424270 30 14.927460
3
0 4 30 13.828052 34 17.953375 35 10.066465 42 10.349987
1 4 46 10.511800 47 12.368737 44 18.587948 38 9.937460
2 4 34 1.173582 47 8.786761 35 19.509548 32 18.244718
3
0 4 30 4.457914 48 18.630739 34 16.817292 31 11.314523
1 4 34 15.249694 46 19.109909 33 4.130109 48 2.408947
2 4 46 16.638340 32 12.534612 37 16.173710 33 12.704707
3
0 4 30 14.954307 33 7.810874 49 16.289661 36 11.764360
1 4 40 10.851281 48 17.945281 34 4.855012 46 19.018468
2 4 46 11.601793 45 2.731703 35 16.140997 47 17.470032
3
0 4 35 12.284253 41 10.212671 39 6.781823 47 11.582732
1 4 38 1.547508 35 12.027563 45 3.543837 39 17.828869
2 4 42 2.389513 43 19.460404 45 9.470307 37 19.618409
3
0 4 35 19.568042 36 2.602530 48 2.753915 38 8.525373
1 4 49 18.769152 35 16.631531 42 16.658838 47 9.189518
2 4 43 13.982548 45 13.240737 41 19.620772 46 19.957088
3
0 4 35 10.998616 38 11.207747 47 10.071047 37 4.868381
1 4 40 10.144109 36 11.659489 42 5.603274 45 9.400462
2 4 41 18.387502 47 7.646009 45 13.852293 36 14.972485
3
0 4 35 13.719545 42 1.082387 37 16.947814 38 12.311919
1 4 45 13.513823 41 7.947455 46 15.761117 39 11.288331
2 4 49 15.595867 43 13.226572 44 5.861118 48 15.248635
3
0 4 35 14.889870 36 8.078030 37 5.910872 45 12.892301
1 4 47 6.903687 36 17.244502 43 5.037856 42 11.866082
2 4 46 17.009124 42 6.642589 41 2.667721 45 10.530244
3
0 4 40 19.680579 46 10.575080 45 10.313274 48 9.728083
1 4 49 5.358652 40 11.806612 46 10.674452 42 16.045483
2 4 44 13.258483 45 15.739789 49 2.530345 48 9.555786
3
0 4 40 15.259307 48 8.520497 49 19.939340 42 17.858236
1 4 48 18.798285 41 12.503614 44 17.974056 45 14.334950
2 4 43 14.373013 47 4.179525 49 12.952798 48 3.875864
3
0 4 40 17.231567 47 19.609169 43 15.394731 44 2.188465
1 4 45 15.105577 49 3.473519 42 16.714747 44 12.059902
2 4 49 18.614134 44 8.653579 43 16.149890 47 6.981761
3
0 4 40 12.861151 46 1.376615 45 14.297696 41 12.721049
1 4 48 10.237445 49 13.856615 44 11.401905 43 7.382009
2 4 44 1.295574 46 15.667930 40 9.930549 48 14.370413
3
0 4 40 16.370760 45 10.325256 41 19.278781 42 13.251272
1 4 47 10.388588 40 5.234486 45 7.533817 44 17.947432
2 4 46 11.857213 43 4.211203 45 3.905345 42 12.971897
3
0 4 45 8.191663 48 14.100201 47 5.456389 49 1.492887
1 4 47 8.884092 49 3.571008 45 7.276769 46 16.346094
2 4 49 18.988838 47 18.824710 45 3.426694 48 1.164361
3
0 4 45 15.141810 48 14.195708 49 7.482017 47 8.647400
1 4 49 1.745257 45 1.098961 46 7.278787 48 5.193318
2 4 46 1.339788 47 11.745651 45 2.939537 49 13.897815
3
0 4 45 12.184057 49 17.013993 46 10.473550 47 19.648581
1 4 48 8.490572 49 16.334329 47 6.602180 46 18.805798
2 4 49 3.737438 47 17.927823 45 11.977038 46 7.587168
3
0 4 45 19.024246 48 7.788521 46 7.272203 47 7.014593
1 4 45 19.322535 49 13.091047 47 7.624007 48 6.648430
2 4 48 9.052207 47 2.916788 45 14.277881 49 4.735847
3
0 4 45 6.659737 48 6.819343 46 8.921055 47 11.183531
1 4 48 2.015158 45 10.427481 49 8.322165 47 5.436916
2 4 48 6.324328 47 18.280910 46 2.948265 49 19.403776
3
0 1 49 12.662775
1 1 49 13.172453
2 1 49 3.111824
3
0 1 49 18.338228
1 1 49 15.048483
2 1 49 18.024972
3
0 1 49 8.746006
1 1 49 13.181054
2 1 49 17.128989
3
0 1 49 9.109890
1 1 49 4.619406
2 1 49 11.836177
0
