50 49
3
0 1 5 18.114140
1 1 48 11.377002
2 1 14 10.530027
3
0 1 5 1.028911
1 1 7 10.578309
2 1 18 6.505040
3
0 1 5 15.255141
1 1 42 12.175435
2 1 18 14.492712
3
0 1 5 11.175046
1 1 49 14.341127
2 1 20 12.299151
3
0 1 5 2.776646
1 1 45 15.893937
2 1 30 4.742285
3
0 1 10 17.297502
1 1 40 10.892349
2 1 45 10.672929
3
0 1 10 2.702074
1 1 10 15.424021
2 1 35 10.856328
3
0 1 10 8.668169
1 1 21 18.578545
2 1 22 3.770333
3
0 1 10 3.107187
1 1 46 18.708706
2 1 30 10.384829
3
0 1 10 10.449145
1 1 31 17.500013
2 1 46 6.484187
3
0 1 15 11.120278
1 1 26 2.257924
2 1 16 8.626422
3
0 1 15 3.580241
1 1 31 19.967321
2 1 23 1.220160
3
0 1 15 13.531480
1 1 43 12.985582
2 1 15 5.885552
3
0 1 15 17.089038
1 1 23 7.155129
2 1 30 2.079983
3
0 1 15 8.051880
1 1 15 2.953981
2 1 27 3.023108
3
0 1 20 4.084901
1 1 38 1.562091
2 1 30 6.175362
3
0 1 20 4.900713
1 1 21 3.656801
2 1 48 13.381923
3
0 1 20 15.962056
1 1 31 14.195849
2 1 47 18.158261
3
0 1 20 17.265306
1 1 37 9.811822
2 1 35 10.653036
3
0 1 20 7.146610
1 1 37 11.155660
2 1 44 14.664912
3
0 1 25 3.683780
1 1 41 4.474081
2 1 39 5.937445
3
0 1 25 9.225824
1 1 46 1.126779
2 1 42 19.331362
3
0 1 25 19.544707
1 1 48 19.426474
2 1 38 11.330696
3
0 1 25 19.553898
1 1 29 12.539679
2 1 38 3.781305
3
0 1 25 12.414582
1 1 47 9.931914
2 1 39 16.657331
3
0 1 30 15.538114
1 1 30 4.715058
2 1 38 16.027946
3
0 1 30 4.339989
1 1 34 17.551742
2 1 34 8.160162
3
0 1 30 7.203518
1 1 45 4.643029
2 1 48 12.422634
3
0 1 30 19.081091
1 1 37 15.203097
2 1 48 13.892304
3
0 1 30 15.655964
1 1 46 4.989505
2 1 37 19.603288
3
0 1 35 16.018797
1 1 41 7.091414
2 1 42 2.129328
3
0 1 35 9.496607
1 1 38 7.827519
2 1 41 8.965147
3
0 1 35 5.271055
1 1 45 3.544720
2 1 40 7.469949
3
0 1 35 11.119216
1 1 43 4.926692
2 1 49 4.317885
3
0 1 35 1.505870
1 1 45 8.797593
2 1 38 14.267898
3
0 1 40 7.711151
1 1 48 14.703308
2 1 44 14.161233
3
0 1 40 13.168682
1 1 47 17.001681
2 1 45 10.038819
3
0 1 40 17.154519
1 1 41 1.251287
2 1 45 8.382854
3
0 1 40 13.411407
1 1 44 2.904555
2 1 45 19.043339
3
0 1 40 1.395818
1 1 46 2.424450
2 1 40 15.856490
3
0 1 45 5.616297
1 1 45 4.727348
2 1 45 16.641333
3
0 1 45 1.860275
1 1 46 13.760662
2 1 48 13.387408
3
0 1 45 19.012848
1 1 47 9.647637
2 1 49 17.995426
3
0 1 45 17.416484
1 1 46 5.881054
2 1 48 6.623198
3
0 1 45 9.684875
1 1 47 6.004273
2 1 48 15.088986
3
0 1 49 15.985715
1 1 49 14.186217
2 1 49 6.862085
3
0 1 49 17.820305
1 1 49 1.275725
2 1 49 13.779824
3
0 1 49 5.732925
1 1 49 14.001201
2 1 49 13.323450
3
0 1 49 10.664855
1 1 49 10.264989
2 1 49 14.361966
0
