50 49
3
0 1 5 10.520415
1 1 48 19.319685
2 1 43 3.994112
3
0 1 5 3.574998
1 1 27 8.850791
2 1 24 5.284788
3
0 1 5 1.977590
1 1 12 5.996150
2 1 11 14.553965
3
0 1 5 5.251397
1 1 46 15.835431
2 1 7 3.836799
3
0 1 5 2.608420
1 1 46 4.103256
2 1 31 19.063426
3
0 1 10 10.548716
1 1 46 8.751772
2 1 46 15.551555
3
0 1 10 10.003449
1 1 28 9.792238
2 1 25 17.381626
3
0 1 10 10.427070
1 1 18 7.079955
2 1 28 4.546085
3
0 1 10 14.944670
1 1 40 5.846124
2 1 48 14.337762
3
0 1 10 19.016309
1 1 43 5.587042
2 1 24 5.892098
3
0 1 15 1.573226
1 1 33 13.943716
2 1 30 10.903462
3
0 1 15 19.326651
1 1 22 12.444193
2 1 49 16.149929
3
0 1 15 11.298480
1 1 27 17.499023
2 1 28 2.141405
3
0 1 15 13.966649
1 1 19 13.087338
2 1 36 5.266484
3
0 1 15 18.795224
1 1 47 9.519676
2 1 36 6.728314
3
0 1 20 16.114366
1 1 46 4.200359
2 1 33 1.038375
3
0 1 20 7.212559
1 1 34 4.098429
2 1 49 18.129928
3
0 1 20 12.778537
1 1 46 6.114530
2 1 23 12.382249
3
0 1 20 1.024764
1 1 23 10.257449
2 1 21 8.507193
3
0 1 20 5.519982
1 1 38 16.797394
2 1 46 5.563091
3
0 1 25 12.163098
1 1 36 1.822054
2 1 37 8.911306
3
0 1 25 18.456612
1 1 44 1.752405
2 1 45 13.406920
3
0 1 25 11.701494
1 1 48 8.488475
2 1 27 5.878724
3
0 1 25 2.160383
1 1 32 14.269953
2 1 49 4.060302
3
0 1 25 9.248718
1 1 29 17.569830
2 1 25 9.598615
3
0 1 30 16.076790
1 1 32 19.817354
2 1 44 3.461661
3
0 1 30 12.138636
1 1 32 13.071545
2 1 45 14.595615
3
0 1 30 3.659898
1 1 34 3.941786
2 1 45 15.727826
3
0 1 30 19.801392
1 1 39 16.150656
2 1 38 6.555106
3
0 1 30 14.802714
1 1 30 3.520021
2 1 46 2.782081
3
0 1 35 10.359734
1 1 36 1.564569
2 1 38 2.276469
3
0 1 35 17.255436
1 1 45 5.296120
2 1 43 19.427363
3
0 1 35 18.583351
1 1 44 16.039482
2 1 37 15.095120
3
0 1 35 19.656275
1 1 35 12.741224
2 1 35 17.982857
3
0 1 35 3.377316
1 1 45 6.378846
2 1 47 12.883899
3
0 1 40 8.512968
1 1 48 7.803419
2 1 44 2.214979
3
0 1 40 5.425608
1 1 44 12.064682
2 1 49 8.451206
3
0 1 40 8.525550
1 1 45 19.978301
2 1 48 14.644570
3
0 1 40 3.654876
1 1 49 16.437971
2 1 49 10.339150
3
0 1 40 15.811192
1 1 46 16.662866
2 1 45 3.348651
3
0 1 45 8.488804
1 1 49 17.421255
2 1 45 17.898406
3
0 1 45 8.178077
1 1 49 8.215751
2 1 47 19.499017
3
0 1 45 15.690774
1 1 45 19.304849
2 1 45 10.823114
3
0 1 45 9.769573
1 1 46 16.034319
2 1 45 17.022496
3
0 1 45 5.816186
1 1 49 7.875222
2 1 47 11.457121
3
0 1 49 2.107058
1 1 49 8.449968
2 1 49 9.238142
3
0 1 49 14.240892
1 1 49 5.483731
2 1 49 6.577741
3
0 1 49 14.945369
1 1 49 14.609054
2 1 49 12.633796
3
0 1 49 1.201872
1 1 49 2.750771
2 1 49 19.058072
0
