50 49
3
0 4 5 6.925542 46 10.962137 22 13.857468 13 11.652566
1 4 27 7.679045 22 9.155509 31 1.865086 12 18.810987
2 4 32 5.546102 37 10.073626 27 9.726749 10 3.845332
3
0 4 5 6.461688 43 12.422220 41 6.129823 32 10.626631
1 4 31 4.574351 12 8.159026 49 3.036188 5 1.083675
2 4 5 11.906990 28 2.741821 22 19.968928 45 3.606835
3
0 4 5 9.839297 23 1.554841 46 3.296712 44 18.180418
1 4 43 13.228868 44 14.116215 9 4.589040 33 10.830065
2 4 40 15.948163 43 9.090621 42 19.276612 15 14.031832
3
0 4 5 16.741639 47 4.774098 31 10.390177 17 11.717623
1 4 20 7.692463 43 11.327082 30 19.252115 14 1.707651
2 4 35 6.213440 48 3.628923 14 2.466563 44 2.847298
3
0 4 5 6.921264 41 6.292716 10 7.071734 42 12.366971
1 4 13 6.057920 10 14.400283 21 12.860813 40 10.914051
2 4 34 16.553890 17 8.485382 8 17.140445 44 4.681606
3
0 4 10 10.479264 26 3.251633 40 9.710646 39 16.891838
1 4 24 19.664279 15 10.402511 16 6.282138 33 8.533789
2 4 42 14.026505 19 19.229444 22 14.962443 38 18.099377
3
0 4 10 2.830789 48 18.621224 37 10.484182 46 15.409281
1 4 31 2.561074 29 9.026920 21 1.762384 12 18.262207
2 4 35 18.723163 40 11.628899 36 17.222884 13 13.590584
3
0 4 10 9.708162 19 3.256803 29 1.659194 30 19.676012
1 4 35 18.964160 24 4.469802 28 9.659922 45 16.499248
2 4 43 1.496359 42 11.175864 13 3.435958 25 18.816722
3
0 4 10 15.026456 32 1.556156 18 10.143221 20 4.743098
1 4 38 11.411668 12 9.855104 25 8.122957 48 18.586263
2 4 32 11.155692 24 3.097398 17 18.216232 15 6.487938
3
0 4 10 14.090541 47 10.638935 29 7.714382 12 7.827372
1 4 49 13.878541 35 5.518031 46 11.400594 12 9.885657
2 4 33 18.213367 20 11.425200 22 19.004805 23 13.258341
3
0 4 15 1.794637 18 13.344760 33 3.206421 32 18.756993
1 4 15 6.341986 22 14.408751 26 7.332923 19 16.898305
2 4 37 14.770899 15 11.512178 30 16.496982 29 6.915934
3
0 4 15 1.134285 27 17.022248 38 11.681799 43 16.771731
1 4 43 12.479233 42 17.161331 27 15.144781 25 3.706582
2 4 32 5.190450 42 11.677232 40 4.548303 37 16.182305
3
0 4 15 10.710208 24 9.608711 25 10.593330 19 18.240039
1 4 21 2.128722 35 19.997795 49 18.836959 32 4.181509
2 4 18 18.831765 30 17.554928 48 2.202357 46 16.976307
3
0 4 15 16.398133 38 8.269948 20 18.970150 35 9.626580
1 4 48 15.452911 29 13.093041 21 4.542369 34 13.682697
2 4 27 12.542678 43 6.332193 26 1.446191 18 9.835524
3
0 4 15 7.149700 43 18.074277 18 11.095507 28 19.170029
1 4 21 3.289604 38 15.658608 29 15.899628 23 3.726279
2 4 49 6.528333 25 10.028777 16 9.328936 45 2.306417
3
0 4 20 16.358286 35 13.357169 47 18.976495 48 18.341769
1 4 41 4.068472 39 6.236579 44 4.839476 45 1.313154
2 4 45 2.557553 30 4.544682 46 7.390727 43 9.063116
3
0 4 20 10.011767 48 19.199105 45 13.407836 37 9.968421
1 4 45 5.130389 22 7.843115 42 2.526877 29 13.105015
2 4 48 2.869933 26 18.950228 25 5.048299 33 14.074329
3
0 4 20 5.367012 47 10.830462 36 16.033759 33 5.151653
1 4 47 12.788218 22 4.632852 37 14.827786 41 1.430614
2 4 35 4.988902 40 19.153980 21 14.432526 22 19.872925
3
0 4 20 5.204802 34 10.469919 30 7.746244 28 6.471254
1 4 44 8.701275 23 12.294222 39 12.988103 27 12.735952
2 4 23 17.319488 45 1.151250 25 14.680053 38 19.138079
3
0 4 20 17.304801 31 7.202244 37 19.589551 41 9.923817
1 4 35 4.558413 32 5.440061 22 9.748853 43 16.745817
2 4 32 12.488170 35 13.887413 28 7.777633 38 8.067709
3
0 4 25 7.305885 41 5.741863 37 8.436962 27 11.754088
1 4 31 15.959010 34 13.796791 40 2.884997 38 14.429355
2 4 35 9.734868 33 3.059498 47 5.330191 37 8.346427
3
0 4 25 6.109600 48 1.307359 32 1.258274 49 5.366434
1 4 43 19.225196 42 5.736387 39 14.348926 31 2.358588
2 4 33 14.316292 46 17.585842 47 12.037328 35 12.832867
3
0 4 25 1.915879 44 17.625152 45 19.607805 27 10.696734
1 4 38 6.699678 40 15.309407 39 15.671105 33 7.303899
2 4 34 11.737027 45 3.587048 46 13.507144 47 12.272482
3
0 4 25 18.796128 49 10.476888 46 16.748288 42 19.456547
1 4 31 5.377465 46 5.162831 35 16.697923 36 16.886305
2 4 28 18.909338 29 10.267788 34 11.356868 31 2.032587
3
0 4 25 11.808942 31 8.328197 29 4.168721 38 15.279856
1 4 34 16.758129 27 7.935784 36 14.134351 41 15.054214
2 4 27 18.404249 29 4.959698 40 18.409143 44 10.457905
3
0 4 30 17.716725 49 8.204840 47 13.765304 46 13.369660
1 4 35 17.340300 48 12.711131 40 15.519715 47 2.761770
2 4 34 15.822012 41 11.530602 49 3.622251 46 11.564449
3
0 4 30 13.427792 44 13.731746 32 9.096182 37 12.488401
1 4 34 2.126086 31 10.211002 45 13.967277 43 13.960837
2 4 48 17.057156 44 9.304567 41 8.274409 34 4.133083
3
0 4 30 5.863695 45 19.776745 47 8.889476 36 18.023236
1 4 41 2.700940 49 8.883351 37 3.980821 46 7.090994
2 4 47 2.169984 34 16.179600 36 18.911240 40 1.270144
3
0 4 30 9.693633 34 5.628879 41 12.660171 49 18.477671
1 4 47 12.321473 36 5.661611 45 10.420876 41 14.591189
2 4 35 2.968715 44 15.737275 33 7.541652 41 2.206673
3
0 4 30 15.772641 44 10.236039 31 18.524975 45 14.788504
1 4 32 3.305715 31 7.734398 44 3.863350 41 5.331312
2 4 44 1.130036 36 12.809779 49 11.250624 40 12.559060
3
0 4 35 9.049455 49 7.817384 37 2.136402 47 10.670720
1 4 43 7.638674 36 9.503705 39 5.896219 46 6.354059
2 4 39 18.903500 46 11.129804 47 8.329298 41 12.558764
3
0 4 35 2.644979 44 3.781089 46 3.853109 38 1.595059
1 4 49 12.701310 46 11.602880 35 16.982254 36 6.469977
2 4 48 15.489887 46 12.998933 38 16.133365 36 10.385586
3
0 4 35 10.814750 43 6.380556 46 15.968765 40 19.956319
1 4 43 14.282646 38 1.838776 39 6.931059 41 18.723475
2 4 41 11.121889 42 18.391243 38 19.543335 43 14.382406
3
0 4 35 14.241883 48 8.185316 39 9.406946 38 15.956569
1 4 39 16.050047 35 17.890433 40 12.612209 46 12.556641
2 4 48 2.909494 46 6.022399 39 11.160427 36 1.696915
3
0 4 35 3.646655 36 17.594433 38 15.264092 45 9.180969
1 4 44 16.593228 49 7.838281 38 16.949611 45 11.527923
2 4 42 2.941631 45 19.088724 47 7.170721 36 13.045542
3
0 4 40 6.683068 44 18.619398 45 6.764722 47 3.747056
1 4 42 14.374500 44 17.223944 41 17.905409 47 3.098712
2 4 45 5.752104 41 3.150303 43 7.550155 44 17.803592
3
0 4 40 2.235217 41 11.798297 49 9.919732 46 9.522377
1 4 45 17.938788 48 7.261736 43 8.008893 46 11.171521
2 4 42 16.936155 48 12.224507 43 16.310276 41 18.837632
3
0 4 40 2.405776 45 19.550533 46 7.003997 48 12.397498
1 4 41 17.782726 49 18.352842 47 9.992580 40 12.225902
2 4 41 7.594589 42 13.534232 45 14.720229 48 15.538369
3
0 4 40 4.520355 44 16.049107 47 19.874854 43 10.399123
1 4 43 5.036408 42 14.397331 44 6.251621 49 18.155787
2 4 43 18.894041 46 10.984231 45 11.051110 44 2.251881
3
0 4 40 17.642752 47 12.280870 42 15.025363 46 10.141673
1 4 45 5.202467 46 17.440402 47 9.595099 48 17.776135
2 4 44 11.281879 41 8.219043 48 8.774562 46 5.165352
3
0 4 45 4.275386 46 1.645625 47 13.990229 48 5.720240
1 4 45 17.559206 46 4.444062 48 3.250874 49 13.734604
2 4 47 14.695742 46 8.797754 49 5.711847 48 19.508930
3
0 4 45 9.623245 46 6.133573 47 13.487185 49 7.446085
1 4 49 5.057091 46 7.937182 48 13.806600 45 9.300483
2 4 47 4.008102 49 13.521140 45 10.921511 46 12.690493
3
0 4 45 18.260846 46 1.866012 49 10.526973 48 10.771389
1 4 45 5.588743 49 10.244563 46 9.039465 47 4.789634
2 4 47 16.771307 45 15.846032 46 2.552541 49 11.282115
3
0 4 45 9.861949 49 13.270934 46 5.993903 47 7.968632
1 4 45 2.719852 48 2.638767 47 2.344965 46 19.305525
2 4 46 1.555653 48 16.581593 45 9.974233 49 14.151427
3
0 4 45 18.000886 49 10.891378 46 10.015087 47 10.384223
1 4 47 5.931026 48 4.522513 49 6.963039 45 12.770640
2 4 47 13.723718 48 7.287325 49 6.583504 45 19.183256
3
0 1 49 13.981490
1 1 49 8.394784
2 1 49 18.902028
3
0 1 49 2.289169
1 1 49 4.685948
2 1 49 11.871358
3
0 1 49 15.931443
1 1 49 16.926367
2 1 49 8.891607
3
0 1 49 3.639220
1 1 49 4.034977
2 1 49 2.581486
0
