50 49
3
0 1 5 4.815928
1 1 19 1.564818
2 1 19 15.864245
3
0 1 5 8.902715
1 1 32 3.067151
2 1 14 13.986480
3
0 1 5 10.502781
1 1 45 9.346779
2 1 8 11.144601
3
0 1 5 4.761221
1 1 20 15.719988
2 1 44 6.417370
3
0 1 5 12.134648
1 1 19 3.540336
2 1 34 18.410927
3
0 1 10 3.816684
1 1 15 3.998109
2 1 29 18.980385
3
0 1 10 13.930037
1 1 32 17.724146
2 1 24 3.690300
3
0 1 10 6.776512
1 1 36 14.898665
2 1 20 13.554287
3
0 1 10 6.340112
1 1 49 16.980691
2 1 37 15.052798
3
0 1 10 10.642258
1 1 13 13.486623
2 1 16 10.079058
3
0 1 15 5.876338
1 1 40 1.174789
2 1 25 14.192799
3
0 1 15 19.612061
1 1 26 1.389449
2 1 16 7.320434
3
0 1 15 14.282800
1 1 38 4.942515
2 1 24 1.318751
3
0 1 15 14.838080
1 1 19 11.744087
2 1 18 2.440626
3
0 1 15 10.874209
1 1 44 16.225712
2 1 46 2.305707
3
0 1 20 11.958772
1 1 25 5.733579
2 1 33 14.265035
3
0 1 20 6.344015
1 1 34 8.505086
2 1 34 2.297974
3
0 1 20 5.151461
1 1 43 1.556715
2 1 21 9.936987
3
0 1 20 13.508689
1 1 49 12.276594
2 1 32 7.493088
3
0 1 20 18.922124
1 1 47 11.019664
2 1 30 6.696885
3
0 1 25 17.541618
1 1 47 19.365103
2 1 49 11.319758
3
0 1 25 13.590703
1 1 26 10.985512
2 1 26 8.037538
3
0 1 25 7.370286
1 1 30 7.848065
2 1 28 15.316693
3
0 1 25 6.417719
1 1 45 13.148922
2 1 49 6.978222
3
0 1 25 10.218764
1 1 43 4.786426
2 1 32 16.158600
3
0 1 30 3.094207
1 1 44 1.602956
2 1 36 2.363365
3
0 1 30 16.907964
1 1 49 12.293262
2 1 44 3.022071
3
0 1 30 9.679243
1 1 37 8.212250
2 1 35 10.500156
3
0 1 30 19.012331
1 1 48 6.519883
2 1 37 15.023670
3
0 1 30 8.253449
1 1 32 6.728682
2 1 35 6.051551
3
0 1 35 4.707397
1 1 43 3.834262
2 1 39 1.658916
3
0 1 35 10.527518
1 1 39 9.071970
2 1 35 15.567950
3
0 1 35 16.167340
1 1 49 16.228751
2 1 44 6.109078
3
0 1 35 5.694553
1 1 44 18.412459
2 1 35 3.577751
3
0 1 35 13.229541
1 1 36 11.149849
2 1 48 3.238789
3
0 1 40 6.791121
1 1 44 8.985617
2 1 41 7.844316
3
0 1 40 6.855850
1 1 41 8.435973
2 1 42 17.862590
3
0 1 40 8.982286
1 1 41 8.477401
2 1 42 18.393876
3
0 1 40 4.080245
1 1 42 3.772128
2 1 45 2.496902
3
0 1 40 11.083256
1 1 43 8.234460
2 1 41 11.164133
3
0 1 45 17.958979
1 1 46 15.497738
2 1 48 8.405212
3
0 1 45 9.651778
1 1 48 11.042638
2 1 45 2.960220
3
0 1 45 10.033276
1 1 46 15.428762
2 1 46 19.606216
3
0 1 45 14.251354
1 1 49 17.569545
2 1 45 5.571924
3
0 1 45 9.855720
1 1 46 11.522097
2 1 47 16.191787
3
0 1 49 2.243451
1 1 49 15.537836
2 1 49 14.096950
3
0 1 49 16.882401
1 1 49 16.772255
2 1 49 4.272214
3
0 1 49 13.008826
1 1 49 5.556434
2 1 49 7.241607
3
0 1 49 2.011803
1 1 49 2.647381
2 1 49 18.791352
0
