50 49
3
0 3 5 11.577362 6 15.298060 49 5.969214
1 3 21 1.233288 37 6.563296 29 11.223024
2 3 22 8.337641 13 1.057129 37 19.536512
3
0 3 5 19.566077 9 3.662821 24 6.744759
1 3 42 14.579289 35 12.763702 27 6.502455
2 3 33 13.031593 18 11.902097 37 16.107191
3
0 3 5 12.501168 19 8.953931 18 8.391550
1 3 16 13.209506 7 10.247618 22 12.834186
2 3 27 9.334708 20 18.139373 23 11.347205
3
0 3 5 1.381254 34 19.651721 19 2.420181
1 3 10 13.390947 34 14.198626 19 4.796600
2 3 44 18.644194 12 16.196762 36 8.412529
3
0 3 5 10.286038 16 18.667858 8 11.372835
1 3 15 1.120312 34 2.256244 36 12.500309
2 3 10 10.085588 19 12.550372 17 16.354181
3
0 3 10 16.426993 27 17.326947 26 19.005086
1 3 30 13.870141 11 18.198346 17 17.821308
2 3 34 10.945978 38 9.490115 27 19.056475
3
0 3 10 5.405675 38 5.352618 30 8.003235
1 3 38 5.032313 30 19.574757 47 15.374020
2 3 40 7.711211 39 3.288576 49 7.772676
3
0 3 10 1.011722 44 10.122286 39 19.019743
1 3 28 15.348359 34 1.834808 47 12.799612
2 3 33 4.533954 39 8.477835 34 3.270721
3
0 3 10 2.161337 40 14.721356 12 14.720984
1 3 24 7.807652 31 3.283145 27 9.110209
2 3 27 2.710604 32 4.058448 13 8.632610
3
0 3 10 2.786134 16 8.978846 35 11.103083
1 3 33 9.041542 25 9.484509 45 1.068409
2 3 10 6.294393 26 13.397084 40 11.251091
3
0 3 15 15.731093 28 9.543499 44 18.090455
1 3 49 15.884348 41 18.929936 34 10.037691
2 3 40 12.879825 18 4.979881 17 10.171665
3
0 3 15 6.942085 37 11.416929 35 10.427201
1 3 15 17.182751 43 3.814585 49 15.829387
2 3 35 10.618688 32 5.680098 23 17.100202
3
0 3 15 13.958854 35 8.637653 41 18.244180
1 3 20 7.602247 30 3.081261 18 5.719687
2 3 40 2.062668 43 1.679463 41 11.539164
3
0 3 15 2.656974 44 3.703390 43 17.102818
1 3 39 18.958470 28 18.468275 35 8.718407
2 3 42 10.980303 49 10.435296 16 4.260326
3
0 3 15 10.820606 34 9.024928 42 7.785337
1 3 48 2.057435 22 15.059972 16 1.517238
2 3 33 6.728186 37 4.809478 26 8.277601
3
0 3 20 17.122230 34 11.803113 48 7.227389
1 3 33 13.561002 28 16.499015 48 12.408494
2 3 45 19.436958 22 15.205226 26 15.325179
3
0 3 20 8.205619 34 1.545515 38 16.085940
1 3 27 11.651229 28 12.716303 46 13.974156
2 3 44 19.248602 28 16.934725 39 8.995275
3
0 3 20 7.779220 42 9.892708 45 18.849955
1 3 37 7.416793 48 11.436305 47 13.471153
2 3 24 1.837524 27 11.022059 48 2.934809
3
0 3 20 1.834293 38 18.445926 27 12.530106
1 3 34 11.033759 28 14.349010 32 18.056788
2 3 27 13.718582 37 16.050878 40 18.053478
3
0 3 20 3.504003 25 13.427163 39 10.682503
1 3 24 16.479938 46 15.974062 48 4.913360
2 3 28 17.529473 47 13.055253 35 17.281523
3
0 3 25 3.034672 47 13.540887 39 18.838239
1 3 39 10.056803 37 2.572022 40 8.649085
2 3 30 14.218248 48 4.067165 35 15.872496
3
0 3 25 4.678044 44 17.625935 27 14.166308
1 3 38 9.901320 49 17.453272 43 17.344634
2 3 31 3.037952 45 1.195097 29 18.127251
3
0 3 25 2.745803 44 3.512317 38 5.076166
1 3 27 14.239376 36 11.359861 35 18.236580
2 3 43 17.013164 27 2.536973 39 9.215524
3
0 3 25 16.548405 46 3.455986 32 8.014012
1 3 46 18.127147 25 14.100731 27 9.145925
2 3 26 10.805746 41 6.697507 45 4.349570
3
0 3 25 17.906292 44 5.784855 46 1.310742
1 3 31 4.840773 30 12.425283 27 9.856437
2 3 37 16.248628 45 19.714582 36 13.019223
3
0 3 30 12.808315 43 19.574938 49 4.883092
1 3 46 2.076470 43 12.068741 32 13.385588
2 3 30 5.148791 47 7.422446 42 1.830711
3
0 3 30 4.023566 35 15.404860 34 3.000072
1 3 32 11.071896 33 3.866706 34 16.595623
2 3 49 10.033477 48 4.911654 39 4.190027
3
0 3 30 5.465722 33 11.619979 49 13.034491
1 3 33 14.221846 49 7.033746 37 18.069167
2 3 40 12.772122 49 10.938086 48 17.107062
3
0 3 30 8.183626 35 7.006265 44 19.475122
1 3 30 17.848383 44 1.633877 45 18.160581
2 3 44 12.121477 41 7.158914 45 3.529772
3
0 3 30 7.901266 34 16.969531 42 16.216966
1 3 34 11.454452 35 13.791551 38 3.434616
2 3 41 4.291906 47 15.931845 42 5.566679
3
0 3 35 3.254489 41 11.435825 39 6.303725
1 3 49 6.775603 37 2.591120 41 6.043481
2 3 46 10.536176 36 5.625042 39 14.497851
3
0 3 35 13.328546 36 3.960691 40 4.502787
1 3 45 19.261946 42 6.714265 39 15.835275
2 3 48 16.109989 41 9.666405 47 12.301485
3
0 3 35 9.960358 43 9.788224 42 6.126549
1 3 46 3.004594 39 2.487265 35 16.584441
2 3 42 16.384658 36 8.592761 47 2.549807
3
0 3 35 9.586823 44 1.410254 49 6.676653
1 3 45 10.083202 48 15.751469 36 4.182520
2 3 37 5.744950 43 2.693170 42 9.110788
3
0 3 35 9.251982 42 17.929794 37 13.491866
1 3 42 1.812655 45 2.203718 35 11.042255
2 3 35 2.424430 42 18.496806 40 18.477400
3
0 3 40 3.682290 43 10.090472 45 8.638983
1 3 46 6.453305 43 15.731696 48 7.451819
2 3 43 8.247194 46 13.695626 47 18.871231
3
0 3 40 13.430608 47 16.233859 41 2.076439
1 3 43 9.678078 47 16.407055 45 5.492959
2 3 42 9.868179 48 18.766545 43 17.908024
3
0 3 40 17.880953 41 15.821551 43 17.710364
1 3 45 17.792581 41 15.449149 48 10.771713
2 3 46 2.761670 44 6.896466 47 13.086414
3
0 3 40 5.566186 47 8.187708 46 4.303661
1 3 41 2.325076 40 3.893254 44 10.259240
2 3 40 15.701060 44 12.971124 41 1.645913
3
0 3 40 2.692785 41 12.192157 42 10.177593
1 3 41 10.503170 40 15.171514 45 8.055687
2 3 44 5.192447 42 16.266265 47 16.971524
3
0 3 45 5.020935 48 2.664228 47 8.080158
1 3 47 6.546996 46 13.430356 49 17.146582
2 3 46 7.234008 49 17.746839 47 19.807648
3
0 3 45 12.683368 48 14.318674 46 18.579158
1 3 48 9.877734 46 1.386392 47 3.284368
2 3 47 11.755781 46 17.528871 48 15.821399
3
0 3 45 16.229758 49 19.192802 46 4.171840
1 3 46 10.935985 45 14.621677 47 16.663849
2 3 45 14.233952 48 18.223260 47 10.930168
3
0 3 45 1.924364 48 4.525254 49 1.885116
1 3 49 18.420306 48 8.368957 45 17.351393
2 3 48 7.010060 49 18.206986 45 2.469136
3
0 3 45 7.644523 49 18.302625 47 11.131513
1 3 47 1.451526 45 7.523196 48 13.104439
2 3 45 3.067476 46 10.421307 48 6.582936
3
0 1 49 2.428414
1 1 49 19.305183
2 1 49 2.995663
3
0 1 49 15.455671
1 1 49 15.909373
2 1 49 16.380172
3
0 1 49 14.835471
1 1 49 7.114790
2 1 49 9.031928
3
0 1 49 7.661000
1 1 49 9.523600
2 1 49 1.573473
0
