50 49
3
0 3 5 4.244234 44 8.060430 10 11.707669
1 3 38 15.223227 39 7.740074 18 2.880997
2 3 48 12.420880 31 8.586296 15 7.111450
3
0 3 5 6.764710 38 7.851517 37 14.048796
1 3 7 12.872069 30 5.198263 48 8.553929
2 3 45 1.411554 14 9.127544 36 18.823820
3
0 3 5 2.498341 48 19.241162 41 12.670794
1 3 9 17.801312 32 14.944923 8 10.482765
2 3 8 14.862233 15 2.844187 22 14.149182
3
0 3 5 5.562643 41 4.462209 14 10.032306
1 3 39 17.837979 31 3.069999 35 19.514768
2 3 14 8.938649 18 14.116344 15 4.628285
3
0 3 5 12.611410 47 10.952363 36 3.784494
1 3 25 3.487347 21 3.657801 33 18.303818
2 3 27 3.534564 28 14.118352 36 17.669512
3
0 3 10 12.846869 23 10.235628 28 4.394222
1 3 18 7.556696 20 14.390873 46 14.035390
2 3 40 15.856543 22 3.931032 28 17.509714
3
0 3 10 14.754461 19 5.348602 37 2.680731
1 3 10 1.414876 25 5.248311 45 5.664902
2 3 20 1.165315 14 14.124354 39 18.148139
3
0 3 10 16.238897 27 8.478075 12 13.124770
1 3 29 2.655225 21 16.267884 14 18.782469
2 3 34 1.628783 38 1.573361 19 16.639017
3
0 3 10 14.457208 39 14.893263 32 2.151659
1 3 14 11.226617 45 9.261259 48 5.609611
2 3 37 16.986032 45 5.536501 36 19.631965
3
0 3 10 13.849185 12 17.699675 49 15.264888
1 3 35 12.906724 13 9.223253 36 15.557692
2 3 48 8.031935 30 14.253799 15 6.851619
3
0 3 15 11.207815 23 7.475043 32 4.122637
1 3 15 10.626987 28 13.375571 17 7.202700
2 3 27 9.440183 22 15.245530 38 3.236181
3
0 3 15 14.942283 37 16.393962 36 4.467897
1 3 34 17.370215 23 10.215987 44 1.402550
2 3 46 15.920744 24 5.642406 37 15.416314
3
0 3 15 11.148875 18 3.364647 25 12.492139
1 3 17 12.871131 37 11.926621 31 2.062791
2 3 28 10.946969 17 7.731582 19 12.618213
3
0 3 15 12.230673 39 13.533135 28 6.700368
1 3 40 15.161603 36 16.932998 31 10.850771
2 3 35 15.006125 44 1.610173 20 18.291856
3
0 3 15 9.832136 32 8.346130 37 2.994442
1 3 30 1.107461 25 2.042129 27 5.902447
2 3 37 5.097089 48 6.834109 46 15.365665
3
0 3 20 15.301647 33 18.141558 40 19.908389
1 3 22 5.692985 23 3.108131 47 18.019950
2 3 29 9.509051 38 14.485042 40 18.868859
3
0 3 20 6.637385 36 11.310089 38 6.491143
1 3 38 10.936385 32 19.816546 34 4.167572
2 3 35 12.411538 29 6.227382 48 2.335174
3
0 3 20 15.246345 47 3.250881 43 1.949799
1 3 45 19.329196 43 15.244681 23 7.147580
2 3 43 2.495346 39 9.809197 26 12.272328
3
0 3 20 3.468185 23 18.071204 41 17.918577
1 3 36 14.388721 42 12.370118 25 10.849145
2 3 40 9.592370 28 7.250109 43 11.777006
3
0 3 20 10.436112 48 16.110163 23 9.454434
1 3 25 15.525913 23 18.764307 33 2.653100
2 3 35 10.693884 20 11.202034 37 6.571808
3
0 3 25 4.831581 26 9.145698 46 7.954851
1 3 34 18.501905 45 14.139014 36 9.026048
2 3 37 6.136949 45 11.107841 26 10.218822
3
0 3 25 12.305194 27 3.537593 39 8.578646
1 3 37 3.098538 45 4.128377 44 1.016288
2 3 46 1.697084 49 9.604298 32 1.926388
3
0 3 25 14.941324 33 18.631693 41 12.356568
1 3 46 16.922929 49 11.866089 47 17.056431
2 3 42 16.047142 40 17.322858 34 11.034709
3
0 3 25 11.322186 39 14.479373 35 8.934757
1 3 29 9.075954 26 7.621255 27 14.965435
2 3 34 6.419287 27 5.634789 41 10.038206
3
0 3 25 4.186152 46 9.119146 43 9.077627
1 3 43 13.423303 28 13.799014 49 1.940218
2 3 37 9.325595 39 16.122477 27 5.297218
3
0 3 30 8.577251 42 7.947486 34 12.774343
1 3 48 10.225699 32 8.614687 42 4.187637
2 3 40 7.103251 47 5.754638 31 10.312215
3
0 3 30 19.807582 34 3.962800 42 17.981018
1 3 47 7.664446 32 2.608374 43 9.832547
2 3 45 14.439767 42 11.023459 34 7.540141
3
0 3 30 7.443460 45 6.125954 36 1.143399
1 3 38 15.702123 33 11.602527 39 18.626122
2 3 44 16.816034 40 16.508369 31 6.129451
3
0 3 30 8.955143 36 4.486388 45 15.884962
1 3 38 6.014753 48 13.281747 35 2.484793
2 3 43 2.681077 47 3.310236 35 3.568229
3
0 3 30 9.367862 41 15.049684 33 17.793176
1 3 47 8.944946 40 8.327225 44 16.172468
2 3 39 7.059443 49 12.763781 43 15.261226
3
0 3 35 7.472422 38 14.968029 49 17.653145
1 3 49 17.450024 41 15.693440 47 13.504323
2 3 39 1.881775 37 19.916389 42 13.379310
3
0 3 35 13.253448 48 13.937602 38 8.141090
1 3 36 3.595410 45 9.570320 35 6.201306
2 3 41 19.621781 48 19.144388 36 18.564706
3
0 3 35 13.895834 37 9.713975 38 3.553669
1 3 40 17.361844 42 6.460437 35 6.864270
2 3 44 16.192420 46 7.831568 41 11.437145
3
0 3 35 16.950308 43 2.616020 37 17.345776
1 3 35 5.420356 36 3.163118 39 16.472508
2 3 47 1.423074 44 8.336966 43 5.616095
3
0 3 35 8.307593 48 6.835133 49 5.611302
1 3 37 8.391056 40 18.244209 36 13.177118
2 3 44 11.932988 47 17.925135 38 10.249188
3
0 3 40 14.246553 44 16.439864 43 4.970151
1 3 45 9.911270 47 10.600054 40 8.532487
2 3 49 3.652776 42 2.690384 41 7.586043
3
0 3 40 1.667834 42 16.615073 48 1.254884
1 3 49 13.338941 44 14.445835 40 10.149301
2 3 43 17.422557 42 7.341421 46 8.778095
3
0 3 40 19.012661 47 7.177469 45 14.463612
1 3 48 10.806595 45 3.344012 41 2.945005
2 3 43 9.843821 47 14.901665 48 5.223963
3
0 3 40 3.280241 41 16.090248 43 6.789388
1 3 45 1.549260 40 3.776661 41 18.437295
2 3 44 14.371989 40 10.249703 49 17.564623
3
0 3 40 5.589853 42 3.928773 48 12.460899
1 3 47 3.293715 41 6.607591 43 15.994022
2 3 42 10.487338 48 12.467891 46 15.541117
3
0 3 45 8.543640 47 11.178735 49 4.065609
1 3 49 3.332880 48 1.339549 47 4.780076
2 3 49 13.884799 45 13.704154 46 7.419593
3
0 3 45 3.372448 47 13.618157 46 13.552966
1 3 45 6.926227 47 17.651652 46 2.675967
2 3 45 19.749151 46 13.486581 48 8.226936
3
0 3 45 4.981805 46 18.373193 47 4.785633
1 3 46 6.781550 48 19.629006 47 9.518738
2 3 47 8.880634 49 3.548474 46 8.003315
3
0 3 45 2.242252 49 6.518880 48 11.636689
1 3 46 18.473434 47 10.959325 45 17.559110
2 3 47 8.482457 46 6.335232 45 7.930436
3
0 3 45 19.169024 49 18.116754 46 16.728010
1 3 48 13.367050 49 13.108110 45 12.566167
2 3 46 6.796680 48 1.494030 49 5.019011
3
0 1 49 5.255330
1 1 49 5.483531
2 1 49 2.204625
3
0 1 49 9.785234
1 1 49 14.214376
2 1 49 14.797260
3
0 1 49 4.296375
1 1 49 18.056909
2 1 49 2.149257
3
0 1 49 8.678267
1 1 49 1.769429
2 1 49 14.797340
0
