50 49
3
0 2 5 8.941961 34 5.305746
1 2 44 19.190025 46 15.049472
2 2 10 3.610603 47 6.302872
3
0 2 5 18.112536 8 4.194636
1 2 32 2.665659 10 18.066508
2 2 41 5.119074 5 11.280099
3
0 2 5 4.892341 23 3.125125
1 2 38 12.320845 8 16.128127
2 2 7 5.792586 21 1.710268
3
0 2 5 11.434371 25 15.002260
1 2 18 18.484385 37 4.967244
2 2 10 12.875402 19 11.194103
3
0 2 5 7.313724 30 16.795829
1 2 10 9.629001 45 5.728682
2 2 45 1.187131 15 17.953172
3
0 2 10 4.001029 46 16.513070
1 2 14 15.646094 18 18.520256
2 2 47 17.246372 26 7.487410
3
0 2 10 17.256524 31 4.323143
1 2 12 18.012753 30 19.882740
2 2 13 4.864566 27 17.220527
3
0 2 10 9.863733 48 10.660545
1 2 32 10.886752 40 18.247506
2 2 46 16.488965 27 2.969942
3
0 2 10 17.594193 33 5.277604
1 2 40 6.969933 38 8.627290
2 2 28 2.312586 46 5.423426
3
0 2 10 10.532905 45 12.581634
1 2 13 17.921822 16 11.269204
2 2 31 6.659515 11 9.737129
3
0 2 15 12.886069 23 16.815857
1 2 44 9.092127 19 6.642862
2 2 38 16.313352 32 17.674187
3
0 2 15 16.185353 25 13.238259
1 2 49 7.098964 22 6.122246
2 2 20 4.506812 48 5.711283
3
0 2 15 6.741756 33 2.819609
1 2 18 4.986473 24 2.124319
2 2 26 10.358941 46 19.853419
3
0 2 15 10.285756 45 2.942574
1 2 38 19.054017 46 2.670606
2 2 28 9.272677 47 12.107690
3
0 2 15 5.734322 18 6.364805
1 2 27 16.527450 18 5.895798
2 2 48 5.393763 49 16.845124
3
0 2 20 6.282219 44 14.383213
1 2 21 12.385143 37 12.825765
2 2 35 16.768571 32 2.405366
3
0 2 20 1.337159 21 17.290243
1 2 21 15.710667 47 2.579853
2 2 20 3.385493 35 9.843506
3
0 2 20 2.453586 28 3.246805
1 2 46 1.670981 38 4.762686
2 2 49 11.606408 36 12.117529
3
0 2 20 17.060549 47 4.170896
1 2 42 9.664632 37 8.998203
2 2 37 18.225750 46 5.444297
3
0 2 20 17.957070 40 13.784112
1 2 44 10.959487 32 4.930560
2 2 33 5.576973 45 8.127638
3
0 2 25 11.594212 46 3.467434
1 2 42 3.742331 26 12.536805
2 2 30 11.413650 25 7.383391
3
0 2 25 5.312739 37 17.855799
1 2 28 12.610644 45 12.939678
2 2 30 10.514195 32 12.234698
3
0 2 25 18.368685 36 12.426434
1 2 43 1.747615 32 9.195933
2 2 49 17.990409 41 10.875980
3
0 2 25 14.564530 32 12.579713
1 2 45 16.716052 34 16.215762
2 2 26 3.402952 43 2.830612
3
0 2 25 8.413109 34 9.583381
1 2 41 6.724507 26 1.694719
2 2 33 8.283259 47 11.233061
3
0 2 30 8.787535 33 2.535915
1 2 36 13.414816 48 13.823046
2 2 37 18.690603 48 2.444955
3
0 2 30 13.143654 39 12.202616
1 2 42 10.749531 36 17.501009
2 2 37 18.086683 38 7.700521
3
0 2 30 10.458557 32 3.813281
1 2 48 6.217504 34 17.430809
2 2 34 15.555542 40 19.661940
3
0 2 30 3.818868 40 10.391555
1 2 41 16.729797 33 10.430968
2 2 39 4.729631 41 15.937294
3
0 2 30 11.726210 31 12.602890
1 2 35 9.961749 37 4.608559
2 2 35 3.667616 40 8.166406
3
0 2 35 8.523407 44 15.123276
1 2 38 15.499229 41 18.874474
2 2 42 18.302245 46 9.078086
3
0 2 35 13.001551 43 8.217570
1 2 41 4.365745 47 7.389961
2 2 48 7.585719 49 12.405365
3
0 2 35 13.172530 49 1.755795
1 2 36 12.454664 35 18.410052
2 2 41 13.972904 49 12.359108
3
0 2 35 3.177997 42 3.602155
1 2 41 7.371552 47 4.129867
2 2 42 11.988463 40 9.314756
3
0 2 35 7.870689 36 16.587153
1 2 37 8.569768 44 14.920978
2 2 35 10.324879 49 15.599975
3
0 2 40 3.296612 43 18.829658
1 2 42 13.394152 41 12.796732
2 2 41 13.669627 45 1.636269
3
0 2 40 2.084595 44 10.422973
1 2 45 1.663843 43 1.351492
2 2 42 10.841216 47 12.618978
3
0 2 40 7.210803 47 10.163791
1 2 43 8.453038 49 5.007573
2 2 40 7.811996 45 12.084990
3
0 2 40 9.881776 47 8.672433
1 2 44 12.554518 48 16.817449
2 2 41 4.014812 40 17.162195
3
0 2 40 15.700384 49 7.567513
1 2 42 15.078481 46 2.070247
2 2 45 8.301750 41 7.670385
3
0 2 45 9.728272 46 7.167591
1 2 48 8.922526 45 1.826998
2 2 45 19.266359 49 7.869336
3
0 2 45 10.474577 47 16.505841
1 2 48 19.274202 45 15.911147
2 2 47 9.129952 45 1.529304
3
0 2 45 8.286126 46 8.106510
1 2 46 8.218079 47 8.014089
2 2 45 18.547929 49 16.602966
3
0 2 45 4.966921 48 6.039879
1 2 48 13.303137 49 1.645067
2 2 48 1.223332 45 6.735375
3
0 2 45 11.641392 48 6.609035
1 2 45 19.952958 46 17.944890
2 2 48 15.733152 47 8.440281
3
0 1 49 19.243231
1 1 49 6.961503
2 1 49 7.355683
3
0 1 49 12.679009
1 1 49 18.411818
2 1 49 2.737991
3
0 1 49 1.371834
1 1 49 10.994367
2 1 49 10.140941
3
0 1 49 10.146489
1 1 49 9.720853
2 1 49 11.759012
0
