50 49
3
0 4 5 19.581517 9 14.984966 40 7.871807 21 12.019746
1 4 20 17.317640 27 4.315821 42 8.720100 8 18.889997
2 4 36 1.960055 23 14.913190 15 10.481547 35 8.249782
3
0 4 5 4.901316 19 14.324792 46 6.163839 41 13.476069
1 4 19 8.289593 21 8.437091 48 3.887019 24 19.336229
2 4 49 3.539238 31 17.413459 9 19.751248 26 9.926591
3
0 4 5 3.104934 29 11.007140 38 9.811118 21 8.623300
1 4 41 18.473890 36 16.476351 45 12.847677 48 4.337550
2 4 9 8.113098 8 15.728702 43 10.729978 27 10.171140
3
0 4 5 19.547857 14 1.562120 10 18.277886 39 17.880422
1 4 34 9.096635 23 10.458094 25 19.712278 28 11.123540
2 4 41 15.407753 13 8.169622 25 13.528892 43 13.849663
3
0 4 5 13.415058 30 18.966458 25 9.492906 24 18.428577
1 4 26 12.508015 20 15.345103 42 3.503923 49 15.029064
2 4 29 11.123314 21 7.549059 39 15.309455 48 12.314170
3
0 4 10 6.012256 42 16.681181 41 4.957595 47 8.174329
1 4 33 2.373575 11 14.175363 31 5.517689 39 3.572761
2 4 46 12.009107 19 12.545042 48 8.647458 26 13.418776
3
0 4 10 19.916205 41 6.065738 21 11.241974 40 6.152134
1 4 35 4.172471 31 2.099082 11 16.580717 12 3.072425
2 4 32 4.817670 15 18.169688 37 9.180165 43 1.989837
3
0 4 10 14.659324 24 19.626445 15 10.339393 29 14.121195
1 4 18 8.933098 35 6.810236 22 13.091385 41 10.031702
2 4 35 12.783257 17 17.552305 28 3.597267 49 11.847788
3
0 4 10 6.406292 40 8.196660 37 12.864111 39 9.994132
1 4 27 2.783168 48 10.482423 19 17.869793 10 11.024156
2 4 14 10.089102 34 2.424686 44 12.114559 40 7.172107
3
0 4 10 2.727706 12 17.619912 21 14.031137 27 1.592550
1 4 23 6.825229 26 17.508700 36 14.651245 16 10.927132
2 4 36 14.567599 49 14.262811 34 3.951682 40 8.637479
3
0 4 15 18.224952 44 18.037101 34 10.076877 32 17.381830
1 4 19 1.483787 25 16.008018 29 10.351758 16 11.741321
2 4 35 13.380508 44 1.420916 21 18.995001 40 10.590362
3
0 4 15 1.942184 42 16.791635 32 4.795760 49 19.346690
1 4 27 4.903573 48 10.844706 42 6.601854 36 5.644026
2 4 22 10.821396 24 2.990612 23 9.667837 48 8.466797
3
0 4 15 3.865013 30 1.666156 34 15.381263 19 3.207539
1 4 19 6.655723 34 9.727566 17 11.269621 31 15.264673
2 4 28 2.471922 44 9.129508 36 5.582804 43 10.622640
3
0 4 15 14.833644 20 7.287959 25 7.389741 21 9.825586
1 4 35 14.003699 22 1.178440 21 13.484856 18 3.634523
2 4 21 9.886801 42 8.530861 24 16.876785 29 10.118373
3
0 4 15 18.080011 20 4.386434 39 1.370549 44 17.809944
1 4 21 5.144021 41 18.178461 15 2.170628 33 2.893929
2 4 20 3.465354 34 17.508626 48 9.472727 19 17.990185
3
0 4 20 14.502883 41 15.313737 36 8.923218 34 19.609803
1 4 39 9.334431 36 13.148315 28 10.589270 30 7.294398
2 4 35 7.377946 43 17.028340 33 8.259212 46 3.088254
3
0 4 20 3.545794 21 16.657846 36 14.132705 48 4.248622
1 4 24 13.391323 27 6.278784 36 7.611682 22 19.319423
2 4 48 15.422527 44 14.978474 27 14.362624 45 17.664630
3
0 4 20 8.456547 46 13.026642 27 11.932544 47 5.791647
1 4 33 5.576396 40 11.777984 27 2.960962 28 1.899819
2 4 49 2.917086 23 10.854967 48 9.857311 29 8.081882
3
0 4 20 5.011846 26 15.430690 35 6.832875 36 1.984576
1 4 29 4.953410 47 14.295733 22 7.091050 43 8.453406
2 4 33 3.099039 49 4.532961 42 15.924036 23 9.352906
3
0 4 20 19.804010 24 3.758826 29 6.133331 37 18.239730
1 4 32 18.117102 20 6.559790 23 14.468048 24 15.275231
2 4 37 16.594165 21 1.304964 47 5.344176 38 11.830958
3
0 4 25 9.075452 49 17.917754 42 13.415016 36 7.929067
1 4 40 10.845997 31 14.551514 33 17.671341 49 5.138193
2 4 33 5.059391 29 5.837551 41 1.712206 48 5.139354
3
0 4 25 18.519952 33 14.028312 44 12.698548 34 6.523893
1 4 48 10.809041 29 16.268624 34 5.460455 46 18.826313
2 4 28 6.447574 25 10.270804 30 12.813386 31 19.926785
3
0 4 25 14.496760 32 17.707220 49 15.591627 40 17.517611
1 4 40 17.503919 43 9.481584 38 12.912772 26 18.253890
2 4 42 18.965985 44 17.203759 39 5.030008 28 11.280916
3
0 4 25 8.510974 40 4.729819 32 9.320928 49 12.165736
1 4 30 14.353755 44 13.780016 31 3.092157 34 6.531517
2 4 32 16.054608 41 7.486766 49 5.432126 25 6.540150
3
0 4 25 15.091923 28 11.880425 48 9.018278 26 7.712108
1 4 34 5.752551 43 17.989666 29 7.971046 42 18.294454
2 4 47 18.713852 32 6.210254 34 12.502591 48 17.618440
3
0 4 30 16.900112 38 5.208555 37 8.200482 35 10.092803
1 4 40 19.305749 36 9.715199 46 5.609498 31 2.514551
2 4 46 14.732280 34 7.462906 39 4.213474 30 14.282537
3
0 4 30 8.053377 47 12.760022 40 1.365781 39 2.238718
1 4 47 14.034512 43 12.760901 42 6.666727 37 1.479564
2 4 41 9.013379 48 8.862111 45 17.408643 42 13.472213
3
0 4 30 4.844188 45 15.369785 32 11.966987 34 11.071409
1 4 31 2.943611 48 12.950375 43 2.861206 33 16.369145
2 4 39 7.384851 42 9.737682 44 15.867845 48 16.024163
3
0 4 30 13.285397 34 3.782416 45 12.645580 44 4.727513
1 4 49 1.796859 37 15.934482 38 9.520365 45 17.882998
2 4 35 12.588164 34 16.278401 30 17.242567 38 7.807698
3
0 4 30 9.026223 38 17.885368 49 19.973310 31 17.158103
1 4 38 10.955181 36 2.659346 44 12.352269 42 16.640039
2 4 32 15.960487 40 2.139858 46 3.472359 39 6.670795
3
0 4 35 9.028984 45 1.814308 47 18.085894 43 11.872357
1 4 47 7.892068 35 17.892740 41 19.524090 39 13.030252
2 4 41 5.088301 38 14.776626 49 9.985476 43 10.734166
3
0 4 35 1.323030 45 6.584596 44 2.426557 46 1.942719
1 4 35 14.971452 47 1.204542 46 11.367471 37 17.517772
2 4 39 15.260031 40 9.814158 38 16.039414 37 8.433643
3
0 4 35 1.741793 46 1.661021 45 4.755113 38 4.175860
1 4 39 11.132898 46 17.864122 42 18.905521 36 19.586895
2 4 47 17.840207 39 19.538944 49 14.054492 46 6.588433
3
0 4 35 18.897929 48 10.600728 36 18.356632 46 15.068641
1 4 41 6.066586 42 15.555731 37 3.828149 44 3.691737
2 4 48 19.088236 40 9.823105 44 18.989799 42 7.595879
3
0 4 35 10.532610 41 16.369713 37 15.288117 47 9.421493
1 4 40 15.845763 44 15.485462 36 1.763365 39 16.870281
2 4 37 7.069861 42 19.413159 38 12.472323 36 18.690534
3
0 4 40 1.399074 46 2.747746 48 17.152778 43 3.078146
1 4 41 16.607923 42 2.799092 40 12.765064 46 17.572727
2 4 49 5.169099 43 18.241691 41 16.231713 44 13.866371
3
0 4 40 17.491321 46 7.130588 45 11.220091 41 11.818779
1 4 45 6.709475 47 12.774224 42 1.422557 48 9.635046
2 4 40 16.443259 48 19.363337 49 5.978289 43 19.972907
3
0 4 40 6.160556 45 4.542592 42 4.723657 43 18.550758
1 4 49 13.574768 47 11.127301 41 19.211990 40 4.635940
2 4 40 1.288601 49 15.909236 48 13.273382 42 19.660831
3
0 4 40 17.764391 44 10.323710 48 9.278319 49 12.748596
1 4 45 13.853068 44 18.787886 46 1.638386 40 7.572500
2 4 44 2.977614 43 14.889496 47 2.469751 46 2.141929
3
0 4 40 10.429190 42 9.619030 49 10.172718 43 14.103856
1 4 49 16.608868 43 7.580912 41 16.107973 48 10.096277
2 4 45 8.491530 41 18.977223 47 7.844614 46 11.827905
3
0 4 45 3.087626 48 6.082869 49 5.899717 47 13.404356
1 4 48 15.768711 45 16.300089 47 17.108142 49 11.743706
2 4 46 2.279368 48 7.399038 49 4.715225 45 3.195358
3
0 4 45 10.641836 48 10.982543 49 14.048959 46 3.811582
1 4 49 4.995399 47 1.555273 48 10.924935 45 12.370589
2 4 48 2.108137 46 12.943046 47 18.218493 45 8.960016
3
0 4 45 12.925134 47 8.905370 48 19.896294 46 17.878046
1 4 48 18.119342 49 10.283020 47 7.384959 45 19.559346
2 4 47 4.637160 48 13.892223 46 8.923029 49 3.867557
3
0 4 45 13.859785 48 17.259824 49 3.899743 46 12.883344
1 4 45 15.932220 49 15.022541 47 18.123609 46 4.475052
2 4 47 6.506146 45 9.784269 46 13.977135 48 5.836296
3
0 4 45 11.295250 46 4.101293 47 14.642490 49 17.111326
1 4 48 4.922294 46 3.960696 45 4.110801 47 5.607048
2 4 45 17.585397 48 3.426603 46 19.907852 49 5.917561
3
0 1 49 16.947352
1 1 49 12.703098
2 1 49 16.559260
3
0 1 49 18.491983
1 1 49 10.827877
2 1 49 8.017894
3
0 1 49 14.630744
1 1 49 19.422294
2 1 49 9.507903
3
0 1 49 16.298310
1 1 49 7.930852
2 1 49 7.127222
0
