50 49
3
0 5 5 13.367627 41 4.063243 7 1.349998 22 16.386728 18 19.143048
1 5 12 2.340134 24 2.913776 18 10.399062 38 7.695566 7 4.296632
2 5 36 16.273214 5 10.628050 47 16.988718 11 4.914149 41 14.969098
3
0 5 5 1.458706 6 18.172317 43 17.986905 48 17.488509 11 1.773689
1 5 42 14.809695 34 9.763262 49 16.252623 27 8.651341 44 13.068981
2 5 30 18.625781 6 16.432435 33 6.298205 49 14.522905 20 6.136779
3
0 5 5 7.783535 6 11.530860 44 13.407762 25 8.247538 33 7.312445
1 5 41 3.311474 11 17.422315 39 14.894645 38 2.789743 44 16.616451
2 5 41 5.012476 11 9.469659 35 17.116039 21 16.115739 7 3.537828
3
0 5 5 3.486812 49 9.907375 23 7.769236 24 13.226575 21 6.319856
1 5 22 6.257747 17 11.602030 30 9.120408 24 14.491135 31 14.719179
2 5 7 13.134722 22 13.424912 9 15.702552 32 2.145558 26 2.768411
3
0 5 5 4.717248 38 16.071319 22 18.003937 32 9.497981 31 11.699780
1 5 22 18.361283 43 12.251220 11 10.077599 45 4.819413 9 5.932019
2 5 16 17.702445 24 12.641976 23 12.451015 12 3.729273 42 16.481323
3
0 5 10 18.624828 25 12.708489 15 9.617223 44 4.305575 37 5.929066
1 5 37 11.562429 43 16.243401 39 12.966457 33 1.992272 26 1.299394
2 5 49 13.010476 44 8.490066 41 9.409698 11 4.337781 45 1.839608
3
0 5 10 8.144802 41 2.689443 22 7.685045 40 8.852932 13 13.305173
1 5 31 5.440690 23 11.231787 30 19.636424 12 15.516278 28 16.582522
2 5 11 10.178580 42 6.152581 32 2.553865 13 15.381578 30 8.584965
3
0 5 10 14.308265 30 5.907082 22 9.463073 28 3.909807 43 4.813623
1 5 11 8.333846 28 18.607985 47 10.471426 45 13.138520 10 1.862790
2 5 20 2.279434 43 2.640117 38 10.530112 34 3.174225 13 2.172036
3
0 5 10 3.328161 48 9.005248 12 8.592918 32 13.215389 11 14.904598
1 5 39 5.168452 37 4.851938 15 11.280075 30 1.243230 16 10.801694
2 5 34 10.891892 31 16.525799 12 8.618750 42 4.125308 15 1.001669
3
0 5 10 11.099741 16 16.531466 13 11.769345 14 10.751455 47 18.680788
1 5 49 4.165830 37 11.098633 10 18.107301 28 4.361895 40 15.638786
2 5 32 15.986416 43 5.094110 38 3.641455 37 11.311149 19 1.104529
3
0 5 15 14.801180 35 13.132082 43 17.407626 21 11.996754 19 11.650985
1 5 15 3.465345 43 11.137919 48 16.474044 19 6.257077 47 9.342993
2 5 20 1.999598 16 18.455290 32 19.255801 34 14.545734 15 6.896426
3
0 5 15 18.865556 31 2.006214 44 9.642441 17 2.618607 39 5.258250
1 5 22 18.226892 18 10.361587 29 18.792356 17 8.036126 43 19.155857
2 5 24 2.956242 42 10.994917 44 6.540659 34 13.502478 29 16.744899
3
0 5 15 16.019367 30 2.620903 47 3.735596 49 18.083429 26 14.644551
1 5 42 1.752242 40 12.018918 36 16.426678 18 1.206575 48 18.511637
2 5 23 4.529898 43 7.298667 36 17.957808 18 16.059468 49 14.759124
3
0 5 15 6.021331 42 19.108999 33 16.954397 20 16.796172 37 11.039547
1 5 25 4.086376 36 9.453570 37 1.174268 44 18.742248 29 3.771590
2 5 35 2.892052 47 8.862301 16 13.545605 40 14.339062 46 7.453904
3
0 5 15 6.391200 32 6.617343 35 10.688842 41 10.940043 43 1.048661
1 5 48 6.929683 40 7.705226 27 3.291914 44 17.796967 33 10.479866
2 5 35 2.044804 49 14.827031 39 8.904368 40 7.345416 46 12.485421
3
0 5 20 10.002474 23 6.944079 30 15.596510 32 4.369932 44 14.345710
1 5 42 19.059411 29 10.020620 35 9.514346 44 13.359238 27 2.416598
2 5 43 10.481365 25 5.781548 30 16.936045 40 7.680037 45 18.788169
3
0 5 20 12.490428 29 11.568121 38 4.714897 47 18.465994 37 10.206589
1 5 43 17.904655 36 16.638472 37 16.698157 39 11.693453 29 14.726078
2 5 22 9.031833 32 9.931268 45 11.927718 35 15.592984 40 3.487037
3
0 5 20 13.297945 21 8.423676 33 16.202984 39 18.153254 48 2.931338
1 5 26 12.300777 30 8.727774 34 15.442936 22 11.445107 45 5.131885
2 5 37 19.296350 48 8.525059 25 18.023790 44 18.946845 40 8.667564
3
0 5 20 8.617234 23 9.501465 22 4.394794 25 4.670842 24 18.455541
1 5 26 15.076177 49 12.092951 39 6.944124 30 3.438422 40 14.073971
2 5 26 18.309111 32 6.359037 37 17.263460 25 7.996419 28 2.234776
3
0 5 20 11.778914 39 11.960627 29 1.629093 49 18.886874 34 17.315634
1 5 22 2.943911 35 1.257163 41 3.337924 25 5.027327 43 19.791704
2 5 27 12.624339 26 10.565173 30 12.388244 31 13.794740 41 12.900907
3
0 5 25 7.303728 30 8.614729 35 10.324783 40 5.472012 34 11.356298
1 5 26 19.857764 42 7.502306 35 3.579008 36 2.771268 39 9.108216
2 5 27 13.118335 43 3.069833 49 15.138850 40 13.384484 29 7.943139
3
0 5 25 10.392942 41 5.990897 37 14.859261 33 19.732005 29 11.157428
1 5 28 18.725079 32 13.142594 25 12.390242 49 3.909526 31 1.926081
2 5 25 13.745882 46 9.644569 34 2.079285 41 1.574817 47 1.819155
3
0 5 25 15.402773 46 4.629541 44 6.193266 32 16.430807 41 12.125493
1 5 35 19.020457 34 9.284670 33 18.259989 26 7.410761 29 18.301971
2 5 35 17.056085 32 11.878442 39 10.378826 48 14.223647 36 5.862507
3
0 5 25 14.544758 46 13.474232 31 13.248477 37 12.364981 42 10.532950
1 5 37 19.564676 28 1.334560 38 15.746971 47 6.345621 27 9.461614
2 5 42 11.297506 41 6.290790 43 11.518551 26 6.609860 45 2.677474
3
0 5 25 6.223087 27 16.603225 48 1.007781 28 2.430451 26 1.468280
1 5 30 18.989900 47 14.532623 41 1.011305 49 13.213235 39 4.857565
2 5 28 4.370681 40 1.150374 31 16.391369 25 14.181006 42 14.851386
3
0 5 30 3.039789 48 11.054936 47 19.987019 38 5.259660 45 11.329778
1 5 41 3.557116 45 16.502447 40 15.205712 30 15.723695 39 15.228509
2 5 48 11.991375 44 10.535484 49 9.335737 36 1.288944 35 14.338665
3
0 5 30 16.909292 35 4.836057 45 3.833014 43 13.738210 49 18.944663
1 5 34 16.763023 43 8.821405 33 18.872749 47 18.292352 40 5.969250
2 5 48 1.120171 34 11.432812 43 3.537453 37 12.726255 42 6.614041
3
0 5 30 6.574609 49 11.588242 38 3.152298 43 3.865064 35 13.435739
1 5 37 6.712669 36 3.018019 32 15.908619 44 13.102196 31 19.015281
2 5 39 4.400386 34 7.557029 30 10.608920 42 6.055517 36 3.459183
3
0 5 30 13.273771 33 17.829865 49 1.190145 47 9.589947 44 17.339622
1 5 47 16.417979 31 1.506723 48 17.549615 45 13.895442 46 8.823208
2 5 42 16.436181 30 4.027249 46 1.517477 40 17.284344 39 11.776985
3
0 5 30 6.526898 43 3.701664 44 12.073762 42 11.362299 35 5.001869
1 5 39 2.376252 44 17.242272 41 5.362255 45 18.447941 35 16.111745
2 5 39 14.799859 42 11.021816 46 13.778389 30 8.726819 48 15.181441
3
0 5 35 4.163918 38 10.178666 39 7.284384 44 18.589966 36 8.733352
1 5 47 14.438798 49 11.932676 37 10.429280 44 3.448527 45 9.654693
2 5 36 5.731253 41 7.763829 47 18.133662 45 18.674201 42 18.496616
3
0 5 35 6.564428 49 18.435559 43 16.035781 37 12.577409 46 15.494131
1 5 41 10.677178 37 9.319256 36 4.239999 45 7.936049 43 18.192188
2 5 38 12.850865 49 9.515207 36 5.150738 46 14.507350 48 9.061715
3
0 5 35 6.966015 42 10.239972 44 3.568822 46 1.691348 40 14.314181
1 5 43 6.275408 39 9.999906 37 7.171517 47 8.215317 36 19.452766
2 5 40 6.646358 43 13.542045 36 1.013399 39 2.475748 37 12.041736
3
0 5 35 8.663809 43 7.129298 38 1.414674 44 17.558473 47 8.410673
1 5 35 6.840160 39 8.621664 40 15.099480 47 14.811648 43 2.074637
2 5 46 9.002786 39 10.768238 47 18.860891 36 10.975128 44 19.253038
3
0 5 35 12.345318 46 1.074599 38 5.000212 48 18.672432 49 13.989304
1 5 49 4.524547 45 12.023973 37 10.551491 36 6.395381 42 1.786902
2 5 49 18.042068 45 19.730442 39 12.822102 46 7.675081 41 2.305214
3
0 5 40 9.770821 41 16.672144 46 2.155598 43 11.757574 45 12.216680
1 5 45 15.179087 47 1.401136 41 10.906069 46 14.275136 44 13.418911
2 5 47 11.558921 48 1.239712 42 19.923432 44 19.580834 40 18.128881
3
0 5 40 13.554107 42 15.935496 41 17.491488 45 9.816123 46 9.104803
1 5 40 19.294210 48 6.622471 44 14.152929 41 14.180759 42 12.935687
2 5 48 9.458865 49 13.074062 47 7.827365 43 12.677077 44 15.013664
3
0 5 40 4.589170 47 8.014274 41 17.201648 49 5.810870 42 14.258917
1 5 40 14.333186 49 18.182268 46 6.620967 44 19.377166 48 10.736231
2 5 46 4.693714 45 5.331435 48 3.222666 42 16.052323 41 8.048065
3
0 5 40 12.986782 49 8.214340 45 8.287183 43 9.567875 48 10.651318
1 5 42 12.645164 40 18.994522 45 10.385379 43 9.361682 49 14.652419
2 5 45 3.468527 43 3.941526 44 13.721066 42 8.987545 47 9.358615
3
0 5 40 9.126115 45 2.262126 48 12.379799 41 3.345282 47 3.609941
1 5 48 3.959106 46 13.811326 47 5.180031 42 18.130049 44 9.349434
2 5 47 15.843468 41 5.793894 49 16.884236 42 18.629632 43 19.863734
3
0 5 45 13.737995 46 3.554865 47 12.508793 48 16.840184 49 14.151032
1 5 45 15.443184 46 11.520952 47 3.446258 48 13.151556 49 8.598642
2 5 45 8.116395 46 10.976389 47 11.418114 48 14.804927 49 12.553638
3
0 5 45 19.475023 46 7.396084 47 9.719342 48 1.341381 49 1.314551
1 5 45 1.709870 46 11.901966 47 7.371443 48 5.363344 49 13.761687
2 5 45 14.360558 46 13.948279 47 17.301790 48 1.028365 49 4.319027
3
0 5 45 7.830388 46 14.516104 47 14.276420 48 7.367594 49 19.346526
1 5 45 17.438025 46 15.308211 47 11.787880 48 16.364089 49 12.024024
2 5 45 7.503859 46 7.476337 47 19.039325 48 17.486706 49 16.011091
3
0 5 45 4.491628 46 7.383734 47 3.095416 48 14.013332 49 18.928504
1 5 45 13.349335 46 17.109534 47 11.018649 48 10.991222 49 15.638379
2 5 45 13.175048 46 14.794001 47 1.711687 48 18.187076 49 12.702974
3
0 5 45 12.120145 46 18.700947 47 17.550271 48 7.458768 49 9.086038
1 5 45 2.171937 46 15.696559 47 7.620536 48 6.815165 49 6.896257
2 5 45 11.808856 46 1.336058 47 12.506958 48 10.001854 49 18.155050
3
0 1 49 12.121192
1 1 49 18.024392
2 1 49 7.732177
3
0 1 49 18.311129
1 1 49 1.311934
2 1 49 16.041177
3
0 1 49 12.780899
1 1 49 14.171149
2 1 49 17.778848
3
0 1 49 16.629296
1 1 49 2.749400
2 1 49 15.261980
0
