50 49
3
0 5 5 7.422893 44 2.179433 17 19.537329 31 10.780632 39 5.305230
1 5 19 18.205187 15 17.695260 9 12.640958 5 10.765597 36 8.328313
2 5 12 7.039756 38 5.820134 48 10.872066 46 10.188623 36 14.218187
3
0 5 5 15.001321 18 11.560227 32 6.579135 38 18.447048 47 13.508958
1 5 46 16.529367 26 5.884873 30 11.629041 23 16.693789 48 18.131378
2 5 32 5.451757 30 3.988868 40 19.693907 16 9.389644 45 13.860731
3
0 5 5 3.419620 40 13.041565 14 12.099501 16 17.876114 24 12.013094
1 5 40 17.826130 9 17.750191 27 16.914797 25 6.966098 36 17.848161
2 5 46 8.907046 6 13.343599 36 19.319889 12 18.926066 25 9.067313
3
0 5 5 8.138058 46 18.043972 40 19.750735 36 15.269888 37 9.364930
1 5 22 18.506200 43 17.039472 10 12.541704 9 13.293696 5 6.456470
2 5 38 18.038009 7 16.470505 42 7.587034 30 4.583011 12 8.616601
3
0 5 5 6.525362 12 16.076625 14 13.123441 7 2.935214 36 16.381823
1 5 40 18.775889 23 6.681477 16 12.170453 29 12.227777 24 2.462409
2 5 24 14.608918 15 1.285192 22 14.168439 18 3.828816 47 1.465472
3
0 5 10 2.989049 40 7.370920 15 16.432529 48 1.663075 20 8.223441
1 5 46 6.978478 37 8.337279 44 2.936452 28 6.048888 17 4.144739
2 5 10 2.158771 23 7.232287 47 6.958367 25 15.752169 37 16.509734
3
0 5 10 14.561365 12 5.454831 43 18.275045 27 19.923367 32 9.192084
1 5 32 12.987826 27 3.914949 39 12.655450 13 1.101508 28 14.046406
2 5 24 9.685216 32 1.091633 21 16.061583 16 10.504295 49 15.394406
3
0 5 10 4.341918 27 5.968494 13 9.591828 20 14.662655 31 9.221953
1 5 34 3.457468 49 15.518185 16 13.482583 10 6.195505 48 15.556188
2 5 46 19.088215 12 16.253799 37 9.335137 32 9.498295 49 8.277214
3
0 5 10 17.225360 38 2.080469 34 7.646719 26 16.718295 27 12.334117
1 5 45 16.480010 43 11.586108 49 15.714265 36 13.762911 32 18.815866
2 5 39 16.857564 32 9.025810 26 8.668588 41 17.081197 30 16.731310
3
0 5 10 16.780737 47 5.794342 21 18.040216 44 19.561367 14 6.754016
1 5 44 7.191133 24 17.046932 41 6.131045 39 17.978998 32 10.103650
2 5 18 10.102187 35 12.375614 14 14.148874 24 1.249028 40 19.864244
3
0 5 15 16.467914 39 8.064923 33 19.420226 23 3.133277 38 11.759185
1 5 17 2.250333 40 7.845208 21 16.961493 24 11.283905 43 19.619195
2 5 21 11.908944 16 12.526463 39 11.341267 46 10.094204 36 4.772917
3
0 5 15 13.968465 32 7.268206 28 15.728626 40 15.512329 20 5.938872
1 5 16 9.500251 36 1.628455 34 4.744481 22 19.192733 25 15.158453
2 5 22 4.036322 16 6.856759 17 1.953819 26 10.930789 40 6.144876
3
0 5 15 14.482799 38 2.103900 35 6.822342 28 15.846567 46 9.244990
1 5 22 6.675323 43 14.513828 35 17.213198 20 14.692834 19 1.088484
2 5 18 5.256343 32 9.532649 31 3.480514 22 4.760562 35 19.372629
3
0 5 15 4.178633 37 14.168909 48 13.326656 21 8.003211 39 5.357401
1 5 20 18.306576 39 15.570374 25 6.109578 44 10.599504 45 12.783695
2 5 40 10.234574 15 9.345640 30 6.710103 37 16.735398 24 10.490816
3
0 5 15 1.296574 19 7.417834 28 4.815816 39 3.207745 23 5.897834
1 5 31 7.564647 15 13.818367 35 18.903535 32 9.721755 34 10.029336
2 5 20 4.287429 25 5.147786 22 11.742516 29 7.653456 42 5.429388
3
0 5 20 2.813870 40 14.456279 48 10.128428 26 6.023411 32 6.137724
1 5 41 18.647943 46 11.028676 22 14.886987 31 7.821292 42 3.603057
2 5 49 3.423446 29 6.161840 23 10.479658 42 7.964545 24 13.904140
3
0 5 20 2.360754 44 2.138535 30 2.932695 24 1.311969 28 18.688805
1 5 30 17.306244 42 13.589287 44 13.768818 28 16.893648 39 2.159460
2 5 38 8.675962 21 6.722725 49 2.241504 29 12.397275 33 3.954955
3
0 5 20 4.142472 35 18.622241 47 5.435119 44 6.863321 21 18.748068
1 5 36 15.456811 28 9.279340 35 8.249220 45 9.689618 48 5.984830
2 5 37 12.395067 23 1.543111 36 16.698057 41 7.832736 20 15.535758
3
0 5 20 11.818619 29 14.658514 37 9.838842 24 1.953590 38 14.349793
1 5 23 11.740518 22 19.421798 31 6.149404 38 4.505909 34 19.732278
2 5 35 16.781624 45 2.960065 47 12.343732 44 7.153450 32 19.479116
3
0 5 20 15.024163 45 2.656590 25 9.702765 49 1.320102 31 1.458950
1 5 47 16.934379 40 11.926629 31 5.673184 35 13.867960 33 4.336548
2 5 34 6.623626 39 19.916530 30 3.393016 26 15.637533 20 3.071272
3
0 5 25 2.147169 36 18.013477 33 19.708751 42 7.978321 39 17.882016
1 5 26 18.183463 42 5.011279 44 8.186656 33 9.393719 36 11.802445
2 5 30 8.606816 34 2.207820 28 8.415602 39 5.105465 49 15.712683
3
0 5 25 11.734729 30 16.624808 40 9.252923 38 10.855260 34 5.236623
1 5 43 3.205620 47 18.426016 37 11.749780 30 15.406373 33 14.707893
2 5 49 18.164708 48 4.276491 36 8.769603 39 19.270520 35 14.420294
3
0 5 25 5.917267 44 6.194684 49 6.771657 43 14.570960 37 13.396633
1 5 40 11.214902 29 7.493422 26 5.141157 48 8.683879 33 7.401034
2 5 45 19.268863 35 5.791645 41 12.892262 33 12.586774 38 11.759037
3
0 5 25 12.649434 30 18.318441 46 15.444939 33 16.300482 42 7.361151
1 5 38 18.515280 48 9.157835 44 2.684280 49 10.126343 34 5.829768
2 5 31 18.722373 32 14.406887 49 8.369404 46 18.602233 37 10.836515
3
0 5 25 2.454680 46 10.257910 34 3.739052 43 19.990091 39 16.998890
1 5 44 18.936527 28 17.516072 36 10.640884 46 14.423445 25 19.149246
2 5 47 18.511326 27 10.718927 49 16.491434 41 4.982114 35 8.326436
3
0 5 30 1.422690 39 6.391772 49 14.975658 31 1.158054 37 6.357687
1 5 33 5.236991 45 1.468579 38 12.863850 31 7.517391 43 14.288028
2 5 46 12.511506 48 7.778946 37 1.705215 49 3.816255 31 5.670513
3
0 5 30 3.829792 46 6.032802 39 4.254666 44 19.831332 31 18.796194
1 5 37 6.005829 30 11.204587 31 13.918358 35 15.255479 48 15.983257
2 5 41 18.351956 48 5.481695 30 1.967657 46 17.894058 43 17.449647
3
0 5 30 4.143773 46 11.073329 38 1.029978 47 6.442774 43 1.261967
1 5 30 2.337713 42 18.337734 49 12.744218 40 19.781732 39 10.188414
2 5 42 6.732057 47 17.675901 44 4.340155 46 9.441777 43 12.007207
3
0 5 30 10.147079 49 12.613138 35 12.426560 39 1.403697 33 4.466409
1 5 32 3.156573 33 16.543772 30 6.563026 42 2.778790 43 18.971881
2 5 34 7.810295 45 16.544143 49 18.569956 31 7.510035 37 7.057088
3
0 5 30 1.027499 32 5.080502 43 2.611639 35 8.632054 41 7.660427
1 5 46 7.955118 44 15.236087 32 6.415898 43 11.456949 37 3.587873
2 5 39 13.390842 42 2.733162 31 14.859272 36 2.341921 47 12.040104
3
0 5 35 18.497753 40 9.513076 46 16.251319 48 1.323816 41 3.772960
1 5 42 7.049330 39 13.823273 49 1.066200 38 19.142830 46 16.283729
2 5 37 18.929916 46 17.944672 49 1.565173 38 11.357169 39 18.525631
3
0 5 35 6.482263 43 9.307059 47 1.793564 42 9.733875 41 19.607930
1 5 39 13.114042 43 10.167991 49 12.509736 48 2.990852 46 12.406644
2 5 48 16.018437 36 11.811216 35 1.411922 49 9.689530 44 15.593691
3
0 5 35 5.615573 37 11.574864 38 8.400585 36 11.606247 39 10.817614
1 5 36 8.880060 35 15.863220 40 4.992136 48 8.212301 47 4.042925
2 5 41 18.733532 49 1.773747 45 5.425975 37 3.195175 44 11.458672
3
0 5 35 3.637992 46 9.915169 42 6.687026 41 5.080495 47 17.569083
1 5 44 2.947224 36 17.429786 35 14.638595 47 10.592751 45 7.013454
2 5 45 10.424999 36 11.082283 44 18.514527 43 11.909241 41 9.654477
3
0 5 35 15.574905 45 8.217872 39 10.073787 49 6.925196 48 4.726093
1 5 35 5.865209 47 7.643326 49 5.321246 36 5.348839 48 2.965950
2 5 48 3.933384 39 5.320234 36 11.914721 38 18.336699 35 5.110279
3
0 5 40 7.186202 46 11.801628 44 5.975111 45 9.876858 47 15.497011
1 5 41 18.909225 49 17.902737 48 9.297630 40 3.215273 44 4.391977
2 5 43 4.697666 44 2.295381 45 12.484412 40 8.226008 49 6.484165
3
0 5 40 16.478274 41 11.616460 47 1.564685 44 15.967120 42 10.870356
1 5 49 5.276110 45 10.361955 42 18.521344 40 1.328008 44 16.000878
2 5 47 19.416217 41 2.000903 43 12.362874 49 19.225398 42 16.375112
3
0 5 40 5.638933 44 8.018973 48 8.728857 45 2.876980 46 14.316899
1 5 40 3.081284 48 3.618450 44 12.410869 43 4.446945 47 3.841040
2 5 48 7.344254 44 13.557587 49 17.671096 47 6.715279 45 4.766167
3
0 5 40 18.745722 44 8.179384 41 2.445373 47 8.513178 43 3.438762
1 5 46 15.279029 42 6.596559 44 4.607440 47 4.994224 43 17.969217
2 5 47 15.505023 48 14.985734 43 7.074900 45 7.556199 44 8.062634
3
0 5 40 19.343740 42 13.540121 47 10.954037 46 13.703349 48 13.730594
1 5 40 5.496664 44 15.537374 46 8.431042 48 14.570548 45 8.775369
2 5 48 6.762670 41 5.661633 47 2.996526 45 19.480531 44 12.245911
3
0 5 45 3.594034 46 18.150359 47 10.718826 48 4.464274 49 15.135622
1 5 45 3.940440 46 19.452238 47 13.816790 48 4.786790 49 15.090543
2 5 45 18.806249 46 13.762107 47 19.731077 48 19.104303 49 2.186844
3
0 5 45 16.539250 46 5.110590 47 7.434438 48 10.063616 49 6.588651
1 5 45 17.428902 46 3.197778 47 1.155609 48 7.095203 49 3.697849
2 5 45 9.488975 46 18.447298 47 8.354328 48 3.891795 49 14.822689
3
0 5 45 4.604440 46 14.740876 47 12.892969 48 4.662845 49 3.376589
1 5 45 2.802369 46 4.728391 47 19.920099 48 7.586771 49 17.793759
2 5 45 7.540645 46 18.299748 47 17.630847 48 14.693974 49 5.482778
3
0 5 45 15.227945 46 10.480142 47 13.236383 48 19.673084 49 17.581451
1 5 45 14.947746 46 11.563274 47 6.375878 48 2.838769 49 12.530253
2 5 45 1.864177 46 4.872088 47 3.007443 48 12.847423 49 13.075403
3
0 5 45 6.724170 46 11.892013 47 11.335122 48 13.499635 49 19.795175
1 5 45 16.237562 46 13.223652 47 2.178096 48 13.990811 49 17.591104
2 5 45 5.857855 46 19.713384 47 2.472025 48 7.880930 49 9.708051
3
0 1 49 12.414121
1 1 49 7.083714
2 1 49 7.100854
3
0 1 49 1.226124
1 1 49 5.484353
2 1 49 2.476462
3
0 1 49 18.675923
1 1 49 17.589066
2 1 49 8.248301
3
0 1 49 7.321846
1 1 49 11.585662
2 1 49 4.490924
0
