50 49
3
0 5 5 13.384849 14 8.113840 20 17.651292 29 17.837095 47 12.738554
1 5 32 2.550975 15 16.860671 13 9.708521 46 18.005782 10 15.297388
2 5 11 2.105428 36 10.486310 22 6.571474 7 14.272342 35 11.821969
3
0 5 5 2.970770 22 8.733035 32 6.996870 27 17.438545 46 8.742316
1 5 28 11.702704 36 19.797952 20 8.219825 6 14.202818 38 18.789912
2 5 47 9.407051 10 14.527448 25 16.217644 21 17.849971 28 6.899821
3
0 5 5 7.196109 34 11.954513 47 8.751458 25 16.018987 10 9.378441
1 5 37 3.269513 39 12.108248 26 19.465220 49 7.947803 27 9.893001
2 5 32 13.862174 38 6.880859 8 17.681613 27 19.296437 7 6.846832
3
0 5 5 16.227314 48 16.392228 7 5.516008 42 2.213374 32 14.217341
1 5 29 1.476553 49 2.058439 20 12.918333 40 13.304380 25 6.467403
2 5 25 4.917594 20 15.400121 22 8.822029 28 13.261444 10 2.964629
3
0 5 5 16.081043 11 6.746553 18 14.780816 43 16.736528 41 13.220559
1 5 39 11.948635 11 4.085689 43 12.495125 17 5.969700 10 11.559123
2 5 34 19.085084 37 19.321760 38 19.150121 39 10.527365 45 3.281637
3
0 5 10 15.247654 16 16.236849 40 1.351782 20 15.307960 24 8.534735
1 5 46 11.496646 17 2.084616 19 1.355821 30 10.059706 16 3.919810
2 5 39 14.104149 35 17.854864 43 3.375759 11 9.919896 49 15.509275
3
0 5 10 19.500128 11 16.826154 15 8.083767 18 10.510236 14 1.900938
1 5 43 10.079431 31 3.883322 39 9.465434 15 15.645769 32 15.580336
2 5 36 8.106884 45 5.973108 32 10.073520 21 5.331573 43 17.872033
3
0 5 10 18.318945 12 18.636707 31 16.031887 29 2.153216 27 3.119397
1 5 48 12.865072 36 11.167299 44 4.033153 15 4.383353 32 12.767026
2 5 15 2.681014 44 5.324226 20 12.408792 11 12.153894 16 2.429735
3
0 5 10 11.668235 32 19.072280 25 15.442952 18 7.864857 45 10.401633
1 5 37 19.183348 48 2.177529 25 8.101088 15 6.013619 38 19.494207
2 5 12 3.412717 39 17.689212 20 7.356737 13 15.615494 14 9.173810
3
0 5 10 6.703198 34 7.351205 36 3.443151 19 5.224030 45 7.489432
1 5 44 19.888545 26 6.101565 14 1.935342 49 9.497483 20 7.768399
2 5 37 14.739240 35 7.240097 30 1.647622 29 7.745255 16 10.879043
3
0 5 15 19.498946 44 14.512498 24 8.216266 41 15.643625 35 15.778893
1 5 24 19.423846 33 9.931097 32 11.514117 43 13.595666 27 3.301710
2 5 47 10.130866 48 6.324870 46 15.203687 44 4.385154 42 2.206055
3
0 5 15 7.314411 31 11.733632 40 17.035108 39 5.270696 29 2.288874
1 5 28 5.969205 32 5.372615 21 3.750551 34 13.121728 49 9.490994
2 5 35 13.642865 17 11.341256 30 7.562871 41 13.498565 21 12.836778
3
0 5 15 10.375794 37 12.919323 42 3.241799 20 2.274160 28 11.165118
1 5 23 17.756135 48 16.579223 28 15.484514 16 5.731443 20 4.601133
2 5 31 8.463561 28 14.165000 19 5.170032 37 1.132295 20 7.029022
3
0 5 15 12.951218 23 2.649752 32 16.011944 42 10.381826 16 3.280514
1 5 24 9.396532 40 16.374178 17 2.279976 44 12.381126 43 17.170879
2 5 47 6.406899 48 7.454926 35 5.610609 36 12.167407 24 5.758238
3
0 5 15 7.341775 17 5.252775 34 1.222566 31 4.183242 21 14.170195
1 5 32 17.609851 46 7.822381 26 11.399717 20 17.244716 40 10.570741
2 5 44 6.241887 15 10.466466 45 5.690354 30 12.925799 38 15.287409
3
0 5 20 3.044599 37 19.381669 29 17.409311 48 16.582473 39 7.507752
1 5 28 13.465178 26 9.258201 34 17.628959 32 3.875829 47 3.061653
2 5 24 10.644916 40 10.273085 37 8.083335 48 8.867234 33 14.982065
3
0 5 20 1.026081 48 2.086601 30 9.486783 49 4.186554 35 9.458321
1 5 33 18.703338 29 18.353274 47 18.335873 38 4.608555 36 18.786660
2 5 33 5.813275 49 9.155252 42 16.296424 34 10.807070 29 7.812833
3
0 5 20 13.543454 27 2.195065 31 16.569456 48 18.705084 38 9.205892
1 5 39 17.080482 26 4.362456 43 3.637602 48 1.611728 21 1.427181
2 5 36 3.743289 28 14.623114 42 15.984151 39 1.966115 46 19.890821
3
0 5 20 13.349797 30 19.554265 44 2.096617 21 4.555072 29 16.412910
1 5 40 5.284824 22 3.434895 28 6.802242 21 11.352137 45 14.653482
2 5 20 19.569278 39 11.083967 27 12.483225 23 6.245079 43 7.489501
3
0 5 20 5.156684 43 2.670420 37 16.735420 46 2.373524 40 18.030035
1 5 20 8.258086 48 5.963932 46 4.882122 37 2.967470 47 17.860991
2 5 39 9.387312 26 18.269631 29 8.949689 31 17.165726 41 13.748780
3
0 5 25 17.740136 40 8.453536 39 13.080271 44 18.052798 26 2.012244
1 5 35 6.127792 46 11.756611 32 10.281294 36 5.190414 44 7.715181
2 5 48 3.959187 47 2.995648 27 12.637669 45 10.480062 29 14.599768
3
0 5 25 1.735717 32 11.185363 45 6.677908 36 16.728790 42 3.375180
1 5 49 15.158267 31 15.300587 33 18.648732 43 5.749828 41 5.144581
2 5 27 1.102333 30 12.092575 29 5.953925 47 16.676895 42 8.907418
3
0 5 25 17.845241 35 4.756243 40 1.722380 38 18.732850 46 7.637535
1 5 28 19.473838 29 14.181582 35 19.570969 37 3.474341 34 3.477059
2 5 41 1.676459 29 1.089832 38 9.469477 35 10.215113 48 5.258052
3
0 5 25 5.970326 34 11.246628 31 11.931576 36 11.855771 40 11.173823
1 5 40 18.097925 49 2.848964 25 8.215178 37 2.113559 29 4.283722
2 5 44 2.295338 38 16.954367 49 11.799219 35 19.923913 46 14.069998
3
0 5 25 2.628274 30 12.071488 36 14.123215 32 10.447168 35 11.449037
1 5 33 18.879142 43 12.616160 29 9.863525 32 12.677645 41 6.592004
2 5 31 7.026544 49 1.503301 27 4.894559 32 4.106563 35 7.238338
3
0 5 30 13.380867 34 12.273819 48 17.985229 42 18.031135 41 4.194093
1 5 42 2.292908 35 6.764003 30 8.751174 32 11.178237 47 1.808367
2 5 40 14.825881 43 9.519017 34 15.766689 44 9.237919 39 15.601767
3
0 5 30 7.215242 43 19.734494 44 4.917576 31 15.096443 40 2.079919
1 5 41 18.638467 31 8.205715 37 15.604530 40 18.973700 49 2.072616
2 5 36 10.500405 46 10.513455 42 16.975495 45 19.962313 38 6.863992
3
0 5 30 5.218210 31 19.989506 36 1.750572 39 18.765597 46 6.135966
1 5 32 5.109834 35 18.994162 46 2.352100 45 8.847136 43 6.143339
2 5 30 10.749826 33 1.416960 35 14.430974 32 1.371979 36 3.517901
3
0 5 30 9.067311 35 14.615588 42 15.716767 32 18.659470 36 19.132307
1 5 49 2.041846 38 18.504669 45 18.657773 31 18.238570 35 10.003293
2 5 33 14.743415 45 4.365829 31 14.490578 38 5.799486 47 4.712548
3
0 5 30 16.452434 40 12.778551 45 13.262314 38 11.507014 35 9.184476
1 5 33 8.419412 40 12.348712 47 6.423358 49 16.896125 45 4.375552
2 5 35 2.120412 36 18.067842 38 5.636416 47 1.755016 45 18.225609
3
0 5 35 15.844394 45 9.092605 42 17.391223 38 11.040087 46 13.554734
1 5 49 9.383899 36 2.311634 46 3.290974 47 15.148395 45 19.700065
2 5 39 14.797407 35 9.247443 46 4.522989 48 9.918133 49 10.764724
3
0 5 35 15.956561 40 11.437588 36 7.798536 42 2.781865 43 4.298029
1 5 49 13.703803 36 11.946833 44 14.697096 45 1.654189 35 13.256804
2 5 39 1.944749 40 14.986068 41 9.529734 45 14.032774 43 3.312369
3
0 5 35 16.434963 45 9.033473 42 3.714293 40 9.523557 39 8.230082
1 5 43 5.369467 48 8.599587 45 5.355070 46 17.280139 36 19.220205
2 5 46 3.794836 37 3.725464 49 10.342624 38 5.623780 35 13.765187
3
0 5 35 16.202175 41 17.074165 44 11.032878 42 3.520671 37 18.461801
1 5 46 7.516336 36 15.044906 38 13.363640 45 6.406796 35 14.309354
2 5 37 3.226300 41 18.868889 49 3.930557 45 10.929296 40 3.758168
3
0 5 35 2.470058 46 3.914578 36 19.973145 38 18.283313 48 4.294832
1 5 35 12.797336 39 14.346443 43 11.513384 40 5.724733 46 14.011942
2 5 41 4.378143 47 11.769970 37 17.553745 40 12.682473 42 4.933693
3
0 5 40 15.240582 46 15.926444 45 17.892341 49 8.611403 43 4.450838
1 5 47 11.270973 41 7.104952 42 14.696333 44 12.259462 43 8.950834
2 5 42 3.334294 48 16.662340 43 4.246107 45 6.985243 47 2.833204
3
0 5 40 6.961044 49 17.436422 47 14.279009 48 13.079792 45 3.285004
1 5 44 4.649565 49 7.582240 40 12.051590 41 11.249949 45 14.035046
2 5 43 14.808126 45 14.342115 46 6.526831 47 19.958100 44 6.619581
3
0 5 40 12.202256 44 5.148504 49 14.748331 47 6.174521 46 14.563867
1 5 40 14.578664 45 8.286006 43 19.761936 48 2.213556 42 5.844240
2 5 46 6.497769 41 9.592615 40 19.319284 43 3.701059 49 19.612560
3
0 5 40 9.967290 49 17.412025 48 18.341547 45 19.648155 41 17.928549
1 5 49 15.820175 45 2.575033 47 14.193965 40 3.905235 41 18.466945
2 5 48 14.264380 46 2.436881 49 18.776232 40 18.482669 44 3.560380
3
0 5 40 16.342396 41 3.048672 46 3.669136 43 17.392187 42 17.624475
1 5 47 3.284131 43 9.008905 46 13.204000 49 17.363680 42 16.716802
2 5 40 13.253492 49 1.804358 41 5.895855 42 15.173175 48 6.163198
3
0 5 45 17.247725 46 15.237046 47 14.786169 48 3.405124 49 11.975613
1 5 45 18.469609 46 12.074135 47 2.666101 48 11.542274 49 1.822894
2 5 45 17.959583 46 5.615868 47 12.164646 48 16.575476 49 2.407683
3
0 5 45 9.059663 46 14.371265 47 14.621853 48 10.851980 49 18.403754
1 5 45 15.904563 46 12.299106 47 5.533383 48 12.385744 49 2.555267
2 5 45 2.710891 46 9.851899 47 16.331957 48 8.460779 49 9.244873
3
0 5 45 12.857927 46 10.611899 47 17.105527 48 3.051568 49 15.011808
1 5 45 4.525594 46 5.625480 47 16.843913 48 7.347808 49 13.162376
2 5 45 15.280839 46 3.480944 47 19.142666 48 16.438103 49 5.550078
3
0 5 45 11.581441 46 12.377751 47 13.065903 48 5.439358 49 17.152080
1 5 45 5.836551 46 15.209330 47 10.371150 48 15.676973 49 11.048130
2 5 45 16.048524 46 8.718951 47 2.979058 48 16.373560 49 16.157512
3
0 5 45 17.894113 46 1.753782 47 10.480381 48 7.739226 49 18.184518
1 5 45 6.260505 46 11.609438 47 8.647421 48 15.450077 49 19.484988
2 5 45 14.591666 46 6.186026 47 9.327277 48 4.462914 49 12.889948
3
0 1 49 8.537228
1 1 49 13.576194
2 1 49 15.611649
3
0 1 49 3.549923
1 1 49 2.105281
2 1 49 12.681812
3
0 1 49 15.502978
1 1 49 3.095932
2 1 49 6.927663
3
0 1 49 5.342865
1 1 49 14.184297
2 1 49 7.883954
0
