50 49
3
0 1 5 14.352314
1 1 39 6.398089
2 1 36 11.582914
3
0 1 5 2.050686
1 1 21 10.462565
2 1 12 15.357034
3
0 1 5 16.901792
1 1 31 5.692661
2 1 34 16.754533
3
0 1 5 12.576211
1 1 14 5.792820
2 1 25 13.644716
3
0 1 5 8.151250
1 1 27 1.994717
2 1 8 4.164068
3
0 1 10 5.099967
1 1 36 8.594320
2 1 15 4.895576
3
0 1 10 3.959382
1 1 49 3.811962
2 1 22 12.589795
3
0 1 10 18.220707
1 1 20 13.833150
2 1 21 8.336879
3
0 1 10 10.561149
1 1 34 3.444290
2 1 45 1.463997
3
0 1 10 4.526901
1 1 14 10.161215
2 1 23 14.354251
3
0 1 15 6.175068
1 1 29 13.054584
2 1 48 11.113986
3
0 1 15 1.359312
1 1 21 6.347956
2 1 35 1.886836
3
0 1 15 19.556525
1 1 28 6.383190
2 1 48 4.035474
3
0 1 15 11.563517
1 1 39 9.910429
2 1 35 17.229685
3
0 1 15 19.148057
1 1 20 12.946134
2 1 20 6.668928
3
0 1 20 6.961771
1 1 20 11.644111
2 1 37 18.916255
3
0 1 20 1.812935
1 1 45 18.542807
2 1 48 9.217936
3
0 1 20 3.899760
1 1 23 7.530725
2 1 38 3.726117
3
0 1 20 9.719462
1 1 38 8.282900
2 1 46 15.954854
3
0 1 20 10.585853
1 1 21 3.819387
2 1 31 11.324695
3
0 1 25 13.572755
1 1 26 19.611032
2 1 30 10.365675
3
0 1 25 9.915569
1 1 40 7.604508
2 1 44 12.913820
3
0 1 25 2.308108
1 1 36 11.948125
2 1 31 2.029381
3
0 1 25 6.268413
1 1 31 16.709352
2 1 38 15.700661
3
0 1 25 19.884870
1 1 35 14.809775
2 1 31 6.792827
3
0 1 30 10.672481
1 1 36 18.120732
2 1 42 5.463446
3
0 1 30 17.863982
1 1 33 11.748955
2 1 37 15.166898
3
0 1 30 7.726920
1 1 44 4.909566
2 1 33 9.235207
3
0 1 30 1.381209
1 1 37 9.663556
2 1 39 13.572913
3
0 1 30 8.549220
1 1 43 19.598830
2 1 37 17.075359
3
0 1 35 9.088108
1 1 36 14.362659
2 1 42 2.125548
3
0 1 35 12.234499
1 1 45 5.094912
2 1 41 9.997031
3
0 1 35 3.014779
1 1 40 11.169155
2 1 38 4.973411
3
0 1 35 4.318938
1 1 45 17.308132
2 1 37 3.136944
3
0 1 35 7.890252
1 1 38 17.572680
2 1 44 18.167024
3
0 1 40 15.055480
1 1 47 17.355827
2 1 41 19.464168
3
0 1 40 12.387550
1 1 45 6.834555
2 1 49 5.134432
3
0 1 40 7.749305
1 1 41 12.736226
2 1 43 5.628364
3
0 1 40 19.354679
1 1 43 4.304505
2 1 40 15.421300
3
0 1 40 4.178596
1 1 48 2.645656
2 1 43 12.724812
3
0 1 45 9.225080
1 1 45 15.530870
2 1 47 4.066707
3
0 1 45 13.055651
1 1 48 17.072091
2 1 48 17.124488
3
0 1 45 1.943258
1 1 48 10.058609
2 1 49 6.394504
3
0 1 45 12.304447
1 1 49 2.343641
2 1 48 9.584036
3
0 1 45 10.841384
1 1 46 11.757236
2 1 49 9.219630
3
0 1 49 11.755282
1 1 49 9.101034
2 1 49 6.235879
3
0 1 49 6.027978
1 1 49 12.697122
2 1 49 14.523573
3
0 1 49 9.590905
1 1 49 11.774430
2 1 49 6.283037
3
0 1 49 7.352932
1 1 49 18.423988
2 1 49 14.420619
0
