50 49
3
0 4 5 18.779408 36 8.112346 7 11.030904 9 15.432133
1 4 48 5.354608 26 13.143004 7 13.060113 44 14.669204
2 4 13 15.880365 47 5.900496 49 12.621933 35 17.615655
3
0 4 5 7.740969 16 11.390975 20 12.057060 33 1.537645
1 4 14 3.985699 27 15.227311 17 19.177817 47 3.065220
2 4 18 18.607454 20 19.250922 27 17.661026 7 1.500275
3
0 4 5 5.805144 16 6.756883 13 13.838706 42 17.868819
1 4 10 12.478510 9 6.185662 35 10.417673 25 3.681856
2 4 16 14.671439 5 12.103626 49 13.060476 8 10.629345
3
0 4 5 8.428216 37 9.943924 7 18.709681 14 19.276433
1 4 7 19.583813 30 10.925947 36 14.035763 19 11.714037
2 4 49 10.943093 26 19.235232 6 4.799363 22 6.505284
3
0 4 5 5.616827 44 9.070595 26 14.772109 18 2.659887
1 4 28 2.718916 21 19.638542 46 14.040586 19 5.832609
2 4 43 18.912622 8 8.064630 15 7.403000 9 4.305828
3
0 4 10 18.720093 29 9.144907 13 7.596957 15 18.533979
1 4 32 10.333972 47 4.096431 18 1.700607 12 14.055047
2 4 31 14.837044 44 19.115526 15 11.501336 27 15.488470
3
0 4 10 2.052686 41 14.492664 25 16.666905 28 18.982490
1 4 47 19.731580 29 7.375188 35 7.542822 43 11.609237
2 4 28 14.949770 18 17.800373 19 11.707018 20 1.770715
3
0 4 10 10.532481 34 5.601642 23 6.248581 43 18.603683
1 4 45 1.249295 24 19.025632 12 6.061432 34 6.987996
2 4 21 15.021437 42 19.395285 10 16.930383 33 8.750543
3
0 4 10 7.816374 44 15.787311 31 8.761790 24 3.489280
1 4 31 14.001385 39 5.533134 46 4.805404 43 4.739575
2 4 37 6.490874 13 10.280707 26 8.437403 42 11.024113
3
0 4 10 7.733226 34 11.286431 35 6.181817 40 6.162510
1 4 28 1.218612 49 7.460661 44 17.472476 22 11.742032
2 4 19 1.846907 23 1.910456 28 16.382406 42 4.190166
3
0 4 15 9.571434 16 2.039202 37 12.524096 20 1.438185
1 4 48 7.874645 32 5.966604 29 4.614190 27 9.835525
2 4 49 5.236513 47 7.192958 28 1.311067 17 18.440125
3
0 4 15 5.602418 30 6.986733 43 7.819042 32 18.476793
1 4 22 16.434122 18 12.772403 31 17.317844 47 16.332778
2 4 48 1.819052 17 13.638891 35 10.698235 24 8.129446
3
0 4 15 11.097899 42 12.389580 16 1.679142 40 12.200083
1 4 33 2.017490 22 17.362896 34 3.760562 26 2.652537
2 4 45 16.710420 38 12.705015 18 15.375241 35 6.562640
3
0 4 15 15.341766 36 10.106664 32 9.178099 43 8.049253
1 4 32 7.249850 31 18.331985 40 7.907803 35 7.535058
2 4 20 16.400983 31 14.538318 40 14.935520 15 9.305932
3
0 4 15 19.916295 34 16.112151 29 3.864563 17 3.669727
1 4 25 13.641041 27 15.703557 41 10.747806 15 17.924889
2 4 30 10.199290 15 9.330754 38 14.983294 40 2.809111
3
0 4 20 6.605275 35 4.554663 43 2.160987 46 6.099064
1 4 20 2.292454 33 17.020715 23 5.358687 39 12.715650
2 4 47 14.892279 28 18.039401 44 9.431033 38 3.509591
3
0 4 20 6.489135 21 2.906074 32 17.431622 38 17.307970
1 4 48 14.506769 49 15.676885 45 18.706374 32 16.904365
2 4 45 9.080627 28 8.864716 27 14.310382 49 1.218703
3
0 4 20 3.027425 44 11.842395 33 12.864501 35 3.757289
1 4 38 7.922209 35 7.248939 28 10.344506 34 1.350725
2 4 43 1.421207 28 10.157249 47 19.399383 25 19.999020
3
0 4 20 19.785370 42 12.555080 24 16.674544 27 10.958063
1 4 42 18.696620 47 11.420403 24 3.424863 34 4.221799
2 4 38 11.531577 23 8.121733 48 6.184282 41 9.043753
3
0 4 20 2.672486 46 4.091556 29 2.565925 22 17.384705
1 4 33 18.569056 36 6.559612 42 15.772453 21 12.234710
2 4 36 5.018023 30 11.177879 29 8.480183 33 5.511970
3
0 4 25 13.081310 30 11.495500 36 5.479465 44 9.329364
1 4 42 16.305884 35 5.607255 40 18.564602 48 5.778500
2 4 35 8.940511 27 14.566049 36 14.684918 28 18.507876
3
0 4 25 16.379178 28 10.077028 35 9.137594 34 4.713176
1 4 38 6.321710 40 8.633506 33 6.167158 47 5.098802
2 4 25 10.551356 36 3.788186 37 7.177536 30 12.569588
3
0 4 25 15.267861 33 16.916436 49 18.810240 42 9.566092
1 4 28 9.228176 27 14.993937 44 7.609824 38 14.298196
2 4 38 2.416340 48 3.474049 36 3.500895 27 14.369207
3
0 4 25 18.396916 36 14.172877 26 16.520925 39 17.202336
1 4 29 9.817660 37 5.587356 46 1.684766 27 1.093325
2 4 26 19.099962 27 13.330000 40 11.330390 38 17.577507
3
0 4 25 15.653698 33 8.468124 35 16.279852 31 11.565919
1 4 44 19.246192 25 6.174584 32 15.294134 29 6.587450
2 4 30 1.766952 42 12.629300 28 8.575755 36 4.930643
3
0 4 30 11.929020 37 10.528124 41 7.353466 44 15.157404
1 4 44 14.329112 36 5.505435 32 4.736634 30 14.949274
2 4 37 3.811920 38 14.058738 33 2.514344 36 15.175208
3
0 4 30 1.784621 37 1.084511 33 5.891822 36 4.014707
1 4 35 6.011333 47 19.321803 45 13.231695 49 14.164765
2 4 31 19.915427 39 14.032962 49 18.247723 36 6.417724
3
0 4 30 6.817572 38 9.531378 48 5.997328 34 12.589803
1 4 40 4.134448 43 5.056963 30 15.172735 34 14.680541
2 4 42 17.679426 35 13.806592 43 19.253737 37 7.114544
3
0 4 30 18.150658 37 6.259468 45 13.028698 36 4.321107
1 4 36 17.321252 46 16.003922 40 11.097546 48 6.953665
2 4 47 4.770358 35 11.051643 48 16.217538 41 1.217028
3
0 4 30 2.003200 47 7.499987 46 5.445600 44 1.011813
1 4 45 12.704520 48 16.414382 43 4.540075 30 11.823355
2 4 46 2.627531 34 10.839467 43 15.355963 36 6.076045
3
0 4 35 14.295592 37 1.460709 40 15.687574 42 17.318714
1 4 44 11.989348 39 2.657696 40 5.874119 38 4.107692
2 4 45 19.159271 36 12.667989 42 10.442251 47 12.854644
3
0 4 35 13.828858 42 19.053781 40 4.339481 48 9.349149
1 4 47 17.639319 49 1.189828 42 12.939229 38 14.783222
2 4 43 11.887805 41 16.133967 35 10.465128 42 4.477330
3
0 4 35 13.541671 41 17.148971 40 15.195377 42 15.785458
1 4 39 12.921219 43 16.421057 45 13.869220 38 7.706839
2 4 41 7.686015 47 8.761310 49 17.060799 45 18.940959
3
0 4 35 5.674270 40 14.255937 46 14.167885 47 13.391281
1 4 40 15.449094 46 1.144416 37 17.682909 44 11.661572
2 4 49 1.341378 43 5.161975 40 15.740714 44 17.194213
3
0 4 35 2.350017 47 17.132405 45 6.613518 42 8.217849
1 4 38 16.412182 46 9.112161 48 4.717755 42 10.277461
2 4 36 3.896942 35 4.569820 47 3.160895 41 13.605527
3
0 4 40 11.716517 49 19.776430 41 13.758901 48 10.385230
1 4 42 19.892815 47 13.149831 43 7.019515 48 9.271384
2 4 45 8.493196 44 13.172170 49 1.756544 41 15.335362
3
0 4 40 15.418546 43 16.275169 49 18.104544 44 7.412658
1 4 40 2.582255 41 9.545078 49 10.994460 45 17.778125
2 4 40 15.477031 43 11.886277 48 19.344440 47 5.672161
3
0 4 40 17.104381 45 2.716097 43 12.198089 41 8.721095
1 4 47 11.753291 44 4.896777 43 8.086810 49 15.214368
2 4 45 5.315590 40 11.872176 42 6.388680 41 10.544395
3
0 4 40 15.054738 42 4.927407 44 11.071037 46 11.633326
1 4 42 19.623501 49 5.194264 41 9.973643 46 10.293252
2 4 43 13.940321 45 4.577894 40 16.542865 41 14.208179
3
0 4 40 15.616235 48 19.976434 49 13.161264 44 16.541669
1 4 41 8.355541 44 14.430629 46 17.214736 48 10.105175
2 4 42 13.549701 41 10.801950 46 2.451277 45 15.058573
3
0 4 45 6.553357 46 1.013416 49 17.638427 48 2.048771
1 4 48 18.633017 46 7.985542 47 13.139471 45 4.067222
2 4 48 3.470915 49 16.784725 46 11.554359 47 13.323447
3
0 4 45 19.854751 49 18.628388 46 18.349207 47 11.436212
1 4 46 11.201532 47 5.312908 48 13.091057 49 3.514598
2 4 49 10.075640 45 2.021420 48 6.164253 47 16.621542
3
0 4 45 7.807672 46 12.743816 47 7.365065 49 4.742943
1 4 46 19.767799 48 12.565093 47 7.163165 45 19.350064
2 4 47 19.949090 46 15.746043 48 12.945513 45 19.485681
3
0 4 45 7.738602 47 2.525206 49 10.584695 46 6.675135
1 4 48 12.434953 49 7.894789 45 9.990502 47 1.383110
2 4 49 16.165016 45 15.290915 46 3.939541 48 3.986036
3
0 4 45 13.550509 48 12.308586 49 9.282013 46 6.819418
1 4 46 11.912557 49 17.639498 47 9.185897 48 13.935838
2 4 45 16.906507 49 8.712236 46 14.461745 47 15.141198
3
0 1 49 19.657313
1 1 49 14.669119
2 1 49 19.486643
3
0 1 49 7.399135
1 1 49 18.846431
2 1 49 14.447402
3
0 1 49 2.315642
1 1 49 9.047139
2 1 49 4.429584
3
0 1 49 6.082481
1 1 49 4.034196
2 1 49 18.638693
0
