50 49
3
0 1 5 18.166158
1 1 48 17.832070
2 1 34 7.353622
3
0 1 5 16.989584
1 1 16 9.316090
2 1 27 2.851563
3
0 1 5 12.712486
1 1 43 10.189366
2 1 37 7.299371
3
0 1 5 5.416981
1 1 34 11.653288
2 1 17 4.659064
3
0 1 5 16.773833
1 1 12 8.037467
2 1 25 17.515548
3
0 1 10 9.325491
1 1 46 7.524434
2 1 46 10.963479
3
0 1 10 12.581661
1 1 16 8.555413
2 1 21 12.088671
3
0 1 10 12.917804
1 1 18 12.772031
2 1 48 7.344574
3
0 1 10 19.989711
1 1 30 14.508479
2 1 33 8.863705
3
0 1 10 2.730103
1 1 19 9.145975
2 1 46 1.862343
3
0 1 15 14.473155
1 1 34 12.108821
2 1 28 14.690867
3
0 1 15 14.770146
1 1 20 17.982438
2 1 16 8.234356
3
0 1 15 7.149925
1 1 18 16.267346
2 1 40 19.277237
3
0 1 15 5.576744
1 1 35 9.989397
2 1 37 17.155573
3
0 1 15 16.172377
1 1 36 16.995906
2 1 36 2.587649
3
0 1 20 17.585762
1 1 20 10.851808
2 1 31 15.780194
3
0 1 20 1.323446
1 1 48 10.594669
2 1 25 6.494580
3
0 1 20 8.121296
1 1 44 12.991055
2 1 31 2.262081
3
0 1 20 14.256308
1 1 46 11.607547
2 1 30 19.584151
3
0 1 20 17.036239
1 1 22 7.375038
2 1 47 6.569959
3
0 1 25 6.129863
1 1 31 19.287661
2 1 37 8.308987
3
0 1 25 14.138783
1 1 25 12.891593
2 1 47 17.451994
3
0 1 25 6.718288
1 1 41 19.712834
2 1 33 7.964141
3
0 1 25 13.622303
1 1 26 17.650144
2 1 26 14.092815
3
0 1 25 9.122050
1 1 35 9.040321
2 1 38 10.263265
3
0 1 30 7.037846
1 1 32 11.358370
2 1 34 8.952973
3
0 1 30 2.135928
1 1 35 6.536074
2 1 45 4.644098
3
0 1 30 12.375490
1 1 45 6.222811
2 1 40 10.162553
3
0 1 30 9.920028
1 1 37 16.615115
2 1 46 7.360759
3
0 1 30 8.571781
1 1 42 18.655688
2 1 31 7.098009
3
0 1 35 16.731398
1 1 35 5.891600
2 1 42 10.169804
3
0 1 35 12.154427
1 1 48 8.196076
2 1 47 15.656557
3
0 1 35 17.837391
1 1 42 15.545641
2 1 44 1.256551
3
0 1 35 17.395666
1 1 46 2.104165
2 1 45 11.890787
3
0 1 35 4.954576
1 1 44 13.552040
2 1 44 10.077847
3
0 1 40 4.342312
1 1 43 17.469366
2 1 41 1.934936
3
0 1 40 1.169749
1 1 42 5.945840
2 1 40 12.333314
3
0 1 40 14.593901
1 1 43 16.241626
2 1 43 11.664518
3
0 1 40 9.326715
1 1 46 1.515207
2 1 48 18.864299
3
0 1 40 10.183565
1 1 43 11.808741
2 1 40 8.554477
3
0 1 45 14.990692
1 1 47 16.016866
2 1 46 18.746998
3
0 1 45 5.784377
1 1 46 13.665610
2 1 47 16.129181
3
0 1 45 5.205358
1 1 47 15.001692
2 1 45 12.191457
3
0 1 45 12.583610
1 1 49 15.731786
2 1 49 19.084204
3
0 1 45 13.817831
1 1 45 18.783731
2 1 46 17.536392
3
0 1 49 9.118943
1 1 49 1.103114
2 1 49 6.226935
3
0 1 49 2.035297
1 1 49 11.800224
2 1 49 4.001927
3
0 1 49 14.659609
1 1 49 7.263727
2 1 49 4.138519
3
0 1 49 1.104714
1 1 49 4.774914
2 1 49 18.834207
0
