50 49
3
0 5 5 17.361435 14 10.637796 13 12.226368 48 19.787463 38 10.995855
1 5 47 13.566961 34 12.561966 19 15.260356 30 17.021125 42 8.021520
2 5 30 16.096090 7 5.396521 16 7.839742 35 9.560947 29 5.036981
3
0 5 5 2.979913 32 7.670362 46 8.756202 40 1.020234 35 3.784845
1 5 12 6.482533 38 6.376847 23 5.908300 49 14.372450 41 6.935807
2 5 17 12.407072 49 3.475640 26 5.215915 29 18.617805 21 10.437861
3
0 5 5 9.776158 29 9.939879 37 17.051760 25 19.699173 19 1.135791
1 5 33 13.185307 23 15.602080 21 15.850293 20 17.461168 5 10.623930
2 5 8 5.508822 15 10.762208 13 7.777552 45 5.219423 10 5.555286
3
0 5 5 1.024580 35 3.893944 40 17.216267 33 19.493767 22 16.180972
1 5 43 1.812764 11 3.845232 44 8.445311 8 18.968223 35 4.485616
2 5 41 15.313967 25 18.755960 31 1.152677 16 5.363329 38 2.261945
3
0 5 5 18.365000 46 18.625215 38 6.070790 26 16.218886 42 3.653659
1 5 11 18.820477 6 12.195007 33 9.504244 40 8.226557 10 10.066026
2 5 9 1.319464 5 3.278428 25 12.189360 22 7.983232 19 17.358432
3
0 5 10 11.055371 41 9.197715 15 13.866592 44 12.525977 36 6.890633
1 5 26 10.916545 35 17.413288 36 16.750323 37 19.426736 23 19.461447
2 5 13 2.710602 11 19.713825 47 10.433390 36 17.763834 44 4.187767
3
0 5 10 9.348195 33 14.840127 45 8.915113 30 5.131552 29 7.610248
1 5 33 17.546376 37 5.022709 43 14.846081 19 11.349948 42 5.355460
2 5 20 1.902687 25 13.924525 24 8.466924 46 3.549500 26 3.712560
3
0 5 10 4.804325 34 8.425489 19 10.952651 33 10.958517 17 3.915296
1 5 19 8.389517 18 5.530303 40 8.431603 41 4.349114 44 6.073374
2 5 38 10.509244 23 5.612231 37 11.644751 34 12.413946 42 1.969612
3
0 5 10 14.152478 22 3.107320 16 13.856507 33 3.616361 48 5.463646
1 5 15 10.959255 13 8.083798 25 8.646616 42 1.070449 45 18.414221
2 5 46 7.189378 18 8.354710 48 18.833578 29 15.093959 47 4.462422
3
0 5 10 13.359514 43 10.253764 23 17.624574 29 4.429591 38 6.321313
1 5 24 18.851721 18 12.999800 37 14.047202 14 8.844552 49 1.181705
2 5 24 1.720798 46 1.463993 15 16.016437 26 7.241449 17 8.302704
3
0 5 15 15.415570 42 11.599507 25 13.185795 41 13.679670 39 1.832096
1 5 27 8.123714 42 8.700781 47 7.692406 44 12.537039 16 8.444184
2 5 36 17.941244 18 3.596221 24 9.413655 32 7.295100 41 16.253302
3
0 5 15 17.248411 21 2.077588 47 17.491630 28 2.047781 24 1.135023
1 5 19 15.876014 47 5.882063 41 13.907875 49 5.315391 44 5.404302
2 5 35 1.916659 18 14.971504 44 12.131032 17 11.203814 19 6.673003
3
0 5 15 16.764629 18 19.847567 30 19.782859 25 5.522896 34 19.328893
1 5 23 10.195816 43 15.158149 24 18.106034 42 7.891560 27 17.722934
2 5 17 11.697426 30 11.562837 44 10.273662 43 8.123657 22 9.383712
3
0 5 15 4.108809 22 10.768458 35 1.145549 39 13.525884 16 9.352578
1 5 39 12.067030 43 3.089338 15 2.681884 17 6.857735 23 2.466050
2 5 16 9.623715 41 14.927084 30 5.231080 35 12.053253 22 14.248560
3
0 5 15 13.412625 33 19.133361 25 5.269438 28 15.193898 18 16.890706
1 5 23 9.630036 39 6.877199 27 6.591343 17 19.556759 32 16.126294
2 5 46 16.885103 36 7.495613 35 5.884260 48 12.601421 37 6.327018
3
0 5 20 1.972454 44 1.999542 24 8.989547 36 6.528346 40 16.491522
1 5 43 8.833939 44 2.313208 21 1.523558 48 7.301585 47 15.479461
2 5 35 9.897036 36 10.873481 44 16.232612 43 10.287006 26 16.113393
3
0 5 20 4.666350 42 7.016224 22 3.256160 35 11.154147 49 5.979646
1 5 40 14.289227 30 4.799565 29 14.324823 43 13.103808 44 7.365575
2 5 32 1.182067 30 16.212582 41 18.684874 27 15.123503 44 13.682160
3
0 5 20 1.656203 40 18.749835 43 3.471850 29 4.897174 22 13.654284
1 5 42 6.056658 27 14.052546 29 6.727746 30 7.559989 22 12.778276
2 5 29 5.318841 45 17.039907 34 10.799346 27 2.612012 49 12.409271
3
0 5 20 12.332613 22 16.749667 43 17.100904 33 12.337611 29 4.573259
1 5 34 11.853266 49 16.694257 42 8.005948 28 3.489525 36 8.215741
2 5 47 10.566165 22 3.688350 30 17.825166 48 3.137777 31 15.289220
3
0 5 20 4.315771 44 11.966495 46 1.489825 48 14.984854 24 4.117756
1 5 39 10.586811 32 11.387628 41 7.908240 45 5.157650 48 4.894103
2 5 49 17.698698 27 8.427182 23 4.524893 30 18.149894 44 16.277983
3
0 5 25 4.795146 42 13.436400 36 8.852340 38 2.373675 46 2.001443
1 5 29 13.029365 46 12.263375 31 14.036903 38 8.479814 43 7.018475
2 5 36 3.740129 26 15.384617 37 1.059484 41 18.339591 38 18.121404
3
0 5 25 15.245799 37 8.512016 26 18.523534 34 3.980592 28 19.262476
1 5 47 1.881341 44 15.956492 39 8.607004 33 19.925806 36 6.431641
2 5 36 7.661224 35 3.483187 33 18.171003 48 16.218066 41 1.993401
3
0 5 25 16.368921 43 17.535060 48 5.835268 45 12.311139 36 16.567956
1 5 48 18.531025 26 1.199197 45 6.326777 34 2.643665 38 13.860151
2 5 46 10.091007 34 2.488789 37 18.006346 47 16.029017 44 18.772721
3
0 5 25 18.138016 44 19.049757 40 2.578021 37 4.739797 43 5.770665
1 5 34 10.095905 42 10.727299 29 8.047002 39 8.990620 46 18.593186
2 5 49 7.613391 42 16.105550 43 14.622636 25 19.267378 48 18.626766
3
0 5 25 13.552775 33 2.247255 45 3.923130 35 6.836668 46 18.554466
1 5 34 7.730865 49 16.396330 48 16.932391 46 10.464111 29 17.508926
2 5 45 8.360070 41 3.055793 39 12.704558 26 12.037375 38 17.858501
3
0 5 30 2.383797 40 19.945307 37 6.071098 33 9.040626 34 16.647314
1 5 47 3.865660 32 15.191537 37 13.930291 30 7.166088 45 13.368589
2 5 41 11.224284 47 17.326428 46 18.997270 40 9.982470 35 1.985644
3
0 5 30 6.026987 37 3.953647 35 4.218576 41 13.574066 33 4.456333
1 5 31 1.378030 47 4.207006 34 12.192114 44 10.973142 41 3.690801
2 5 33 8.741393 34 12.683886 49 5.886554 30 15.664118 37 19.903501
3
0 5 30 5.997323 31 4.329642 38 15.295713 48 17.231843 39 3.449942
1 5 32 4.685057 38 1.305584 36 19.052886 30 6.484159 35 8.868740
2 5 35 19.998670 40 16.923250 30 11.485380 34 8.367983 42 5.933420
3
0 5 30 14.702183 35 9.320442 47 11.593681 38 10.414877 36 3.577345
1 5 48 1.858589 38 16.550103 39 18.112923 33 12.133903 45 18.092293
2 5 48 18.081663 30 16.650770 47 17.791344 37 10.003538 38 10.545976
3
0 5 30 10.623257 39 8.789586 46 19.428336 42 6.114631 31 6.540662
1 5 44 18.218412 30 5.501011 33 7.120126 42 5.778750 31 3.479822
2 5 45 2.109329 42 17.418179 47 19.235503 31 2.121855 33 17.178847
3
0 5 35 5.779995 42 12.748659 44 9.464520 40 9.256080 39 12.844867
1 5 49 4.750653 48 12.325942 40 7.763046 36 9.298121 35 10.941706
2 5 40 10.840049 41 5.919418 46 7.351586 42 8.408971 48 7.392367
3
0 5 35 7.057816 40 8.864551 42 13.165298 41 12.921611 38 2.314072
1 5 45 17.153257 44 10.025644 35 19.513779 43 7.934574 48 18.930677
2 5 39 4.554153 43 5.473523 38 5.365248 46 7.666403 49 12.888492
3
0 5 35 8.101033 36 2.954760 37 10.721585 41 8.189830 46 10.506632
1 5 36 6.529982 44 15.374337 35 13.103327 38 15.780148 37 17.439317
2 5 40 9.583154 38 8.878844 41 6.403686 42 4.734279 37 11.559802
3
0 5 35 4.828948 36 4.643805 49 14.131971 47 3.373390 40 6.598325
1 5 40 13.564290 45 19.641546 43 9.627140 46 15.616815 44 7.336431
2 5 36 19.845196 41 11.596565 37 17.532216 45 5.631502 40 15.481816
3
0 5 35 2.447954 47 17.886184 44 5.995074 45 17.539106 43 19.888111
1 5 40 12.218228 45 12.071226 37 1.865546 48 13.623077 46 4.636093
2 5 44 17.893812 45 3.218302 41 3.714402 49 13.593767 36 4.583066
3
0 5 40 1.381778 43 2.905734 42 8.453275 46 15.835673 41 2.810637
1 5 42 8.458761 44 13.295239 46 10.946111 48 11.568297 49 10.848513
2 5 43 2.605412 41 13.388100 46 10.793993 49 15.769250 48 11.281050
3
0 5 40 8.211654 45 14.360177 44 2.704558 42 2.832029 41 3.200149
1 5 47 11.545456 48 6.525700 49 5.642327 46 4.609363 45 18.542017
2 5 44 16.955808 40 3.209510 47 10.281378 49 14.536928 43 4.277165
3
0 5 40 12.382622 43 16.632538 48 13.818370 47 10.869193 46 5.225565
1 5 43 10.458782 49 5.729093 40 6.722913 42 12.028151 45 17.554046
2 5 43 1.253551 41 16.455464 48 2.691316 40 5.878443 46 1.436848
3
0 5 40 4.416548 41 13.989387 44 6.780503 45 8.052256 47 1.964196
1 5 49 13.789814 41 12.829005 44 8.435697 42 5.760537 48 3.055570
2 5 45 1.572945 44 6.446833 43 6.568855 47 11.309528 42 3.773026
3
0 5 40 11.295912 49 14.901138 47 13.872451 42 4.309198 41 10.942113
1 5 42 1.943984 40 6.014947 46 10.031369 43 12.290064 45 7.103662
2 5 45 19.796752 42 6.880469 46 4.537453 40 2.895396 47 2.977758
3
0 5 45 19.002595 46 8.230101 47 5.584371 48 3.903317 49 17.105490
1 5 45 16.763625 46 6.759904 47 9.070432 48 8.997416 49 8.457168
2 5 45 10.335345 46 14.575116 47 9.805150 48 2.383731 49 11.252489
3
0 5 45 12.994963 46 1.573523 47 1.992231 48 8.445666 49 10.738927
1 5 45 11.612254 46 18.315335 47 9.092520 48 15.405245 49 1.292991
2 5 45 5.226795 46 9.920984 47 12.527367 48 7.448576 49 8.777040
3
0 5 45 15.400469 46 13.029082 47 7.633299 48 13.702287 49 4.018079
1 5 45 5.262031 46 18.328670 47 12.633335 48 5.228124 49 8.413065
2 5 45 6.614098 46 15.109525 47 11.698202 48 4.453567 49 6.542574
3
0 5 45 8.631157 46 15.278531 47 15.341979 48 14.310942 49 13.745790
1 5 45 17.134863 46 4.129202 47 1.212351 48 10.626840 49 8.517412
2 5 45 7.585813 46 10.377747 47 7.997001 48 15.355085 49 12.464586
3
0 5 45 16.928937 46 1.146801 47 3.074272 48 19.384789 49 13.249297
1 5 45 16.598833 46 19.981782 47 16.921443 48 13.951424 49 12.393558
2 5 45 10.412839 46 16.546651 47 5.196891 48 6.121800 49 16.177306
3
0 1 49 18.251802
1 1 49 11.086854
2 1 49 16.466396
3
0 1 49 2.420156
1 1 49 10.190634
2 1 49 3.218655
3
0 1 49 19.179486
1 1 49 9.367038
2 1 49 5.044892
3
0 1 49 12.388183
1 1 49 9.265690
2 1 49 18.842285
0
