50 49
3
0 3 5 12.451799 20 5.120204 42 7.882104
1 3 25 13.561640 45 13.278590 49 15.120283
2 3 30 2.315942 49 6.721026 34 1.744867
3
0 3 5 2.466546 31 1.824516 43 19.583819
1 3 45 3.185664 40 3.588507 41 14.261117
2 3 24 5.125278 19 2.286272 20 7.744446
3
0 3 5 2.575625 27 3.082440 39 18.458732
1 3 40 7.230298 5 14.176879 33 13.912458
2 3 19 15.405192 20 15.706678 18 14.676965
3
0 3 5 9.208320 8 6.771159 9 9.047484
1 3 28 2.256119 17 16.029245 15 1.818737
2 3 14 5.343078 22 10.901394 37 11.628201
3
0 3 5 15.084843 9 12.222386 20 8.061824
1 3 27 10.816183 20 16.666131 12 15.619792
2 3 33 8.603989 26 2.830904 13 5.411499
3
0 3 10 12.478386 23 13.143199 20 11.803629
1 3 17 13.432018 28 6.691875 44 12.681138
2 3 29 8.545434 39 8.659356 48 13.571281
3
0 3 10 12.635678 36 19.030172 25 12.992957
1 3 47 12.630609 29 9.520828 42 3.505910
2 3 28 4.651298 31 15.987964 43 17.693940
3
0 3 10 3.912526 13 15.573217 26 18.626692
1 3 27 8.671544 23 6.975512 45 16.652877
2 3 30 4.096050 33 5.186017 11 2.857000
3
0 3 10 16.053523 16 7.801626 27 9.413097
1 3 31 15.293315 14 2.988765 25 6.636225
2 3 40 18.241774 26 7.461818 32 13.466621
3
0 3 10 16.100735 13 7.423291 19 2.724295
1 3 14 18.868934 35 9.122325 15 2.965370
2 3 23 4.016122 22 13.652258 25 1.555408
3
0 3 15 3.329582 19 1.942242 24 18.657605
1 3 33 11.529559 29 11.963105 36 13.791004
2 3 18 7.245263 24 12.168002 20 2.731124
3
0 3 15 14.549890 18 7.450456 24 5.864031
1 3 43 18.413296 47 19.327087 42 5.274771
2 3 44 13.563781 18 1.281984 36 6.518133
3
0 3 15 9.371280 17 12.224403 18 14.441593
1 3 27 2.995300 48 4.739760 41 18.906937
2 3 20 13.037434 35 16.144723 39 16.178157
3
0 3 15 17.478593 44 3.602917 18 16.754418
1 3 25 19.248594 21 16.454463 24 7.287609
2 3 35 15.475290 44 3.507178 29 11.686811
3
0 3 15 18.398554 18 8.866116 33 3.287085
1 3 38 12.580691 41 3.591222 28 19.332584
2 3 44 15.729717 37 19.656252 35 7.774880
3
0 3 20 18.138323 31 8.315952 32 12.977023
1 3 20 1.238378 39 4.577488 31 9.694925
2 3 39 2.057358 35 12.832201 48 1.721964
3
0 3 20 9.464657 44 10.422774 21 16.188370
1 3 40 4.661964 47 11.863413 43 9.490645
2 3 25 2.367882 37 2.288345 35 18.695437
3
0 3 20 6.230145 44 4.650276 25 19.047856
1 3 36 12.845289 21 19.649654 20 19.236481
2 3 42 13.700527 30 12.095969 47 11.599382
3
0 3 20 18.636756 34 6.691702 46 8.801548
1 3 42 6.610006 45 16.336633 44 16.672195
2 3 46 18.389928 22 8.956409 42 12.275592
3
0 3 20 17.575685 42 12.200338 33 9.568020
1 3 22 9.560441 38 14.557313 43 17.657177
2 3 28 2.305485 29 12.482321 47 16.427906
3
0 3 25 7.123087 37 17.928295 44 2.247456
1 3 49 13.165855 41 9.307842 38 11.373982
2 3 34 17.384070 36 5.993971 30 8.904008
3
0 3 25 16.815865 38 12.974975 33 1.707125
1 3 43 17.118259 45 13.808737 38 13.602329
2 3 27 7.943300 43 6.599844 47 18.231254
3
0 3 25 5.531820 26 10.776589 32 4.794298
1 3 31 3.754395 27 15.561824 37 17.666796
2 3 33 6.446948 46 14.644339 45 11.369716
3
0 3 25 11.912590 43 5.204248 36 14.004136
1 3 39 18.100722 46 17.899612 31 2.611799
2 3 26 16.100049 32 16.258450 34 10.069723
3
0 3 25 8.518905 40 11.560734 36 8.317822
1 3 41 9.106955 35 9.162164 27 9.400666
2 3 46 8.409492 28 16.263075 43 3.887518
3
0 3 30 6.074152 38 8.463905 39 14.316364
1 3 37 10.983893 44 12.989028 41 3.286239
2 3 44 10.258665 42 3.633748 43 9.731073
3
0 3 30 9.941518 31 5.609417 36 10.207004
1 3 47 9.136753 36 19.373307 41 7.312218
2 3 35 12.452370 37 1.585825 47 12.084720
3
0 3 30 19.034958 43 12.231261 36 15.763483
1 3 49 6.355638 47 13.714649 40 14.184595
2 3 39 4.883032 34 2.449102 41 3.441890
3
0 3 30 14.373769 41 3.104705 33 6.183738
1 3 34 15.653950 49 11.555649 30 8.721265
2 3 32 4.264323 44 14.819932 49 3.005764
3
0 3 30 17.997389 37 6.066146 47 9.454062
1 3 41 9.240973 30 4.270799 38 11.971380
2 3 39 15.531988 48 6.444213 38 14.510903
3
0 3 35 4.899903 46 5.899129 48 18.192608
1 3 39 15.386495 38 15.611047 46 2.347388
2 3 49 2.834776 43 7.802487 35 3.103180
3
0 3 35 2.636729 42 18.333661 40 7.740137
1 3 36 12.383746 39 17.260982 44 8.447185
2 3 36 5.923550 39 14.434865 42 8.493105
3
0 3 35 15.990600 44 13.064978 41 17.705791
1 3 39 16.550171 47 9.109589 37 15.372047
2 3 49 8.808256 46 12.724012 44 19.214955
3
0 3 35 8.949443 42 16.262322 46 5.201571
1 3 35 11.811682 47 5.985092 43 15.032596
2 3 43 12.628996 42 13.338271 36 8.656611
3
0 3 35 6.297578 43 18.286430 45 8.879154
1 3 37 2.231137 36 12.894167 41 7.981243
2 3 36 18.802023 48 2.803545 42 7.871232
3
0 3 40 5.740738 49 6.144853 46 4.603633
1 3 49 6.469189 47 6.031377 42 10.174171
2 3 46 9.363254 44 1.995236 49 2.112434
3
0 3 40 16.014661 48 3.923042 42 4.068740
1 3 46 14.632226 42 10.018027 47 2.195928
2 3 41 12.055000 40 7.293412 45 15.827035
3
0 3 40 16.761477 48 7.806328 42 1.366663
1 3 42 16.354490 44 14.465997 48 15.571592
2 3 40 4.142335 46 18.647821 45 13.220170
3
0 3 40 1.951470 48 16.329773 41 19.545469
1 3 41 18.416568 45 16.876060 40 12.359351
2 3 44 8.564165 45 1.383624 49 1.581726
3
0 3 40 4.733916 48 12.688418 46 7.903008
1 3 41 10.645846 43 12.805169 44 7.491019
2 3 40 18.097253 45 10.011262 49 12.193212
3
0 3 45 9.220907 48 4.284499 47 6.512469
1 3 47 14.109996 45 16.357199 48 8.322118
2 3 48 14.513406 49 5.357235 45 1.022915
3
0 3 45 15.227465 48 4.061322 49 12.710365
1 3 48 14.621518 46 17.123688 49 17.882635
2 3 46 15.981666 45 16.771013 49 4.061909
3
0 3 45 17.364531 46 18.016630 47 11.666917
1 3 45 19.977197 46 14.268370 49 16.382155
2 3 48 1.636824 45 1.602123 47 3.233338
3
0 3 45 10.148073 47 2.434498 46 5.150780
1 3 48 12.570885 47 1.683314 46 9.698625
2 3 47 13.555029 49 4.724416 45 17.098455
3
0 3 45 18.615810 48 10.379568 49 6.744230
1 3 49 17.437009 45 18.198211 48 6.935591
2 3 47 10.343365 49 1.750540 45 15.778269
3
0 1 49 18.703401
1 1 49 12.917398
2 1 49 15.195932
3
0 1 49 18.660271
1 1 49 5.624433
2 1 49 3.717432
3
0 1 49 14.370501
1 1 49 17.155680
2 1 49 2.172716
3
0 1 49 18.721848
1 1 49 11.871312
2 1 49 4.413293
0
