50 49
3
0 5 5 16.802686 36 6.557990 19 9.944730 16 17.535969 7 18.530523
1 5 42 5.335086 30 5.359070 37 19.734639 32 4.830178 24 7.319507
2 5 5 8.254300 19 11.092649 10 5.392662 40 18.018685 46 19.527922
3
0 5 5 16.378893 41 13.031922 49 9.301287 13 16.449565 18 10.452125
1 5 27 18.202849 48 14.531213 14 9.613713 20 19.251062 28 13.832448
2 5 44 15.994340 20 16.728451 5 19.677015 37 19.888236 33 2.739531
3
0 5 5 4.994047 17 17.244259 48 13.846899 40 5.711154 38 18.961205
1 5 7 16.024209 24 4.916229 48 4.064852 36 2.571459 17 15.223932
2 5 19 12.773223 14 13.323326 46 12.698591 41 19.727693 5 5.349774
3
0 5 5 3.593887 48 4.836304 13 4.185838 34 9.728561 42 17.435280
1 5 49 2.266589 7 13.645112 24 8.983778 45 13.218366 17 5.336944
2 5 13 18.362923 16 5.344624 19 2.446801 27 2.662956 14 10.400831
3
0 5 5 13.752213 19 14.881350 21 9.740174 45 11.710854 11 5.576512
1 5 16 16.621072 33 10.533196 31 2.270453 25 12.899191 10 13.532998
2 5 30 3.146407 6 13.751165 40 16.476489 19 10.078215 10 17.703068
3
0 5 10 7.688500 13 2.455835 37 16.921198 16 8.561685 38 14.879338
1 5 46 8.384916 26 8.379937 25 13.239439 18 13.455927 11 3.770743
2 5 43 14.800146 12 4.083395 23 1.131633 27 10.306816 33 3.835553
3
0 5 10 18.865274 24 2.600069 17 12.854251 41 18.242652 26 7.058574
1 5 32 10.036441 20 19.648066 40 11.404019 49 3.672002 19 6.719788
2 5 44 19.792755 49 5.369812 34 14.081898 33 1.220159 18 13.886078
3
0 5 10 11.047032 21 18.021356 28 9.169611 25 3.950913 48 18.038737
1 5 32 18.787047 10 19.482801 38 14.526050 36 11.920014 43 15.499330
2 5 10 14.420555 45 5.746089 34 14.891247 33 1.687294 28 14.779838
3
0 5 10 14.491432 49 17.336564 48 7.370966 41 14.259365 38 2.820783
1 5 10 15.722300 40 9.422837 39 12.201882 33 12.618920 48 8.809837
2 5 41 14.683430 42 8.836771 49 17.069975 33 1.178457 44 9.499903
3
0 5 10 15.552173 47 7.830651 11 1.482253 48 2.580763 12 13.751603
1 5 11 10.113655 19 5.345428 41 16.015365 40 12.933181 35 12.816143
2 5 11 11.287855 16 6.274586 32 9.279737 14 8.427582 15 14.706171
3
0 5 15 16.108420 39 8.775810 35 13.292099 30 3.715515 45 8.154520
1 5 16 4.109319 19 3.376155 18 7.435953 43 1.608997 37 1.304989
2 5 36 7.392130 37 16.306368 43 8.051867 41 5.826207 31 12.677132
3
0 5 15 2.228317 35 10.992791 26 4.990726 25 3.153889 39 4.468030
1 5 41 13.871183 49 6.958919 40 5.247616 43 14.211449 39 12.909281
2 5 28 11.671528 49 11.011537 34 1.684197 32 7.177195 20 9.662417
3
0 5 15 16.107535 34 10.995649 37 17.219497 40 4.831027 25 8.254154
1 5 21 10.243145 45 6.693147 47 19.872340 30 7.614471 22 2.894971
2 5 26 16.305416 35 10.261738 42 13.654882 24 19.036410 36 4.368962
3
0 5 15 10.007660 27 7.499636 20 2.162511 49 12.692821 30 3.341847
1 5 24 14.869094 46 4.210868 37 9.597810 35 8.745293 26 9.795878
2 5 27 16.152924 19 13.524250 49 2.754555 31 2.214228 23 19.912953
3
0 5 15 18.356177 36 18.047979 31 13.910894 33 14.635739 16 9.700275
1 5 41 4.868907 44 3.710335 43 9.023792 47 8.107916 40 6.839859
2 5 47 9.404006 27 15.600405 32 4.423827 19 6.283401 25 19.081694
3
0 5 20 10.637225 44 2.662358 35 8.627545 47 8.543377 21 3.937068
1 5 45 9.869549 24 3.028714 47 15.181000 32 14.569053 20 11.760040
2 5 41 12.719256 40 19.025349 39 13.297009 21 3.607552 48 5.493459
3
0 5 20 18.618651 43 7.875547 25 14.082620 23 11.553276 35 12.813568
1 5 38 5.100565 24 9.892172 39 6.473251 44 19.460060 41 14.278182
2 5 38 8.091237 48 13.855594 37 3.496796 25 13.168720 43 9.545519
3
0 5 20 17.621187 24 18.343639 46 5.057147 25 12.385753 45 17.376881
1 5 20 6.518826 30 10.949559 37 1.063274 41 15.992577 22 15.147641
2 5 21 1.604196 32 12.593704 34 15.786985 47 11.049512 30 13.192728
3
0 5 20 7.554404 43 4.465768 42 8.102214 47 10.991308 38 12.171506
1 5 22 6.616901 21 15.259723 40 19.043452 47 9.821618 44 4.627069
2 5 46 10.775575 32 5.641740 23 3.593358 48 1.148841 33 15.279712
3
0 5 20 9.462214 35 17.083619 30 16.553116 36 2.645572 44 11.163566
1 5 27 9.716337 45 8.198615 26 13.939881 46 5.449093 24 2.344221
2 5 24 17.930449 23 17.874720 42 18.971297 35 16.477109 36 2.583050
3
0 5 25 9.595312 26 1.265903 49 8.313191 31 19.072806 28 18.439614
1 5 28 10.723852 44 7.494513 25 19.549417 42 18.508442 35 3.636310
2 5 26 10.973500 41 7.449340 29 2.388023 34 3.301373 28 18.223957
3
0 5 25 14.305749 39 14.315273 48 19.342180 47 10.950715 40 4.094623
1 5 33 18.856492 45 9.937428 43 7.182261 40 15.769225 29 15.589182
2 5 47 4.669294 28 11.021431 34 13.760345 32 3.468928 37 13.662104
3
0 5 25 13.068325 35 19.166565 44 11.019731 29 3.469512 33 16.135816
1 5 25 13.536634 41 14.954301 30 7.309252 33 1.731773 40 10.912883
2 5 49 15.622177 42 4.619386 44 16.196640 28 4.490489 48 19.605726
3
0 5 25 6.124755 30 9.999743 43 15.224689 40 8.354687 38 12.353755
1 5 39 13.789278 30 3.946881 42 12.755114 49 19.774224 40 5.296201
2 5 32 18.818843 26 11.500439 40 14.815466 31 9.961280 45 10.628998
3
0 5 25 8.469886 40 8.325184 35 18.020637 34 7.720829 41 10.926105
1 5 46 13.935052 37 12.978836 38 12.184751 34 19.086416 40 6.926347
2 5 26 12.690380 49 1.020641 34 16.038314 35 11.942733 48 17.633130
3
0 5 30 19.823894 44 10.636358 31 17.345423 42 3.417996 34 18.038268
1 5 32 18.081721 40 14.349706 49 14.915776 30 1.348527 33 7.183018
2 5 44 11.140598 41 13.590546 46 8.119870 47 12.443849 42 16.384356
3
0 5 30 19.672130 46 14.796778 36 15.410335 47 14.820511 45 10.597778
1 5 31 3.450739 49 12.357202 46 17.915948 47 12.888778 33 8.335824
2 5 43 19.764363 42 18.721332 44 17.726266 41 12.442823 48 3.906426
3
0 5 30 6.010020 39 7.739042 31 12.059332 43 2.666392 45 11.473880
1 5 30 19.799717 34 14.167994 49 7.322024 42 10.950227 39 19.473928
2 5 41 1.482336 38 8.894098 32 12.939509 42 6.501592 43 17.644961
3
0 5 30 14.488884 36 9.427040 40 19.216690 49 3.846542 31 4.446372
1 5 44 14.212692 30 5.056109 46 13.380355 45 18.991355 36 6.071282
2 5 46 17.767352 38 14.810430 43 9.212451 49 17.597690 35 2.861251
3
0 5 30 1.429043 45 4.320229 42 6.086022 41 2.448210 36 7.155624
1 5 35 15.354254 30 13.157321 33 10.848275 34 7.092599 49 11.582003
2 5 45 5.002171 36 9.103647 32 8.480305 38 3.308137 46 1.937664
3
0 5 35 10.010319 36 2.563968 47 1.673671 42 2.404020 39 12.020964
1 5 43 15.241936 48 14.921916 35 12.066303 41 10.943004 49 19.339921
2 5 35 6.659829 37 13.651495 36 1.358830 49 18.003888 40 18.096851
3
0 5 35 2.120017 48 12.053425 43 9.905374 36 1.135649 47 19.456707
1 5 41 4.296784 38 5.421971 47 4.091093 39 6.692323 42 11.896938
2 5 48 3.557305 37 15.260661 35 18.323274 38 6.119470 47 6.378506
3
0 5 35 19.416061 46 12.430076 37 8.859146 47 13.678482 45 9.735324
1 5 40 14.428670 42 4.805748 38 17.211907 47 19.595677 35 16.965678
2 5 43 1.884162 42 16.910333 41 1.087959 46 4.060148 48 9.965009
3
0 5 35 18.105345 48 4.658561 42 15.461281 43 2.700002 38 4.421082
1 5 39 17.900324 48 2.755008 40 6.423364 46 11.219681 49 7.573354
2 5 40 2.349591 44 18.070345 49 11.892496 47 3.216543 46 18.033788
3
0 5 35 6.253494 46 1.903771 40 17.381736 49 9.049447 44 14.707482
1 5 38 14.744911 36 10.958094 48 14.930951 43 2.024829 40 8.133078
2 5 38 9.753889 48 13.395695 37 2.675066 46 15.153094 44 5.869640
3
0 5 40 1.637405 48 5.722126 49 10.340282 41 10.740992 45 15.398959
1 5 46 9.790648 41 3.671067 47 7.082715 48 10.591881 49 1.831742
2 5 43 17.179861 40 11.559596 45 13.994892 46 19.298548 49 18.866040
3
0 5 40 5.174251 44 19.753878 42 8.991728 43 11.282096 49 5.970916
1 5 40 13.232372 42 6.740441 46 6.854044 47 1.433273 43 10.311526
2 5 43 6.183987 45 16.955491 47 18.033433 48 6.679493 41 16.978507
3
0 5 40 2.810363 43 16.799199 49 9.102143 41 3.945780 47 16.946832
1 5 42 1.161539 46 2.781245 44 10.368127 47 18.039665 41 6.756357
2 5 47 2.910647 41 13.229588 48 5.582809 44 10.790953 40 2.820551
3
0 5 40 19.347767 42 8.516572 43 2.690358 46 7.610857 49 17.240848
1 5 40 6.127502 45 19.136933 42 8.588839 44 9.613270 47 15.567468
2 5 43 1.031026 49 5.872134 44 16.390826 47 2.857030 46 11.213561
3
0 5 40 4.568291 44 5.739894 45 8.971865 43 9.813041 46 14.502676
1 5 49 12.064846 46 9.068499 42 5.711741 41 7.534172 44 10.625264
2 5 49 2.529536 41 5.824194 48 11.729865 47 5.542767 43 16.005412
3
0 5 45 9.868161 46 19.978131 47 7.157247 48 8.020112 49 1.289388
1 5 45 13.885887 46 3.375190 47 2.325608 48 18.540453 49 12.180102
2 5 45 17.920794 46 7.439051 47 7.384390 48 3.631972 49 14.215115
3
0 5 45 1.782214 46 7.009170 47 10.289821 48 1.731272 49 4.361824
1 5 45 2.598129 46 17.722581 47 16.762859 48 1.920240 49 16.981366
2 5 45 6.139514 46 15.526033 47 1.937719 48 7.769245 49 7.900903
3
0 5 45 5.047566 46 11.616510 47 4.015831 48 9.434424 49 13.975071
1 5 45 8.021550 46 5.608094 47 15.087543 48 15.636544 49 19.120486
2 5 45 6.470271 46 11.528827 47 6.213680 48 16.977545 49 8.308201
3
0 5 45 19.085939 46 19.267110 47 16.798550 48 4.363454 49 11.974469
1 5 45 1.464599 46 7.617442 47 19.592682 48 7.225230 49 3.931766
2 5 45 4.258307 46 15.264978 47 13.494350 48 19.327556 49 5.130710
3
0 5 45 1.986063 46 10.420654 47 17.227308 48 9.947398 49 15.562192
1 5 45 2.521367 46 6.126204 47 2.071518 48 14.303762 49 12.758095
2 5 45 2.237415 46 10.257118 47 9.895252 48 12.445931 49 14.439044
3
0 1 49 2.112902
1 1 49 9.301202
2 1 49 15.318625
3
0 1 49 9.787161
1 1 49 5.607003
2 1 49 13.401495
3
0 1 49 13.210046
1 1 49 7.626219
2 1 49 16.771874
3
0 1 49 1.047520
1 1 49 11.821449
2 1 49 12.915276
0
