50 49
3
0 3 5 12.514227 43 14.230054 7 8.363232
1 3 13 15.013614 27 19.648355 31 11.331175
2 3 36 3.841999 31 19.997180 38 17.370173
3
0 3 5 6.762665 10 17.767788 12 8.592151
1 3 34 8.661361 43 10.789917 45 6.204050
2 3 29 11.256574 8 14.035426 35 16.527899
3
0 3 5 3.087259 14 15.229589 9 8.433423
1 3 13 13.165741 15 14.256984 42 4.357074
2 3 10 18.536532 31 3.245411 26 16.166341
3
0 3 5 14.892155 35 10.696459 42 2.400950
1 3 36 16.129699 18 3.661382 23 14.224982
2 3 7 16.229790 22 10.204904 24 3.754048
3
0 3 5 13.549536 24 2.210758 30 5.975154
1 3 45 7.377469 10 12.236293 24 19.954993
2 3 13 18.139395 48 12.398430 39 16.261963
3
0 3 10 7.552209 49 3.750318 47 19.870772
1 3 40 8.156795 31 18.317317 27 2.181362
2 3 33 4.326296 26 6.568339 40 9.993963
3
0 3 10 11.405886 14 6.066982 33 6.489073
1 3 26 9.837598 24 6.668332 41 1.809230
2 3 26 1.336220 34 16.146331 42 2.855232
3
0 3 10 6.753364 15 13.110130 31 1.891835
1 3 43 4.790270 46 18.276732 19 16.217118
2 3 49 15.848273 32 7.726313 29 16.373535
3
0 3 10 12.165873 38 16.743343 21 9.340397
1 3 15 11.790823 47 2.772788 49 10.430090
2 3 12 14.112889 46 16.947407 33 13.011839
3
0 3 10 7.730786 41 16.598032 47 11.233326
1 3 31 1.068253 48 19.393632 33 2.295809
2 3 12 1.198475 19 3.816006 37 10.460849
3
0 3 15 4.513764 33 8.352009 30 19.035753
1 3 35 11.324722 31 3.844696 18 10.947455
2 3 20 15.836660 43 9.385255 32 7.964804
3
0 3 15 13.222558 41 12.615491 49 1.717403
1 3 20 5.204992 23 19.811984 47 2.228763
2 3 39 15.664710 23 4.874464 42 6.239804
3
0 3 15 19.204099 29 17.369501 19 15.313072
1 3 27 3.292265 26 4.706463 36 2.855792
2 3 20 15.062665 17 8.390004 18 17.375412
3
0 3 15 7.477795 45 7.337229 49 9.025154
1 3 44 1.944615 46 17.377224 36 4.425574
2 3 48 6.316312 32 12.694517 37 5.579764
3
0 3 15 14.086789 25 18.116707 19 16.315102
1 3 43 19.251229 35 1.218684 28 15.806860
2 3 45 1.842677 24 17.713482 41 14.598770
3
0 3 20 12.123100 45 11.772471 41 4.946117
1 3 39 1.614311 35 11.766281 22 17.471309
2 3 22 6.495110 28 19.254385 46 15.764334
3
0 3 20 15.324273 34 13.220226 43 6.027363
1 3 46 18.505028 35 16.370936 40 15.604310
2 3 36 12.765660 31 1.576295 30 13.163138
3
0 3 20 10.628640 31 10.103826 35 5.103796
1 3 24 13.193911 35 13.401427 30 14.304022
2 3 23 8.838337 33 9.047293 48 4.791994
3
0 3 20 10.807463 24 3.081445 48 14.434507
1 3 22 9.626052 48 5.342558 20 18.128882
2 3 38 17.574388 45 18.938898 48 8.876517
3
0 3 20 2.766596 24 7.627723 44 8.653403
1 3 48 16.891006 35 7.288790 49 18.209346
2 3 42 15.742566 26 1.443661 36 16.632701
3
0 3 25 16.713405 34 16.452383 36 18.385646
1 3 34 9.800155 30 13.466322 42 5.366485
2 3 33 8.490686 41 11.575698 34 15.490227
3
0 3 25 5.933600 31 15.559654 30 9.671361
1 3 28 14.734028 30 1.656843 31 14.780592
2 3 34 10.938841 45 9.086120 44 13.378573
3
0 3 25 13.466652 46 3.602019 28 12.661013
1 3 28 19.103488 32 11.565876 42 1.976034
2 3 43 8.703848 29 17.834094 41 17.731837
3
0 3 25 4.043175 45 13.339640 30 12.057565
1 3 49 9.736627 44 14.576973 32 13.605374
2 3 35 6.994805 32 9.872036 29 4.171769
3
0 3 25 17.117168 27 9.142814 35 13.333002
1 3 30 4.963431 31 16.719001 34 4.633596
2 3 34 10.271577 47 19.186212 32 2.226589
3
0 3 30 8.851339 39 9.445468 36 14.865156
1 3 38 7.283453 33 14.893248 39 5.166874
2 3 48 15.403085 43 7.527181 45 18.036587
3
0 3 30 2.732083 45 4.553846 33 15.648853
1 3 36 15.388023 46 18.895920 43 17.529529
2 3 42 11.172417 34 8.012575 45 1.068575
3
0 3 30 6.654904 45 3.888607 46 1.920723
1 3 45 8.782257 46 2.301236 36 2.979339
2 3 33 1.760396 46 13.651449 43 1.925766
3
0 3 30 5.926345 38 5.671191 46 4.034182
1 3 42 1.929613 44 10.646219 33 13.711351
2 3 42 2.996461 36 5.148346 33 4.470580
3
0 3 30 1.685952 41 14.919463 47 11.368545
1 3 49 6.122738 35 8.711587 38 13.130364
2 3 48 4.543180 42 11.976290 49 9.894798
3
0 3 35 19.712585 47 2.922600 41 15.609387
1 3 38 16.885752 43 1.667640 36 10.105416
2 3 38 5.273488 41 9.147371 36 15.331244
3
0 3 35 18.001788 47 12.965098 38 10.790629
1 3 41 3.823343 42 5.460275 47 4.389356
2 3 48 7.780969 45 10.823802 39 7.449099
3
0 3 35 15.673141 39 2.474593 40 10.237937
1 3 39 16.199051 43 18.160555 35 18.963797
2 3 47 16.570588 45 6.765220 38 12.741913
3
0 3 35 7.197838 49 19.219994 36 19.903377
1 3 36 12.440955 48 7.122024 38 15.063284
2 3 47 15.757619 40 17.743472 41 15.138488
3
0 3 35 10.931512 44 17.886002 42 7.662100
1 3 37 3.981460 40 18.938192 41 14.032747
2 3 47 3.807893 48 14.175954 35 18.237159
3
0 3 40 5.575620 47 19.024960 43 17.563076
1 3 47 11.132684 46 9.279731 42 6.551886
2 3 48 14.038147 40 7.312305 49 7.830282
3
0 3 40 15.687383 41 10.213537 47 14.531266
1 3 49 14.397292 47 4.824286 40 11.571869
2 3 43 3.030998 46 10.526461 41 14.269847
3
0 3 40 8.390546 48 15.165857 41 8.407002
1 3 46 12.565667 41 11.403014 43 17.969643
2 3 45 17.884384 44 14.998184 48 10.632094
3
0 3 40 12.805769 44 6.867327 46 4.874705
1 3 48 18.718043 49 16.461507 43 2.156622
2 3 46 9.548809 42 3.697506 45 10.523619
3
0 3 40 12.363425 42 14.159889 47 14.787348
1 3 48 18.936312 45 2.321750 42 13.883410
2 3 43 13.755225 47 4.376462 49 6.103856
3
0 3 45 4.197626 48 19.509046 47 17.837488
1 3 45 14.136225 47 11.137750 48 16.557313
2 3 47 18.568371 49 7.711814 45 13.115882
3
0 3 45 19.047541 47 15.644250 46 14.221268
1 3 49 12.069956 45 1.016707 47 6.750833
2 3 45 19.184950 48 9.107346 47 7.991238
3
0 3 45 2.781920 47 17.030590 48 16.421333
1 3 46 9.048521 45 4.185271 49 9.769651
2 3 47 16.081946 49 2.237646 46 1.453760
3
0 3 45 3.138953 46 18.141126 47 15.119677
1 3 46 7.486429 48 6.224927 49 10.619326
2 3 45 14.698157 48 15.794103 47 16.214514
3
0 3 45 19.152520 49 9.364248 48 17.585854
1 3 46 7.158393 49 14.194131 47 15.181742
2 3 45 13.515038 46 7.035950 48 18.350877
3
0 1 49 16.258239
1 1 49 3.793670
2 1 49 2.073267
3
0 1 49 16.889332
1 1 49 18.779220
2 1 49 1.236883
3
0 1 49 18.467051
1 1 49 4.996429
2 1 49 8.931616
3
0 1 49 4.569153
1 1 49 7.998115
2 1 49 10.365689
0
