50 49
3
0 4 5 1.503073 28 10.682915 27 10.755928 48 14.972307
1 4 22 12.311380 33 19.052760 20 6.292687 44 2.656960
2 4 21 2.439061 14 14.371203 17 7.547931 13 6.709183
3
0 4 5 9.061492 12 6.828745 30 5.596521 29 4.857812
1 4 11 18.227940 30 1.875639 26 15.730341 46 6.447750
2 4 14 15.575849 23 12.732809 32 6.124354 10 6.158207
3
0 4 5 11.015579 33 11.275738 48 19.090384 34 13.593978
1 4 14 13.346506 11 6.051267 38 13.075446 20 18.687733
2 4 46 19.630904 9 15.826664 29 12.403463 21 19.563407
3
0 4 5 12.562319 20 5.178398 17 7.391425 6 5.442805
1 4 22 10.909623 21 8.733407 20 7.358984 23 1.846596
2 4 16 1.841231 17 15.223418 14 5.722537 39 7.763518
3
0 4 5 6.649680 24 10.330970 13 17.904715 47 18.554703
1 4 28 17.735478 11 15.674829 6 15.669731 48 3.955539
2 4 7 3.779079 48 4.995113 47 16.983775 30 13.360668
3
0 4 10 14.517146 27 9.745881 13 2.873749 19 9.754019
1 4 19 9.316354 45 10.304806 17 4.716879 13 5.768897
2 4 21 18.430926 13 10.355226 18 1.772332 32 1.930717
3
0 4 10 1.938798 39 11.472595 23 13.555480 48 14.978048
1 4 46 9.897002 35 2.733600 24 11.606503 32 16.459001
2 4 35 16.844836 38 11.783829 11 13.049198 46 3.133411
3
0 4 10 18.325040 16 10.315960 18 12.685405 41 11.290467
1 4 19 11.844870 32 10.171587 29 16.984230 21 10.281713
2 4 15 3.943294 23 6.732826 49 16.111942 28 15.031612
3
0 4 10 15.849190 42 13.592682 36 8.940766 30 3.943679
1 4 26 14.069476 49 11.588753 43 18.482359 12 9.173950
2 4 35 8.170471 14 8.820722 32 11.003797 37 2.493469
3
0 4 10 4.670789 15 15.893736 38 16.978980 40 8.037656
1 4 46 4.644318 11 10.938547 40 10.047592 10 8.323083
2 4 40 4.544395 10 10.032980 16 14.563919 25 19.111538
3
0 4 15 10.068263 45 8.990309 24 8.562995 40 2.437411
1 4 49 6.022765 24 8.458916 39 6.478380 22 11.183292
2 4 18 10.157641 49 2.158624 25 8.578173 41 6.470505
3
0 4 15 19.010909 40 10.754087 20 13.865750 41 8.084001
1 4 39 2.767424 34 14.611540 23 6.630993 25 12.030746
2 4 40 8.235171 21 9.592815 35 9.961514 25 2.786244
3
0 4 15 2.406545 34 14.883086 43 1.238455 33 11.014364
1 4 41 1.302651 23 16.959874 34 1.218630 49 4.665134
2 4 49 9.808196 21 7.950015 22 10.614991 18 2.015654
3
0 4 15 3.575719 35 10.254792 20 14.508004 16 2.498019
1 4 31 7.837097 20 6.740345 41 3.609120 28 18.702963
2 4 26 11.170845 40 19.660055 24 3.458006 22 2.566772
3
0 4 15 18.680159 16 5.977081 36 1.354265 47 15.997361
1 4 48 14.201537 42 13.837970 18 6.682614 41 8.798646
2 4 16 5.679390 35 2.628885 45 1.501989 43 19.534244
3
0 4 20 17.693417 32 1.035048 37 8.073698 45 7.633563
1 4 40 6.643319 21 16.719968 27 14.213130 49 5.121198
2 4 27 16.673993 46 14.833768 20 7.923216 36 10.630839
3
0 4 20 7.822458 44 1.413212 23 3.079768 43 8.490172
1 4 25 11.786135 35 1.140810 46 9.603781 34 6.418092
2 4 20 5.361424 36 10.402722 29 10.310884 44 11.153112
3
0 4 20 1.117744 28 16.445518 36 10.970354 43 14.556770
1 4 23 16.535018 22 9.985760 20 17.953053 38 9.649550
2 4 28 6.535489 35 9.373460 32 12.699864 39 2.747998
3
0 4 20 6.675274 22 18.015278 40 3.550200 29 14.233598
1 4 20 4.871276 41 13.057912 25 7.615706 28 14.206318
2 4 27 13.379391 41 5.948120 21 17.418459 33 19.783619
3
0 4 20 5.955260 48 5.825719 32 17.828723 24 1.416744
1 4 30 5.173647 36 6.259385 40 6.111676 26 5.567536
2 4 34 1.835610 23 4.181754 36 16.273327 49 13.341098
3
0 4 25 3.082742 35 17.657731 31 7.989397 43 13.530458
1 4 34 15.290582 47 5.927179 48 12.149208 35 7.533201
2 4 33 12.676478 40 11.727896 42 9.485539 26 10.850891
3
0 4 25 12.577005 39 18.995503 35 11.507618 48 1.499871
1 4 49 8.273577 27 1.198895 28 8.827459 29 15.575109
2 4 31 13.003640 30 11.861685 35 1.127825 44 8.565447
3
0 4 25 7.106152 38 17.788342 49 2.553342 41 5.971539
1 4 46 17.419983 27 1.152088 25 4.993674 44 8.703279
2 4 45 17.614066 31 16.917914 29 11.626585 27 8.660400
3
0 4 25 18.016314 33 3.116287 40 9.438298 32 1.222659
1 4 30 14.458533 31 19.268120 44 7.075955 40 7.377434
2 4 34 11.738706 28 18.451536 27 2.438798 29 19.188584
3
0 4 25 19.292139 43 16.346271 26 6.881007 27 6.960240
1 4 31 2.201905 46 14.696398 38 4.469040 32 12.574299
2 4 44 8.508959 32 1.482465 28 3.179876 34 7.550069
3
0 4 30 13.198481 49 18.346838 38 6.980583 48 18.017369
1 4 43 3.611206 44 2.016614 35 10.437348 42 9.628608
2 4 45 18.513825 42 11.671293 34 9.536099 46 6.686009
3
0 4 30 4.773443 47 14.748692 49 12.310717 43 14.747640
1 4 41 18.680776 38 16.767122 49 2.873497 40 14.410545
2 4 31 15.921563 30 2.554456 49 6.816994 40 14.856120
3
0 4 30 16.596915 45 5.800393 41 12.454277 32 2.596037
1 4 42 16.845482 41 18.759117 46 12.640427 34 18.669507
2 4 45 18.047526 39 15.872044 38 12.164208 35 13.570879
3
0 4 30 19.430848 41 8.960245 42 15.353473 32 15.338864
1 4 46 10.143473 32 12.815331 39 1.100243 44 14.563907
2 4 39 4.906881 43 19.228112 47 5.656231 45 19.112368
3
0 4 30 1.611347 45 14.198534 46 4.456223 48 11.870377
1 4 38 14.492820 48 15.342547 41 19.899425 47 18.517959
2 4 48 13.564737 47 6.861672 40 3.051207 49 2.502875
3
0 4 35 11.357703 36 15.031715 37 17.200242 42 5.061643
1 4 37 2.152537 38 14.476400 46 4.671281 45 7.308356
2 4 49 15.725648 36 7.152949 35 7.756372 42 13.109411
3
0 4 35 14.233920 41 17.399209 47 6.500252 40 16.280405
1 4 48 11.923841 49 5.720771 41 19.385059 37 6.373103
2 4 49 12.429182 40 2.686091 41 11.878356 38 4.225908
3
0 4 35 5.508495 41 12.646260 45 10.581548 40 9.266637
1 4 46 8.855630 43 16.945448 44 1.647931 42 5.879556
2 4 43 14.785662 36 10.776618 40 10.884745 49 14.604709
3
0 4 35 10.483132 49 8.977961 38 17.174659 48 10.751332
1 4 39 3.127168 36 9.520461 37 18.770820 43 4.940009
2 4 39 2.856541 42 11.248634 40 17.410180 35 16.518688
3
0 4 35 4.024594 38 3.726486 44 9.321635 43 15.068339
1 4 42 9.126117 48 9.542814 37 4.753711 38 1.164231
2 4 45 5.584972 37 16.807137 49 17.384998 39 2.922102
3
0 4 40 13.446174 45 7.085057 46 12.968047 48 18.224456
1 4 46 8.602943 43 13.685556 49 4.942503 47 11.994121
2 4 48 19.437254 42 10.015090 44 14.675961 47 7.779564
3
0 4 40 11.570124 48 19.149233 46 10.623679 47 8.189548
1 4 46 13.850022 47 1.300562 45 8.839086 48 7.668456
2 4 49 3.428878 45 16.943250 41 4.552641 42 16.863145
3
0 4 40 2.909387 41 12.317200 46 1.923946 45 18.306888
1 4 41 14.674598 45 6.400844 42 11.440900 48 3.326116
2 4 40 14.511425 49 2.608940 43 9.266812 46 9.505981
3
0 4 40 15.671637 42 8.399658 44 3.099438 43 4.402987
1 4 49 11.820646 44 1.044275 46 2.749071 41 6.282827
2 4 47 15.306844 41 6.342412 49 15.315063 43 8.809046
3
0 4 40 11.937751 48 12.913020 45 6.856160 46 19.199546
1 4 44 3.494145 43 5.144732 45 10.121688 47 7.936331
2 4 40 3.101856 46 9.626969 48 11.063784 49 3.787935
3
0 4 45 12.620062 49 3.114062 48 19.575975 46 4.570087
1 4 46 16.547943 47 3.649288 48 6.665882 45 17.592286
2 4 48 15.241594 46 15.702682 49 15.610643 47 13.523964
3
0 4 45 16.560685 49 12.708423 46 2.636086 48 8.892018
1 4 45 18.334812 47 7.831030 46 15.122757 49 10.203852
2 4 48 16.544849 46 1.705242 47 8.122337 49 13.610205
3
0 4 45 18.452236 49 12.607145 48 8.039940 46 2.079058
1 4 49 12.133920 45 16.118231 46 16.842672 47 5.739567
2 4 45 6.827999 47 5.083977 48 5.296747 49 19.004690
3
0 4 45 7.561107 47 9.116965 48 5.304389 46 4.632101
1 4 49 10.915112 48 11.837563 46 17.627305 47 2.285082
2 4 46 14.492934 48 2.286445 47 1.795047 49 9.355188
3
0 4 45 6.328795 46 4.780894 48 8.325671 47 11.341393
1 4 46 11.189270 49 2.506079 48 9.551453 45 12.660926
2 4 47 8.743693 45 10.159891 46 10.972841 49 4.560022
3
0 1 49 1.353000
1 1 49 16.898888
2 1 49 5.231242
3
0 1 49 19.052625
1 1 49 6.415875
2 1 49 17.273126
3
0 1 49 9.370852
1 1 49 19.716683
2 1 49 7.462570
3
0 1 49 10.350588
1 1 49 12.562957
2 1 49 16.388611
0
