50 49
3
0 4 5 12.021918 23 7.320753 33 3.150676 25 1.634325
1 4 33 13.008441 27 1.041729 31 16.453020 28 1.078261
2 4 20 18.987548 34 7.326316 31 15.841130 18 11.394331
3
0 4 5 18.668297 6 10.360025 16 2.163560 9 8.557910
1 4 10 4.162153 40 4.766044 35 8.869728 20 18.654381
2 4 34 7.367548 13 1.263983 45 4.761344 35 12.282322
3
0 4 5 3.338448 23 13.594976 32 8.802112 21 10.108170
1 4 42 5.626506 46 9.375935 32 3.205045 20 10.744564
2 4 44 18.023397 42 7.295824 26 19.350771 34 3.659479
3
0 4 5 10.068254 23 2.978910 21 15.686274 39 16.780109
1 4 48 6.774993 19 19.294524 5 10.701186 16 15.559007
2 4 27 9.412126 26 1.741676 11 3.798119 42 6.347659
3
0 4 5 3.404797 37 13.031456 29 9.893123 46 13.941317
1 4 24 10.697421 43 5.010414 45 6.637773 19 4.271601
2 4 18 17.976790 29 3.104507 26 16.231091 37 13.646027
3
0 4 10 19.820020 45 19.209003 21 11.181181 16 15.952735
1 4 36 13.150428 31 13.520370 38 13.725813 10 14.243542
2 4 37 8.170661 36 1.241711 10 5.910622 47 15.560592
3
0 4 10 7.398075 46 10.202727 15 13.432113 34 19.425851
1 4 10 10.238362 17 11.543024 15 12.633002 48 3.407947
2 4 29 1.355628 34 7.786384 27 15.434169 46 15.656025
3
0 4 10 14.647136 33 11.222445 11 4.817333 14 15.437224
1 4 24 6.384389 16 5.463732 28 10.906178 25 5.909182
2 4 24 9.212889 33 8.749145 28 19.654767 47 19.379413
3
0 4 10 1.007078 19 5.369739 46 17.007044 39 5.983722
1 4 37 7.954794 19 13.253707 36 10.525225 22 19.326763
2 4 47 19.456516 49 1.963406 42 11.333022 34 6.864865
3
0 4 10 10.227262 26 10.133385 15 1.652907 29 11.504713
1 4 37 6.472550 36 9.143083 38 8.938587 19 6.683056
2 4 15 6.887624 41 8.513217 35 4.115028 28 1.510427
3
0 4 15 2.823885 38 9.836027 31 6.226076 44 7.284800
1 4 34 4.812334 28 8.537688 37 7.808228 32 11.560446
2 4 48 9.296202 45 16.959285 16 16.133294 28 18.177073
3
0 4 15 16.995548 41 6.248031 19 19.529570 27 19.526775
1 4 23 2.267267 18 6.173318 39 2.650011 19 14.954018
2 4 37 1.841268 31 7.946470 35 17.670649 34 2.384151
3
0 4 15 16.867885 22 7.670519 32 8.315199 20 18.563143
1 4 32 19.999285 20 16.617172 34 10.546814 45 8.863811
2 4 28 19.474488 27 10.851735 24 11.239159 32 11.686457
3
0 4 15 1.286667 38 13.060188 47 9.649431 19 1.319227
1 4 28 1.867418 48 15.429504 45 3.540929 35 13.002685
2 4 18 13.858329 29 5.039459 37 8.024682 17 8.338850
3
0 4 15 17.496320 38 2.831874 29 13.721690 41 2.861832
1 4 24 7.554032 39 15.350087 37 12.219316 47 3.158552
2 4 34 8.202587 21 17.487507 49 15.662197 39 9.669425
3
0 4 20 5.017729 23 7.287526 42 3.342436 31 10.411776
1 4 27 19.152655 25 5.894218 40 12.141319 35 5.137685
2 4 32 10.532637 47 12.314058 46 10.579133 42 5.113637
3
0 4 20 6.867885 49 3.097294 23 9.804228 43 19.580387
1 4 39 18.955999 37 10.689518 41 11.406059 24 4.654200
2 4 20 10.116133 45 1.266185 24 15.789217 30 10.103787
3
0 4 20 8.296921 24 12.578153 47 5.513619 28 5.150409
1 4 29 4.751577 20 16.340059 45 14.633522 31 18.647262
2 4 28 10.528575 35 17.102857 44 4.375671 49 11.613847
3
0 4 20 4.299313 49 1.475188 41 13.917567 22 9.961501
1 4 44 17.536319 21 13.257403 32 10.948971 26 9.398071
2 4 29 15.765595 25 10.227652 40 19.666815 49 13.703903
3
0 4 20 19.431053 37 15.412343 34 10.270223 41 13.092195
1 4 43 8.168245 47 16.205359 20 2.740077 24 2.054608
2 4 31 18.785472 38 15.765106 22 9.291854 27 10.392575
3
0 4 25 11.842424 38 17.324425 45 15.978834 49 2.638509
1 4 30 11.742947 29 2.076916 26 1.509984 44 18.082970
2 4 37 3.732283 25 10.165546 46 19.724158 36 14.496216
3
0 4 25 16.345701 27 5.135413 28 2.656835 32 9.427812
1 4 41 15.674099 32 5.935389 47 9.768696 45 9.537208
2 4 34 4.602276 29 7.554670 32 16.866791 42 18.777709
3
0 4 25 1.980040 32 10.231762 35 16.312777 28 7.490144
1 4 33 6.022093 49 14.549475 45 16.479766 26 8.771754
2 4 33 18.073187 49 3.171962 30 19.446862 42 9.388440
3
0 4 25 12.799193 45 17.723288 40 7.418767 41 19.149746
1 4 27 4.233084 46 4.628215 38 18.466006 37 10.242802
2 4 48 2.657206 38 9.040077 27 17.484191 49 4.843480
3
0 4 25 19.290911 35 9.769543 49 17.350887 46 10.424478
1 4 38 18.083917 40 9.660474 45 5.867633 28 13.309559
2 4 37 8.115703 35 11.043846 28 16.849068 41 9.493215
3
0 4 30 14.814992 48 8.095821 43 4.897092 46 1.823229
1 4 48 6.392793 35 13.518615 36 9.296362 40 16.228787
2 4 45 9.369949 37 18.125022 41 3.036003 35 9.435415
3
0 4 30 15.905267 46 14.165702 45 18.322753 43 1.146801
1 4 33 7.675119 35 4.223763 43 15.776490 42 13.326526
2 4 39 13.203919 41 4.909256 43 5.371391 30 14.108402
3
0 4 30 9.436639 46 13.179830 48 5.035872 35 4.062446
1 4 39 3.605580 38 8.633354 32 1.226899 41 2.206527
2 4 49 16.808201 33 4.061660 36 18.453293 45 18.705788
3
0 4 30 16.608520 46 11.002676 39 3.664141 48 5.733794
1 4 31 19.625302 45 3.547764 35 4.904511 46 13.108790
2 4 36 16.181390 41 14.511387 38 11.795963 32 2.129430
3
0 4 30 17.615221 40 3.767222 47 15.886679 49 10.949064
1 4 45 19.079038 43 8.222193 44 19.735887 34 8.848319
2 4 40 1.735403 32 9.902722 37 15.551679 41 11.993197
3
0 4 35 9.555602 42 3.500250 47 17.399437 43 10.734716
1 4 35 13.882477 36 3.388069 43 15.413398 37 16.876696
2 4 39 7.432277 37 1.501646 48 7.280339 43 13.280449
3
0 4 35 10.170058 41 2.141433 48 6.526451 40 8.512155
1 4 46 16.343926 36 2.566868 43 11.119048 47 13.567662
2 4 48 16.635253 40 8.886475 39 6.614807 36 17.145600
3
0 4 35 5.460928 36 5.976981 40 6.429821 46 5.164166
1 4 37 12.392081 41 4.716308 46 15.944146 44 17.462551
2 4 40 9.526414 36 19.306068 39 8.517848 41 13.114541
3
0 4 35 9.527077 45 13.273617 47 2.679407 38 11.744232
1 4 49 2.578034 38 17.720026 36 3.521526 35 18.388112
2 4 48 10.374691 47 10.731402 41 14.229526 49 18.382470
3
0 4 35 10.131223 46 19.441977 40 13.068177 47 13.132349
1 4 46 9.290897 45 14.257682 47 19.660335 38 5.528869
2 4 38 1.244787 42 3.315215 45 19.655947 47 1.003238
3
0 4 40 18.651341 41 10.425519 49 13.756595 44 13.258149
1 4 41 19.743172 43 3.706839 49 10.528175 48 3.197235
2 4 47 19.903847 44 19.912424 40 9.826301 42 13.464146
3
0 4 40 19.404413 47 12.267682 42 14.781594 45 13.011766
1 4 45 10.034311 46 4.544191 42 1.045885 48 3.834629
2 4 48 5.620868 49 11.536257 41 5.692570 44 17.859465
3
0 4 40 16.371511 42 4.793826 45 18.574984 48 14.862999
1 4 44 15.104143 45 15.454697 40 4.917523 48 7.907844
2 4 42 1.816846 48 11.115575 46 14.870226 44 8.121074
3
0 4 40 6.108119 42 5.776644 44 5.189889 45 19.550433
1 4 40 2.111994 41 17.652078 42 7.447318 44 7.118328
2 4 48 1.206062 49 4.539445 47 19.507936 43 10.803312
3
0 4 40 1.880265 49 17.043361 46 5.783991 45 14.935561
1 4 44 9.802448 42 15.735338 47 7.237121 49 18.733284
2 4 43 10.428186 47 5.096652 41 8.329825 46 1.903175
3
0 4 45 7.649777 46 2.410216 49 18.151634 48 1.790468
1 4 45 7.062708 47 17.960956 49 13.640396 48 13.389626
2 4 49 1.862597 45 1.505962 48 6.343165 47 8.029688
3
0 4 45 17.286367 48 9.047053 46 5.618786 49 7.655271
1 4 48 8.220645 45 16.480953 47 10.475745 49 6.445567
2 4 45 6.499922 46 4.306556 48 19.163784 49 19.700407
3
0 4 45 3.603566 47 12.953918 49 15.752824 46 15.828020
1 4 49 12.001342 45 17.215970 46 18.583861 47 17.291741
2 4 49 11.147235 46 6.349776 45 6.524265 47 6.614165
3
0 4 45 16.251078 48 16.351266 47 7.594235 49 6.674135
1 4 45 11.545294 47 8.077016 49 8.309668 46 1.340357
2 4 45 18.925151 48 18.035376 47 10.071024 49 6.128175
3
0 4 45 8.599072 47 2.645843 48 12.699018 46 18.448133
1 4 47 7.463501 45 15.678766 46 19.370338 48 8.121899
2 4 45 3.829213 47 4.947495 48 11.174050 49 12.398394
3
0 1 49 10.044473
1 1 49 14.095075
2 1 49 6.822293
3
0 1 49 11.352450
1 1 49 11.772672
2 1 49 13.441046
3
0 1 49 4.809046
1 1 49 8.184363
2 1 49 19.927850
3
0 1 49 6.245355
1 1 49 5.973981
2 1 49 12.101656
0
