50 49
3
0 2 5 17.718027 34 14.482378
1 2 46 4.549176 43 9.375235
2 2 28 11.225326 22 14.326289
3
0 2 5 3.822670 17 15.316219
1 2 43 17.121192 28 11.807808
2 2 45 15.500442 32 11.575641
3
0 2 5 18.737572 46 6.463044
1 2 29 14.498083 36 1.108954
2 2 41 5.643644 6 12.840742
3
0 2 5 13.272555 8 2.429497
1 2 7 8.895770 23 9.964425
2 2 45 9.524238 42 11.561723
3
0 2 5 1.911685 36 2.646875
1 2 49 2.731898 20 1.508310
2 2 39 18.266993 42 12.841615
3
0 2 10 16.373619 21 4.528762
1 2 39 15.894221 20 1.580780
2 2 23 16.113581 48 2.712504
3
0 2 10 5.290306 37 4.309174
1 2 26 10.812060 33 2.754860
2 2 12 17.548299 22 2.716794
3
0 2 10 11.884121 45 7.911584
1 2 49 19.720575 31 6.547190
2 2 48 19.886586 18 18.642794
3
0 2 10 3.487805 20 11.850444
1 2 41 4.032396 20 10.380101
2 2 22 12.252745 34 18.637195
3
0 2 10 12.214509 11 2.210463
1 2 30 2.458128 38 17.093258
2 2 38 11.977497 22 5.886562
3
0 2 15 4.239509 36 12.686809
1 2 42 17.100484 49 1.654910
2 2 15 2.396926 39 14.008867
3
0 2 15 16.543057 21 15.589069
1 2 39 11.285298 33 16.127803
2 2 36 5.470278 17 11.542353
3
0 2 15 1.513841 19 13.251678
1 2 16 1.405307 28 8.397991
2 2 20 3.219924 26 8.555463
3
0 2 15 13.858320 47 10.446927
1 2 34 4.269190 17 18.924050
2 2 22 12.260946 34 13.105199
3
0 2 15 19.415454 22 17.298035
1 2 23 19.446416 47 11.117262
2 2 44 11.737096 24 15.935889
3
0 2 20 4.808643 36 18.714936
1 2 31 2.164285 24 9.738748
2 2 36 17.969592 34 10.155953
3
0 2 20 7.627057 40 8.045478
1 2 28 17.023256 49 1.626524
2 2 30 1.820758 34 17.867832
3
0 2 20 10.796856 45 9.600463
1 2 49 1.373696 38 16.275474
2 2 23 1.381952 22 3.554951
3
0 2 20 5.014780 27 8.177926
1 2 21 12.572820 37 17.070616
2 2 28 14.567434 21 2.663093
3
0 2 20 9.033917 44 2.030003
1 2 43 1.576608 49 19.936708
2 2 25 17.004954 39 8.326682
3
0 2 25 7.144318 35 19.661516
1 2 39 11.779239 40 18.659663
2 2 47 3.063204 35 12.490951
3
0 2 25 4.599446 28 14.166487
1 2 41 7.358408 49 9.886176
2 2 45 13.114838 49 18.625451
3
0 2 25 18.030581 44 15.839196
1 2 36 18.928215 32 4.720692
2 2 34 6.303201 48 7.672863
3
0 2 25 3.646260 31 15.695839
1 2 36 18.805896 44 2.690223
2 2 38 17.282575 44 11.583771
3
0 2 25 19.313499 31 2.179163
1 2 46 5.882032 49 14.404792
2 2 30 18.628067 44 10.497038
3
0 2 30 13.497367 35 2.332621
1 2 32 13.800954 49 7.888602
2 2 47 9.176755 39 19.859310
3
0 2 30 3.551853 40 12.834800
1 2 39 17.078977 37 8.085980
2 2 32 16.754575 42 1.308325
3
0 2 30 6.850173 40 1.690378
1 2 38 7.966306 37 15.925023
2 2 38 12.083501 31 15.391812
3
0 2 30 14.753401 43 17.594395
1 2 43 4.455038 33 13.787803
2 2 49 5.779097 36 2.382992
3
0 2 30 19.463119 41 8.675118
1 2 47 5.488062 39 2.393638
2 2 40 1.881306 38 7.079256
3
0 2 35 11.431942 40 14.926609
1 2 35 6.427490 43 11.951170
2 2 36 13.712354 44 16.394067
3
0 2 35 16.730129 45 6.755930
1 2 48 1.355488 37 9.133028
2 2 43 1.499305 49 1.296323
3
0 2 35 6.165402 40 14.248040
1 2 38 7.331205 47 8.538455
2 2 44 10.452304 36 19.593495
3
0 2 35 11.341822 48 3.578723
1 2 42 17.784552 37 9.141394
2 2 46 18.021603 48 11.518625
3
0 2 35 1.422227 39 8.469254
1 2 48 4.283034 39 9.999390
2 2 49 2.585675 45 10.530146
3
0 2 40 15.395054 43 10.635754
1 2 44 10.921338 43 14.965279
2 2 49 19.985093 47 12.206520
3
0 2 40 17.114445 41 14.112627
1 2 43 7.079923 49 10.176868
2 2 45 9.339688 43 15.966892
3
0 2 40 3.321469 45 4.796441
1 2 49 14.015708 47 17.444607
2 2 44 4.441084 41 11.635573
3
0 2 40 18.072082 48 14.683727
1 2 45 9.965536 48 6.120906
2 2 42 4.905884 44 19.349597
3
0 2 40 9.016281 48 15.975931
1 2 40 1.373419 46 7.821690
2 2 46 5.464030 43 9.577450
3
0 2 45 1.698761 49 12.272870
1 2 46 1.378592 48 18.711581
2 2 49 17.721441 46 17.786586
3
0 2 45 11.620353 46 5.665292
1 2 45 10.753053 46 9.370762
2 2 47 16.026790 45 18.994791
3
0 2 45 8.484667 46 9.938537
1 2 48 5.107804 49 15.331950
2 2 48 18.686811 45 11.503399
3
0 2 45 19.672374 46 4.582315
1 2 46 5.354486 45 2.021225
2 2 45 12.856233 46 7.678064
3
0 2 45 18.407517 48 3.107236
1 2 49 14.383440 47 16.711349
2 2 47 2.578828 46 18.306030
3
0 1 49 11.204869
1 1 49 7.836782
2 1 49 8.950060
3
0 1 49 6.838305
1 1 49 4.477112
2 1 49 2.109160
3
0 1 49 1.626574
1 1 49 12.387987
2 1 49 5.164020
3
0 1 49 13.410165
1 1 49 14.746147
2 1 49 6.673166
0
