50 49
3
0 1 5 13.295834
1 1 34 19.568253
2 1 18 9.473475
3
0 1 5 4.862540
1 1 29 19.712587
2 1 35 18.189006
3
0 1 5 19.333848
1 1 32 7.501685
2 1 7 9.741501
3
0 1 5 7.189854
1 1 14 5.158952
2 1 14 7.841924
3
0 1 5 3.936391
1 1 43 2.975641
2 1 23 17.896258
3
0 1 10 3.439782
1 1 46 15.649230
2 1 21 10.170011
3
0 1 10 11.075470
1 1 48 10.367065
2 1 22 11.778622
3
0 1 10 11.439124
1 1 30 19.665909
2 1 48 13.492353
3
0 1 10 12.959540
1 1 46 1.014668
2 1 42 11.810809
3
0 1 10 14.194359
1 1 25 1.728018
2 1 27 19.157215
3
0 1 15 6.329134
1 1 35 8.715687
2 1 42 5.230586
3
0 1 15 18.425759
1 1 18 3.896383
2 1 45 17.699470
3
0 1 15 17.655417
1 1 44 1.383149
2 1 19 15.230515
3
0 1 15 18.166390
1 1 34 16.017289
2 1 41 6.550293
3
0 1 15 7.005217
1 1 46 4.811404
2 1 47 14.415807
3
0 1 20 5.258032
1 1 21 14.297724
2 1 30 15.323832
3
0 1 20 13.505516
1 1 26 9.963466
2 1 23 13.947328
3
0 1 20 9.912071
1 1 25 16.994396
2 1 35 17.928395
3
0 1 20 18.557687
1 1 48 1.196223
2 1 35 4.621720
3
0 1 20 18.806357
1 1 32 17.336213
2 1 41 11.705768
3
0 1 25 5.303457
1 1 29 3.474349
2 1 43 11.422566
3
0 1 25 16.840471
1 1 34 11.099382
2 1 29 3.587941
3
0 1 25 5.231385
1 1 46 1.223222
2 1 36 4.754023
3
0 1 25 13.972255
1 1 28 15.605586
2 1 36 12.015798
3
0 1 25 17.743633
1 1 27 10.623202
2 1 26 4.851103
3
0 1 30 8.883527
1 1 30 9.957200
2 1 45 4.626954
3
0 1 30 16.840902
1 1 46 6.421918
2 1 33 9.885519
3
0 1 30 1.945837
1 1 47 13.038849
2 1 36 16.032732
3
0 1 30 18.842475
1 1 32 4.958403
2 1 48 6.808162
3
0 1 30 15.376956
1 1 37 4.805191
2 1 49 12.287644
3
0 1 35 1.992245
1 1 38 4.178388
2 1 47 7.724255
3
0 1 35 6.295561
1 1 49 9.343798
2 1 36 3.712015
3
0 1 35 10.082968
1 1 43 1.235431
2 1 36 4.994379
3
0 1 35 17.703141
1 1 47 19.100474
2 1 43 4.002850
3
0 1 35 13.192707
1 1 43 19.016203
2 1 44 14.230910
3
0 1 40 4.041296
1 1 47 19.832207
2 1 45 4.352619
3
0 1 40 14.895153
1 1 47 10.955684
2 1 40 3.525645
3
0 1 40 11.366891
1 1 46 19.830053
2 1 46 12.318952
3
0 1 40 3.564387
1 1 40 1.024305
2 1 43 7.526004
3
0 1 40 8.821086
1 1 40 8.462832
2 1 47 18.737811
3
0 1 45 13.358084
1 1 45 14.543166
2 1 45 16.365916
3
0 1 45 14.028969
1 1 47 12.296027
2 1 45 15.266493
3
0 1 45 19.479158
1 1 48 13.894755
2 1 46 17.568093
3
0 1 45 11.208214
1 1 48 9.068749
2 1 49 16.633013
3
0 1 45 14.429375
1 1 49 14.473220
2 1 47 18.145280
3
0 1 49 12.847750
1 1 49 18.214248
2 1 49 8.444956
3
0 1 49 10.992070
1 1 49 15.749393
2 1 49 12.752770
3
0 1 49 17.132795
1 1 49 1.569925
2 1 49 14.581113
3
0 1 49 7.828202
1 1 49 3.564929
2 1 49 8.786479
0
