50 49
3
0 1 5 15.320191
1 1 34 14.853809
2 1 9 19.386225
3
0 1 5 19.525583
1 1 11 16.631089
2 1 49 13.505586
3
0 1 5 19.919834
1 1 44 3.202147
2 1 48 6.502572
3
0 1 5 4.088482
1 1 22 11.879529
2 1 10 13.344521
3
0 1 5 6.544408
1 1 36 13.757728
2 1 36 7.654152
3
0 1 10 12.507198
1 1 32 12.849438
2 1 14 19.877881
3
0 1 10 2.546674
1 1 43 7.369268
2 1 24 18.504177
3
0 1 10 1.494238
1 1 41 16.107541
2 1 23 13.968626
3
0 1 10 10.491357
1 1 48 16.011904
2 1 19 13.154986
3
0 1 10 19.060521
1 1 22 10.318734
2 1 21 13.853494
3
0 1 15 8.314866
1 1 37 5.032347
2 1 48 8.429970
3
0 1 15 1.702155
1 1 41 10.824609
2 1 42 8.595111
3
0 1 15 14.914466
1 1 22 18.864869
2 1 30 16.493128
3
0 1 15 1.574088
1 1 46 9.254375
2 1 42 2.723899
3
0 1 15 14.928670
1 1 32 1.181152
2 1 35 3.453496
3
0 1 20 8.502706
1 1 32 19.823890
2 1 24 16.218959
3
0 1 20 11.774004
1 1 43 15.813854
2 1 37 16.039798
3
0 1 20 9.610411
1 1 49 8.869327
2 1 39 19.067799
3
0 1 20 3.768254
1 1 26 12.729570
2 1 26 14.219951
3
0 1 20 12.243863
1 1 36 15.217163
2 1 35 1.873782
3
0 1 25 7.453998
1 1 44 17.333401
2 1 39 17.224592
3
0 1 25 18.875135
1 1 26 16.404477
2 1 49 8.548394
3
0 1 25 7.878935
1 1 38 2.415693
2 1 41 11.007716
3
0 1 25 17.993289
1 1 34 8.210903
2 1 46 18.204570
3
0 1 25 6.531959
1 1 33 13.234227
2 1 31 16.089229
3
0 1 30 16.854092
1 1 31 19.627663
2 1 35 13.919946
3
0 1 30 13.895539
1 1 49 2.330769
2 1 35 13.910020
3
0 1 30 18.059578
1 1 47 2.947021
2 1 42 19.346918
3
0 1 30 2.258843
1 1 39 11.982833
2 1 32 4.938830
3
0 1 30 15.081729
1 1 33 17.542204
2 1 36 1.141013
3
0 1 35 4.418668
1 1 42 2.323092
2 1 46 10.777576
3
0 1 35 6.636497
1 1 45 5.317953
2 1 43 14.172549
3
0 1 35 12.382507
1 1 44 13.284484
2 1 49 12.085241
3
0 1 35 14.063791
1 1 44 2.379371
2 1 47 16.338706
3
0 1 35 4.287364
1 1 42 19.767681
2 1 36 9.273096
3
0 1 40 6.546463
1 1 49 10.694821
2 1 48 18.443774
3
0 1 40 1.240438
1 1 45 5.524850
2 1 42 18.300641
3
0 1 40 14.959593
1 1 41 18.519105
2 1 46 4.892897
3
0 1 40 10.980285
1 1 48 4.653478
2 1 45 11.406913
3
0 1 40 14.551792
1 1 49 4.885799
2 1 43 13.705329
3
0 1 45 13.837976
1 1 45 17.686273
2 1 48 14.040657
3
0 1 45 10.063397
1 1 47 9.366283
2 1 49 7.301412
3
0 1 45 9.751752
1 1 46 1.137325
2 1 46 19.837191
3
0 1 45 5.069102
1 1 49 2.076018
2 1 47 14.266161
3
0 1 45 2.369090
1 1 45 10.013389
2 1 45 2.427040
3
0 1 49 5.046388
1 1 49 19.614300
2 1 49 11.518180
3
0 1 49 5.750691
1 1 49 19.331471
2 1 49 2.051727
3
0 1 49 7.766283
1 1 49 8.262737
2 1 49 2.293207
3
0 1 49 6.498651
1 1 49 2.457700
2 1 49 10.314096
0
