50 49
3
0 3 5 5.286975 33 16.626038 23 7.789533
1 3 42 10.582962 28 14.265772 38 19.204564
2 3 44 16.876802 5 3.046484 31 5.196384
3
0 3 5 13.790961 29 4.772453 45 7.904602
1 3 33 2.290742 15 4.298892 48 19.165925
2 3 41 12.429328 10 12.928061 31 9.033475
3
0 3 5 12.697439 43 5.904450 7 18.401742
1 3 32 15.990129 15 4.230798 27 17.517751
2 3 18 17.666449 8 14.441041 22 5.053755
3
0 3 5 17.025629 29 5.580577 7 8.106745
1 3 29 11.511573 16 9.070983 22 1.097422
2 3 35 8.337144 48 11.597609 39 12.215760
3
0 3 5 5.471172 46 4.568290 17 15.930467
1 3 18 2.540092 17 6.246388 24 5.056988
2 3 37 4.956606 41 2.436621 40 5.008661
3
0 3 10 13.459058 14 7.012449 39 7.157051
1 3 17 17.293082 46 6.413376 48 14.986223
2 3 16 3.439918 44 6.737650 26 12.308563
3
0 3 10 10.325608 11 7.649454 14 19.239761
1 3 23 1.356112 18 18.637453 45 13.332628
2 3 47 16.248580 19 6.721153 35 1.144129
3
0 3 10 17.175961 27 14.037966 17 17.649099
1 3 34 14.624165 24 11.980179 13 9.721949
2 3 20 16.866905 26 9.689491 29 5.039036
3
0 3 10 18.610654 45 12.031480 29 4.474924
1 3 38 14.222297 32 5.515544 25 15.869055
2 3 26 14.427658 21 14.489499 42 6.642991
3
0 3 10 18.316137 42 4.352202 44 18.485213
1 3 48 13.419729 13 12.955074 16 6.654843
2 3 16 7.596763 23 2.018009 29 6.852588
3
0 3 15 8.815979 44 4.793669 31 1.267241
1 3 36 18.989806 24 11.565845 21 5.062569
2 3 48 13.046708 44 8.671388 38 14.356913
3
0 3 15 7.538680 21 9.701328 28 1.326547
1 3 18 12.374226 23 2.356530 28 11.049543
2 3 35 11.469563 24 19.103969 46 5.524471
3
0 3 15 11.395476 36 7.615176 24 1.467797
1 3 32 9.337755 17 7.915513 44 9.843008
2 3 24 1.194259 47 18.911045 35 16.042079
3
0 3 15 17.360270 25 11.756977 38 18.125222
1 3 46 12.498986 31 16.005723 30 12.063421
2 3 48 17.235209 25 16.829004 22 12.406668
3
0 3 15 13.213757 19 5.360960 31 19.948003
1 3 33 4.903377 34 17.753516 41 11.129209
2 3 23 6.642413 30 2.305784 17 4.572338
3
0 3 20 3.751908 35 16.926451 30 15.147917
1 3 47 18.723578 41 16.396230 32 10.909123
2 3 40 1.331083 37 17.705799 23 13.412580
3
0 3 20 10.350379 48 8.016201 35 5.554880
1 3 20 7.326653 37 14.109576 39 2.235221
2 3 46 13.136669 40 10.934726 33 10.097558
3
0 3 20 1.211860 26 8.266820 38 14.895987
1 3 48 3.720253 32 6.305269 38 6.709237
2 3 43 7.506470 35 16.043787 47 7.570229
3
0 3 20 17.838227 24 17.113045 43 7.337779
1 3 30 4.306223 38 19.487604 45 1.371808
2 3 42 17.066809 41 18.776585 20 5.119274
3
0 3 20 10.569050 32 13.524441 42 9.906375
1 3 43 11.172193 31 3.141578 24 15.716562
2 3 30 10.413155 21 4.066622 44 2.317336
3
0 3 25 6.025245 31 3.458184 29 3.013421
1 3 45 17.227182 30 18.442665 41 18.774988
2 3 40 8.120328 27 8.267320 32 9.953632
3
0 3 25 6.397671 43 11.068215 42 6.630420
1 3 29 4.529368 37 7.542757 41 5.389721
2 3 47 7.718099 38 6.817227 42 17.321962
3
0 3 25 5.215974 26 4.721541 27 1.648537
1 3 28 15.744980 33 6.873094 46 11.751540
2 3 32 18.339616 39 14.616145 45 5.214571
3
0 3 25 10.781868 48 4.322598 41 9.741965
1 3 38 17.149561 30 5.542526 41 11.911566
2 3 44 9.050309 48 5.647639 28 17.174744
3
0 3 25 4.338603 43 8.809560 42 11.117659
1 3 36 3.894940 47 15.176809 37 13.681199
2 3 42 1.717499 39 4.694910 46 19.902393
3
0 3 30 15.072430 40 15.135426 43 4.691038
1 3 45 5.898772 35 17.747418 40 10.212581
2 3 32 19.132942 38 16.284160 37 4.739785
3
0 3 30 18.026775 33 11.235781 37 14.556241
1 3 40 16.907832 36 1.475161 41 6.884074
2 3 39 7.801418 38 4.247286 43 19.167758
3
0 3 30 5.772398 40 1.027311 42 8.386526
1 3 45 3.065268 32 12.595483 37 6.559742
2 3 30 7.528750 35 10.106848 48 6.885379
3
0 3 30 18.064359 35 18.203968 45 15.519840
1 3 39 1.354780 41 13.239279 40 13.561521
2 3 49 15.805734 40 5.213920 45 16.403055
3
0 3 30 12.152303 47 6.910209 38 19.006810
1 3 38 8.701829 36 9.991604 32 7.128403
2 3 46 5.195139 41 3.778328 49 6.831280
3
0 3 35 15.593058 40 3.071209 41 1.385703
1 3 48 13.255998 37 11.273881 38 14.054847
2 3 46 9.582375 45 1.614642 47 9.769606
3
0 3 35 6.351548 49 5.266300 37 17.286893
1 3 40 7.110994 38 8.112417 37 9.920454
2 3 41 15.538746 47 15.389617 42 3.420318
3
0 3 35 19.387426 38 3.252038 39 4.337633
1 3 35 19.223904 39 11.599538 37 11.088870
2 3 35 10.631961 47 19.737401 42 9.714815
3
0 3 35 8.018968 46 14.539481 49 3.817932
1 3 38 18.956953 42 12.555351 46 6.862437
2 3 40 9.967723 43 14.114766 36 12.857048
3
0 3 35 10.110313 47 10.664267 42 18.811522
1 3 41 2.750856 39 5.766046 36 3.173540
2 3 40 1.839727 43 18.299866 35 8.784483
3
0 3 40 2.208230 43 16.441384 44 8.893470
1 3 43 3.275357 45 9.803741 46 10.710241
2 3 42 12.688990 47 12.022601 46 4.824438
3
0 3 40 7.942682 42 18.632353 46 16.129633
1 3 41 15.334362 47 8.067821 42 15.854146
2 3 49 14.669458 48 10.542047 45 15.211341
3
0 3 40 14.500813 41 13.604839 46 15.884733
1 3 45 19.617924 40 7.370609 48 6.093292
2 3 48 19.579681 49 10.852402 45 9.742939
3
0 3 40 15.229061 45 11.476148 47 14.071612
1 3 47 19.569386 42 15.568309 40 16.511221
2 3 43 13.638662 40 3.375570 45 4.509501
3
0 3 40 7.767016 42 4.996031 41 5.492755
1 3 41 2.880436 46 6.090746 49 11.405379
2 3 45 15.280383 43 4.066866 44 7.129892
3
0 3 45 14.565550 47 14.178691 48 6.119307
1 3 47 6.685924 45 5.306811 49 13.813953
2 3 46 3.845021 48 1.187564 45 11.263627
3
0 3 45 10.623331 47 13.714560 48 2.847036
1 3 47 8.787532 45 7.476300 48 11.653376
2 3 45 5.860478 49 6.261283 47 13.206952
3
0 3 45 2.373601 49 1.013102 47 18.692811
1 3 46 10.695354 49 5.597603 47 11.517369
2 3 45 5.499991 47 9.659925 48 2.402066
3
0 3 45 17.663344 47 1.755376 46 16.341983
1 3 45 11.142634 47 3.552808 46 17.048704
2 3 49 5.871459 45 12.959694 48 14.615418
3
0 3 45 12.597063 46 4.339712 47 2.853965
1 3 47 5.296249 45 18.979109 46 7.361230
2 3 48 3.134182 45 8.684940 49 11.476933
3
0 1 49 15.115865
1 1 49 18.621462
2 1 49 6.027341
3
0 1 49 5.170657
1 1 49 10.181031
2 1 49 19.904071
3
0 1 49 7.986269
1 1 49 16.741594
2 1 49 2.153668
3
0 1 49 4.834802
1 1 49 7.993161
2 1 49 16.710522
0
