50 49
3
0 3 5 15.713549 13 18.457806 10 18.169634
1 3 33 6.203508 23 10.431796 44 9.246044
2 3 7 12.648526 20 8.125510 16 19.279270
3
0 3 5 3.620098 21 12.449647 29 4.438407
1 3 16 6.196886 27 8.690881 45 8.332633
2 3 44 2.871448 5 9.331371 16 18.941696
3
0 3 5 7.251088 32 7.240623 47 3.778720
1 3 9 15.721930 37 11.601137 15 12.436703
2 3 26 8.295855 28 1.632676 31 16.794802
3
0 3 5 10.022545 40 13.478598 14 19.555059
1 3 25 12.826197 41 6.680249 29 15.080209
2 3 24 15.525151 33 5.206242 35 13.347597
3
0 3 5 19.662808 33 2.592731 39 11.483193
1 3 46 10.973243 7 16.545949 13 14.366486
2 3 25 5.437346 10 2.562477 9 14.284198
3
0 3 10 4.695175 26 6.841822 36 16.805985
1 3 20 12.873597 28 7.617673 41 13.455054
2 3 30 7.616616 26 3.744375 12 7.386665
3
0 3 10 4.869146 42 2.382233 13 5.159318
1 3 45 2.408871 42 16.265777 29 3.787601
2 3 16 1.685704 42 4.955964 26 6.414708
3
0 3 10 14.855310 22 14.973804 39 14.876878
1 3 45 10.685735 39 18.607054 31 10.919416
2 3 11 3.633628 35 13.048377 38 13.486645
3
0 3 10 14.715215 46 4.319436 32 12.791655
1 3 37 2.379551 25 10.215183 36 14.186689
2 3 24 10.744037 13 16.245173 21 9.573936
3
0 3 10 18.118824 32 14.347737 44 8.614065
1 3 37 9.093062 21 14.116206 20 10.253866
2 3 42 7.325706 11 9.449057 26 1.303906
3
0 3 15 11.576950 44 1.481572 21 7.399373
1 3 37 3.921928 32 4.668233 36 18.866025
2 3 25 1.886213 21 10.250457 40 10.943527
3
0 3 15 8.623359 43 6.947931 22 16.833915
1 3 26 12.309715 49 11.439645 45 14.503711
2 3 24 8.883205 30 11.947229 37 2.615131
3
0 3 15 17.353604 18 11.152455 16 8.843170
1 3 39 12.508118 33 9.756527 49 6.104349
2 3 39 2.823529 27 8.439207 22 13.180444
3
0 3 15 1.685162 37 16.451050 27 4.242712
1 3 23 12.799802 42 15.370396 21 16.204045
2 3 46 18.291355 30 9.370985 45 11.816175
3
0 3 15 6.269283 41 9.467176 21 3.885709
1 3 46 17.462107 29 16.427546 45 15.944217
2 3 21 15.826145 43 1.711917 28 15.222745
3
0 3 20 6.240549 30 2.383407 24 2.888969
1 3 30 8.477499 37 7.460562 23 4.269412
2 3 29 19.776187 48 8.581021 47 19.459383
3
0 3 20 19.836981 43 9.326133 26 2.517559
1 3 23 19.230140 33 1.059632 34 9.664031
2 3 25 1.553763 48 4.332401 21 10.520804
3
0 3 20 1.960629 31 4.955005 38 13.919031
1 3 39 2.552307 33 16.951244 32 6.682003
2 3 34 19.890719 45 10.694712 21 12.590961
3
0 3 20 18.701845 48 11.491400 42 13.591994
1 3 37 17.906782 49 5.318564 21 17.285981
2 3 39 19.106502 43 14.271029 27 7.672691
3
0 3 20 15.360413 40 13.071284 33 1.683930
1 3 23 3.655415 24 2.269581 36 14.766453
2 3 31 11.772856 46 12.559076 20 10.733526
3
0 3 25 4.513295 27 11.510223 34 11.301130
1 3 27 9.387242 26 1.685760 46 10.074910
2 3 45 4.397083 36 10.375212 32 8.025514
3
0 3 25 1.368583 49 8.973866 39 17.106006
1 3 48 13.674429 43 6.247344 42 3.162056
2 3 34 1.174433 40 5.931761 42 4.717894
3
0 3 25 13.481780 44 16.623469 41 4.018369
1 3 48 13.164580 41 7.866892 43 4.936759
2 3 31 11.117941 49 3.517246 48 11.091282
3
0 3 25 2.503079 34 4.896456 33 15.193585
1 3 31 17.713320 32 10.846615 48 2.094863
2 3 26 17.464064 48 17.775587 27 4.895961
3
0 3 25 6.890389 49 12.480517 29 12.544989
1 3 26 19.775597 27 16.139410 25 3.902930
2 3 44 9.792418 37 6.055310 35 11.053128
3
0 3 30 13.739922 48 12.475287 39 9.660609
1 3 44 5.436061 43 3.390089 48 11.929641
2 3 33 15.584213 32 19.879766 38 19.585656
3
0 3 30 6.128709 36 4.821073 34 11.509278
1 3 39 13.004600 43 17.658584 44 16.913071
2 3 46 11.205734 33 4.217934 45 17.635586
3
0 3 30 16.773606 42 3.609121 46 9.286623
1 3 32 15.195780 35 7.888403 49 10.792022
2 3 39 19.313535 35 18.305218 42 5.612268
3
0 3 30 2.755807 35 12.245861 46 16.305297
1 3 39 2.561956 45 9.797225 35 8.186070
2 3 41 11.560945 33 18.286697 40 3.982739
3
0 3 30 1.745173 48 1.009783 45 12.796757
1 3 40 18.138759 33 18.959901 44 12.937215
2 3 38 16.055950 31 2.428629 30 2.799966
3
0 3 35 10.678488 41 2.075416 43 18.730082
1 3 45 17.064388 48 18.364031 49 3.167150
2 3 35 1.282066 40 13.394846 37 5.357347
3
0 3 35 3.201668 42 19.782887 47 10.511405
1 3 37 16.624233 38 3.247715 35 4.772955
2 3 46 18.369869 42 9.622353 47 7.976207
3
0 3 35 16.490057 38 12.008001 37 10.288404
1 3 35 4.798524 40 18.247120 45 4.134864
2 3 42 18.140863 43 4.864486 38 2.904420
3
0 3 35 5.544074 40 12.466074 38 13.557484
1 3 45 19.687705 46 14.764905 43 15.949248
2 3 38 9.446608 40 2.371370 39 18.206466
3
0 3 35 18.875049 44 2.264694 41 1.533545
1 3 39 18.023416 37 16.699553 45 4.202430
2 3 35 9.931331 44 16.260134 49 10.309594
3
0 3 40 16.226568 45 18.580241 49 5.918908
1 3 46 8.253184 44 6.782386 43 3.369557
2 3 45 12.906574 42 16.633424 44 5.898932
3
0 3 40 6.265472 49 13.403729 43 17.251437
1 3 46 10.738915 40 4.298952 48 18.527060
2 3 47 16.793844 42 17.997877 43 3.380157
3
0 3 40 14.772975 41 17.117979 44 14.271439
1 3 44 4.995366 41 14.534309 47 14.698400
2 3 45 2.907281 42 1.872942 41 4.307525
3
0 3 40 10.535449 46 15.901825 49 19.428438
1 3 40 16.756216 43 15.736899 47 3.407342
2 3 43 18.724190 46 17.541602 47 13.021904
3
0 3 40 18.499399 44 5.050399 49 2.655626
1 3 46 16.215655 42 8.768843 45 10.270274
2 3 48 2.188571 42 19.233859 45 14.710205
3
0 3 45 12.263497 48 18.158032 49 5.667635
1 3 49 19.514258 47 9.703958 45 14.246424
2 3 49 3.323294 46 9.879130 45 16.756556
3
0 3 45 14.180261 49 5.949142 48 12.614880
1 3 45 2.730646 48 12.681536 47 15.145379
2 3 46 14.853563 47 10.668829 48 9.158915
3
0 3 45 12.977094 46 4.434691 49 17.891214
1 3 49 6.011587 45 9.106701 46 19.577721
2 3 46 10.394325 47 9.477398 45 5.009580
3
0 3 45 14.883720 49 6.682435 48 8.521707
1 3 48 2.604646 45 14.078433 46 11.508815
2 3 49 7.460619 46 10.473581 45 13.643457
3
0 3 45 3.127155 46 8.720167 48 19.487114
1 3 47 1.256764 46 1.902383 45 12.713477
2 3 48 18.962798 47 5.320623 46 9.126354
3
0 1 49 2.331326
1 1 49 16.177114
2 1 49 16.670114
3
0 1 49 9.525722
1 1 49 13.784416
2 1 49 9.476358
3
0 1 49 1.229451
1 1 49 8.542059
2 1 49 10.968287
3
0 1 49 13.803222
1 1 49 3.301421
2 1 49 15.573226
0
