50 49
3
0 4 5 16.990406 45 5.021289 10 8.879871 20 4.120482
1 4 21 14.405600 22 15.079050 29 2.795080 16 17.318625
2 4 17 4.824378 40 7.180132 37 6.744613 18 2.033865
3
0 4 5 12.736892 11 6.362831 35 10.234954 10 2.425650
1 4 10 5.344761 18 17.689097 48 5.800713 40 19.068317
2 4 19 14.478948 13 14.488846 29 15.001217 6 16.106416
3
0 4 5 12.746611 46 5.878507 22 1.526769 25 3.728901
1 4 26 16.031734 36 15.552057 48 13.912313 8 12.105329
2 4 18 19.450090 14 3.577784 36 15.767343 44 8.927523
3
0 4 5 7.103699 43 4.120729 17 3.609582 12 3.776542
1 4 16 9.353519 44 2.885680 6 9.889102 8 14.054555
2 4 37 6.379358 18 16.037540 40 18.063310 44 2.807881
3
0 4 5 4.997311 29 13.168114 14 6.897102 26 19.565858
1 4 44 16.248791 12 5.408965 21 19.281431 26 4.582439
2 4 7 6.292714 40 9.077356 44 19.943609 49 14.156324
3
0 4 10 15.949541 27 8.926876 20 9.945420 22 5.485072
1 4 20 4.844779 48 3.518251 49 13.404362 15 8.091647
2 4 37 8.605205 31 11.635196 17 18.880076 15 17.459760
3
0 4 10 5.167472 30 1.250923 15 13.461387 29 14.072864
1 4 23 3.610768 43 8.712991 41 9.835370 13 12.050851
2 4 44 18.617817 25 3.842832 14 10.923381 19 17.599702
3
0 4 10 8.866574 14 13.839858 35 2.626785 39 11.849577
1 4 28 10.876897 15 16.170516 27 2.643814 13 13.080332
2 4 36 17.620393 11 18.983757 14 2.623555 33 17.344459
3
0 4 10 2.432232 34 3.693317 11 17.453893 19 15.944039
1 4 33 9.546170 45 6.446566 48 3.307298 31 16.769948
2 4 16 4.526123 34 19.363683 21 8.596906 18 18.222314
3
0 4 10 7.049517 17 19.558259 13 11.470622 32 8.688929
1 4 24 6.168359 45 12.244126 25 14.080226 47 7.826333
2 4 41 11.951836 22 19.241342 33 5.741671 20 14.520290
3
0 4 15 3.525740 29 9.427390 40 18.036303 32 13.883497
1 4 37 7.336816 25 19.446194 19 5.822371 41 4.279871
2 4 32 9.258100 30 16.151166 18 18.749370 46 13.850521
3
0 4 15 9.281888 46 5.633942 35 3.516021 18 8.264831
1 4 42 12.135559 48 1.798186 34 7.634928 30 9.166896
2 4 20 1.084288 36 11.934789 45 16.177093 30 1.926934
3
0 4 15 8.795061 20 8.209785 30 1.501173 31 5.990334
1 4 30 2.635919 41 5.990097 24 10.490682 38 4.571662
2 4 23 9.897904 27 13.458911 49 8.093083 15 10.692027
3
0 4 15 1.762366 27 1.877896 30 7.402190 43 16.947245
1 4 20 15.343421 47 11.657250 25 4.372362 16 10.876268
2 4 19 12.402203 28 5.723839 34 19.303987 33 14.852195
3
0 4 15 16.605758 27 12.697745 25 1.877411 22 1.649026
1 4 39 8.805941 22 9.334108 29 1.208336 23 8.328210
2 4 26 7.207757 42 12.710419 28 5.740963 29 10.586506
3
0 4 20 16.377600 39 11.030100 45 9.118937 46 1.575295
1 4 33 11.718632 24 1.893836 32 15.200187 46 6.103125
2 4 33 3.600725 24 5.248580 49 6.968297 21 17.709392
3
0 4 20 11.494644 41 14.746158 38 3.432893 44 6.771006
1 4 21 4.991170 48 8.608660 35 2.274799 47 19.340056
2 4 47 2.478105 27 2.708599 30 14.690764 39 19.193450
3
0 4 20 1.743803 36 10.924670 48 2.389342 30 3.024330
1 4 46 2.635783 41 14.106547 34 8.841744 26 2.555903
2 4 27 6.201202 29 19.134213 38 3.783278 45 16.567977
3
0 4 20 3.127137 42 9.028762 48 8.711651 34 7.759941
1 4 49 15.907349 48 7.213574 43 12.312906 36 17.067469
2 4 46 18.969882 27 14.288825 26 19.595258 32 4.394763
3
0 4 20 9.567721 49 8.120250 37 8.772477 24 14.623415
1 4 29 15.641749 30 13.065232 46 2.690294 47 10.509254
2 4 39 13.134557 28 8.375502 21 14.194113 41 11.178676
3
0 4 25 8.342348 48 16.282026 29 9.470465 32 17.737341
1 4 46 14.875818 32 12.213026 47 14.385109 43 5.113132
2 4 27 16.872003 41 18.636724 39 18.254436 33 14.370568
3
0 4 25 12.325321 45 16.024257 32 2.307949 46 9.749328
1 4 44 1.153483 32 3.159807 40 16.108611 39 13.581282
2 4 45 8.746391 38 12.183977 43 9.492884 39 4.244099
3
0 4 25 4.704677 39 14.458750 32 5.987044 41 2.314783
1 4 30 12.786691 48 13.880615 32 2.156428 29 6.249008
2 4 48 10.631674 38 18.242472 41 8.394056 39 6.468938
3
0 4 25 9.073618 41 2.253701 47 10.390686 35 10.659813
1 4 43 11.882658 46 16.869944 33 8.102820 30 4.898017
2 4 35 19.618580 43 10.059624 42 13.251885 37 15.011539
3
0 4 25 2.262764 26 12.607538 35 2.070662 27 2.615588
1 4 31 11.568454 28 2.129265 44 18.617156 48 3.304784
2 4 43 16.763161 28 4.074536 36 3.975623 42 3.824375
3
0 4 30 12.760885 41 11.208109 47 4.984926 49 18.031562
1 4 33 4.097371 46 15.588564 37 17.233524 36 12.274887
2 4 45 13.664185 32 9.936748 42 19.095436 49 14.823393
3
0 4 30 2.843116 45 7.056729 43 2.817160 39 11.281209
1 4 40 10.930615 46 16.730177 42 5.659923 45 15.885867
2 4 42 2.716429 40 16.414077 48 1.385222 37 4.691225
3
0 4 30 18.727806 42 14.054551 31 7.322295 33 6.888548
1 4 46 17.126153 32 6.693394 36 19.778601 45 14.619222
2 4 48 6.331699 30 13.662908 40 16.707133 38 16.974986
3
0 4 30 19.973522 39 15.905553 43 4.455358 36 17.662778
1 4 49 9.252175 40 7.009395 31 19.739986 46 11.246175
2 4 48 9.713297 40 9.715406 34 16.183281 47 14.449290
3
0 4 30 5.703734 43 7.962514 35 15.037415 34 13.141062
1 4 46 3.037815 48 17.524964 30 4.096826 39 5.119354
2 4 34 1.387483 31 18.104660 32 11.589021 39 3.951378
3
0 4 35 2.046150 41 6.144693 43 6.444864 39 6.385643
1 4 46 2.818565 35 7.161354 44 2.284242 40 9.877391
2 4 41 7.520082 45 2.040049 37 6.390375 46 15.697358
3
0 4 35 4.826694 49 12.946139 44 17.350013 38 17.115626
1 4 35 4.629460 42 5.839374 36 4.189581 41 12.278564
2 4 46 5.459068 49 3.716893 36 19.890100 37 11.039045
3
0 4 35 10.213733 42 12.781269 36 18.696986 44 17.826663
1 4 43 13.618458 38 16.900391 45 16.794811 47 4.071763
2 4 48 13.732896 43 1.951134 36 5.748373 39 9.118603
3
0 4 35 18.499082 41 8.138526 48 5.794592 49 17.944626
1 4 47 13.592134 44 14.609445 48 13.862071 42 15.318998
2 4 39 8.720952 46 2.724166 47 17.435830 43 7.823894
3
0 4 35 5.732082 49 5.571117 44 7.997365 48 8.963110
1 4 43 16.335764 42 9.105666 37 11.242010 38 2.151211
2 4 36 17.505632 46 17.536047 48 11.121105 39 19.755867
3
0 4 40 18.319932 48 2.306341 46 5.705747 44 18.579839
1 4 44 18.999120 46 7.477251 49 18.044174 42 11.381530
2 4 41 16.790543 40 13.291776 45 7.963468 42 11.623773
3
0 4 40 1.594969 43 11.380033 47 12.527805 45 14.262604
1 4 42 15.681232 49 15.798727 40 12.797651 46 13.204211
2 4 43 1.466369 45 16.448308 48 3.986088 40 1.464791
3
0 4 40 10.883591 46 2.204778 48 11.514019 41 7.806756
1 4 41 17.710568 46 11.169376 40 18.312366 47 17.925685
2 4 44 2.996350 42 7.149429 47 9.723816 45 8.587983
3
0 4 40 2.693527 46 11.389323 48 3.191729 44 16.125711
1 4 41 18.446549 40 15.177725 45 7.483927 43 19.689685
2 4 43 5.053226 41 13.966074 40 5.205950 48 16.153464
3
0 4 40 17.661374 47 1.577768 48 9.278185 43 8.929612
1 4 40 6.567650 44 18.857551 45 6.558166 42 7.014346
2 4 40 18.926484 46 11.500183 49 17.592564 43 10.347366
3
0 4 45 5.916978 49 11.411142 46 10.347754 47 11.231567
1 4 49 13.049924 45 8.531084 48 6.313955 47 13.480883
2 4 49 4.729433 46 15.007934 45 9.364723 47 6.236732
3
0 4 45 15.607273 46 4.655909 47 1.706797 49 3.606368
1 4 49 12.377457 47 17.929240 45 10.929191 46 4.265502
2 4 45 4.123241 47 12.891383 48 13.033489 46 15.511576
3
0 4 45 19.656610 49 8.128395 48 3.223682 47 11.615471
1 4 48 3.658170 46 8.319411 45 13.004660 47 13.980355
2 4 49 3.183288 48 18.629842 45 15.518293 47 7.162990
3
0 4 45 7.441384 46 11.164813 49 18.038355 47 8.512362
1 4 49 5.447952 46 15.253725 47 14.536104 48 13.252055
2 4 45 19.940655 47 5.968344 49 10.504192 48 10.778309
3
0 4 45 14.565431 47 16.985868 49 11.485422 46 9.218129
1 4 47 10.180105 49 3.289137 48 15.224245 46 1.815149
2 4 47 15.890924 46 18.272174 45 13.061444 48 8.063728
3
0 1 49 17.779165
1 1 49 5.771793
2 1 49 2.138674
3
0 1 49 19.117841
1 1 49 4.312950
2 1 49 6.543739
3
0 1 49 17.155246
1 1 49 3.650444
2 1 49 14.518705
3
0 1 49 1.838054
1 1 49 10.318082
2 1 49 16.940636
0
