50 49
3
0 3 5 2.620369 33 13.171238 30 9.826034
1 3 40 17.697521 46 4.499289 20 12.691833
2 3 38 1.085156 46 13.442510 10 12.541402
3
0 3 5 7.491124 20 17.168478 29 8.925213
1 3 26 10.385438 17 2.602148 28 19.170468
2 3 42 8.894376 21 12.288738 16 18.090975
3
0 3 5 19.941652 13 10.318157 37 8.907720
1 3 17 12.056605 20 15.479774 37 4.995184
2 3 19 17.121200 24 14.185636 33 12.947276
3
0 3 5 8.891229 30 9.261222 14 11.561974
1 3 44 19.970980 7 17.111373 18 9.389480
2 3 33 17.584329 48 9.169576 15 19.191622
3
0 3 5 18.176468 13 2.389591 9 19.320844
1 3 39 18.086254 11 12.553849 25 7.700310
2 3 17 16.171423 26 7.240439 16 6.414814
3
0 3 10 4.545069 20 16.191215 48 14.513660
1 3 40 19.252657 47 6.605012 13 6.090144
2 3 16 5.459517 31 17.373163 42 5.025183
3
0 3 10 2.402739 16 9.951666 23 11.562116
1 3 43 7.871765 29 10.606413 10 7.414327
2 3 47 7.107705 33 12.301038 11 8.882419
3
0 3 10 2.286919 20 7.519807 33 17.147653
1 3 22 13.650303 17 14.074858 21 8.595795
2 3 27 1.543400 10 9.977178 25 19.139043
3
0 3 10 12.039791 23 6.034766 12 5.345767
1 3 36 7.641789 13 12.503966 14 12.730693
2 3 19 17.457361 23 9.831185 43 19.298782
3
0 3 10 18.740534 11 6.580255 29 7.056531
1 3 29 18.821517 35 12.060677 12 19.068362
2 3 34 7.867482 23 2.231418 38 18.536088
3
0 3 15 6.820317 44 12.884333 49 3.667077
1 3 41 7.278123 38 14.324676 35 3.619405
2 3 15 14.321051 45 9.294799 26 1.689784
3
0 3 15 11.976885 22 19.611219 19 14.551417
1 3 37 15.347440 17 15.367663 31 17.922957
2 3 35 4.118380 22 13.388854 28 19.315324
3
0 3 15 12.685140 35 11.390439 19 12.651291
1 3 20 9.966984 31 9.579889 19 10.708153
2 3 25 10.520693 27 3.869864 41 17.844743
3
0 3 15 11.636109 43 3.888276 44 16.698527
1 3 48 8.087927 42 19.997102 15 8.106349
2 3 42 4.739840 43 5.244035 36 15.045893
3
0 3 15 11.252974 27 8.367341 28 19.872641
1 3 19 13.318412 43 17.181262 34 1.447028
2 3 44 10.367825 21 11.417933 28 15.264832
3
0 3 20 16.422292 26 11.052824 24 16.260346
1 3 41 2.680738 28 17.924727 46 14.602042
2 3 46 5.281043 49 9.242551 24 11.475823
3
0 3 20 10.463321 37 4.424780 47 5.833660
1 3 23 4.325472 42 6.344011 32 11.605910
2 3 32 14.574180 31 5.282867 30 19.236233
3
0 3 20 2.042198 46 17.869027 26 1.812947
1 3 28 2.511460 43 1.051917 23 19.174432
2 3 45 4.587831 47 15.872695 25 16.227970
3
0 3 20 18.756822 35 18.871945 23 13.306848
1 3 32 13.887024 33 13.716941 39 16.431112
2 3 20 1.092617 23 17.664958 49 8.862106
3
0 3 20 13.606776 37 16.757266 23 8.344653
1 3 24 6.996742 25 8.260341 21 8.402314
2 3 23 11.993999 31 16.223134 40 17.363629
3
0 3 25 11.971005 27 19.704811 40 17.428877
1 3 44 15.843216 29 10.813691 49 5.592732
2 3 36 10.781380 34 2.513202 48 11.030085
3
0 3 25 7.347120 41 10.109067 30 2.215144
1 3 41 2.859383 28 4.680863 49 7.132006
2 3 35 13.326125 43 16.722409 47 11.335309
3
0 3 25 2.858112 27 2.586125 38 12.019310
1 3 44 3.678574 29 17.758611 27 13.123033
2 3 26 6.195379 44 19.237079 32 8.104456
3
0 3 25 9.471408 47 1.213470 43 10.419738
1 3 34 7.448177 30 3.917020 47 16.733958
2 3 47 15.517174 37 6.584596 40 3.952146
3
0 3 25 3.635359 48 2.732191 37 12.502382
1 3 27 18.526208 31 11.777531 46 13.006942
2 3 48 16.523586 46 2.472834 29 10.796113
3
0 3 30 17.808795 34 6.479619 36 12.778539
1 3 33 17.428644 44 8.710190 36 17.631714
2 3 37 6.879620 43 7.225321 39 17.898256
3
0 3 30 16.342324 39 4.381857 38 6.251496
1 3 47 3.214470 34 17.545063 48 8.619537
2 3 35 19.629408 49 7.575794 40 11.810695
3
0 3 30 1.962997 44 14.632281 37 4.558956
1 3 46 16.887028 39 5.641988 32 10.237532
2 3 48 16.671614 43 14.526498 31 18.451055
3
0 3 30 8.966858 45 14.417937 38 10.525450
1 3 41 6.714812 47 8.277243 31 16.748193
2 3 46 17.609438 34 14.760431 32 7.030604
3
0 3 30 16.801328 40 14.117411 37 3.717575
1 3 41 5.463310 36 9.085733 33 10.662314
2 3 36 18.677714 48 18.090939 44 2.382806
3
0 3 35 4.637391 36 19.168405 43 2.502917
1 3 44 2.086650 41 2.791260 49 6.323521
2 3 48 6.704367 40 5.503906 39 17.844440
3
0 3 35 5.496553 38 17.766643 42 8.261582
1 3 47 6.481168 36 12.472068 39 15.188560
2 3 47 3.251762 42 13.929043 49 19.511153
3
0 3 35 5.943293 49 6.644982 48 13.792627
1 3 36 6.779336 37 2.895167 38 19.380723
2 3 40 13.496813 41 16.786727 38 3.929633
3
0 3 35 18.417284 48 11.603334 45 6.516557
1 3 35 11.800285 43 6.228688 37 5.436421
2 3 49 5.964545 41 16.724596 47 9.322678
3
0 3 35 15.463104 47 10.070198 49 10.259154
1 3 40 8.631454 48 12.758705 35 14.648404
2 3 43 15.655867 47 18.208491 45 3.317007
3
0 3 40 7.344011 49 12.875634 43 5.281744
1 3 41 18.726231 43 2.054869 45 2.227126
2 3 41 17.201231 42 18.659626 47 15.352817
3
0 3 40 11.897726 43 1.710804 42 8.565476
1 3 42 8.951478 46 1.748242 49 4.558984
2 3 43 18.428518 40 14.024647 49 7.227832
3
0 3 40 5.134903 47 11.020001 49 17.977074
1 3 45 19.432843 46 4.419682 47 11.332156
2 3 40 5.865399 47 2.034284 41 1.302420
3
0 3 40 16.671381 48 10.441949 47 9.719957
1 3 49 12.356622 43 1.069725 48 10.123511
2 3 48 16.673906 42 14.428157 41 5.950095
3
0 3 40 18.417935 49 15.380124 41 8.900398
1 3 48 1.200590 40 5.219319 49 15.268884
2 3 49 11.055811 45 10.579162 40 9.896746
3
0 3 45 19.944607 47 4.384330 46 2.291546
1 3 46 6.755293 48 16.283042 45 12.307638
2 3 48 8.162431 46 9.537969 47 2.790607
3
0 3 45 4.845638 47 9.931533 49 13.589475
1 3 49 9.965560 45 17.964110 47 3.571499
2 3 46 1.667247 48 19.510315 47 2.527463
3
0 3 45 15.791825 48 19.029670 47 2.163637
1 3 49 13.574824 46 7.811242 48 11.446222
2 3 45 16.463188 46 17.380990 48 18.914175
3
0 3 45 11.891733 49 13.767187 47 6.169787
1 3 48 15.398386 45 11.496249 49 12.693785
2 3 49 19.062744 46 6.637979 45 1.715403
3
0 3 45 13.970560 46 18.489772 48 6.656826
1 3 49 7.242819 45 6.126351 48 12.057175
2 3 46 8.881398 48 8.680959 47 1.551239
3
0 1 49 4.060976
1 1 49 7.478425
2 1 49 6.465409
3
0 1 49 11.528035
1 1 49 4.491400
2 1 49 5.123419
3
0 1 49 3.989642
1 1 49 16.261625
2 1 49 11.516264
3
0 1 49 12.880372
1 1 49 1.109784
2 1 49 9.810840
0
