50 49
3
0 5 5 15.459880 46 6.738824 12 10.726019 43 6.294988 8 2.751570
1 5 5 5.992544 45 16.202665 46 15.128584 38 10.223875 24 14.582050
2 5 24 19.924076 17 2.315420 32 6.348521 49 19.199424 34 11.874305
3
0 5 5 5.763469 13 13.748592 26 3.851523 44 11.683647 23 11.577873
1 5 32 4.504491 49 1.961378 21 3.373991 43 1.261901 31 14.436875
2 5 34 13.670630 45 17.685348 7 7.386474 42 11.185511 23 13.419329
3
0 5 5 15.100894 34 6.944798 35 17.290147 15 3.306507 14 12.056689
1 5 9 4.249963 46 11.203210 23 5.268178 24 2.884043 38 15.988770
2 5 15 14.247051 21 7.595790 31 2.965363 9 12.244319 7 5.122484
3
0 5 5 17.496228 28 14.102290 11 12.488980 33 19.476981 37 17.044463
1 5 22 5.546507 29 12.774384 17 8.017043 35 14.425167 25 12.531250
2 5 5 10.120768 39 11.978766 47 4.704590 43 1.479233 46 7.209839
3
0 5 5 15.976009 11 5.132508 17 6.534205 44 11.223298 45 14.521438
1 5 5 1.440407 12 3.063483 46 17.102027 36 6.770514 23 8.573022
2 5 22 6.975482 13 9.488035 14 19.149412 43 6.095518 16 17.560977
3
0 5 10 17.114837 12 7.119594 31 10.400371 18 18.652467 21 18.348238
1 5 45 18.116833 39 17.604215 24 19.223851 32 1.378154 42 2.150970
2 5 20 18.694737 41 11.787855 12 2.203990 23 19.495924 46 1.509907
3
0 5 10 16.471019 23 6.898483 46 19.740364 16 13.089312 40 17.703909
1 5 17 11.194274 20 5.972241 10 11.792048 21 13.741916 43 1.793370
2 5 48 16.938244 39 13.127828 16 1.860554 42 17.199165 43 7.690656
3
0 5 10 9.424793 18 18.178286 44 18.617398 23 10.414539 16 13.207197
1 5 18 8.920999 36 1.265738 23 3.348416 42 6.214468 31 15.937610
2 5 13 14.646844 19 14.507041 44 9.509525 14 9.332604 11 18.876574
3
0 5 10 17.803180 17 19.330549 42 3.597433 31 17.522214 26 9.289086
1 5 11 16.384917 25 6.937832 13 3.432217 34 9.244911 45 7.245060
2 5 48 5.805685 16 19.086659 28 8.467388 20 6.146004 40 13.087956
3
0 5 10 15.669407 47 12.228041 33 4.525975 42 9.015356 20 4.175844
1 5 29 2.309615 45 7.725046 17 13.365906 25 10.776119 30 17.128983
2 5 21 10.470845 30 1.342479 13 2.737770 24 7.032164 40 8.973094
3
0 5 15 13.248997 43 12.947990 48 10.066311 20 7.918858 35 4.630812
1 5 40 6.290243 42 8.151518 48 6.840510 43 13.749143 46 10.465992
2 5 33 2.911738 40 11.461213 30 15.083200 37 5.736821 20 2.089073
3
0 5 15 19.262957 16 14.744105 27 3.394874 33 5.986503 37 16.514116
1 5 15 17.406334 19 8.327727 45 18.226631 28 10.429919 29 11.746426
2 5 34 4.315180 29 17.903105 23 11.235946 35 9.478145 15 10.642006
3
0 5 15 10.041126 18 12.237195 28 4.618874 46 10.269778 29 2.943425
1 5 46 16.957470 40 14.992347 20 18.155944 33 7.025725 22 12.760887
2 5 24 18.416000 19 15.292136 18 2.416625 23 3.769162 29 2.471601
3
0 5 15 18.191980 22 6.431057 31 6.789481 21 8.597587 49 17.466580
1 5 39 1.991464 48 5.841814 43 11.639484 36 13.895215 22 15.338675
2 5 18 12.121541 20 7.675853 39 3.788686 24 10.166232 47 3.154408
3
0 5 15 18.937152 29 19.470665 47 11.937782 24 19.116203 45 9.195332
1 5 45 18.937302 42 8.952028 46 11.991018 28 18.795418 15 3.831028
2 5 19 14.743995 44 14.336496 40 5.329935 26 12.065991 46 10.444406
3
0 5 20 9.758363 48 9.986053 30 12.049756 26 14.625060 32 6.278576
1 5 27 17.146915 20 19.897420 29 11.552822 22 5.030023 41 18.574562
2 5 22 16.753359 43 3.892672 48 6.090541 42 10.870953 25 11.641825
3
0 5 20 2.404714 48 19.839183 21 3.844617 38 12.518915 26 5.908702
1 5 22 1.864601 24 8.127457 45 2.896781 31 9.100674 42 1.345181
2 5 48 7.868187 22 19.680586 47 8.663816 43 8.891673 38 8.640542
3
0 5 20 18.671021 40 17.680066 49 5.710690 42 17.938665 30 2.520006
1 5 48 3.299706 38 14.677963 39 5.596777 34 13.957039 23 18.842867
2 5 34 12.102475 24 6.280251 46 6.479644 41 6.017595 48 14.651672
3
0 5 20 12.571137 42 10.569250 31 6.678121 26 18.168342 30 9.562181
1 5 26 15.260955 34 9.136472 46 11.795372 33 16.932868 32 8.776357
2 5 20 8.823867 32 9.675306 23 19.989300 33 14.175209 41 7.533059
3
0 5 20 5.208722 22 3.783783 47 12.587765 49 15.198541 36 5.694196
1 5 48 7.521490 39 2.901087 47 2.188162 25 12.286989 49 14.337474
2 5 47 6.429908 41 13.938461 30 6.983032 40 15.723889 24 10.484123
3
0 5 25 17.288900 43 19.764416 41 18.363997 36 5.096644 40 3.162062
1 5 36 14.348775 38 7.532914 39 17.233912 48 13.605781 40 1.100014
2 5 29 5.811335 33 4.704020 25 14.269583 26 15.943004 34 2.277474
3
0 5 25 3.159183 29 17.332969 28 15.623501 26 2.717985 44 12.370085
1 5 34 3.748947 37 10.229152 36 5.610950 28 15.357749 43 1.432006
2 5 46 7.947158 25 11.115475 47 5.075965 34 9.137337 49 10.369785
3
0 5 25 19.594757 40 3.413002 41 19.735746 37 3.709260 46 19.936571
1 5 27 3.808803 47 5.539564 39 17.822396 33 5.757005 28 3.545862
2 5 41 18.350031 34 5.115763 35 6.674724 48 18.217564 40 10.493630
3
0 5 25 9.815781 30 13.531459 27 15.546858 43 3.951136 29 8.363994
1 5 41 12.614343 45 19.290108 47 4.195575 36 14.860861 49 19.069294
2 5 43 15.238954 30 4.871526 40 17.865681 28 6.808822 31 6.007157
3
0 5 25 16.937614 33 15.650164 31 19.678035 36 13.719632 26 17.136250
1 5 25 13.777609 31 17.286934 33 4.781632 40 12.553562 43 19.837980
2 5 45 2.846904 40 4.617578 49 5.323862 34 12.273542 36 1.315134
3
0 5 30 9.468310 43 2.100013 39 9.566431 37 12.594302 44 10.319896
1 5 31 7.906736 37 3.027374 46 16.049982 43 17.788608 47 2.065993
2 5 35 14.315166 33 19.613694 42 4.175003 41 13.638434 46 1.079791
3
0 5 30 15.727873 31 1.428719 37 12.124901 42 15.399141 34 3.156085
1 5 47 1.703776 49 14.817872 33 4.181025 37 6.715636 36 3.644125
2 5 33 2.391317 40 19.426918 47 9.544946 30 18.854879 34 10.571299
3
0 5 30 8.952479 41 9.836431 34 10.377314 39 2.510979 36 1.637860
1 5 34 2.034672 32 4.508116 36 12.190698 45 17.711868 41 5.212995
2 5 38 3.789411 34 4.953612 47 15.760917 33 6.307610 36 16.706994
3
0 5 30 5.874931 44 19.558798 38 15.926543 45 13.298556 42 16.953507
1 5 34 18.369848 38 13.173647 31 17.355922 36 18.310486 39 19.241916
2 5 30 8.852620 31 2.548350 35 8.046797 49 11.219832 37 6.513073
3
0 5 30 16.716588 40 12.403411 36 1.617016 42 4.768960 45 18.026294
1 5 38 5.550242 42 7.278362 49 15.658881 39 18.810217 48 17.393594
2 5 40 8.443313 45 16.304264 38 16.756955 39 19.904340 49 18.482023
3
0 5 35 9.387634 39 15.488557 37 2.312048 40 14.090498 44 1.807201
1 5 36 8.794289 48 3.747499 37 15.297764 40 11.032697 43 9.284161
2 5 46 16.712138 44 18.648085 40 16.104223 37 13.374807 45 9.733814
3
0 5 35 15.151067 39 10.331891 42 14.441615 47 5.671592 48 11.546904
1 5 48 11.303740 36 12.348252 42 4.872991 39 3.366372 46 1.726132
2 5 48 7.609552 41 14.852422 49 15.926809 38 10.740930 46 3.495580
3
0 5 35 7.949455 49 3.115818 46 17.475743 45 12.201019 39 5.600051
1 5 49 6.937276 43 18.483766 47 5.310924 35 6.153692 45 4.315584
2 5 48 19.768389 41 14.276981 45 11.034112 39 17.463279 37 19.464470
3
0 5 35 19.473436 36 5.503895 45 12.404503 44 13.874936 49 13.980375
1 5 39 6.261333 35 8.661347 37 10.168342 41 14.230019 48 13.524387
2 5 47 1.126851 44 12.743979 49 4.935521 39 11.645449 48 4.089687
3
0 5 35 16.632901 49 14.677641 48 19.840192 46 10.572966 39 18.422634
1 5 37 10.946609 47 17.910369 36 7.409898 46 1.052739 35 8.570017
2 5 42 10.167695 45 6.880575 35 18.092061 46 11.765866 39 10.714706
3
0 5 40 14.543039 49 6.601488 46 6.272475 43 7.994502 41 13.996980
1 5 48 10.034327 40 19.078749 42 6.014392 44 13.290857 49 16.023263
2 5 41 15.940298 43 2.672460 45 17.787391 49 4.297307 40 16.746624
3
0 5 40 9.028964 49 10.793439 48 15.344513 43 15.077321 46 19.907016
1 5 48 10.668685 49 9.016505 41 18.334579 44 8.581424 40 8.481972
2 5 42 12.261191 43 19.183379 48 17.219716 49 6.154296 45 11.216262
3
0 5 40 13.929869 43 3.503252 48 14.670141 42 19.151908 41 16.909287
1 5 49 5.929967 47 2.194329 45 3.604161 42 15.793296 43 5.954265
2 5 46 19.374325 45 17.535323 42 6.599138 40 7.957354 41 2.876939
3
0 5 40 9.947135 47 12.726363 43 1.084869 49 6.990481 45 15.985380
1 5 45 16.104145 42 12.071985 48 4.777553 40 9.089203 46 9.982971
2 5 49 5.940950 46 17.484154 44 7.429343 40 16.718701 48 10.542798
3
0 5 40 13.939260 46 16.511622 49 19.360896 45 18.345606 47 16.803944
1 5 41 7.535589 48 11.428381 43 6.444118 40 10.591887 47 10.343550
2 5 47 2.741768 45 2.620411 42 7.047600 44 18.578627 41 6.085800
3
0 5 45 8.312965 46 7.667879 47 15.105811 48 4.095552 49 10.147605
1 5 45 13.299379 46 11.101974 47 4.702124 48 16.630244 49 17.199201
2 5 45 10.992792 46 7.110263 47 12.557014 48 10.337219 49 8.387452
3
0 5 45 12.674171 46 4.709519 47 8.650082 48 12.728544 49 8.828146
1 5 45 13.073495 46 12.041750 47 6.556577 48 7.862642 49 6.529496
2 5 45 1.138812 46 13.381405 47 9.034315 48 15.932339 49 7.832456
3
0 5 45 10.071504 46 5.466105 47 10.508939 48 6.634307 49 5.085820
1 5 45 5.820425 46 8.576083 47 1.538787 48 15.497145 49 3.985545
2 5 45 16.887737 46 10.970850 47 5.754061 48 19.823447 49 14.975829
3
0 5 45 7.160477 46 7.536683 47 18.351841 48 17.320923 49 10.745115
1 5 45 19.991606 46 13.483090 47 15.373604 48 19.946200 49 13.549205
2 5 45 11.131966 46 15.357950 47 8.232033 48 6.200163 49 3.134550
3
0 5 45 15.746924 46 7.091936 47 13.328448 48 9.388552 49 1.299208
1 5 45 15.669022 46 19.872439 47 18.288117 48 18.620054 49 16.038457
2 5 45 2.296153 46 4.720582 47 15.566114 48 19.608056 49 5.207032
3
0 1 49 13.454192
1 1 49 5.879724
2 1 49 3.439538
3
0 1 49 9.009170
1 1 49 15.720286
2 1 49 4.443532
3
0 1 49 17.080381
1 1 49 2.341008
2 1 49 3.768381
3
0 1 49 5.148182
1 1 49 5.070334
2 1 49 5.012638
0
