50 49
3
0 3 5 18.212349 47 17.917921 35 1.466447
1 3 19 11.676950 41 13.720526 26 16.404497
2 3 42 8.626983 45 9.698413 6 19.808696
3
0 3 5 15.009356 46 9.121896 24 6.808493
1 3 25 10.561356 10 16.324971 15 12.567770
2 3 32 13.080837 24 16.035242 41 12.481076
3
0 3 5 2.349194 31 17.322564 7 17.553591
1 3 32 13.259741 28 3.070515 22 3.975793
2 3 7 8.480038 37 15.083472 31 9.336788
3
0 3 5 4.317042 19 8.762767 23 3.249119
1 3 19 7.594004 36 14.142110 37 15.061572
2 3 39 9.618548 15 12.998512 31 8.421371
3
0 3 5 13.268732 42 10.023806 48 13.297771
1 3 12 6.591261 46 5.553236 17 17.069748
2 3 48 6.605587 38 13.294758 39 9.385010
3
0 3 10 6.295146 21 10.664581 39 4.768923
1 3 45 3.790078 27 17.118053 14 2.101830
2 3 44 11.717720 27 3.882795 10 13.775069
3
0 3 10 17.428212 48 8.679287 34 1.602890
1 3 17 6.176188 24 18.092006 39 2.001190
2 3 38 16.485077 29 11.336415 32 3.207749
3
0 3 10 16.578278 38 12.927934 28 11.480533
1 3 11 12.505085 41 13.474360 37 8.913034
2 3 42 14.706185 16 13.077359 10 3.382515
3
0 3 10 18.788635 35 8.377234 24 6.614508
1 3 26 13.631944 20 19.447213 33 2.945057
2 3 27 10.555489 31 6.904882 24 1.267299
3
0 3 10 18.253535 14 5.885529 24 6.763063
1 3 43 16.527424 10 16.268458 15 8.308838
2 3 36 5.661796 47 11.612006 46 1.292453
3
0 3 15 1.539700 22 17.803437 40 17.955719
1 3 35 18.630723 31 16.309544 28 4.326620
2 3 49 3.006105 31 14.797037 39 2.655115
3
0 3 15 10.941507 24 18.021388 41 14.638642
1 3 43 8.733856 45 7.351020 20 7.137019
2 3 17 17.026745 47 14.014021 32 2.817680
3
0 3 15 12.392383 27 6.037738 16 19.401623
1 3 26 18.261742 29 4.237771 44 3.299339
2 3 15 16.271930 26 15.322209 47 16.825906
3
0 3 15 18.648678 47 3.845803 33 17.487850
1 3 32 16.927274 43 10.427704 27 8.770482
2 3 34 5.013101 15 15.070347 44 11.759321
3
0 3 15 4.252355 23 2.254923 18 15.237901
1 3 43 4.574776 22 12.872134 27 14.998540
2 3 45 2.770681 48 3.348033 26 14.076557
3
0 3 20 14.600340 43 18.577577 25 3.004212
1 3 36 18.648014 23 8.464331 48 19.851173
2 3 23 4.758803 25 4.197435 47 12.936957
3
0 3 20 10.429668 23 18.737653 48 19.019997
1 3 25 12.229955 46 14.232413 48 17.997667
2 3 35 17.088772 29 7.587260 20 18.463824
3
0 3 20 14.342837 36 8.226450 28 1.813460
1 3 24 9.354517 48 10.752696 43 8.657783
2 3 48 11.431929 32 11.926115 36 14.206841
3
0 3 20 12.440792 41 13.822705 26 15.901525
1 3 26 16.901329 30 19.885838 21 13.383941
2 3 23 6.400316 24 12.054099 35 15.678958
3
0 3 20 15.040259 41 1.663923 21 14.273079
1 3 31 15.782269 47 19.711308 30 17.204888
2 3 25 9.823510 20 15.716640 44 18.228450
3
0 3 25 8.776471 28 2.788947 44 3.279916
1 3 43 5.507266 28 13.015957 25 8.333836
2 3 29 14.724948 46 12.822924 35 13.071912
3
0 3 25 19.029147 29 18.798232 27 10.178423
1 3 43 18.610610 33 11.027690 35 6.708507
2 3 36 18.110032 44 6.476274 46 11.256504
3
0 3 25 10.766875 48 5.780189 35 10.421889
1 3 45 3.907642 40 16.949202 31 9.317889
2 3 47 5.877900 40 13.783203 49 13.967265
3
0 3 25 7.418478 40 4.902728 34 4.903145
1 3 36 5.539793 45 14.612622 32 15.956676
2 3 25 9.434614 33 19.332861 44 17.521190
3
0 3 25 18.183703 48 15.228437 30 1.800256
1 3 44 5.900098 42 16.656330 26 6.038796
2 3 30 5.853695 45 8.900342 44 15.244176
3
0 3 30 12.333121 35 10.653232 34 13.270663
1 3 46 3.804671 47 17.638331 49 3.186675
2 3 49 7.649637 45 13.945954 35 10.661431
3
0 3 30 19.749833 41 14.283280 33 16.330550
1 3 32 7.111787 31 1.989162 34 8.517517
2 3 34 12.829639 33 4.926290 37 6.013286
3
0 3 30 5.780823 42 15.388247 38 4.246762
1 3 38 1.981598 41 16.575896 40 17.788739
2 3 42 6.103560 31 11.439008 30 2.041318
3
0 3 30 6.707682 32 4.445775 49 4.175954
1 3 48 15.681719 32 1.441705 37 19.073583
2 3 44 10.816642 30 11.556229 43 8.979768
3
0 3 30 11.224545 43 4.333501 41 8.405635
1 3 47 8.621557 40 6.299932 43 7.470204
2 3 37 12.111530 47 12.741995 33 19.745712
3
0 3 35 13.482021 45 2.930844 39 18.373427
1 3 42 10.965047 41 1.348531 47 5.776456
2 3 41 4.424340 48 8.766370 45 5.444738
3
0 3 35 12.564204 49 16.818814 37 13.063771
1 3 46 4.776836 41 12.938589 49 5.056283
2 3 47 17.472274 41 9.929151 44 5.112838
3
0 3 35 7.634870 47 5.355888 38 8.450272
1 3 41 13.382377 46 17.372759 40 10.299535
2 3 42 16.814195 48 16.796333 44 4.468006
3
0 3 35 8.312468 38 15.125131 46 9.061227
1 3 48 12.199111 40 11.113462 36 18.670090
2 3 39 11.822128 42 16.087290 48 5.618080
3
0 3 35 15.224735 44 7.991039 47 8.576345
1 3 49 13.008388 40 14.787600 47 17.315387
2 3 41 15.443287 37 15.478067 42 7.053859
3
0 3 40 14.099146 47 5.106338 45 4.185177
1 3 40 9.765934 47 19.052266 43 3.512613
2 3 46 4.988534 43 17.126217 42 1.721136
3
0 3 40 15.171619 42 4.560743 43 16.996132
1 3 44 15.850365 46 14.640739 41 6.043123
2 3 48 4.941975 44 13.620069 49 12.482732
3
0 3 40 3.792818 46 1.095676 42 5.801110
1 3 47 7.476853 44 1.998883 40 17.902876
2 3 44 9.382142 49 10.126491 47 17.193536
3
0 3 40 19.653672 41 9.599245 48 14.397294
1 3 46 12.505629 43 7.109319 41 18.309743
2 3 41 19.539933 48 14.144693 43 11.078907
3
0 3 40 17.225345 41 4.707678 44 13.458421
1 3 48 19.313237 45 13.141171 44 7.068301
2 3 40 8.214810 43 9.379076 46 14.277869
3
0 3 45 11.194246 49 10.593357 47 19.372902
1 3 46 13.488544 45 11.526484 47 8.399754
2 3 46 7.970948 49 5.548087 48 15.617861
3
0 3 45 11.980861 49 8.253465 48 14.062488
1 3 49 12.006392 48 10.230480 46 1.732823
2 3 47 6.925941 49 12.686277 46 8.219963
3
0 3 45 2.333194 47 16.784789 49 1.233860
1 3 46 12.761695 47 6.651821 48 12.192205
2 3 48 12.673111 45 12.428531 47 7.932880
3
0 3 45 19.192995 46 17.713274 47 11.952268
1 3 46 18.073125 49 14.573908 47 4.384460
2 3 45 4.350867 48 1.238156 49 16.018196
3
0 3 45 9.919360 46 16.877135 49 13.137890
1 3 49 13.163749 45 11.615369 46 5.627034
2 3 48 19.392686 46 5.730280 45 19.426024
3
0 1 49 11.786712
1 1 49 1.214202
2 1 49 18.547855
3
0 1 49 7.443785
1 1 49 5.725410
2 1 49 13.990078
3
0 1 49 9.441379
1 1 49 9.868091
2 1 49 10.529865
3
0 1 49 14.108210
1 1 49 10.012145
2 1 49 10.498525
0
