50 49
3
0 3 5 16.661395 34 13.143655 27 19.481731
1 3 14 17.814522 31 4.710148 40 15.213467
2 3 35 15.544400 15 2.352737 20 14.636477
3
0 3 5 9.222811 13 8.440776 45 12.503678
1 3 14 5.557103 9 8.391128 5 11.609032
2 3 46 14.740922 24 12.293137 42 17.363567
3
0 3 5 1.543491 15 7.700589 39 16.542805
1 3 25 11.241296 10 10.977803 28 17.563259
2 3 12 2.223561 27 1.409965 16 3.776994
3
0 3 5 1.727781 9 8.107521 45 19.379069
1 3 14 15.346818 8 2.625366 5 14.709514
2 3 34 7.780540 39 12.418364 17 7.773168
3
0 3 5 1.235938 28 4.093205 43 18.051767
1 3 26 19.044556 15 12.329065 33 17.877233
2 3 31 3.258387 48 14.041115 46 3.816049
3
0 3 10 7.830514 49 12.511884 25 5.511907
1 3 33 11.260494 28 13.825422 36 2.223763
2 3 30 9.403593 10 12.667678 23 14.656125
3
0 3 10 2.663352 36 14.839804 25 5.469908
1 3 26 13.153389 38 4.795560 16 1.263286
2 3 25 4.106455 45 2.073948 12 9.010241
3
0 3 10 15.154253 23 18.313440 34 19.103365
1 3 17 6.229540 16 17.092961 32 6.837257
2 3 30 19.652256 27 16.060491 44 13.928367
3
0 3 10 13.663547 48 13.620159 12 9.911961
1 3 20 1.721122 17 3.697290 14 18.508035
2 3 36 14.718325 45 15.775862 34 3.829222
3
0 3 10 4.414254 17 4.293021 12 3.455143
1 3 26 15.855207 15 2.670493 36 1.535153
2 3 30 16.847539 24 14.596358 25 3.082046
3
0 3 15 3.943891 33 8.455224 20 4.765197
1 3 47 17.426807 20 19.513822 43 5.117587
2 3 20 7.366380 18 5.017191 17 19.579292
3
0 3 15 13.083500 39 15.562083 48 2.691644
1 3 39 15.536957 28 11.224275 36 5.420301
2 3 27 19.100167 30 15.728680 34 14.935929
3
0 3 15 5.771770 36 15.885253 28 1.932640
1 3 24 7.746996 47 6.725506 23 9.265521
2 3 47 3.867021 42 13.019426 41 5.357931
3
0 3 15 13.763092 29 10.505673 25 12.386033
1 3 43 9.120308 36 14.317554 20 1.220603
2 3 26 19.323642 22 2.995669 31 3.490232
3
0 3 15 15.952791 18 13.461182 17 3.601405
1 3 16 15.715496 18 2.656707 26 3.413542
2 3 39 17.630333 37 12.992022 43 17.803772
3
0 3 20 10.785133 43 17.204567 24 14.470481
1 3 28 17.499283 37 10.728661 27 8.864125
2 3 23 16.242411 22 19.250963 24 3.462306
3
0 3 20 2.182269 27 18.416303 31 16.928599
1 3 31 8.062185 32 6.940016 38 14.915949
2 3 28 6.378278 32 17.833431 33 14.123015
3
0 3 20 17.389714 29 3.823051 49 7.321426
1 3 48 17.627922 24 8.275945 29 2.426360
2 3 38 1.629079 47 11.023145 29 16.226669
3
0 3 20 9.210640 43 9.572076 23 16.669315
1 3 28 17.990767 29 4.671931 26 14.575561
2 3 49 6.274681 29 4.707017 45 6.184612
3
0 3 20 15.171068 25 7.857918 42 1.023131
1 3 37 2.111948 39 14.155488 30 6.354322
2 3 38 8.140829 39 2.940821 47 14.100386
3
0 3 25 6.099946 28 11.459162 33 14.478056
1 3 26 14.347695 30 14.324253 44 2.463287
2 3 40 19.562738 38 17.909827 42 17.739508
3
0 3 25 6.076859 37 5.076352 49 3.281865
1 3 30 11.530429 37 17.437575 39 15.413298
2 3 39 3.553286 47 15.676292 41 3.238041
3
0 3 25 18.880638 31 8.538833 43 9.372010
1 3 46 18.219145 47 16.085762 40 19.116052
2 3 45 3.040560 28 19.120341 35 11.738707
3
0 3 25 5.431703 37 19.447350 36 1.179362
1 3 47 14.607154 29 12.506831 25 4.241953
2 3 38 4.555487 35 1.836960 27 9.330141
3
0 3 25 4.494885 27 14.779814 30 7.925544
1 3 29 19.748513 48 12.515608 32 8.683635
2 3 38 18.626037 47 8.938826 48 6.711746
3
0 3 30 10.334087 48 3.772242 35 11.919750
1 3 47 16.301687 37 5.502677 31 15.774809
2 3 45 6.958541 49 2.639840 36 10.861983
3
0 3 30 19.290086 39 17.493809 41 13.191325
1 3 30 4.274951 46 7.520314 49 5.887569
2 3 37 1.656201 41 18.415749 36 19.956645
3
0 3 30 19.317462 33 13.279728 39 13.102138
1 3 45 17.206419 40 14.065370 47 15.158528
2 3 40 18.966195 38 7.714740 32 7.919542
3
0 3 30 14.933380 37 10.186650 49 1.906151
1 3 42 14.890783 35 3.972874 43 14.767599
2 3 41 16.281198 36 11.320327 49 6.251303
3
0 3 30 8.249622 42 15.878493 32 6.546091
1 3 42 9.448799 39 17.170397 38 17.923037
2 3 45 8.340476 44 6.897479 40 4.019099
3
0 3 35 7.504653 47 4.124008 38 1.901926
1 3 46 11.602370 37 5.639849 42 3.015307
2 3 35 16.321309 36 15.298988 43 4.289793
3
0 3 35 4.523518 46 13.989676 36 16.970969
1 3 45 7.334568 46 7.131552 36 1.339383
2 3 40 13.027807 47 17.549083 42 2.273283
3
0 3 35 19.000230 38 19.445001 47 10.564919
1 3 44 11.165390 42 7.248202 46 18.606648
2 3 35 12.743440 48 11.624652 46 16.514745
3
0 3 35 8.267361 47 16.104440 44 6.178820
1 3 35 8.614882 36 10.898307 37 18.768862
2 3 38 19.484353 43 4.594033 36 18.947723
3
0 3 35 16.815929 42 5.725323 40 12.836866
1 3 35 13.863316 43 3.857258 38 4.224173
2 3 42 2.511521 37 6.044122 46 11.338737
3
0 3 40 5.591694 49 2.230657 43 3.168183
1 3 48 11.415779 47 11.599591 40 5.591337
2 3 49 17.544361 45 13.628827 48 2.637608
3
0 3 40 11.234407 49 1.590572 46 4.921932
1 3 41 1.475590 49 1.249492 47 15.145366
2 3 49 13.481058 45 9.970969 41 12.591119
3
0 3 40 2.667834 47 4.062565 48 15.147776
1 3 45 15.970259 42 3.500806 44 1.584396
2 3 49 6.545964 41 12.910102 44 12.623852
3
0 3 40 4.138214 48 5.677157 45 18.586177
1 3 48 5.478765 44 19.633009 43 9.220460
2 3 40 6.475189 47 11.286902 42 2.224793
3
0 3 40 17.319067 41 16.144896 48 19.567730
1 3 44 13.905409 47 6.998284 40 7.591474
2 3 44 14.314558 48 2.758497 47 9.940579
3
0 3 45 18.640565 49 6.652414 48 9.411821
1 3 46 16.371560 45 4.461333 47 13.902934
2 3 48 11.694298 45 11.422217 49 18.705814
3
0 3 45 15.220610 47 13.373240 46 8.473820
1 3 48 19.958772 46 16.965019 49 1.475779
2 3 46 5.917127 47 1.924088 45 6.439737
3
0 3 45 18.728409 48 19.036695 49 10.988599
1 3 48 10.033342 49 7.347053 46 15.851161
2 3 47 14.025508 46 11.021450 49 6.523142
3
0 3 45 15.298985 49 11.477512 47 6.038478
1 3 47 14.080174 49 2.610605 45 19.424358
2 3 46 18.149574 47 12.027022 48 16.153463
3
0 3 45 1.931718 49 12.406645 47 6.531832
1 3 49 3.762709 45 11.193411 47 13.541949
2 3 48 2.783510 47 8.125015 49 9.340277
3
0 1 49 3.472971
1 1 49 11.290084
2 1 49 17.693912
3
0 1 49 4.561202
1 1 49 11.122328
2 1 49 13.623676
3
0 1 49 8.480802
1 1 49 17.210882
2 1 49 11.008715
3
0 1 49 9.875708
1 1 49 4.214845
2 1 49 4.397258
0
