50 49
3
0 2 5 15.890979 19 9.153838
1 2 16 2.502365 35 14.309345
2 2 43 5.563037 47 13.948358
3
0 2 5 2.902888 15 1.480019
1 2 45 2.789963 47 10.973465
2 2 34 1.668679 10 5.746569
3
0 2 5 11.988942 11 1.543883
1 2 38 11.783571 16 4.007185
2 2 32 12.469236 13 10.193328
3
0 2 5 14.088631 43 18.390506
1 2 26 16.180293 12 15.356861
2 2 44 1.012416 11 13.048924
3
0 2 5 8.710021 31 19.032454
1 2 11 2.848351 38 3.349347
2 2 17 13.646788 30 2.085107
3
0 2 10 3.040500 31 15.423603
1 2 40 12.147952 27 5.716378
2 2 10 13.269064 37 13.089405
3
0 2 10 8.584060 45 7.010917
1 2 49 18.665133 11 12.412359
2 2 10 7.861657 21 10.861590
3
0 2 10 1.907128 28 3.569230
1 2 15 4.973969 12 19.623552
2 2 40 14.504723 26 4.120150
3
0 2 10 6.989404 45 2.380398
1 2 24 14.775228 26 13.358888
2 2 45 16.608875 39 3.444758
3
0 2 10 19.716321 39 16.647664
1 2 14 11.895456 41 19.519019
2 2 44 7.365012 19 10.932062
3
0 2 15 9.892771 39 14.842284
1 2 23 2.252897 32 18.076120
2 2 16 9.053019 35 14.199931
3
0 2 15 18.841918 30 11.847941
1 2 35 1.953529 24 6.849245
2 2 34 2.521880 37 9.759482
3
0 2 15 18.445320 36 1.224954
1 2 45 12.103466 18 4.071223
2 2 15 9.131673 28 3.186418
3
0 2 15 15.290092 30 2.720973
1 2 49 1.421681 21 14.968900
2 2 37 6.023626 24 17.493750
3
0 2 15 13.498976 23 5.176105
1 2 49 11.751491 40 15.128302
2 2 38 4.029505 47 15.249615
3
0 2 20 8.934298 34 15.111231
1 2 27 10.224847 48 10.927412
2 2 41 12.989224 32 4.170638
3
0 2 20 3.200151 38 12.868716
1 2 35 15.798428 24 11.946934
2 2 22 14.260463 38 12.482246
3
0 2 20 15.524564 39 10.750571
1 2 46 14.893027 49 2.876090
2 2 43 4.674026 45 2.880432
3
0 2 20 10.749024 43 9.094648
1 2 42 11.990498 45 2.183283
2 2 28 15.686208 33 10.539050
3
0 2 20 16.387717 29 16.939721
1 2 31 13.743760 40 1.454538
2 2 24 9.245975 34 13.794388
3
0 2 25 9.461505 43 19.479402
1 2 28 8.198912 43 17.040374
2 2 41 2.359155 29 8.773738
3
0 2 25 9.113241 42 3.096474
1 2 25 17.608364 43 19.185702
2 2 32 16.388075 31 4.330079
3
0 2 25 6.980981 34 12.676252
1 2 37 16.380446 25 5.758486
2 2 40 10.114466 45 14.326010
3
0 2 25 8.952472 47 9.734099
1 2 37 15.724709 26 14.117654
2 2 44 10.575963 27 17.300632
3
0 2 25 11.007189 26 6.924279
1 2 29 14.651363 25 15.622067
2 2 43 16.209547 33 13.132658
3
0 2 30 3.174121 43 16.331811
1 2 42 12.166728 47 6.431456
2 2 31 1.706698 43 4.116079
3
0 2 30 10.444922 43 11.398988
1 2 44 18.280784 42 13.296340
2 2 43 4.823292 48 9.157622
3
0 2 30 19.485384 47 5.168171
1 2 34 14.262688 35 19.112771
2 2 43 18.217794 30 17.030468
3
0 2 30 15.583455 48 6.993940
1 2 31 18.203003 48 6.643999
2 2 38 17.545099 39 11.439106
3
0 2 30 13.639210 42 11.210465
1 2 43 2.214961 49 4.340115
2 2 31 7.027782 44 3.868139
3
0 2 35 11.017517 45 13.882281
1 2 37 13.634233 36 17.467495
2 2 39 2.402753 35 17.063989
3
0 2 35 13.958728 36 9.111967
1 2 36 11.424668 48 12.438077
2 2 38 12.321960 46 7.757696
3
0 2 35 11.038097 39 5.501633
1 2 36 17.456544 49 1.891491
2 2 47 3.692514 46 5.715487
3
0 2 35 14.955678 39 11.297242
1 2 46 5.750462 48 13.961523
2 2 47 5.233224 40 1.877580
3
0 2 35 6.897425 40 3.624311
1 2 48 13.954154 39 2.550281
2 2 35 7.692032 40 1.576967
3
0 2 40 8.603106 46 9.593613
1 2 41 17.226341 42 15.530932
2 2 43 18.372638 49 10.763586
3
0 2 40 19.888199 47 13.555836
1 2 43 12.426426 42 2.661753
2 2 43 17.902063 47 6.775143
3
0 2 40 15.635450 43 9.758046
1 2 40 12.385499 47 9.220310
2 2 42 1.678515 41 10.139487
3
0 2 40 3.357837 41 13.124505
1 2 49 18.079478 40 13.688630
2 2 49 12.009040 44 12.601775
3
0 2 40 3.137292 46 10.706620
1 2 44 6.397858 49 8.095233
2 2 43 18.547295 40 14.778608
3
0 2 45 4.970035 48 14.358321
1 2 48 13.954218 49 9.985720
2 2 46 6.985067 48 15.392248
3
0 2 45 6.114828 49 3.407974
1 2 48 11.849742 47 1.618075
2 2 49 8.965001 48 9.428160
3
0 2 45 13.802228 47 10.122824
1 2 46 2.339336 49 10.117030
2 2 47 9.716298 46 14.671949
3
0 2 45 12.197387 49 4.073087
1 2 49 9.408020 46 9.909066
2 2 49 8.247092 46 8.754897
3
0 2 45 2.960896 46 10.292107
1 2 45 5.367295 46 13.934338
2 2 47 4.382136 49 12.120703
3
0 1 49 1.518436
1 1 49 7.093675
2 1 49 8.398078
3
0 1 49 6.850453
1 1 49 14.225717
2 1 49 13.807911
3
0 1 49 15.127578
1 1 49 7.540775
2 1 49 16.530325
3
0 1 49 5.598472
1 1 49 1.082129
2 1 49 10.248289
0
