50 49
3
0 3 5 17.733272 49 13.491841 38 1.123560
1 3 31 8.725010 6 10.134270 21 15.600034
2 3 27 6.429480 13 4.702024 7 2.006540
3
0 3 5 3.591809 42 18.098311 35 8.417165
1 3 35 4.493117 28 15.896140 15 12.317826
2 3 5 7.381733 26 8.700583 31 14.797657
3
0 3 5 4.308165 23 17.306045 48 14.303656
1 3 20 11.270291 31 10.064103 6 12.880654
2 3 8 5.805710 5 4.623853 21 17.851214
3
0 3 5 17.656178 11 3.415641 6 3.667384
1 3 36 14.015882 37 4.224078 35 9.600215
2 3 10 16.530670 34 18.274972 39 19.642455
3
0 3 5 6.650736 41 1.005967 34 17.767034
1 3 33 13.993389 42 8.295374 14 11.924522
2 3 5 18.389861 12 3.415781 45 4.989925
3
0 3 10 11.604879 42 16.548704 33 12.512284
1 3 42 14.279692 24 10.183181 30 12.154248
2 3 47 3.853566 42 16.021332 32 12.913377
3
0 3 10 1.127908 24 4.168310 31 6.330990
1 3 14 3.494776 48 15.238386 42 15.174118
2 3 37 14.354571 36 14.983794 48 7.815560
3
0 3 10 11.917385 19 18.638886 24 1.704872
1 3 43 12.872521 37 18.460313 44 8.616427
2 3 28 3.129788 48 18.398116 16 7.161460
3
0 3 10 10.218590 49 18.607267 29 1.118813
1 3 18 15.705797 39 7.472723 17 8.992322
2 3 47 6.364877 48 14.091527 45 11.831184
3
0 3 10 10.870472 44 2.829747 45 8.321736
1 3 37 9.307646 49 2.496903 14 4.653976
2 3 34 6.953856 12 7.470685 16 11.738583
3
0 3 15 5.159376 48 8.100764 36 12.603748
1 3 38 14.540447 37 3.564184 39 10.358405
2 3 16 10.855789 31 13.306927 30 18.918411
3
0 3 15 6.103872 27 4.849367 24 3.440278
1 3 33 4.228315 46 15.262232 42 1.960285
2 3 35 9.094666 15 13.840880 20 18.613155
3
0 3 15 18.151972 48 6.586808 21 10.399821
1 3 27 11.592370 25 18.006197 28 16.081455
2 3 38 19.442000 19 4.095129 29 1.914785
3
0 3 15 4.805543 16 19.381770 44 1.473490
1 3 27 4.624152 25 7.926260 42 15.452297
2 3 24 19.410968 15 16.219815 27 10.606845
3
0 3 15 4.287517 42 7.301989 19 5.632188
1 3 19 19.592248 16 4.415917 26 3.390365
2 3 19 19.787323 16 6.191084 47 11.312232
3
0 3 20 2.258593 22 3.514326 39 12.038285
1 3 45 8.219812 48 14.634869 34 13.253430
2 3 30 16.915433 48 15.054321 47 10.402705
3
0 3 20 9.970724 30 4.972151 28 6.741809
1 3 49 15.149482 22 7.266135 27 9.007401
2 3 38 11.549062 24 3.998481 48 12.330778
3
0 3 20 8.162060 33 4.062013 41 7.856882
1 3 48 3.681433 34 14.740741 36 15.065588
2 3 38 9.547959 40 13.733918 34 15.425639
3
0 3 20 4.115854 35 19.242203 40 6.730347
1 3 47 11.341042 49 6.986704 32 13.507199
2 3 47 11.056298 43 2.029163 41 16.449703
3
0 3 20 10.535018 25 7.359496 29 14.337413
1 3 36 13.011300 24 4.895297 20 15.576951
2 3 48 6.671126 24 1.205264 46 19.939264
3
0 3 25 11.618090 48 5.867651 29 2.409174
1 3 47 7.077010 25 7.117919 44 14.423883
2 3 40 2.256497 48 8.555262 28 13.313834
3
0 3 25 15.358796 30 3.988499 44 3.636228
1 3 41 8.730898 26 8.949370 45 7.569255
2 3 31 8.083651 34 15.274422 42 1.269094
3
0 3 25 13.074226 32 7.379154 45 7.556000
1 3 35 19.941525 29 12.968990 39 12.116464
2 3 40 15.374146 49 15.685887 39 7.342243
3
0 3 25 6.348391 29 1.822422 44 19.804784
1 3 26 4.532875 36 6.424939 49 14.749127
2 3 36 11.528895 33 17.229736 35 17.118034
3
0 3 25 14.709140 46 5.376935 35 11.854962
1 3 37 2.767505 40 15.413593 45 19.708911
2 3 48 2.168987 28 18.411014 40 5.051800
3
0 3 30 2.232555 43 9.990535 44 10.447449
1 3 43 2.853603 35 13.340155 44 2.222252
2 3 39 19.325116 35 7.417718 32 6.289626
3
0 3 30 15.631427 46 3.443646 35 8.039657
1 3 48 17.780743 30 5.448316 41 8.343016
2 3 40 13.331841 37 15.219552 45 16.597537
3
0 3 30 5.548210 44 9.927228 36 3.873157
1 3 33 17.637400 46 14.298154 38 2.930893
2 3 34 5.443535 35 16.582405 46 6.516132
3
0 3 30 1.939025 32 13.977573 37 10.774856
1 3 42 13.214597 35 6.757208 41 11.089329
2 3 40 8.021045 30 2.680211 32 5.363872
3
0 3 30 6.126652 40 18.786348 35 14.863137
1 3 46 5.841495 30 8.740034 39 15.562067
2 3 40 3.728143 45 14.159177 30 16.075875
3
0 3 35 10.006552 36 11.439565 39 18.084908
1 3 47 12.826482 39 1.023706 38 12.812559
2 3 37 18.853497 43 15.713034 36 7.352875
3
0 3 35 16.249993 41 2.992601 49 8.154839
1 3 36 12.058982 39 1.667260 46 18.034696
2 3 45 12.936593 39 13.764225 35 11.802452
3
0 3 35 16.232651 47 9.689269 36 3.012338
1 3 47 5.175016 49 15.012021 38 19.996646
2 3 47 7.146663 41 13.474501 45 13.447825
3
0 3 35 10.914433 41 8.231501 39 2.177256
1 3 45 5.074571 48 13.663873 43 10.262965
2 3 46 11.030670 42 6.423367 41 6.392451
3
0 3 35 1.207183 48 1.879249 40 13.033044
1 3 47 18.820337 44 12.736884 37 19.581600
2 3 37 6.226070 40 8.844094 36 2.832732
3
0 3 40 4.078934 43 7.559409 48 10.181006
1 3 47 9.124588 41 15.749766 40 7.355612
2 3 44 8.454887 45 10.039994 48 14.760508
3
0 3 40 13.740447 42 17.400994 48 16.235236
1 3 41 12.478465 43 12.820845 46 4.578612
2 3 47 3.710110 48 2.366864 44 1.732495
3
0 3 40 10.754674 47 15.176266 45 2.377801
1 3 44 9.312837 43 16.152287 40 5.641549
2 3 44 9.125848 49 6.380664 42 9.535801
3
0 3 40 2.277011 45 14.711306 47 1.906351
1 3 40 8.393034 44 9.454968 43 7.534216
2 3 41 19.906638 48 7.891984 42 9.123558
3
0 3 40 6.321399 45 10.243699 47 14.237225
1 3 43 7.829062 49 11.676186 42 10.177897
2 3 46 8.979522 48 10.732308 47 3.778725
3
0 3 45 2.900587 46 2.842331 49 6.532471
1 3 46 16.569686 47 2.566757 48 15.011126
2 3 48 19.384404 49 18.222994 47 1.300888
3
0 3 45 4.345847 49 9.559478 47 17.089672
1 3 45 18.697741 47 4.256867 48 16.483502
2 3 45 8.767620 49 11.420170 48 12.095997
3
0 3 45 5.464790 49 1.406424 46 13.120868
1 3 46 12.321453 49 12.756720 48 14.776696
2 3 46 19.660803 49 17.219681 45 10.441970
3
0 3 45 3.707179 46 17.270804 47 3.203664
1 3 48 11.299128 47 8.021559 46 8.920338
2 3 48 19.487275 45 11.723530 47 7.944062
3
0 3 45 1.812775 46 12.125549 48 11.546572
1 3 48 5.230188 45 11.013574 46 1.226015
2 3 48 11.449441 45 2.257126 47 14.733984
3
0 1 49 14.996112
1 1 49 9.856399
2 1 49 9.291230
3
0 1 49 14.106710
1 1 49 18.599036
2 1 49 12.120568
3
0 1 49 2.269749
1 1 49 14.451440
2 1 49 14.200102
3
0 1 49 5.958841
1 1 49 13.063016
2 1 49 16.016602
0
