50 49
3
0 4 5 2.172990 18 10.268074 49 4.221783 9 15.469349
1 4 26 13.776553 6 5.529175 22 5.382454 12 16.857869
2 4 37 10.784140 6 7.632298 7 8.335615 49 18.527289
3
0 4 5 16.796689 8 2.857195 38 18.261205 30 17.551372
1 4 26 9.722504 27 9.179961 21 11.795879 5 12.387890
2 4 39 1.764630 30 8.397160 33 14.023461 16 11.579019
3
0 4 5 15.464210 10 17.022641 11 6.368514 13 5.585115
1 4 26 5.828522 34 10.433144 44 13.548172 49 15.599540
2 4 31 14.434944 46 15.283571 24 12.906273 49 17.323180
3
0 4 5 2.489401 32 19.703458 27 4.332558 46 10.062293
1 4 47 13.524300 17 14.787051 22 6.592257 8 6.912225
2 4 24 2.859409 45 2.053210 21 12.760681 32 9.217496
3
0 4 5 4.907150 28 15.358981 8 15.939408 21 19.798936
1 4 24 13.156502 48 10.400659 9 3.276156 31 14.860591
2 4 19 4.348000 40 4.165599 20 5.225162 23 16.167303
3
0 4 10 14.503406 28 1.223920 34 1.425780 38 14.859074
1 4 32 7.165218 39 2.294094 24 13.945569 45 18.679458
2 4 23 2.516200 20 11.939424 27 13.415216 13 3.971613
3
0 4 10 10.379056 31 6.016248 34 10.523955 32 16.226413
1 4 30 7.927723 46 6.355750 21 2.069520 24 6.707240
2 4 21 18.418137 35 8.682762 15 4.222534 46 2.287240
3
0 4 10 5.725298 46 15.587246 30 13.011016 33 18.613531
1 4 13 6.839404 14 2.898043 42 15.015859 41 17.433326
2 4 39 14.753892 11 14.048431 28 13.115436 29 11.958248
3
0 4 10 4.398138 13 1.759113 37 19.997471 15 13.042781
1 4 35 13.308288 33 13.677697 10 18.006430 49 8.161840
2 4 39 3.078985 23 8.126614 36 10.538747 44 15.534223
3
0 4 10 14.198639 21 11.239446 44 6.392219 23 14.403316
1 4 23 2.969162 42 12.450598 20 16.994395 21 12.408597
2 4 38 5.626753 42 2.808506 48 3.243204 13 16.719153
3
0 4 15 15.243460 22 19.823174 33 5.704115 46 15.142469
1 4 49 1.263586 35 1.114566 20 10.891534 23 16.263362
2 4 46 7.370900 20 9.552709 16 12.591633 15 7.939873
3
0 4 15 11.063224 28 17.858819 30 1.181798 32 8.203518
1 4 23 11.004567 46 7.826833 19 5.272216 27 12.756251
2 4 22 17.284746 17 8.918237 35 1.672929 21 16.822718
3
0 4 15 10.483176 42 1.325578 24 16.782181 39 2.382252
1 4 29 8.369952 34 17.847644 26 3.610154 33 5.589324
2 4 32 4.299028 19 18.221716 35 6.550110 20 9.696347
3
0 4 15 17.721909 31 11.927066 34 17.104493 19 8.860859
1 4 49 9.078785 26 5.016987 15 16.886847 20 15.470549
2 4 45 15.614629 20 7.862755 16 12.065138 36 17.157298
3
0 4 15 15.215011 20 17.670196 18 6.976498 36 13.470550
1 4 20 7.610533 19 7.190992 47 17.036432 43 2.073434
2 4 29 2.778515 24 10.257629 27 7.869410 17 8.069294
3
0 4 20 3.035944 43 13.668780 29 11.120468 37 2.008946
1 4 27 12.389704 34 2.041435 41 4.144024 36 16.589379
2 4 28 3.342137 37 2.403472 31 14.527616 36 15.619378
3
0 4 20 2.648678 48 14.784599 45 9.475420 44 18.441124
1 4 36 11.032662 23 15.221869 38 16.965803 46 19.574457
2 4 35 19.758197 26 3.050472 43 16.351761 29 9.158076
3
0 4 20 5.323856 45 13.760690 28 6.696839 39 8.760363
1 4 23 17.677525 30 2.004066 27 18.098377 43 6.200110
2 4 32 4.089587 26 1.252179 46 14.430603 27 15.029522
3
0 4 20 8.393663 28 8.468275 23 1.879528 29 7.208415
1 4 40 17.698579 37 17.704138 32 7.724292 41 17.275204
2 4 29 4.252449 23 1.149637 48 5.378923 32 17.720222
3
0 4 20 6.946731 33 10.450623 42 6.770976 26 16.581057
1 4 21 17.167829 47 13.351669 26 15.648275 33 3.473892
2 4 35 17.280536 27 3.253628 23 13.967020 29 1.183319
3
0 4 25 15.508041 32 3.057491 26 9.581552 48 15.312942
1 4 29 11.924979 49 14.582484 36 9.661381 47 10.345822
2 4 39 17.563867 28 10.590081 41 13.548002 29 2.112132
3
0 4 25 16.172471 36 10.149112 34 3.449216 39 11.279282
1 4 26 18.838666 40 10.441603 45 12.334073 33 1.526090
2 4 30 10.246241 25 9.102959 35 5.212774 47 4.779976
3
0 4 25 10.942463 35 5.780513 34 8.118029 49 7.856445
1 4 45 11.756835 42 6.399686 28 8.401698 30 10.356946
2 4 48 18.029999 29 2.512998 34 16.106737 46 19.063071
3
0 4 25 12.454376 47 7.849997 41 1.136363 39 8.689231
1 4 45 1.538249 41 17.673839 48 15.927228 34 9.574304
2 4 31 2.089610 25 17.509575 27 4.798525 41 1.192172
3
0 4 25 3.059546 29 19.569698 43 6.347106 26 18.436840
1 4 46 16.653003 35 14.992670 45 17.466625 27 7.809223
2 4 34 6.733949 33 6.304012 30 12.468341 47 3.582600
3
0 4 30 14.479599 33 18.576575 32 12.993591 43 15.059419
1 4 45 16.916714 44 9.569022 39 6.602453 43 16.270324
2 4 45 10.635761 49 13.917354 46 4.071937 33 17.860262
3
0 4 30 5.249475 44 3.145742 34 1.445058 32 14.796606
1 4 42 14.646062 34 8.694137 48 6.339578 45 8.591463
2 4 45 11.875621 41 11.175130 36 8.205380 30 5.505284
3
0 4 30 11.117737 48 3.171285 36 1.674308 33 13.018126
1 4 45 7.040170 47 8.984878 48 15.428420 49 19.882100
2 4 41 13.168020 45 8.663207 34 7.446141 42 19.864478
3
0 4 30 15.099956 41 8.460826 45 17.946835 37 6.102150
1 4 34 18.224300 31 3.501110 32 6.661936 49 9.979008
2 4 48 18.178107 42 19.820171 43 11.128084 34 11.217710
3
0 4 30 8.050792 47 16.369035 39 4.645383 40 15.783453
1 4 42 5.543439 44 12.008947 41 4.155171 36 18.958512
2 4 34 12.123346 33 1.217006 43 13.675935 41 6.710962
3
0 4 35 11.719579 42 4.427906 47 19.226956 39 13.929765
1 4 48 2.055916 40 12.973891 36 5.043939 43 3.281129
2 4 43 14.900490 49 1.098919 36 18.655187 48 9.494548
3
0 4 35 17.894113 45 11.398195 38 12.819902 40 2.720873
1 4 41 17.923342 40 2.417434 39 16.491886 42 7.352301
2 4 35 14.325561 47 9.440566 43 1.372189 41 15.888096
3
0 4 35 8.559815 39 11.313927 44 19.792448 48 4.620700
1 4 44 13.199574 48 17.561922 46 5.273661 37 19.765068
2 4 49 16.301653 48 15.131631 36 17.429384 45 14.746931
3
0 4 35 12.752300 40 1.817610 47 7.922839 49 17.735125
1 4 42 11.305601 41 15.101514 39 3.774414 38 7.483486
2 4 46 7.552794 42 11.134193 48 14.995066 39 4.397764
3
0 4 35 13.342349 41 12.922867 38 5.416773 48 16.179145
1 4 42 9.249602 43 12.255145 47 9.593657 45 9.471451
2 4 47 18.818904 36 8.806779 43 17.629783 41 13.980171
3
0 4 40 19.592238 48 1.059790 47 17.583037 46 6.806349
1 4 41 7.149723 48 7.312785 47 13.976774 45 7.258536
2 4 49 5.084236 48 12.311254 41 9.273556 46 12.234468
3
0 4 40 3.033784 49 3.924988 43 5.723897 42 18.208545
1 4 46 14.666920 49 17.010622 44 1.564030 48 13.646534
2 4 43 2.302016 47 11.481833 42 1.810017 46 14.996759
3
0 4 40 10.130647 45 15.267283 49 7.087550 43 8.508046
1 4 49 9.006167 43 4.109403 41 12.874398 40 14.717014
2 4 41 13.350108 42 2.016969 45 2.752091 48 13.486019
3
0 4 40 12.369208 43 15.428982 49 8.042742 48 3.282539
1 4 46 17.797207 48 12.195163 47 7.048298 44 6.053176
2 4 43 15.433497 46 18.796678 47 2.124414 45 12.136611
3
0 4 40 3.404788 47 12.011461 48 8.792024 46 5.720547
1 4 41 8.193534 42 4.413180 49 3.320277 44 16.969200
2 4 41 9.204542 44 7.628214 43 18.364470 48 4.118245
3
0 4 45 1.343584 47 13.917412 46 11.382488 48 6.672934
1 4 45 15.580201 48 3.004918 47 14.175869 46 17.419601
2 4 49 16.488291 46 2.349210 48 15.069701 47 16.375289
3
0 4 45 14.525509 47 18.812500 46 11.292776 49 7.347136
1 4 48 6.288683 49 3.993473 46 18.987722 45 16.495579
2 4 48 1.395402 49 8.024579 46 6.446777 45 9.036004
3
0 4 45 13.227792 49 17.727882 46 14.762821 48 4.741959
1 4 46 16.916765 48 17.438981 45 13.684777 49 7.812191
2 4 46 8.781817 48 4.791031 45 11.662855 47 3.981848
3
0 4 45 17.149680 46 1.855794 49 14.778461 48 17.770534
1 4 45 11.618399 46 17.396955 47 3.315750 49 14.499268
2 4 46 17.942741 47 3.333855 45 7.605789 49 7.397840
3
0 4 45 8.569293 46 16.787330 49 18.897861 47 14.403053
1 4 47 9.778169 49 10.845089 45 9.623740 46 3.292048
2 4 46 16.190373 45 18.957273 47 8.696812 49 14.939606
3
0 1 49 13.337263
1 1 49 14.019377
2 1 49 1.163842
3
0 1 49 16.107299
1 1 49 17.277510
2 1 49 18.827795
3
0 1 49 6.007315
1 1 49 18.184919
2 1 49 5.251664
3
0 1 49 2.029528
1 1 49 19.472210
2 1 49 14.649856
0
