50 49
3
0 2 5 2.094740 11 3.758960
1 2 43 10.931718 23 9.586622
2 2 20 15.399114 45 13.702639
3
0 2 5 6.941822 29 11.779454
1 2 38 4.244839 14 12.254377
2 2 17 16.220058 15 16.133259
3
0 2 5 3.049498 29 19.091058
1 2 34 17.361449 39 10.701596
2 2 49 6.032075 29 18.428669
3
0 2 5 17.253743 30 17.647019
1 2 23 19.559735 6 11.032637
2 2 8 19.034558 23 19.994604
3
0 2 5 18.544548 19 4.585322
1 2 35 16.730615 12 15.520936
2 2 45 7.229391 36 9.557352
3
0 2 10 18.033283 39 17.623259
1 2 34 16.570878 28 12.071215
2 2 20 6.101099 15 5.942736
3
0 2 10 10.880181 33 4.184228
1 2 35 10.484576 41 4.359395
2 2 33 7.652619 38 2.723816
3
0 2 10 19.944828 31 6.217259
1 2 25 13.150897 14 10.560269
2 2 23 13.546428 46 17.434709
3
0 2 10 9.547092 48 6.343895
1 2 37 16.574193 25 1.479377
2 2 40 13.113584 22 1.497067
3
0 2 10 10.856221 43 11.925895
1 2 33 2.802584 15 14.092867
2 2 19 10.535607 14 3.635348
3
0 2 15 18.160563 30 18.299392
1 2 39 15.547090 27 14.295674
2 2 28 12.580700 15 11.396721
3
0 2 15 7.702053 19 19.119562
1 2 16 17.147669 38 18.425926
2 2 39 16.027861 15 17.658576
3
0 2 15 15.119596 49 11.315105
1 2 42 8.132486 29 16.944438
2 2 16 16.061283 42 19.656842
3
0 2 15 16.426874 17 15.783230
1 2 20 2.596091 26 17.220540
2 2 44 7.916670 48 8.837628
3
0 2 15 10.000009 26 11.490791
1 2 25 4.092532 30 2.419965
2 2 36 15.593908 29 6.693128
3
0 2 20 10.199195 24 4.464544
1 2 29 17.819513 48 19.627124
2 2 40 15.813906 43 11.080879
3
0 2 20 11.673122 23 17.167234
1 2 39 6.450793 42 2.420307
2 2 31 15.365376 28 4.862994
3
0 2 20 5.872579 22 14.003383
1 2 39 12.244997 26 1.333225
2 2 29 10.381219 22 10.890298
3
0 2 20 13.141661 46 15.146781
1 2 34 18.852881 41 15.689082
2 2 44 8.378917 40 9.401830
3
0 2 20 8.537914 40 18.975089
1 2 30 19.214459 47 1.094954
2 2 46 17.878807 44 12.332898
3
0 2 25 18.012821 42 2.280187
1 2 25 17.937333 35 15.952140
2 2 41 10.683367 34 14.066368
3
0 2 25 10.078222 39 5.495783
1 2 31 4.271106 44 4.712345
2 2 28 10.216943 34 4.123666
3
0 2 25 8.571902 41 18.405029
1 2 30 2.910887 37 19.100969
2 2 43 3.279830 39 19.160968
3
0 2 25 9.419114 44 3.082062
1 2 40 7.569030 33 13.100660
2 2 36 19.802641 42 5.139730
3
0 2 25 19.087929 28 13.780822
1 2 25 9.817788 26 4.187989
2 2 33 11.111880 45 16.137332
3
0 2 30 12.019681 44 4.551672
1 2 46 18.232690 40 2.699201
2 2 46 14.416648 35 17.390583
3
0 2 30 6.126357 39 5.874728
1 2 47 1.211831 36 5.023810
2 2 30 14.572478 44 9.561711
3
0 2 30 2.080657 45 9.400439
1 2 40 10.583915 39 18.859441
2 2 34 13.873160 33 1.646375
3
0 2 30 10.568668 33 9.618957
1 2 44 5.795244 34 3.388840
2 2 43 9.675803 35 4.049545
3
0 2 30 15.151150 44 3.762813
1 2 45 1.531177 42 13.161953
2 2 46 13.227275 42 12.026162
3
0 2 35 6.239690 37 9.501480
1 2 37 11.851866 44 14.784489
2 2 36 2.425806 46 3.136409
3
0 2 35 2.601505 48 11.813136
1 2 47 4.040970 48 8.543514
2 2 36 4.591178 46 15.544716
3
0 2 35 8.295815 45 18.162062
1 2 47 14.557447 42 9.071270
2 2 47 18.441942 40 9.022734
3
0 2 35 2.161906 46 9.540537
1 2 35 7.089795 36 11.004982
2 2 47 2.497863 36 1.743630
3
0 2 35 13.519330 46 4.592304
1 2 41 9.730071 47 11.730505
2 2 49 17.846297 37 4.716599
3
0 2 40 7.344830 47 4.943453
1 2 44 9.741876 47 13.577794
2 2 46 13.622293 43 8.434631
3
0 2 40 16.775551 45 1.589533
1 2 42 14.731983 47 12.718422
2 2 44 12.307427 48 9.935545
3
0 2 40 12.239533 45 14.185312
1 2 44 2.633794 42 11.951740
2 2 43 19.950741 40 5.140805
3
0 2 40 13.108483 46 6.456467
1 2 45 10.693487 42 12.872219
2 2 49 9.137087 46 15.873783
3
0 2 40 7.774022 48 13.538909
1 2 46 12.654075 47 3.430711
2 2 44 8.360954 43 18.662161
3
0 2 45 16.418053 47 15.033045
1 2 48 9.311527 45 3.565289
2 2 48 19.378156 45 19.872834
3
0 2 45 14.773406 49 13.318077
1 2 48 10.159769 47 6.479701
2 2 45 4.169847 46 17.824781
3
0 2 45 19.400581 46 11.934357
1 2 49 3.226132 48 4.396739
2 2 47 1.108716 48 14.603762
3
0 2 45 5.762852 49 3.507116
1 2 48 19.542248 46 11.074778
2 2 47 19.634088 46 9.891961
3
0 2 45 16.183329 48 16.636260
1 2 47 6.250514 45 15.532656
2 2 48 18.334853 49 19.939855
3
0 1 49 13.441187
1 1 49 9.996516
2 1 49 17.562001
3
0 1 49 5.268878
1 1 49 5.422193
2 1 49 2.384555
3
0 1 49 19.526538
1 1 49 4.092005
2 1 49 8.927730
3
0 1 49 4.282128
1 1 49 16.119749
2 1 49 17.790935
0
