50 49
3
0 3 5 19.865923 47 4.487577 31 3.532018
1 3 29 8.675441 9 8.191369 36 2.863616
2 3 13 5.173798 23 9.854531 37 12.592848
3
0 3 5 8.868737 13 15.861101 7 7.299593
1 3 10 2.585953 15 2.606997 33 5.177003
2 3 24 16.771058 41 17.789763 34 18.128809
3
0 3 5 17.378005 15 6.463767 34 17.698478
1 3 29 12.673663 28 12.318981 31 1.779004
2 3 27 12.981094 17 2.676640 44 17.670920
3
0 3 5 17.625025 32 6.212753 30 13.524683
1 3 22 18.657115 35 2.641007 16 12.075974
2 3 32 6.676003 26 6.748361 39 17.103185
3
0 3 5 5.933386 22 13.342673 43 19.218333
1 3 22 7.090099 47 18.877046 8 19.440289
2 3 11 8.444534 39 18.811420 19 11.116349
3
0 3 10 11.510308 13 6.466677 37 1.456102
1 3 32 16.484044 24 7.212942 19 12.097282
2 3 19 3.140277 23 5.690460 25 5.268241
3
0 3 10 14.747855 34 5.703070 25 12.437939
1 3 32 3.871784 34 3.297116 24 14.333545
2 3 37 2.236172 49 19.719807 42 8.714524
3
0 3 10 6.399580 34 16.883602 32 15.525811
1 3 37 17.912592 47 5.972897 20 8.207867
2 3 14 14.827485 12 4.094226 40 9.099456
3
0 3 10 19.236370 44 18.605214 18 11.579771
1 3 10 18.005989 23 1.268195 31 18.733302
2 3 47 19.818941 29 3.859304 48 11.499666
3
0 3 10 12.169965 43 3.945761 24 4.386013
1 3 21 1.144804 43 10.416510 27 10.466148
2 3 38 10.758164 17 13.185370 14 6.862438
3
0 3 15 2.990233 44 8.522334 20 6.035439
1 3 36 4.444979 27 11.544426 17 12.347719
2 3 33 2.070823 48 1.468437 47 5.194933
3
0 3 15 9.610515 26 9.810685 24 5.357261
1 3 32 18.982380 20 3.005689 15 15.943773
2 3 24 4.334208 42 7.939535 32 11.919772
3
0 3 15 1.390307 31 12.605700 39 12.400269
1 3 35 8.018902 25 3.483516 26 10.091187
2 3 21 14.181056 18 4.285288 41 7.393417
3
0 3 15 19.717317 49 15.819854 28 15.003240
1 3 44 6.761603 29 2.288460 15 4.811740
2 3 18 16.300631 28 5.390005 20 9.930558
3
0 3 15 16.508606 22 10.231765 48 17.173294
1 3 44 9.585022 22 18.581617 34 11.558472
2 3 20 13.470926 32 16.139064 46 14.581229
3
0 3 20 10.815779 46 7.367039 49 6.883623
1 3 29 15.972704 47 11.346457 40 13.655026
2 3 39 3.016206 36 3.596413 30 11.415944
3
0 3 20 10.996987 47 12.919317 37 2.536156
1 3 26 17.044264 42 10.887881 37 12.052181
2 3 24 3.377575 46 1.190604 37 4.238659
3
0 3 20 5.772048 31 13.021879 24 2.627682
1 3 27 6.275404 26 16.187409 46 12.037600
2 3 26 8.512133 24 6.533268 34 2.901629
3
0 3 20 19.505003 39 1.120724 45 18.071891
1 3 49 4.959530 46 10.631962 48 17.710037
2 3 36 15.286697 24 17.587143 32 17.514172
3
0 3 20 3.764737 41 11.418635 28 14.229149
1 3 48 16.062209 44 16.666809 23 4.832706
2 3 45 12.383751 29 4.382893 35 7.956675
3
0 3 25 14.610552 42 9.578093 41 6.388518
1 3 36 8.903582 29 12.658602 42 2.409242
2 3 39 19.766765 38 5.600614 40 9.697356
3
0 3 25 2.838680 46 19.121163 33 15.430687
1 3 36 7.564849 48 10.206791 40 17.898732
2 3 25 2.821931 38 16.490127 39 9.352357
3
0 3 25 5.962505 33 17.988755 28 15.835492
1 3 45 18.776760 36 9.434702 34 9.649097
2 3 43 2.551151 29 13.981189 31 15.215200
3
0 3 25 3.217987 42 3.148534 39 13.336071
1 3 37 15.911519 39 9.230032 25 4.369319
2 3 47 18.686681 41 8.103129 29 5.528776
3
0 3 25 14.939282 49 13.793360 36 9.320918
1 3 26 14.859694 49 1.478841 39 14.839322
2 3 45 14.624600 40 2.752559 46 16.114198
3
0 3 30 11.558175 31 1.820730 42 17.625548
1 3 39 1.034257 46 15.342394 33 16.173207
2 3 38 7.945062 36 9.528590 42 15.431378
3
0 3 30 4.648028 38 7.492617 32 5.547659
1 3 37 12.307340 41 16.892485 45 8.071097
2 3 43 14.158525 46 4.066142 35 16.927170
3
0 3 30 7.238493 42 13.362882 41 12.801109
1 3 40 15.665976 44 16.058462 30 4.574052
2 3 36 1.646443 47 6.921132 34 15.092029
3
0 3 30 8.327300 34 16.326952 35 12.954351
1 3 35 17.311737 40 8.385219 39 4.194571
2 3 49 3.290891 47 18.539777 31 16.153232
3
0 3 30 18.979313 33 11.771273 44 18.562757
1 3 49 2.451173 39 8.766219 40 18.681325
2 3 45 5.969197 32 4.955370 41 13.777393
3
0 3 35 13.580068 46 6.354517 39 18.709614
1 3 40 15.899423 41 12.893212 36 2.270764
2 3 44 12.005031 42 9.295327 46 14.214368
3
0 3 35 8.294875 42 7.239551 45 11.737994
1 3 48 19.753701 46 10.676719 44 8.116606
2 3 40 11.878661 41 19.591734 39 16.665611
3
0 3 35 12.897878 39 6.414096 45 5.542510
1 3 40 5.576275 45 10.806048 48 15.589735
2 3 37 4.359182 39 4.811730 49 4.049782
3
0 3 35 11.780530 46 8.004994 44 12.489366
1 3 48 17.389275 36 5.355436 43 9.093875
2 3 38 6.121170 41 15.116245 39 19.781907
3
0 3 35 13.152647 45 15.464726 36 14.907278
1 3 43 3.199171 49 2.793751 47 19.269544
2 3 37 2.127240 39 13.900280 46 17.144827
3
0 3 40 16.099823 44 16.798406 45 6.880947
1 3 45 7.369772 47 16.566567 41 2.238399
2 3 46 6.613206 43 19.181123 44 3.908964
3
0 3 40 19.705635 49 14.723980 43 3.097975
1 3 47 16.168501 45 9.085757 42 15.120332
2 3 42 13.281100 43 5.626182 46 15.954784
3
0 3 40 11.031819 43 18.248627 42 16.755354
1 3 40 17.629527 49 14.432079 45 15.266096
2 3 42 4.496538 48 12.647835 45 9.785248
3
0 3 40 10.196385 46 13.185166 49 9.234251
1 3 45 12.472166 44 13.843651 40 2.601831
2 3 49 7.782006 42 17.938637 45 8.516333
3
0 3 40 4.255393 42 5.600849 44 11.993032
1 3 47 11.262369 45 18.847952 49 12.426396
2 3 43 12.336115 41 2.211608 45 11.241593
3
0 3 45 15.318041 49 18.274111 47 4.191496
1 3 45 6.685803 49 9.640549 48 2.159642
2 3 48 2.540791 45 9.708343 49 14.938878
3
0 3 45 16.452965 49 8.957647 48 15.798466
1 3 47 11.575864 49 17.447525 46 12.705696
2 3 45 19.045018 48 17.311586 46 18.716177
3
0 3 45 12.669751 46 3.045291 47 5.057031
1 3 46 1.528505 45 17.071190 47 15.051836
2 3 45 15.395054 48 12.874273 47 1.939756
3
0 3 45 18.229389 48 3.263661 46 11.531409
1 3 45 14.146267 47 14.866096 46 13.906795
2 3 49 12.678014 48 16.186372 47 13.759759
3
0 3 45 2.620674 49 5.485981 47 13.985644
1 3 45 19.460092 49 5.566176 48 1.270187
2 3 45 6.512996 49 19.479108 48 17.857023
3
0 1 49 5.286751
1 1 49 4.589598
2 1 49 10.982911
3
0 1 49 12.203423
1 1 49 5.037676
2 1 49 1.844042
3
0 1 49 18.198914
1 1 49 9.561550
2 1 49 11.951692
3
0 1 49 12.252003
1 1 49 18.822898
2 1 49 14.954753
0
