50 49
3
0 1 5 2.937539
1 1 23 12.372195
2 1 42 18.944356
3
0 1 5 3.545834
1 1 28 18.321068
2 1 6 3.205760
3
0 1 5 18.509566
1 1 36 6.259049
2 1 5 18.457083
3
0 1 5 1.381724
1 1 31 6.589111
2 1 25 7.688055
3
0 1 5 14.273708
1 1 23 7.909257
2 1 34 12.644286
3
0 1 10 11.808462
1 1 32 13.755434
2 1 46 9.520723
3
0 1 10 6.497533
1 1 45 7.517846
2 1 13 16.579294
3
0 1 10 4.651937
1 1 38 18.087497
2 1 28 5.068681
3
0 1 10 8.633698
1 1 17 16.327042
2 1 28 19.858084
3
0 1 10 6.240528
1 1 13 18.416937
2 1 29 13.068121
3
0 1 15 6.417861
1 1 25 7.946564
2 1 18 10.792030
3
0 1 15 13.451908
1 1 20 5.719643
2 1 35 19.177353
3
0 1 15 18.766509
1 1 45 19.456656
2 1 33 19.383957
3
0 1 15 18.603114
1 1 48 19.477623
2 1 44 18.730445
3
0 1 15 14.682542
1 1 16 4.359304
2 1 49 16.291397
3
0 1 20 1.188051
1 1 48 15.623933
2 1 30 9.261574
3
0 1 20 3.857848
1 1 44 16.097681
2 1 29 7.803041
3
0 1 20 9.107832
1 1 45 14.474524
2 1 30 12.623594
3
0 1 20 4.765858
1 1 33 16.585093
2 1 34 13.630757
3
0 1 20 7.404885
1 1 30 10.930200
2 1 46 15.784687
3
0 1 25 1.652636
1 1 25 8.103326
2 1 35 11.590659
3
0 1 25 5.467577
1 1 48 18.927806
2 1 30 16.700781
3
0 1 25 2.515787
1 1 42 5.730260
2 1 46 2.746051
3
0 1 25 18.536773
1 1 49 7.306948
2 1 39 15.704758
3
0 1 25 4.657955
1 1 25 5.568546
2 1 45 18.074343
3
0 1 30 1.425982
1 1 42 19.971293
2 1 35 1.057265
3
0 1 30 3.405017
1 1 45 9.046754
2 1 35 7.098778
3
0 1 30 7.203773
1 1 37 9.034628
2 1 49 10.952469
3
0 1 30 14.067302
1 1 36 4.213893
2 1 38 17.458373
3
0 1 30 15.548268
1 1 47 2.127257
2 1 41 19.502356
3
0 1 35 4.628226
1 1 45 6.282394
2 1 43 16.474584
3
0 1 35 13.657777
1 1 35 19.697490
2 1 44 6.770552
3
0 1 35 3.506016
1 1 48 11.263954
2 1 45 8.275007
3
0 1 35 6.156943
1 1 49 5.997116
2 1 40 16.902974
3
0 1 35 16.769595
1 1 48 6.050333
2 1 40 4.029400
3
0 1 40 6.347127
1 1 45 15.241052
2 1 43 8.585739
3
0 1 40 18.683385
1 1 47 15.979542
2 1 42 13.348767
3
0 1 40 10.809217
1 1 41 12.302994
2 1 44 10.963925
3
0 1 40 16.076211
1 1 45 1.560252
2 1 43 9.558497
3
0 1 40 3.445008
1 1 40 7.192282
2 1 45 3.592438
3
0 1 45 13.751283
1 1 47 4.934374
2 1 47 14.096579
3
0 1 45 12.291132
1 1 45 15.052189
2 1 49 12.188178
3
0 1 45 12.530162
1 1 47 8.088373
2 1 46 6.352384
3
0 1 45 8.628828
1 1 47 17.682778
2 1 47 1.821261
3
0 1 45 10.767457
1 1 47 3.582577
2 1 49 3.955510
3
0 1 49 2.428418
1 1 49 15.268002
2 1 49 19.948434
3
0 1 49 13.354607
1 1 49 18.954267
2 1 49 12.655880
3
0 1 49 18.790791
1 1 49 14.282042
2 1 49 10.041164
3
0 1 49 1.345128
1 1 49 5.764046
2 1 49 19.922306
0
