50 49
3
0 1 5 14.788170
1 1 46 9.308238
2 1 27 12.233457
3
0 1 5 15.219741
1 1 19 14.989707
2 1 15 14.632255
3
0 1 5 6.947472
1 1 22 17.430235
2 1 44 15.739088
3
0 1 5 10.905876
1 1 39 12.766089
2 1 5 8.669720
3
0 1 5 8.424075
1 1 44 11.133102
2 1 40 6.660492
3
0 1 10 10.212968
1 1 38 8.345321
2 1 47 6.895614
3
0 1 10 7.257493
1 1 22 16.163324
2 1 23 14.308495
3
0 1 10 16.988507
1 1 40 4.379167
2 1 19 19.424653
3
0 1 10 13.169292
1 1 43 12.734399
2 1 36 5.485098
3
0 1 10 14.802287
1 1 22 7.378583
2 1 25 14.388560
3
0 1 15 7.926433
1 1 39 1.445262
2 1 48 11.421863
3
0 1 15 5.975348
1 1 18 11.087636
2 1 39 9.952363
3
0 1 15 15.634066
1 1 17 2.273225
2 1 36 11.627810
3
0 1 15 8.133062
1 1 34 17.075258
2 1 28 4.103168
3
0 1 15 4.832243
1 1 25 13.946080
2 1 21 5.304273
3
0 1 20 3.106413
1 1 32 14.356871
2 1 46 6.791454
3
0 1 20 13.793017
1 1 35 14.579970
2 1 22 15.594881
3
0 1 20 12.618161
1 1 47 8.490207
2 1 28 13.599875
3
0 1 20 5.989732
1 1 38 15.647459
2 1 23 5.121877
3
0 1 20 18.888494
1 1 30 2.997380
2 1 49 12.134348
3
0 1 25 7.817313
1 1 26 17.663693
2 1 48 10.194284
3
0 1 25 10.541307
1 1 48 16.302570
2 1 46 19.957377
3
0 1 25 12.889616
1 1 42 7.274608
2 1 26 14.341179
3
0 1 25 14.757562
1 1 36 12.746747
2 1 30 7.270638
3
0 1 25 2.652828
1 1 46 2.527930
2 1 36 8.940339
3
0 1 30 3.476363
1 1 41 1.197859
2 1 46 18.996827
3
0 1 30 12.214457
1 1 48 16.198998
2 1 37 7.456861
3
0 1 30 18.540425
1 1 35 15.918617
2 1 30 7.583420
3
0 1 30 3.330261
1 1 41 11.275755
2 1 46 5.136836
3
0 1 30 3.961118
1 1 30 5.226458
2 1 45 5.093888
3
0 1 35 5.462869
1 1 38 19.830684
2 1 46 4.430190
3
0 1 35 8.657325
1 1 45 12.842152
2 1 36 8.394321
3
0 1 35 10.140004
1 1 44 14.620038
2 1 35 19.434132
3
0 1 35 15.237709
1 1 48 17.574588
2 1 47 9.385660
3
0 1 35 18.393902
1 1 48 2.202701
2 1 44 9.654954
3
0 1 40 9.879069
1 1 45 1.902161
2 1 44 19.556670
3
0 1 40 4.444616
1 1 46 17.307522
2 1 44 9.708665
3
0 1 40 14.784638
1 1 47 8.955405
2 1 44 12.550117
3
0 1 40 3.732930
1 1 42 6.651711
2 1 43 9.371412
3
0 1 40 4.189889
1 1 49 16.964122
2 1 49 1.909816
3
0 1 45 7.024399
1 1 45 17.063148
2 1 49 5.654044
3
0 1 45 3.955631
1 1 46 19.032582
2 1 49 3.714856
3
0 1 45 8.578565
1 1 48 2.735490
2 1 45 10.962709
3
0 1 45 14.830615
1 1 49 9.154628
2 1 46 12.751763
3
0 1 45 8.581034
1 1 46 8.891377
2 1 45 18.796005
3
0 1 49 2.068980
1 1 49 13.029389
2 1 49 2.896159
3
0 1 49 7.320408
1 1 49 1.330194
2 1 49 12.940067
3
0 1 49 8.549635
1 1 49 6.338751
2 1 49 3.092525
3
0 1 49 10.777758
1 1 49 7.561460
2 1 49 7.791460
0
