50 49
3
0 1 5 6.509127
1 1 32 19.585572
2 1 13 3.239061
3
0 1 5 6.321213
1 1 18 4.611334
2 1 22 15.185903
3
0 1 5 10.393102
1 1 45 7.088150
2 1 26 1.037153
3
0 1 5 4.308572
1 1 16 13.953240
2 1 33 13.902405
3
0 1 5 4.640430
1 1 24 3.408487
2 1 23 4.942413
3
0 1 10 5.381172
1 1 42 5.501101
2 1 49 9.538704
3
0 1 10 7.885171
1 1 19 8.961702
2 1 23 2.777447
3
0 1 10 16.040114
1 1 23 13.441121
2 1 23 12.456055
3
0 1 10 1.666919
1 1 45 18.315724
2 1 13 9.901263
3
0 1 10 12.615689
1 1 35 18.311106
2 1 40 17.195443
3
0 1 15 15.167656
1 1 17 4.914534
2 1 27 9.966958
3
0 1 15 18.253455
1 1 20 3.725274
2 1 17 11.818401
3
0 1 15 1.841836
1 1 28 2.824262
2 1 44 13.097056
3
0 1 15 6.911876
1 1 21 19.258056
2 1 31 19.029095
3
0 1 15 1.010133
1 1 40 11.754880
2 1 19 16.846432
3
0 1 20 5.653388
1 1 48 10.054314
2 1 44 12.988260
3
0 1 20 10.262871
1 1 39 9.746597
2 1 25 10.302728
3
0 1 20 11.234123
1 1 25 2.755031
2 1 20 1.655166
3
0 1 20 19.649413
1 1 29 4.049832
2 1 33 10.104669
3
0 1 20 16.935086
1 1 23 10.545748
2 1 42 18.684904
3
0 1 25 4.207808
1 1 37 16.255839
2 1 33 2.928218
3
0 1 25 13.335795
1 1 27 12.726419
2 1 42 17.505178
3
0 1 25 6.837221
1 1 26 3.185450
2 1 32 17.433925
3
0 1 25 10.558996
1 1 38 9.874740
2 1 47 16.821519
3
0 1 25 6.911652
1 1 31 16.903711
2 1 26 11.362238
3
0 1 30 17.809542
1 1 30 2.315603
2 1 32 17.265064
3
0 1 30 7.847688
1 1 33 10.149784
2 1 45 4.911488
3
0 1 30 1.046191
1 1 44 9.243351
2 1 40 2.660645
3
0 1 30 10.957374
1 1 43 12.658928
2 1 45 8.642261
3
0 1 30 11.740897
1 1 30 7.190099
2 1 47 7.798622
3
0 1 35 11.630977
1 1 47 9.304751
2 1 45 17.667732
3
0 1 35 5.893008
1 1 47 6.528570
2 1 43 8.330628
3
0 1 35 7.264705
1 1 37 4.006968
2 1 44 16.514827
3
0 1 35 3.541157
1 1 41 14.995945
2 1 45 14.683238
3
0 1 35 14.524458
1 1 37 6.880163
2 1 37 13.559167
3
0 1 40 12.592587
1 1 42 8.311775
2 1 43 17.968382
3
0 1 40 6.597620
1 1 45 16.176384
2 1 48 2.907009
3
0 1 40 8.654510
1 1 41 6.661127
2 1 46 9.159710
3
0 1 40 5.667583
1 1 41 2.371149
2 1 40 2.696487
3
0 1 40 13.549465
1 1 42 19.672513
2 1 42 15.667009
3
0 1 45 16.770786
1 1 48 18.997587
2 1 48 8.459462
3
0 1 45 14.907762
1 1 47 11.195726
2 1 45 17.858943
3
0 1 45 19.459921
1 1 49 14.370465
2 1 46 14.842147
3
0 1 45 11.348569
1 1 48 15.172691
2 1 49 17.069135
3
0 1 45 4.809057
1 1 48 8.742842
2 1 47 11.426822
3
0 1 49 3.390117
1 1 49 5.077634
2 1 49 14.057095
3
0 1 49 5.539852
1 1 49 14.901497
2 1 49 3.150906
3
0 1 49 16.000922
1 1 49 15.972950
2 1 49 18.591473
3
0 1 49 18.590454
1 1 49 3.906030
2 1 49 9.259600
0
