50 49
3
0 1 5 1.936690
1 1 49 13.343491
2 1 42 8.073611
3
0 1 5 16.423628
1 1 28 12.113068
2 1 9 7.445639
3
0 1 5 10.613216
1 1 9 3.369657
2 1 20 3.560087
3
0 1 5 5.873524
1 1 43 9.837049
2 1 46 5.610996
3
0 1 5 17.933037
1 1 31 12.505794
2 1 41 14.800037
3
0 1 10 12.288648
1 1 34 2.174978
2 1 37 9.491620
3
0 1 10 7.184327
1 1 43 2.235317
2 1 27 19.210971
3
0 1 10 7.001743
1 1 42 4.138409
2 1 42 18.470791
3
0 1 10 1.179989
1 1 33 8.809813
2 1 26 4.776431
3
0 1 10 18.326414
1 1 17 7.524029
2 1 23 19.883976
3
0 1 15 7.048824
1 1 44 4.309391
2 1 39 2.886984
3
0 1 15 3.692505
1 1 31 6.236972
2 1 40 13.556457
3
0 1 15 19.200437
1 1 24 19.219740
2 1 19 6.834599
3
0 1 15 14.391567
1 1 40 12.073730
2 1 35 19.187386
3
0 1 15 14.434007
1 1 15 6.846261
2 1 25 11.605273
3
0 1 20 16.826737
1 1 23 1.750971
2 1 32 1.855693
3
0 1 20 2.713042
1 1 21 7.844055
2 1 22 13.009784
3
0 1 20 14.862362
1 1 48 12.152683
2 1 28 6.739337
3
0 1 20 9.868232
1 1 28 16.803079
2 1 33 11.574318
3
0 1 20 8.805734
1 1 32 8.130896
2 1 36 1.957438
3
0 1 25 17.249025
1 1 42 7.287112
2 1 27 5.895902
3
0 1 25 1.123236
1 1 30 9.648606
2 1 35 5.126608
3
0 1 25 8.707863
1 1 47 8.039161
2 1 49 19.140913
3
0 1 25 7.728660
1 1 32 7.269834
2 1 26 15.777785
3
0 1 25 12.775281
1 1 42 13.758418
2 1 43 7.984232
3
0 1 30 7.447820
1 1 48 7.928167
2 1 30 16.785347
3
0 1 30 10.696583
1 1 45 3.335743
2 1 37 5.686292
3
0 1 30 16.974199
1 1 34 4.369863
2 1 42 7.976008
3
0 1 30 1.335014
1 1 41 1.617230
2 1 34 11.929816
3
0 1 30 2.749834
1 1 35 17.691605
2 1 39 9.966461
3
0 1 35 16.349114
1 1 45 10.558471
2 1 42 18.525657
3
0 1 35 6.740624
1 1 37 1.332359
2 1 44 17.800068
3
0 1 35 19.018870
1 1 45 15.655512
2 1 40 6.164163
3
0 1 35 14.240620
1 1 35 18.109770
2 1 43 14.390412
3
0 1 35 8.991844
1 1 43 1.647645
2 1 35 17.581200
3
0 1 40 6.217209
1 1 40 4.180427
2 1 44 17.132920
3
0 1 40 4.430086
1 1 49 7.136260
2 1 46 18.409384
3
0 1 40 18.526850
1 1 42 15.933565
2 1 49 9.227595
3
0 1 40 3.811278
1 1 48 14.040234
2 1 46 19.897216
3
0 1 40 10.499042
1 1 43 14.937154
2 1 47 16.337760
3
0 1 45 14.044664
1 1 49 1.349767
2 1 45 13.424289
3
0 1 45 1.144625
1 1 48 12.786077
2 1 46 4.763746
3
0 1 45 11.117597
1 1 48 5.561232
2 1 47 19.882378
3
0 1 45 15.585359
1 1 45 14.936362
2 1 45 9.057904
3
0 1 45 8.530880
1 1 47 18.026505
2 1 47 8.900726
3
0 1 49 7.833836
1 1 49 3.912589
2 1 49 16.733371
3
0 1 49 3.721477
1 1 49 7.855373
2 1 49 9.842758
3
0 1 49 1.634544
1 1 49 14.412414
2 1 49 10.462552
3
0 1 49 3.265964
1 1 49 10.494088
2 1 49 3.229010
0
