50 49
3
0 1 5 16.804211
1 1 47 7.867651
2 1 40 12.733640
3
0 1 5 9.836788
1 1 47 14.101589
2 1 43 16.968242
3
0 1 5 17.481355
1 1 7 19.339549
2 1 7 6.766417
3
0 1 5 15.041605
1 1 19 11.140376
2 1 7 6.852418
3
0 1 5 3.832935
1 1 40 17.134302
2 1 35 15.005031
3
0 1 10 19.311150
1 1 41 11.387619
2 1 25 16.246003
3
0 1 10 17.383641
1 1 24 19.906913
2 1 26 19.552155
3
0 1 10 13.581109
1 1 23 11.248240
2 1 22 17.553645
3
0 1 10 4.726719
1 1 40 4.923482
2 1 30 12.956310
3
0 1 10 1.633371
1 1 41 4.112424
2 1 16 1.443102
3
0 1 15 17.360356
1 1 38 14.583126
2 1 45 14.497055
3
0 1 15 5.658069
1 1 16 7.364237
2 1 22 2.049721
3
0 1 15 7.298761
1 1 17 10.169491
2 1 37 11.496664
3
0 1 15 12.193729
1 1 21 10.594411
2 1 42 19.682335
3
0 1 15 2.274639
1 1 37 10.552361
2 1 40 1.891811
3
0 1 20 18.933611
1 1 46 1.409852
2 1 29 10.529009
3
0 1 20 18.113124
1 1 23 6.957841
2 1 25 17.707064
3
0 1 20 2.965135
1 1 36 5.477738
2 1 22 12.612446
3
0 1 20 13.525718
1 1 28 13.846344
2 1 35 15.630134
3
0 1 20 14.414531
1 1 24 4.593648
2 1 30 8.540613
3
0 1 25 19.794452
1 1 26 7.588921
2 1 45 19.158543
3
0 1 25 15.542379
1 1 25 8.253746
2 1 26 19.658155
3
0 1 25 17.033727
1 1 38 14.234828
2 1 32 18.916320
3
0 1 25 17.082218
1 1 48 7.814625
2 1 41 4.569705
3
0 1 25 1.180907
1 1 48 8.762467
2 1 25 5.794857
3
0 1 30 13.787464
1 1 32 12.443110
2 1 39 11.228131
3
0 1 30 18.050842
1 1 30 5.470397
2 1 31 11.088082
3
0 1 30 6.963895
1 1 48 11.212214
2 1 31 4.943091
3
0 1 30 14.004764
1 1 44 11.744235
2 1 48 13.704171
3
0 1 30 18.308672
1 1 31 13.167028
2 1 35 17.869722
3
0 1 35 1.519489
1 1 41 6.421387
2 1 35 16.240072
3
0 1 35 18.470563
1 1 37 17.634883
2 1 49 2.590902
3
0 1 35 17.791606
1 1 41 3.310594
2 1 43 6.345925
3
0 1 35 3.777273
1 1 42 2.631920
2 1 35 11.841757
3
0 1 35 1.640032
1 1 48 10.581294
2 1 48 15.459159
3
0 1 40 7.370052
1 1 41 7.306748
2 1 47 18.898224
3
0 1 40 14.281994
1 1 43 12.109107
2 1 43 5.050135
3
0 1 40 15.018361
1 1 42 4.448402
2 1 40 2.657651
3
0 1 40 14.157996
1 1 44 14.722657
2 1 43 8.523152
3
0 1 40 2.434256
1 1 42 11.981994
2 1 41 19.614218
3
0 1 45 8.117247
1 1 47 10.570622
2 1 49 3.186883
3
0 1 45 10.557182
1 1 47 19.107484
2 1 46 3.389603
3
0 1 45 4.031590
1 1 47 10.874716
2 1 49 19.861362
3
0 1 45 17.264450
1 1 48 17.031884
2 1 48 4.215506
3
0 1 45 18.558970
1 1 49 2.513020
2 1 48 1.555367
3
0 1 49 11.249535
1 1 49 15.810207
2 1 49 1.064332
3
0 1 49 6.330942
1 1 49 12.198034
2 1 49 8.357501
3
0 1 49 15.264916
1 1 49 5.692259
2 1 49 3.561864
3
0 1 49 12.045071
1 1 49 15.734958
2 1 49 15.997315
0
