50 49
3
0 1 5 18.758679
1 1 5 2.218519
2 1 22 12.913814
3
0 1 5 14.837595
1 1 39 1.839481
2 1 7 11.624787
3
0 1 5 2.861170
1 1 25 7.077259
2 1 28 3.992838
3
0 1 5 3.871599
1 1 6 18.910044
2 1 25 1.444949
3
0 1 5 14.915434
1 1 32 5.208696
2 1 48 13.422284
3
0 1 10 2.230381
1 1 32 2.309246
2 1 36 13.876320
3
0 1 10 15.977204
1 1 32 17.106113
2 1 49 19.530379
3
0 1 10 5.425393
1 1 45 16.616740
2 1 48 17.272239
3
0 1 10 13.692295
1 1 35 15.344895
2 1 44 1.565147
3
0 1 10 9.767060
1 1 27 10.510035
2 1 22 15.666558
3
0 1 15 8.948146
1 1 36 5.571702
2 1 49 16.665003
3
0 1 15 18.458166
1 1 39 9.420691
2 1 49 3.759782
3
0 1 15 5.601061
1 1 31 8.323436
2 1 34 2.199489
3
0 1 15 8.461198
1 1 48 10.327523
2 1 33 14.797348
3
0 1 15 6.254815
1 1 35 8.681997
2 1 35 14.162280
3
0 1 20 11.694536
1 1 28 15.053936
2 1 33 3.501597
3
0 1 20 9.320594
1 1 36 14.118567
2 1 36 5.263410
3
0 1 20 1.516009
1 1 44 7.431627
2 1 35 9.406068
3
0 1 20 13.402346
1 1 31 7.152858
2 1 47 12.471804
3
0 1 20 5.397634
1 1 36 6.627628
2 1 39 7.611150
3
0 1 25 7.701803
1 1 30 17.537414
2 1 42 15.329157
3
0 1 25 7.683011
1 1 47 16.691155
2 1 27 17.860648
3
0 1 25 17.212768
1 1 31 2.389822
2 1 29 4.366676
3
0 1 25 14.498497
1 1 37 9.527254
2 1 35 9.207232
3
0 1 25 1.977139
1 1 42 18.804212
2 1 27 19.697198
3
0 1 30 13.959422
1 1 48 3.669082
2 1 45 10.261589
3
0 1 30 18.584693
1 1 40 11.457414
2 1 34 12.238047
3
0 1 30 16.893194
1 1 30 17.407867
2 1 38 4.396028
3
0 1 30 7.899167
1 1 42 7.770316
2 1 35 13.522333
3
0 1 30 14.005815
1 1 46 11.234990
2 1 43 8.340198
3
0 1 35 5.891474
1 1 37 5.098049
2 1 36 18.966690
3
0 1 35 6.237984
1 1 41 10.007066
2 1 46 6.439226
3
0 1 35 19.718935
1 1 46 12.458720
2 1 49 12.183128
3
0 1 35 1.099147
1 1 41 7.761437
2 1 44 16.839948
3
0 1 35 10.274220
1 1 41 4.038027
2 1 36 13.564319
3
0 1 40 2.674415
1 1 44 5.391787
2 1 43 3.761242
3
0 1 40 6.233660
1 1 41 15.963010
2 1 40 5.680207
3
0 1 40 14.555010
1 1 49 9.611474
2 1 48 10.437955
3
0 1 40 16.548921
1 1 48 3.043191
2 1 49 14.037047
3
0 1 40 10.844804
1 1 49 3.415031
2 1 48 13.479183
3
0 1 45 13.717022
1 1 49 17.871125
2 1 48 15.627164
3
0 1 45 10.822695
1 1 47 6.094180
2 1 47 15.935945
3
0 1 45 3.540473
1 1 49 8.383933
2 1 48 7.886782
3
0 1 45 17.458839
1 1 45 7.524446
2 1 49 10.177397
3
0 1 45 8.547709
1 1 45 17.737892
2 1 46 4.281620
3
0 1 49 16.284587
1 1 49 2.962844
2 1 49 2.304782
3
0 1 49 9.182071
1 1 49 14.979221
2 1 49 6.853365
3
0 1 49 14.420676
1 1 49 15.112200
2 1 49 10.460697
3
0 1 49 17.727071
1 1 49 3.477801
2 1 49 11.970697
0
