50 49
3
0 1 5 5.851013
1 1 39 17.940400
2 1 9 10.370982
3
0 1 5 19.112295
1 1 24 11.868636
2 1 14 16.340985
3
0 1 5 8.842824
1 1 39 12.963182
2 1 44 15.099832
3
0 1 5 7.227017
1 1 26 10.289220
2 1 12 11.047834
3
0 1 5 7.530750
1 1 12 13.153489
2 1 10 3.413652
3
0 1 10 1.948997
1 1 38 10.759378
2 1 44 15.364708
3
0 1 10 18.437745
1 1 14 7.725134
2 1 32 1.532037
3
0 1 10 8.461298
1 1 33 5.952256
2 1 16 13.964534
3
0 1 10 5.946860
1 1 41 5.097407
2 1 34 18.040305
3
0 1 10 8.503420
1 1 35 10.877388
2 1 35 16.664230
3
0 1 15 16.670240
1 1 29 7.640731
2 1 25 14.317260
3
0 1 15 19.203240
1 1 41 5.174447
2 1 46 8.923814
3
0 1 15 9.654030
1 1 15 2.005491
2 1 42 3.823467
3
0 1 15 5.301872
1 1 36 4.829483
2 1 43 2.652269
3
0 1 15 7.616207
1 1 19 8.007036
2 1 44 19.006974
3
0 1 20 10.220647
1 1 47 15.392821
2 1 39 3.087664
3
0 1 20 2.923489
1 1 37 10.238570
2 1 26 13.141240
3
0 1 20 4.531353
1 1 44 9.612024
2 1 29 11.011763
3
0 1 20 4.585173
1 1 33 10.364696
2 1 23 12.996451
3
0 1 20 9.245260
1 1 29 9.557760
2 1 26 8.098848
3
0 1 25 12.710003
1 1 41 10.188933
2 1 42 12.396241
3
0 1 25 7.095767
1 1 39 1.883652
2 1 31 12.543657
3
0 1 25 9.407650
1 1 33 14.797060
2 1 48 1.585532
3
0 1 25 7.685914
1 1 35 16.053076
2 1 27 12.644024
3
0 1 25 1.048947
1 1 47 14.112527
2 1 49 1.463630
3
0 1 30 1.342142
1 1 46 7.448353
2 1 37 15.301222
3
0 1 30 18.112277
1 1 46 7.957210
2 1 41 6.355025
3
0 1 30 11.098148
1 1 46 13.043427
2 1 47 1.557180
3
0 1 30 5.370334
1 1 31 5.937194
2 1 34 2.852904
3
0 1 30 3.127296
1 1 44 10.963951
2 1 34 4.226802
3
0 1 35 9.705549
1 1 36 1.883295
2 1 40 4.844787
3
0 1 35 7.031929
1 1 36 11.536965
2 1 45 14.906507
3
0 1 35 15.334982
1 1 36 18.695706
2 1 36 2.317887
3
0 1 35 4.887585
1 1 44 4.105586
2 1 47 10.968247
3
0 1 35 12.852946
1 1 41 8.193515
2 1 39 17.230505
3
0 1 40 18.570596
1 1 48 1.093737
2 1 43 8.983450
3
0 1 40 7.497541
1 1 41 2.381374
2 1 48 1.649950
3
0 1 40 5.523564
1 1 46 4.063685
2 1 44 8.630981
3
0 1 40 6.905506
1 1 47 4.848253
2 1 40 12.832815
3
0 1 40 9.523670
1 1 48 14.131282
2 1 40 14.987007
3
0 1 45 2.591302
1 1 49 8.385606
2 1 48 4.400473
3
0 1 45 9.269512
1 1 45 18.571066
2 1 45 5.649903
3
0 1 45 12.802989
1 1 47 14.822139
2 1 48 2.405847
3
0 1 45 14.126100
1 1 49 7.150790
2 1 48 15.276584
3
0 1 45 7.158928
1 1 46 18.593910
2 1 49 6.917868
3
0 1 49 17.597727
1 1 49 4.689882
2 1 49 7.478942
3
0 1 49 1.017613
1 1 49 14.726570
2 1 49 8.007765
3
0 1 49 6.696563
1 1 49 16.048822
2 1 49 12.993569
3
0 1 49 15.042737
1 1 49 14.155338
2 1 49 6.480410
0
