50 49
3
0 1 5 3.109200
1 1 33 16.440666
2 1 45 9.579500
3
0 1 5 7.421397
1 1 19 10.335052
2 1 13 1.655665
3
0 1 5 14.476501
1 1 40 16.954099
2 1 43 8.364262
3
0 1 5 14.597856
1 1 37 11.702466
2 1 41 8.943436
3
0 1 5 18.268922
1 1 19 9.322657
2 1 7 3.599784
3
0 1 10 3.668866
1 1 19 8.142401
2 1 38 15.760584
3
0 1 10 11.032842
1 1 32 2.773475
2 1 16 10.164532
3
0 1 10 6.179073
1 1 28 13.995972
2 1 10 9.858982
3
0 1 10 9.564428
1 1 35 11.288154
2 1 21 19.269256
3
0 1 10 16.088076
1 1 31 16.209910
2 1 12 9.547787
3
0 1 15 6.409952
1 1 46 9.459215
2 1 22 17.379834
3
0 1 15 1.051057
1 1 18 9.776361
2 1 28 18.852876
3
0 1 15 18.644117
1 1 18 14.698570
2 1 23 18.541347
3
0 1 15 4.928971
1 1 16 9.876858
2 1 48 15.287147
3
0 1 15 14.331442
1 1 43 17.547713
2 1 30 13.929371
3
0 1 20 13.729472
1 1 20 11.666573
2 1 31 3.705107
3
0 1 20 19.704289
1 1 45 10.542441
2 1 42 2.561033
3
0 1 20 7.595614
1 1 26 8.888016
2 1 35 10.006229
3
0 1 20 19.777621
1 1 22 3.754324
2 1 40 3.549867
3
0 1 20 8.798513
1 1 24 13.913765
2 1 49 4.866204
3
0 1 25 10.276782
1 1 36 15.462219
2 1 45 2.229290
3
0 1 25 14.411837
1 1 29 2.920238
2 1 33 18.610055
3
0 1 25 19.860510
1 1 33 8.093008
2 1 28 1.750271
3
0 1 25 2.187395
1 1 38 2.680518
2 1 36 7.980260
3
0 1 25 4.225097
1 1 47 1.019352
2 1 47 12.341303
3
0 1 30 14.225342
1 1 47 5.229313
2 1 39 3.482658
3
0 1 30 14.362377
1 1 48 13.458288
2 1 46 11.322492
3
0 1 30 17.379672
1 1 31 1.325588
2 1 46 8.853171
3
0 1 30 1.645860
1 1 46 17.283947
2 1 38 4.758036
3
0 1 30 16.552029
1 1 41 14.055662
2 1 34 7.969817
3
0 1 35 14.834589
1 1 47 19.814444
2 1 48 10.854218
3
0 1 35 4.646768
1 1 41 10.688124
2 1 38 3.729111
3
0 1 35 12.036340
1 1 45 9.668066
2 1 48 10.585056
3
0 1 35 8.680249
1 1 45 15.341961
2 1 47 6.594617
3
0 1 35 6.916982
1 1 46 6.248870
2 1 48 12.972388
3
0 1 40 12.405869
1 1 45 1.072495
2 1 43 1.213433
3
0 1 40 2.682998
1 1 41 9.032137
2 1 44 5.802005
3
0 1 40 5.367492
1 1 46 16.555454
2 1 44 13.319291
3
0 1 40 4.376911
1 1 45 15.799495
2 1 47 11.328441
3
0 1 40 6.971867
1 1 41 3.059405
2 1 48 16.745266
3
0 1 45 9.986452
1 1 46 9.272356
2 1 47 2.056747
3
0 1 45 14.600296
1 1 46 19.889211
2 1 47 9.055377
3
0 1 45 13.012670
1 1 47 8.610714
2 1 49 3.798389
3
0 1 45 17.101468
1 1 49 1.110287
2 1 49 4.279343
3
0 1 45 5.778532
1 1 48 11.411331
2 1 45 9.446089
3
0 1 49 6.068688
1 1 49 12.392424
2 1 49 8.857945
3
0 1 49 1.668247
1 1 49 16.460815
2 1 49 4.357163
3
0 1 49 11.828770
1 1 49 3.349174
2 1 49 11.517625
3
0 1 49 1.777975
1 1 49 8.290205
2 1 49 17.932645
0
