50 49
3
0 1 5 17.304947
1 1 11 12.523649
2 1 22 3.321986
3
0 1 5 5.561759
1 1 46 3.833696
2 1 11 19.498709
3
0 1 5 17.673010
1 1 8 19.609051
2 1 43 3.026333
3
0 1 5 3.995152
1 1 23 17.871678
2 1 29 16.454840
3
0 1 5 13.719549
1 1 35 10.859833
2 1 37 14.560229
3
0 1 10 5.757579
1 1 16 16.284830
2 1 24 13.372973
3
0 1 10 12.082087
1 1 38 9.214013
2 1 28 4.118233
3
0 1 10 3.852847
1 1 32 1.761772
2 1 20 10.627604
3
0 1 10 12.768802
1 1 13 16.317075
2 1 48 5.243849
3
0 1 10 8.752608
1 1 45 16.150000
2 1 48 15.604075
3
0 1 15 2.534540
1 1 47 4.082577
2 1 47 6.453176
3
0 1 15 15.341913
1 1 30 9.890000
2 1 44 5.500412
3
0 1 15 19.197125
1 1 35 14.440035
2 1 26 8.849205
3
0 1 15 15.807822
1 1 15 10.455698
2 1 17 7.935927
3
0 1 15 15.196299
1 1 38 16.893995
2 1 39 3.844389
3
0 1 20 1.888648
1 1 44 6.658793
2 1 43 16.994072
3
0 1 20 3.047510
1 1 30 19.795099
2 1 32 6.098700
3
0 1 20 12.483256
1 1 27 9.296241
2 1 27 6.657341
3
0 1 20 2.331378
1 1 25 7.682530
2 1 21 12.944266
3
0 1 20 18.308070
1 1 47 1.852465
2 1 28 6.609009
3
0 1 25 15.145646
1 1 45 10.061653
2 1 36 12.672147
3
0 1 25 7.559549
1 1 45 8.109918
2 1 41 14.641839
3
0 1 25 10.577917
1 1 46 19.419195
2 1 27 2.944367
3
0 1 25 10.227046
1 1 32 5.511788
2 1 36 13.133846
3
0 1 25 7.132297
1 1 45 7.054719
2 1 40 13.727076
3
0 1 30 5.463016
1 1 45 10.087640
2 1 39 11.054378
3
0 1 30 11.183436
1 1 34 16.014964
2 1 36 14.846917
3
0 1 30 13.152828
1 1 34 1.797770
2 1 30 3.463653
3
0 1 30 8.677296
1 1 48 17.317423
2 1 48 4.655766
3
0 1 30 16.648630
1 1 34 3.789667
2 1 40 6.032346
3
0 1 35 2.284370
1 1 40 15.522445
2 1 40 12.569906
3
0 1 35 13.386996
1 1 47 11.221328
2 1 38 8.619615
3
0 1 35 11.176006
1 1 49 11.435405
2 1 39 17.344723
3
0 1 35 14.388665
1 1 40 16.207677
2 1 48 12.804937
3
0 1 35 3.394386
1 1 36 19.962449
2 1 46 12.793516
3
0 1 40 15.016075
1 1 47 5.746167
2 1 45 12.218665
3
0 1 40 2.371269
1 1 43 4.815670
2 1 42 13.368713
3
0 1 40 7.918877
1 1 43 8.802982
2 1 41 10.502982
3
0 1 40 12.373216
1 1 47 18.081312
2 1 46 14.380198
3
0 1 40 10.382758
1 1 46 8.661504
2 1 45 7.724881
3
0 1 45 1.436645
1 1 49 10.157297
2 1 49 17.480250
3
0 1 45 9.300644
1 1 46 6.282961
2 1 48 12.228632
3
0 1 45 1.803184
1 1 46 18.290988
2 1 45 7.921068
3
0 1 45 13.660833
1 1 46 10.339462
2 1 45 19.165112
3
0 1 45 4.190690
1 1 48 9.367579
2 1 46 15.478690
3
0 1 49 9.967095
1 1 49 14.924039
2 1 49 3.971627
3
0 1 49 2.932688
1 1 49 3.924091
2 1 49 19.489436
3
0 1 49 10.307679
1 1 49 5.575931
2 1 49 6.233728
3
0 1 49 14.412334
1 1 49 4.634166
2 1 49 14.691713
0
