50 49
3
0 1 5 3.885286
1 1 49 11.931556
2 1 33 12.251795
3
0 1 5 2.055213
1 1 24 18.559799
2 1 28 13.610660
3
0 1 5 8.457045
1 1 14 8.240993
2 1 43 13.452912
3
0 1 5 11.432167
1 1 33 10.330241
2 1 19 18.309495
3
0 1 5 2.427303
1 1 20 15.759262
2 1 20 4.229702
3
0 1 10 9.568330
1 1 28 14.031136
2 1 31 10.221072
3
0 1 10 1.149696
1 1 37 17.652716
2 1 12 7.285834
3
0 1 10 11.001686
1 1 22 5.163665
2 1 49 12.879864
3
0 1 10 13.982983
1 1 16 15.307708
2 1 26 18.248812
3
0 1 10 8.435391
1 1 38 2.781179
2 1 32 2.303258
3
0 1 15 4.920183
1 1 16 11.437904
2 1 20 12.556478
3
0 1 15 15.833871
1 1 16 12.463104
2 1 17 17.177717
3
0 1 15 9.520154
1 1 27 4.837771
2 1 24 16.195011
3
0 1 15 5.796509
1 1 28 11.156254
2 1 20 9.199331
3
0 1 15 5.026142
1 1 30 10.699143
2 1 38 1.441802
3
0 1 20 18.596889
1 1 41 13.239123
2 1 40 8.625449
3
0 1 20 11.615383
1 1 22 4.518565
2 1 33 10.888715
3
0 1 20 7.783185
1 1 31 2.332601
2 1 28 8.239366
3
0 1 20 8.032952
1 1 42 16.846317
2 1 39 9.094486
3
0 1 20 1.808026
1 1 36 15.400704
2 1 24 13.750561
3
0 1 25 13.331624
1 1 27 13.284832
2 1 33 15.998403
3
0 1 25 2.604953
1 1 31 13.675233
2 1 47 14.765361
3
0 1 25 7.452598
1 1 43 5.088605
2 1 25 4.008078
3
0 1 25 4.421330
1 1 37 5.956537
2 1 38 17.970864
3
0 1 25 1.784810
1 1 35 1.434702
2 1 38 16.137359
3
0 1 30 8.088557
1 1 45 7.767949
2 1 47 15.661945
3
0 1 30 16.707344
1 1 41 19.976779
2 1 42 15.086807
3
0 1 30 12.387969
1 1 42 10.199805
2 1 30 8.467968
3
0 1 30 1.498900
1 1 31 16.624092
2 1 40 7.498376
3
0 1 30 6.580128
1 1 41 12.919242
2 1 49 13.503804
3
0 1 35 12.349843
1 1 38 5.218346
2 1 35 5.803889
3
0 1 35 14.820113
1 1 44 1.820700
2 1 46 18.900773
3
0 1 35 4.000388
1 1 38 10.887678
2 1 40 11.394156
3
0 1 35 6.153426
1 1 35 7.805029
2 1 39 6.555844
3
0 1 35 6.181600
1 1 42 5.401840
2 1 39 11.985082
3
0 1 40 7.512687
1 1 43 17.935714
2 1 40 18.973668
3
0 1 40 3.133525
1 1 44 7.698128
2 1 45 14.748960
3
0 1 40 7.739953
1 1 43 12.142452
2 1 49 7.230673
3
0 1 40 17.725576
1 1 40 10.704693
2 1 49 6.711168
3
0 1 40 7.215108
1 1 41 8.835287
2 1 44 1.250773
3
0 1 45 12.456355
1 1 49 4.802339
2 1 48 8.741246
3
0 1 45 19.132319
1 1 46 3.598770
2 1 45 8.316107
3
0 1 45 10.449886
1 1 49 8.268663
2 1 49 12.762583
3
0 1 45 16.986695
1 1 49 15.556389
2 1 45 9.826468
3
0 1 45 10.780510
1 1 45 10.031852
2 1 46 16.935717
3
0 1 49 6.673984
1 1 49 16.856653
2 1 49 14.568608
3
0 1 49 3.190122
1 1 49 10.776571
2 1 49 16.771191
3
0 1 49 19.251417
1 1 49 8.124969
2 1 49 17.641431
3
0 1 49 2.443210
1 1 49 2.614041
2 1 49 8.112777
0
