50 49
3
0 1 5 15.633979
1 1 33 8.114992
2 1 15 3.102956
3
0 1 5 11.727411
1 1 25 19.702586
2 1 36 4.112160
3
0 1 5 4.074103
1 1 29 13.098378
2 1 42 19.225834
3
0 1 5 3.333400
1 1 45 9.405246
2 1 6 18.663914
3
0 1 5 12.205806
1 1 5 15.515949
2 1 6 8.876084
3
0 1 10 7.576491
1 1 23 2.409640
2 1 33 16.637154
3
0 1 10 15.899067
1 1 10 19.603946
2 1 43 16.951684
3
0 1 10 7.757005
1 1 33 17.703536
2 1 36 9.154550
3
0 1 10 4.120766
1 1 21 2.553896
2 1 26 8.463870
3
0 1 10 3.902355
1 1 14 19.881645
2 1 31 11.328816
3
0 1 15 15.120897
1 1 15 12.301380
2 1 39 14.347609
3
0 1 15 18.221269
1 1 42 11.608846
2 1 46 2.337937
3
0 1 15 19.100989
1 1 22 10.006007
2 1 40 12.479588
3
0 1 15 14.490872
1 1 28 6.201975
2 1 49 16.053182
3
0 1 15 15.579862
1 1 42 18.822759
2 1 16 9.333416
3
0 1 20 8.013609
1 1 32 16.142368
2 1 22 7.000599
3
0 1 20 2.899480
1 1 48 10.176012
2 1 36 3.925767
3
0 1 20 7.249448
1 1 27 3.090551
2 1 35 16.849342
3
0 1 20 1.599531
1 1 46 11.915229
2 1 39 11.061431
3
0 1 20 14.921002
1 1 45 13.679095
2 1 32 12.863740
3
0 1 25 18.243045
1 1 47 9.367032
2 1 28 8.197033
3
0 1 25 10.971369
1 1 46 14.337649
2 1 44 13.261497
3
0 1 25 3.790454
1 1 38 10.124737
2 1 27 19.670228
3
0 1 25 5.802847
1 1 33 14.505059
2 1 30 6.753181
3
0 1 25 4.680430
1 1 49 4.747887
2 1 25 8.379072
3
0 1 30 16.517875
1 1 31 17.918271
2 1 43 11.681464
3
0 1 30 9.379549
1 1 47 15.528448
2 1 48 15.723818
3
0 1 30 9.098025
1 1 42 5.968115
2 1 45 2.704697
3
0 1 30 17.036222
1 1 41 2.575939
2 1 32 17.134120
3
0 1 30 3.926938
1 1 43 8.241782
2 1 37 10.081306
3
0 1 35 18.847555
1 1 37 18.500308
2 1 48 16.367957
3
0 1 35 2.400280
1 1 48 14.433584
2 1 39 6.363453
3
0 1 35 5.142421
1 1 47 9.425082
2 1 43 6.620367
3
0 1 35 12.350505
1 1 49 3.938151
2 1 49 9.976958
3
0 1 35 6.958438
1 1 47 3.154582
2 1 35 16.476167
3
0 1 40 10.302689
1 1 41 12.090012
2 1 41 13.228479
3
0 1 40 11.954310
1 1 47 17.019448
2 1 48 4.323160
3
0 1 40 8.761198
1 1 46 17.431952
2 1 43 12.031758
3
0 1 40 18.535654
1 1 40 15.568375
2 1 48 15.376298
3
0 1 40 8.859613
1 1 42 14.880307
2 1 41 6.484244
3
0 1 45 8.934115
1 1 46 6.959262
2 1 48 8.286590
3
0 1 45 5.577914
1 1 45 18.269538
2 1 46 13.164768
3
0 1 45 15.085649
1 1 46 14.831638
2 1 47 17.583057
3
0 1 45 13.537736
1 1 48 2.788329
2 1 48 1.507226
3
0 1 45 1.328723
1 1 46 13.220997
2 1 45 10.800355
3
0 1 49 2.386991
1 1 49 14.044203
2 1 49 16.069634
3
0 1 49 2.870869
1 1 49 2.972718
2 1 49 4.771945
3
0 1 49 11.542204
1 1 49 14.484694
2 1 49 4.519334
3
0 1 49 19.628005
1 1 49 15.163619
2 1 49 1.275465
0
