50 49
3
0 1 5 13.931861
1 1 49 17.071529
2 1 19 1.701353
3
0 1 5 9.347779
1 1 38 3.406564
2 1 47 14.241348
3
0 1 5 8.852619
1 1 21 13.584095
2 1 44 9.763665
3
0 1 5 4.630102
1 1 6 16.157347
2 1 45 19.992761
3
0 1 5 7.691593
1 1 18 13.858966
2 1 36 15.262340
3
0 1 10 1.494824
1 1 12 8.207735
2 1 24 5.225903
3
0 1 10 16.395734
1 1 21 14.246386
2 1 49 17.600361
3
0 1 10 14.604789
1 1 32 14.179930
2 1 31 3.499659
3
0 1 10 11.104610
1 1 11 12.198046
2 1 46 1.224599
3
0 1 10 5.424976
1 1 39 19.769809
2 1 40 17.928302
3
0 1 15 12.279305
1 1 32 19.913182
2 1 48 2.556638
3
0 1 15 19.842497
1 1 41 7.247261
2 1 25 17.685877
3
0 1 15 15.376016
1 1 23 17.056584
2 1 32 11.877945
3
0 1 15 5.960430
1 1 20 8.342579
2 1 41 8.196157
3
0 1 15 16.229395
1 1 34 2.119955
2 1 38 16.572256
3
0 1 20 4.359905
1 1 37 1.118035
2 1 30 18.351861
3
0 1 20 14.251427
1 1 29 11.945339
2 1 26 13.719291
3
0 1 20 17.266383
1 1 43 4.094997
2 1 25 13.853490
3
0 1 20 3.135400
1 1 28 9.860193
2 1 40 2.283424
3
0 1 20 3.872025
1 1 45 12.432471
2 1 30 9.606764
3
0 1 25 15.601692
1 1 38 12.347529
2 1 26 4.152297
3
0 1 25 16.169460
1 1 25 18.034658
2 1 49 11.068708
3
0 1 25 11.744762
1 1 32 4.315850
2 1 44 14.516319
3
0 1 25 3.358489
1 1 46 15.444068
2 1 38 11.987088
3
0 1 25 12.516593
1 1 32 11.872830
2 1 38 16.162663
3
0 1 30 1.370388
1 1 33 8.938783
2 1 31 11.107110
3
0 1 30 15.057713
1 1 30 1.707644
2 1 42 8.485164
3
0 1 30 12.656894
1 1 46 12.727690
2 1 47 15.637470
3
0 1 30 17.469060
1 1 38 11.773118
2 1 35 17.138688
3
0 1 30 14.143726
1 1 33 15.280406
2 1 34 2.469684
3
0 1 35 19.960870
1 1 41 8.846164
2 1 44 13.197471
3
0 1 35 10.192629
1 1 46 9.496280
2 1 47 15.506225
3
0 1 35 18.630634
1 1 43 1.158195
2 1 39 19.897560
3
0 1 35 10.579502
1 1 37 6.974177
2 1 44 17.900746
3
0 1 35 17.541924
1 1 43 12.404255
2 1 39 16.316935
3
0 1 40 4.275448
1 1 48 15.913779
2 1 44 16.180219
3
0 1 40 5.609704
1 1 41 5.548985
2 1 41 4.033801
3
0 1 40 5.783890
1 1 42 11.449674
2 1 49 18.062373
3
0 1 40 4.868738
1 1 47 1.005851
2 1 43 12.304815
3
0 1 40 5.307630
1 1 41 17.836537
2 1 43 1.469995
3
0 1 45 18.832941
1 1 46 3.229083
2 1 46 10.907940
3
0 1 45 17.467153
1 1 49 17.837199
2 1 49 7.534820
3
0 1 45 6.103116
1 1 47 14.477045
2 1 47 5.311543
3
0 1 45 14.675414
1 1 49 1.819811
2 1 48 5.165996
3
0 1 45 19.416410
1 1 47 15.634950
2 1 49 7.821177
3
0 1 49 9.427484
1 1 49 12.545210
2 1 49 13.200703
3
0 1 49 5.616503
1 1 49 6.902060
2 1 49 16.648666
3
0 1 49 9.599599
1 1 49 1.570591
2 1 49 7.352423
3
0 1 49 15.059719
1 1 49 9.104150
2 1 49 2.753835
0
