50 49
3
0 1 5 12.877496
1 1 14 16.371268
2 1 34 7.093366
3
0 1 5 5.441716
1 1 38 18.727616
2 1 23 17.517017
3
0 1 5 15.041398
1 1 47 1.913149
2 1 31 18.093081
3
0 1 5 10.469488
1 1 14 18.022122
2 1 30 16.514641
3
0 1 5 12.864270
1 1 46 18.847395
2 1 45 4.914318
3
0 1 10 13.022011
1 1 10 6.836317
2 1 28 2.744469
3
0 1 10 3.229948
1 1 19 8.683785
2 1 20 7.340057
3
0 1 10 15.545321
1 1 44 11.102440
2 1 15 13.453974
3
0 1 10 16.211500
1 1 33 7.334856
2 1 29 4.744327
3
0 1 10 11.188785
1 1 43 3.772158
2 1 46 6.323703
3
0 1 15 2.877363
1 1 26 15.612663
2 1 28 11.512981
3
0 1 15 1.044489
1 1 39 6.048097
2 1 18 3.322462
3
0 1 15 5.697282
1 1 48 4.942098
2 1 49 10.306704
3
0 1 15 17.641422
1 1 42 15.332185
2 1 17 14.623889
3
0 1 15 11.293421
1 1 31 4.223117
2 1 45 11.640744
3
0 1 20 6.115926
1 1 29 11.428953
2 1 30 8.854632
3
0 1 20 18.045647
1 1 26 13.857399
2 1 44 3.487232
3
0 1 20 6.073852
1 1 23 11.844952
2 1 20 1.332013
3
0 1 20 4.514083
1 1 36 16.868129
2 1 48 11.064634
3
0 1 20 6.569245
1 1 26 12.332375
2 1 43 7.882587
3
0 1 25 14.179911
1 1 41 10.576437
2 1 43 4.058627
3
0 1 25 2.962834
1 1 25 15.538735
2 1 27 10.798078
3
0 1 25 7.479265
1 1 40 4.309140
2 1 49 5.877568
3
0 1 25 1.605841
1 1 44 16.071772
2 1 41 13.170461
3
0 1 25 13.950354
1 1 44 1.214101
2 1 27 15.836702
3
0 1 30 13.096537
1 1 38 12.651698
2 1 40 7.813224
3
0 1 30 18.306124
1 1 40 17.828947
2 1 41 11.193866
3
0 1 30 13.228244
1 1 42 1.464582
2 1 41 9.334930
3
0 1 30 11.599818
1 1 35 16.032482
2 1 38 17.381465
3
0 1 30 11.585416
1 1 39 6.919103
2 1 35 13.404487
3
0 1 35 17.575830
1 1 43 6.701122
2 1 42 11.553334
3
0 1 35 11.190073
1 1 46 11.703084
2 1 44 16.358610
3
0 1 35 4.113613
1 1 43 2.768324
2 1 39 19.209663
3
0 1 35 5.716677
1 1 37 18.035159
2 1 36 7.869697
3
0 1 35 7.996852
1 1 46 12.956657
2 1 39 4.017842
3
0 1 40 6.784546
1 1 46 18.860474
2 1 40 13.579544
3
0 1 40 8.096742
1 1 44 12.101895
2 1 48 17.853763
3
0 1 40 16.783791
1 1 45 15.351127
2 1 45 6.217757
3
0 1 40 4.269447
1 1 40 6.933974
2 1 48 2.763615
3
0 1 40 19.783723
1 1 40 10.994519
2 1 48 1.549911
3
0 1 45 4.090688
1 1 49 19.625223
2 1 46 19.163709
3
0 1 45 13.880596
1 1 46 13.875708
2 1 46 1.228332
3
0 1 45 10.622033
1 1 49 9.204242
2 1 48 6.479698
3
0 1 45 16.595401
1 1 48 6.738889
2 1 45 2.638381
3
0 1 45 16.924873
1 1 47 6.580996
2 1 48 5.260904
3
0 1 49 5.971711
1 1 49 12.526891
2 1 49 16.939558
3
0 1 49 2.720408
1 1 49 18.868192
2 1 49 16.098600
3
0 1 49 8.197267
1 1 49 9.892057
2 1 49 13.773688
3
0 1 49 17.438953
1 1 49 6.996612
2 1 49 13.328313
0
