50 49
3
0 1 5 12.597343
1 1 24 4.819179
2 1 34 12.018211
3
0 1 5 2.319804
1 1 31 3.552143
2 1 49 8.562748
3
0 1 5 16.787417
1 1 14 2.478753
2 1 45 15.950231
3
0 1 5 16.432028
1 1 13 1.196821
2 1 30 18.382028
3
0 1 5 16.744188
1 1 40 8.676931
2 1 25 17.561279
3
0 1 10 6.310914
1 1 21 19.074758
2 1 27 8.907485
3
0 1 10 1.856431
1 1 29 8.110643
2 1 18 2.124568
3
0 1 10 14.334153
1 1 43 9.356063
2 1 26 13.997071
3
0 1 10 19.995065
1 1 36 2.599028
2 1 41 13.960376
3
0 1 10 9.599935
1 1 19 17.667023
2 1 14 4.570257
3
0 1 15 1.192886
1 1 28 11.214419
2 1 26 18.340050
3
0 1 15 16.035440
1 1 46 13.025586
2 1 41 11.765258
3
0 1 15 5.303429
1 1 44 18.143392
2 1 39 6.669494
3
0 1 15 8.013101
1 1 25 2.510820
2 1 49 4.792573
3
0 1 15 13.184312
1 1 40 14.171435
2 1 30 16.763192
3
0 1 20 15.056047
1 1 23 2.582289
2 1 33 9.711996
3
0 1 20 6.426320
1 1 23 5.052634
2 1 43 1.892104
3
0 1 20 1.668832
1 1 26 8.269847
2 1 22 5.329396
3
0 1 20 6.756751
1 1 45 14.217597
2 1 30 14.988183
3
0 1 20 18.022521
1 1 34 6.605023
2 1 48 15.805812
3
0 1 25 7.814968
1 1 40 6.679288
2 1 28 11.033416
3
0 1 25 9.054971
1 1 36 2.664307
2 1 26 14.749621
3
0 1 25 2.105592
1 1 37 12.281243
2 1 43 14.506416
3
0 1 25 15.992315
1 1 38 11.981153
2 1 35 3.515463
3
0 1 25 17.357469
1 1 41 19.504279
2 1 29 5.513563
3
0 1 30 19.252591
1 1 33 13.373650
2 1 30 17.653268
3
0 1 30 3.096060
1 1 37 8.627647
2 1 35 4.232915
3
0 1 30 5.053172
1 1 47 17.082278
2 1 38 16.970532
3
0 1 30 13.774169
1 1 48 12.011562
2 1 37 6.691884
3
0 1 30 3.763324
1 1 30 10.016225
2 1 42 6.263983
3
0 1 35 8.063775
1 1 49 7.309685
2 1 46 2.836248
3
0 1 35 3.254861
1 1 35 16.268103
2 1 41 1.991270
3
0 1 35 1.628679
1 1 39 11.012057
2 1 37 13.981272
3
0 1 35 16.857918
1 1 40 4.176216
2 1 42 14.048089
3
0 1 35 2.627217
1 1 39 16.059857
2 1 47 4.779059
3
0 1 40 1.617638
1 1 46 2.630515
2 1 43 12.614835
3
0 1 40 12.885877
1 1 43 7.643529
2 1 45 1.710533
3
0 1 40 15.577814
1 1 47 15.153119
2 1 46 10.971332
3
0 1 40 11.895204
1 1 45 9.455691
2 1 48 4.236523
3
0 1 40 19.247962
1 1 42 10.105984
2 1 45 12.489264
3
0 1 45 7.919363
1 1 48 10.462979
2 1 45 7.593286
3
0 1 45 8.631632
1 1 48 9.003041
2 1 49 12.000171
3
0 1 45 5.842991
1 1 48 5.860527
2 1 49 19.796879
3
0 1 45 6.501773
1 1 45 13.549563
2 1 46 3.107943
3
0 1 45 11.353498
1 1 47 10.592530
2 1 46 12.579632
3
0 1 49 8.897628
1 1 49 6.154488
2 1 49 19.929170
3
0 1 49 17.633135
1 1 49 3.319756
2 1 49 3.954561
3
0 1 49 7.034561
1 1 49 17.280780
2 1 49 1.671104
3
0 1 49 1.709718
1 1 49 10.745176
2 1 49 11.246875
0
