50 49
3
0 1 5 6.291985
1 1 29 18.697189
2 1 31 8.774425
3
0 1 5 11.440037
1 1 41 16.664576
2 1 26 19.661060
3
0 1 5 12.111029
1 1 44 19.526665
2 1 24 7.602283
3
0 1 5 14.782682
1 1 32 15.448438
2 1 30 3.264509
3
0 1 5 6.491523
1 1 39 14.416771
2 1 24 17.217705
3
0 1 10 8.494094
1 1 16 19.836139
2 1 31 15.131945
3
0 1 10 3.790999
1 1 26 14.038622
2 1 37 8.531114
3
0 1 10 17.255609
1 1 42 6.531540
2 1 40 4.484449
3
0 1 10 6.718242
1 1 22 18.925727
2 1 28 18.742624
3
0 1 10 1.403508
1 1 38 8.585091
2 1 25 17.058776
3
0 1 15 19.204863
1 1 38 14.787435
2 1 47 2.464181
3
0 1 15 8.395636
1 1 28 12.097826
2 1 41 18.924007
3
0 1 15 7.356541
1 1 15 6.292788
2 1 18 7.650996
3
0 1 15 12.681297
1 1 43 15.293941
2 1 46 15.894226
3
0 1 15 19.182855
1 1 23 10.991718
2 1 35 13.600198
3
0 1 20 13.372305
1 1 47 14.543949
2 1 45 1.528620
3
0 1 20 7.233661
1 1 25 9.673656
2 1 44 1.555521
3
0 1 20 11.262223
1 1 40 17.139071
2 1 25 3.703470
3
0 1 20 6.153668
1 1 43 4.780423
2 1 38 6.317484
3
0 1 20 3.975726
1 1 43 15.610553
2 1 24 8.702955
3
0 1 25 19.897441
1 1 37 17.546048
2 1 30 19.683914
3
0 1 25 11.385145
1 1 27 17.537350
2 1 45 16.608834
3
0 1 25 12.490696
1 1 47 14.119915
2 1 25 5.225472
3
0 1 25 11.185852
1 1 47 14.759133
2 1 37 4.772337
3
0 1 25 15.629650
1 1 45 3.123134
2 1 28 9.734214
3
0 1 30 10.832387
1 1 33 8.328797
2 1 44 3.830728
3
0 1 30 16.379414
1 1 31 12.227054
2 1 44 6.817215
3
0 1 30 1.236104
1 1 39 5.627538
2 1 35 7.545829
3
0 1 30 18.019214
1 1 38 5.418717
2 1 42 10.373211
3
0 1 30 5.809337
1 1 38 13.033421
2 1 32 8.041324
3
0 1 35 3.236697
1 1 44 14.017145
2 1 42 1.241088
3
0 1 35 2.178927
1 1 49 9.912926
2 1 44 12.289497
3
0 1 35 9.381489
1 1 45 3.498396
2 1 48 14.877216
3
0 1 35 1.415041
1 1 49 16.396679
2 1 37 1.929075
3
0 1 35 9.781047
1 1 43 18.570693
2 1 46 11.753312
3
0 1 40 4.864399
1 1 44 10.615904
2 1 49 6.545481
3
0 1 40 10.097641
1 1 49 9.416118
2 1 46 12.456984
3
0 1 40 19.708465
1 1 41 10.532810
2 1 40 3.645148
3
0 1 40 9.578900
1 1 43 8.052397
2 1 45 14.083910
3
0 1 40 7.211631
1 1 41 8.458663
2 1 40 5.082241
3
0 1 45 10.697066
1 1 47 12.992916
2 1 48 7.426533
3
0 1 45 16.578087
1 1 48 14.502054
2 1 46 11.423824
3
0 1 45 14.261641
1 1 49 14.127926
2 1 46 17.726299
3
0 1 45 19.247085
1 1 45 8.929993
2 1 49 16.536265
3
0 1 45 19.132615
1 1 46 14.403285
2 1 49 13.409823
3
0 1 49 3.435782
1 1 49 5.138965
2 1 49 13.037178
3
0 1 49 18.261271
1 1 49 15.373382
2 1 49 3.561329
3
0 1 49 7.421960
1 1 49 7.654619
2 1 49 9.289293
3
0 1 49 12.255901
1 1 49 12.299739
2 1 49 12.285434
0
