50 49
3
0 1 5 18.356693
1 1 10 8.733357
2 1 40 19.663568
3
0 1 5 19.833184
1 1 11 10.019978
2 1 21 5.781944
3
0 1 5 3.639053
1 1 27 13.396373
2 1 19 6.822119
3
0 1 5 18.914432
1 1 46 14.799266
2 1 41 7.302210
3
0 1 5 4.048086
1 1 22 11.309778
2 1 10 1.427507
3
0 1 10 3.306136
1 1 40 2.415803
2 1 25 12.706313
3
0 1 10 17.776066
1 1 20 2.960818
2 1 11 3.506293
3
0 1 10 19.929130
1 1 45 3.070338
2 1 33 12.095431
3
0 1 10 5.028593
1 1 26 8.201422
2 1 22 16.688503
3
0 1 10 13.797113
1 1 17 19.390910
2 1 38 16.606915
3
0 1 15 7.200440
1 1 43 15.621585
2 1 37 14.340333
3
0 1 15 17.511095
1 1 47 14.591860
2 1 17 14.335351
3
0 1 15 7.916848
1 1 30 8.803246
2 1 43 16.698923
3
0 1 15 19.376508
1 1 43 10.064047
2 1 47 4.627906
3
0 1 15 14.918787
1 1 31 12.953194
2 1 17 14.723706
3
0 1 20 7.973137
1 1 42 19.281770
2 1 31 19.419533
3
0 1 20 7.515213
1 1 40 5.019476
2 1 34 17.152517
3
0 1 20 4.754358
1 1 30 2.770281
2 1 31 9.412341
3
0 1 20 17.547749
1 1 22 5.354038
2 1 42 18.130678
3
0 1 20 14.099953
1 1 44 9.002461
2 1 37 6.008984
3
0 1 25 13.449703
1 1 33 17.415140
2 1 33 1.002245
3
0 1 25 14.262003
1 1 42 4.861403
2 1 29 1.044545
3
0 1 25 5.162738
1 1 47 12.664171
2 1 39 7.194256
3
0 1 25 15.038455
1 1 42 2.944382
2 1 26 2.723661
3
0 1 25 11.838499
1 1 45 3.767992
2 1 25 13.354642
3
0 1 30 4.381988
1 1 40 9.002142
2 1 42 11.783942
3
0 1 30 18.204447
1 1 44 16.344369
2 1 44 3.994339
3
0 1 30 6.338547
1 1 49 16.284185
2 1 43 8.462123
3
0 1 30 16.991046
1 1 34 1.722480
2 1 37 2.106042
3
0 1 30 5.344521
1 1 36 8.509553
2 1 48 2.061347
3
0 1 35 9.731444
1 1 37 12.393081
2 1 37 5.201216
3
0 1 35 5.210530
1 1 42 16.498239
2 1 36 10.334629
3
0 1 35 4.564266
1 1 43 18.318649
2 1 41 2.404583
3
0 1 35 2.352538
1 1 39 2.589535
2 1 43 5.880494
3
0 1 35 15.240364
1 1 47 19.368975
2 1 41 2.412598
3
0 1 40 17.259178
1 1 45 1.256388
2 1 45 1.611567
3
0 1 40 10.278820
1 1 43 16.045542
2 1 46 19.246071
3
0 1 40 17.865527
1 1 49 1.496691
2 1 44 7.721268
3
0 1 40 19.385835
1 1 45 2.060639
2 1 40 10.413739
3
0 1 40 2.645419
1 1 46 5.259031
2 1 42 19.765321
3
0 1 45 2.685140
1 1 47 10.482434
2 1 45 6.074155
3
0 1 45 18.848746
1 1 46 6.187286
2 1 48 10.379644
3
0 1 45 3.602721
1 1 48 3.596921
2 1 45 11.658800
3
0 1 45 10.287531
1 1 46 10.473109
2 1 49 9.089493
3
0 1 45 10.710815
1 1 46 6.446054
2 1 45 14.298598
3
0 1 49 6.994485
1 1 49 12.628465
2 1 49 11.282954
3
0 1 49 4.530697
1 1 49 19.128310
2 1 49 5.938230
3
0 1 49 12.285024
1 1 49 9.591143
2 1 49 8.666131
3
0 1 49 2.276182
1 1 49 12.230334
2 1 49 9.771481
0
