50 49
3
0 1 5 12.965957
1 1 47 12.748409
2 1 28 13.551525
3
0 1 5 3.905178
1 1 31 15.214153
2 1 22 7.835539
3
0 1 5 9.624083
1 1 49 15.503284
2 1 20 5.759869
3
0 1 5 18.047630
1 1 32 18.582116
2 1 8 7.368762
3
0 1 5 2.175874
1 1 11 18.220943
2 1 31 8.762338
3
0 1 10 6.407789
1 1 12 16.110631
2 1 13 4.458894
3
0 1 10 17.937124
1 1 23 8.033518
2 1 46 3.037613
3
0 1 10 4.481652
1 1 24 1.184252
2 1 28 14.031872
3
0 1 10 19.284217
1 1 30 14.280695
2 1 37 2.258096
3
0 1 10 19.860210
1 1 21 12.871857
2 1 21 13.635222
3
0 1 15 4.148150
1 1 31 5.981399
2 1 29 3.102931
3
0 1 15 10.122532
1 1 24 7.118538
2 1 32 9.769857
3
0 1 15 2.247131
1 1 36 12.386499
2 1 36 17.480826
3
0 1 15 11.277033
1 1 35 5.341382
2 1 40 4.972820
3
0 1 15 12.744090
1 1 48 13.918249
2 1 40 1.675358
3
0 1 20 19.219572
1 1 33 17.954267
2 1 39 19.802319
3
0 1 20 12.597490
1 1 41 1.093346
2 1 22 11.167759
3
0 1 20 15.053480
1 1 38 11.889542
2 1 32 6.471901
3
0 1 20 5.820614
1 1 29 11.823538
2 1 49 14.526524
3
0 1 20 15.883286
1 1 34 13.784999
2 1 46 18.793537
3
0 1 25 7.123028
1 1 31 6.212120
2 1 33 16.242826
3
0 1 25 12.549388
1 1 32 4.324792
2 1 38 16.608483
3
0 1 25 8.943524
1 1 42 4.318319
2 1 37 9.946427
3
0 1 25 6.620255
1 1 41 2.783853
2 1 36 19.856796
3
0 1 25 15.982622
1 1 48 13.789345
2 1 33 17.458790
3
0 1 30 4.451271
1 1 46 1.757218
2 1 39 3.565073
3
0 1 30 6.076568
1 1 38 3.467569
2 1 41 12.844782
3
0 1 30 6.416191
1 1 47 19.847839
2 1 40 16.476624
3
0 1 30 6.623711
1 1 48 5.212599
2 1 44 7.907154
3
0 1 30 10.534687
1 1 30 6.850058
2 1 43 15.037813
3
0 1 35 10.673336
1 1 49 15.631097
2 1 39 7.000778
3
0 1 35 8.453985
1 1 40 10.699847
2 1 49 11.435904
3
0 1 35 13.577462
1 1 40 1.687164
2 1 39 5.510297
3
0 1 35 17.731905
1 1 47 4.089865
2 1 47 12.135145
3
0 1 35 13.786645
1 1 44 6.070830
2 1 38 15.686571
3
0 1 40 18.573306
1 1 49 14.232696
2 1 40 6.098897
3
0 1 40 8.220538
1 1 49 8.902459
2 1 44 16.749418
3
0 1 40 7.092355
1 1 47 5.270141
2 1 42 15.942994
3
0 1 40 10.261514
1 1 41 15.979274
2 1 48 8.633411
3
0 1 40 11.560976
1 1 44 5.706772
2 1 46 1.472468
3
0 1 45 11.023026
1 1 47 9.094973
2 1 45 17.185063
3
0 1 45 15.303479
1 1 48 19.347508
2 1 48 1.587707
3
0 1 45 9.473416
1 1 46 4.505387
2 1 49 8.873883
3
0 1 45 14.117321
1 1 45 18.639055
2 1 45 14.750434
3
0 1 45 4.339651
1 1 45 19.724899
2 1 49 1.250177
3
0 1 49 2.060896
1 1 49 6.172027
2 1 49 4.303944
3
0 1 49 10.575354
1 1 49 1.357929
2 1 49 7.434088
3
0 1 49 14.103837
1 1 49 12.369834
2 1 49 16.832090
3
0 1 49 10.696097
1 1 49 19.694450
2 1 49 4.646229
0
