50 49
3
0 1 5 13.545251
1 1 16 8.158327
2 1 31 7.404253
3
0 1 5 14.127226
1 1 26 15.380101
2 1 43 17.137462
3
0 1 5 8.438731
1 1 30 5.710081
2 1 15 19.543166
3
0 1 5 3.486205
1 1 22 5.912664
2 1 29 4.981039
3
0 1 5 8.262015
1 1 26 5.330239
2 1 42 8.406013
3
0 1 10 18.039743
1 1 47 17.583999
2 1 15 12.501668
3
0 1 10 1.449220
1 1 29 12.766597
2 1 44 1.605411
3
0 1 10 2.549500
1 1 15 4.463239
2 1 49 14.412602
3
0 1 10 17.712909
1 1 14 8.969620
2 1 31 2.194464
3
0 1 10 13.018106
1 1 28 16.533504
2 1 10 9.692770
3
0 1 15 4.135866
1 1 32 2.084043
2 1 38 12.364333
3
0 1 15 19.621858
1 1 29 6.557595
2 1 25 4.739241
3
0 1 15 5.809519
1 1 20 17.905068
2 1 16 15.541371
3
0 1 15 7.032878
1 1 32 8.614119
2 1 26 13.747540
3
0 1 15 3.431271
1 1 43 4.103510
2 1 49 7.786613
3
0 1 20 6.651125
1 1 23 8.838396
2 1 25 5.278038
3
0 1 20 10.996332
1 1 39 16.843694
2 1 21 4.950903
3
0 1 20 6.806255
1 1 48 14.505052
2 1 48 1.206247
3
0 1 20 11.539551
1 1 35 7.293356
2 1 48 19.289352
3
0 1 20 14.603702
1 1 20 17.751517
2 1 48 17.343396
3
0 1 25 1.354984
1 1 35 3.296125
2 1 42 4.308390
3
0 1 25 7.877541
1 1 33 8.349087
2 1 43 16.635716
3
0 1 25 15.041835
1 1 47 18.651506
2 1 39 7.145806
3
0 1 25 10.160784
1 1 26 2.884052
2 1 28 12.429064
3
0 1 25 10.479876
1 1 26 1.730345
2 1 40 3.637707
3
0 1 30 14.349901
1 1 31 7.211608
2 1 34 14.894909
3
0 1 30 11.155371
1 1 42 14.963790
2 1 34 3.091729
3
0 1 30 18.579712
1 1 42 6.927690
2 1 34 4.220585
3
0 1 30 14.994748
1 1 34 13.194834
2 1 44 6.301463
3
0 1 30 12.374943
1 1 44 5.445033
2 1 32 6.267974
3
0 1 35 15.693410
1 1 45 3.612692
2 1 40 13.021237
3
0 1 35 9.272567
1 1 43 13.285831
2 1 49 9.921185
3
0 1 35 9.662079
1 1 36 13.442781
2 1 48 9.700923
3
0 1 35 18.433017
1 1 37 17.496064
2 1 36 4.266222
3
0 1 35 6.041016
1 1 35 12.263598
2 1 46 13.890632
3
0 1 40 17.172299
1 1 42 16.193811
2 1 43 11.755543
3
0 1 40 15.507820
1 1 43 5.657604
2 1 48 1.989310
3
0 1 40 3.813212
1 1 49 6.045071
2 1 42 18.513986
3
0 1 40 14.680931
1 1 42 1.002728
2 1 47 12.424787
3
0 1 40 7.661871
1 1 44 17.980423
2 1 48 17.595682
3
0 1 45 16.593654
1 1 49 3.113060
2 1 49 11.462930
3
0 1 45 17.489101
1 1 45 14.951590
2 1 48 10.617086
3
0 1 45 6.744263
1 1 46 4.587628
2 1 47 15.981562
3
0 1 45 1.487894
1 1 46 4.369809
2 1 49 13.287549
3
0 1 45 9.552965
1 1 46 8.900211
2 1 48 15.697074
3
0 1 49 12.929483
1 1 49 12.687389
2 1 49 17.909437
3
0 1 49 3.028487
1 1 49 17.646466
2 1 49 9.183934
3
0 1 49 9.980064
1 1 49 14.048825
2 1 49 13.629901
3
0 1 49 1.494005
1 1 49 16.911231
2 1 49 11.096181
0
