50 49
3
0 1 5 10.960119
1 1 49 5.508751
2 1 40 6.421292
3
0 1 5 12.090543
1 1 38 16.215379
2 1 43 1.495049
3
0 1 5 6.311429
1 1 28 1.283465
2 1 10 19.422287
3
0 1 5 19.547484
1 1 26 14.965862
2 1 49 5.954508
3
0 1 5 13.743796
1 1 24 2.896863
2 1 19 18.117053
3
0 1 10 15.392175
1 1 24 19.614350
2 1 20 5.840405
3
0 1 10 9.527654
1 1 34 8.719727
2 1 34 16.807342
3
0 1 10 14.928010
1 1 14 13.572888
2 1 12 16.375850
3
0 1 10 5.384394
1 1 39 16.435326
2 1 17 4.924424
3
0 1 10 11.786444
1 1 39 5.180896
2 1 32 2.945893
3
0 1 15 14.317860
1 1 45 17.128491
2 1 46 4.217276
3
0 1 15 14.114102
1 1 17 14.571010
2 1 46 4.923288
3
0 1 15 10.474371
1 1 33 4.033391
2 1 36 17.106330
3
0 1 15 1.875079
1 1 15 12.784821
2 1 18 17.958293
3
0 1 15 13.673380
1 1 44 19.858347
2 1 46 7.290596
3
0 1 20 14.375949
1 1 30 4.376339
2 1 37 6.486007
3
0 1 20 2.779753
1 1 41 18.294321
2 1 21 18.686700
3
0 1 20 8.209479
1 1 26 9.528503
2 1 27 1.574986
3
0 1 20 6.406019
1 1 41 16.738787
2 1 20 3.752986
3
0 1 20 12.410413
1 1 42 2.872487
2 1 31 11.476725
3
0 1 25 18.675608
1 1 41 19.017561
2 1 35 13.536982
3
0 1 25 9.076908
1 1 41 12.306554
2 1 28 3.628620
3
0 1 25 10.454530
1 1 29 12.681568
2 1 48 19.201681
3
0 1 25 19.294386
1 1 30 13.568011
2 1 27 2.852753
3
0 1 25 18.995187
1 1 31 6.740769
2 1 29 5.442998
3
0 1 30 18.705513
1 1 35 2.294242
2 1 43 5.142728
3
0 1 30 17.044372
1 1 42 5.302116
2 1 47 4.532420
3
0 1 30 3.083487
1 1 35 7.082725
2 1 42 17.766797
3
0 1 30 4.785694
1 1 41 6.849551
2 1 37 19.455009
3
0 1 30 6.943736
1 1 48 11.857076
2 1 43 16.009326
3
0 1 35 6.829870
1 1 39 6.419350
2 1 39 2.047987
3
0 1 35 8.241967
1 1 47 19.976193
2 1 49 4.547737
3
0 1 35 8.079232
1 1 46 18.603714
2 1 36 18.761252
3
0 1 35 11.207153
1 1 49 1.972294
2 1 43 8.795677
3
0 1 35 13.527379
1 1 48 5.337684
2 1 42 1.616284
3
0 1 40 10.813116
1 1 41 13.225197
2 1 42 13.360615
3
0 1 40 4.377457
1 1 43 19.942079
2 1 41 17.257485
3
0 1 40 6.921292
1 1 48 2.479998
2 1 45 16.085655
3
0 1 40 5.684082
1 1 48 16.990133
2 1 41 9.293390
3
0 1 40 4.749697
1 1 42 8.572787
2 1 42 1.027666
3
0 1 45 15.806548
1 1 49 10.309965
2 1 47 6.362756
3
0 1 45 7.257688
1 1 49 1.447362
2 1 48 9.004308
3
0 1 45 2.545457
1 1 48 13.973321
2 1 46 12.168122
3
0 1 45 16.679117
1 1 46 4.814522
2 1 45 6.743292
3
0 1 45 3.580139
1 1 47 19.415800
2 1 49 8.439544
3
0 1 49 5.898965
1 1 49 2.200123
2 1 49 17.134580
3
0 1 49 4.157787
1 1 49 13.812650
2 1 49 8.156099
3
0 1 49 11.796521
1 1 49 19.391590
2 1 49 13.989437
3
0 1 49 4.342625
1 1 49 4.332266
2 1 49 11.342007
0
