50 49
3
0 1 5 10.799320
1 1 42 4.019546
2 1 42 8.896738
3
0 1 5 4.867716
1 1 45 12.560209
2 1 47 3.708543
3
0 1 5 1.755732
1 1 29 17.972680
2 1 37 10.458230
3
0 1 5 12.600320
1 1 39 7.839778
2 1 43 8.008113
3
0 1 5 7.521137
1 1 10 4.138856
2 1 25 10.464745
3
0 1 10 19.179867
1 1 43 14.350700
2 1 22 19.038138
3
0 1 10 10.160196
1 1 32 12.350935
2 1 24 15.329206
3
0 1 10 17.188485
1 1 38 10.696927
2 1 43 11.855520
3
0 1 10 8.282911
1 1 10 11.551856
2 1 12 19.956679
3
0 1 10 9.861267
1 1 24 2.187466
2 1 25 6.709767
3
0 1 15 6.925219
1 1 34 13.276619
2 1 38 6.334994
3
0 1 15 12.348359
1 1 25 11.286735
2 1 43 15.773486
3
0 1 15 18.426055
1 1 23 5.652598
2 1 16 15.534117
3
0 1 15 4.539541
1 1 20 4.004463
2 1 26 7.705546
3
0 1 15 3.505863
1 1 40 1.767335
2 1 49 15.022165
3
0 1 20 7.054245
1 1 23 7.362026
2 1 41 3.916933
3
0 1 20 15.130487
1 1 47 2.730786
2 1 26 7.761016
3
0 1 20 15.276830
1 1 39 15.279496
2 1 48 16.511633
3
0 1 20 14.506833
1 1 41 16.949801
2 1 45 10.291618
3
0 1 20 9.491493
1 1 49 8.164986
2 1 28 4.813032
3
0 1 25 10.995787
1 1 40 12.291756
2 1 29 13.755060
3
0 1 25 3.460127
1 1 33 15.442546
2 1 31 7.284332
3
0 1 25 12.023482
1 1 34 5.773524
2 1 27 12.432113
3
0 1 25 18.537282
1 1 33 13.153731
2 1 43 9.220945
3
0 1 25 9.832355
1 1 32 5.977100
2 1 38 10.596548
3
0 1 30 10.862217
1 1 48 10.495027
2 1 44 16.877696
3
0 1 30 6.221609
1 1 39 14.981821
2 1 38 7.512556
3
0 1 30 12.616092
1 1 30 6.627035
2 1 39 11.134419
3
0 1 30 7.963384
1 1 43 8.969383
2 1 33 16.287892
3
0 1 30 12.873362
1 1 48 11.464612
2 1 48 1.324907
3
0 1 35 15.778192
1 1 48 17.599003
2 1 46 11.644808
3
0 1 35 18.407849
1 1 36 8.163217
2 1 42 13.937148
3
0 1 35 3.150662
1 1 44 15.875610
2 1 48 4.858864
3
0 1 35 7.489238
1 1 47 17.681922
2 1 37 18.412701
3
0 1 35 18.503530
1 1 49 10.648767
2 1 42 3.372927
3
0 1 40 9.610459
1 1 40 14.097095
2 1 47 2.907217
3
0 1 40 11.202668
1 1 47 17.032580
2 1 41 4.845159
3
0 1 40 8.016717
1 1 49 9.990307
2 1 43 4.042436
3
0 1 40 19.674380
1 1 47 14.274502
2 1 47 12.495350
3
0 1 40 18.516083
1 1 45 11.407031
2 1 49 1.130760
3
0 1 45 1.784915
1 1 45 6.943144
2 1 49 19.151066
3
0 1 45 9.971181
1 1 45 15.945915
2 1 47 18.551318
3
0 1 45 9.000531
1 1 48 18.719151
2 1 45 17.509622
3
0 1 45 14.738132
1 1 49 19.559138
2 1 48 3.991290
3
0 1 45 11.243374
1 1 47 8.419436
2 1 49 10.828669
3
0 1 49 8.781199
1 1 49 4.056245
2 1 49 4.666232
3
0 1 49 4.044375
1 1 49 13.929239
2 1 49 2.346967
3
0 1 49 8.402478
1 1 49 8.910020
2 1 49 2.754719
3
0 1 49 14.777501
1 1 49 17.762503
2 1 49 8.764685
0
