20 19
3
0 2 5 13.598881 13 8.897560
1 2 15 14.866657 13 7.501012
2 2 13 9.667953 18 16.218759
3
0 2 5 7.635899 18 1.687869
1 2 18 1.873215 19 4.401569
2 2 8 3.820143 18 18.468670
3
0 2 5 6.021551 10 18.287138
1 2 9 1.965469 10 7.208306
2 2 16 4.664166 12 6.431414
3
0 2 5 2.940782 15 12.999400
1 2 9 15.174237 15 18.163260
2 2 13 1.279159 8 13.491617
3
0 2 5 3.347093 13 7.901833
1 2 5 14.665815 11 4.252116
2 2 9 5.231687 11 10.880688
3
0 2 10 13.134573 18 7.036471
1 2 13 8.986710 12 1.728461
2 2 15 6.018963 12 17.888456
3
0 2 10 9.428767 12 5.262934
1 2 18 18.854823 14 7.534122
2 2 13 13.581772 15 17.896354
3
0 2 10 6.955850 18 17.813470
1 2 18 15.844899 10 2.725128
2 2 17 19.543487 13 18.368517
3
0 2 10 7.046847 18 3.196715
1 2 19 17.627082 14 10.769907
2 2 11 3.690605 15 17.169165
3
0 2 10 3.339767 15 3.445671
1 2 13 19.611231 15 11.929938
2 2 11 17.303780 12 1.903386
3
0 2 15 19.705192 17 2.868611
1 2 19 15.818442 17 10.599501
2 2 17 2.352644 16 13.516601
3
0 2 15 10.905986 17 18.503912
1 2 15 13.785234 17 1.039641
2 2 15 11.834364 17 12.511131
3
0 2 15 10.826743 16 18.988221
1 2 17 8.881302 15 5.544067
2 2 17 11.193737 18 16.750705
3
0 2 15 1.998466 18 12.289532
1 2 19 10.190156 15 19.665067
2 2 19 11.836090 16 18.393835
3
0 2 15 13.363337 18 10.998027
1 2 16 10.533744 15 12.622916
2 2 16 2.385136 15 16.060003
3
0 2 19 16.242271 19 4.732564
1 2 19 11.115471 19 9.003742
2 2 19 12.339645 19 12.245095
3
0 2 19 4.870805 19 12.790683
1 2 19 10.685532 19 14.274202
2 2 19 16.130136 19 14.823989
3
0 2 19 15.724122 19 9.444328
1 2 19 1.918191 19 8.834985
2 2 19 3.141340 19 11.981440
3
0 2 19 8.371677 19 2.615060
1 2 19 1.796242 19 11.960235
2 2 19 3.524630 19 11.463600
0
