20 19
3
0 2 5 7.664788 19 17.226123
1 2 16 19.339835 15 11.206461
2 2 17 16.460769 18 18.437552
3
0 2 5 13.552028 15 3.764436
1 2 9 9.437941 14 6.910944
2 2 18 15.686929 12 3.891227
3
0 2 5 8.974377 12 14.715648
1 2 11 12.346066 16 16.880365
2 2 9 12.243388 13 16.083798
3
0 2 5 18.158367 15 1.417245
1 2 7 11.196137 13 13.382597
2 2 15 13.320570 17 16.467934
3
0 2 5 19.938863 17 4.145805
1 2 15 11.355780 14 7.435280
2 2 10 3.435764 14 16.866507
3
0 2 10 3.204826 14 14.741488
1 2 12 10.249239 17 3.511559
2 2 11 12.306586 17 12.764934
3
0 2 10 13.647350 15 5.296119
1 2 16 5.463330 14 9.454427
2 2 14 2.497461 15 1.235136
3
0 2 10 9.851503 13 16.860402
1 2 18 1.449556 13 19.646609
2 2 10 5.845604 11 15.353435
3
0 2 10 7.378324 15 7.283112
1 2 14 15.993562 12 14.089659
2 2 16 2.375461 18 1.186549
3
0 2 10 8.374862 16 11.551670
1 2 10 16.445608 17 7.772010
2 2 14 10.713093 13 13.727373
3
0 2 15 2.127351 17 1.836211
1 2 18 13.544549 19 8.733747
2 2 18 11.038894 15 8.715291
3
0 2 15 19.703111 16 17.448188
1 2 18 6.404580 16 9.675679
2 2 16 2.019051 18 6.245043
3
0 2 15 13.102639 16 16.299194
1 2 18 18.465679 16 13.667167
2 2 18 14.023611 16 12.062123
3
0 2 15 18.560341 18 11.502573
1 2 17 6.406017 18 11.535023
2 2 19 18.755274 15 13.041353
3
0 2 15 7.067181 19 5.803313
1 2 17 15.710712 15 3.103826
2 2 15 7.265684 19 13.068860
3
0 1 19 17.263357
1 1 19 15.102145
2 1 19 9.975735
3
0 1 19 5.689813
1 1 19 5.030293
2 1 19 2.132553
3
0 1 19 5.569264
1 1 19 1.488045
2 1 19 17.110025
3
0 1 19 5.955611
1 1 19 18.985989
2 1 19 13.895657
0
