100 99
3
0 2 10 6.508842 50 19.579612
1 2 77 1.210486 17 5.361612
2 2 87 19.116447 37 8.214588
3
0 2 10 9.751816 52 15.128857
1 2 60 1.050482 80 7.661483
2 2 66 1.146302 53 12.311647
3
0 2 10 15.808060 75 10.627318
1 2 48 18.601586 64 3.838681
2 2 87 14.554574 55 8.114555
3
0 2 10 10.605174 15 12.290520
1 2 91 14.393037 52 7.738214
2 2 14 7.141093 67 3.699157
3
0 2 10 8.754259 21 13.627452
1 2 60 15.035105 90 9.674004
2 2 28 17.200267 29 5.946923
3
0 2 10 14.752733 95 13.018194
1 2 63 6.919337 21 8.367346
2 2 47 18.129544 40 4.995552
3
0 2 10 11.995968 38 18.980919
1 2 32 1.270394 34 7.476011
2 2 38 18.230888 43 6.839280
3
0 2 10 2.300471 23 3.018587
1 2 70 12.494735 32 8.950936
2 2 74 5.723883 78 2.997743
3
0 2 10 1.331333 44 9.908390
1 2 37 19.142825 59 14.537818
2 2 27 5.624235 76 6.870556
3
0 2 10 10.643739 79 10.231994
1 2 10 3.359808 22 2.611032
2 2 11 19.357643 32 8.077436
3
0 2 20 16.862743 23 6.739928
1 2 63 17.556559 29 13.152554
2 2 85 17.736433 95 12.147998
3
0 2 20 17.968362 98 2.180560
1 2 73 10.746358 43 7.412067
2 2 39 16.358866 28 16.717620
3
0 2 20 12.439823 56 5.279661
1 2 87 5.004072 96 4.026617
2 2 39 17.920083 31 12.177162
3
0 2 20 3.084064 89 6.665184
1 2 42 15.161229 88 11.320328
2 2 26 14.981415 20 1.613000
3
0 2 20 17.030113 28 15.341374
1 2 57 12.483484 67 1.564619
2 2 36 11.244359 91 7.887384
3
0 2 20 12.724973 62 15.435937
1 2 38 3.996015 35 6.301324
2 2 56 5.053196 28 2.341199
3
0 2 20 14.615292 26 8.022311
1 2 52 17.856507 34 9.826016
2 2 94 3.807247 56 10.707625
3
0 2 20 15.714369 49 13.419543
1 2 28 2.260539 56 3.365665
2 2 57 13.367377 62 13.753892
3
0 2 20 7.974790 54 8.209421
1 2 73 5.207154 49 2.855655
2 2 37 14.821282 52 4.120309
3
0 2 20 12.304991 50 14.668988
1 2 51 15.455343 22 8.107576
2 2 99 10.230593 93 2.793397
3
0 2 30 12.794020 92 12.441343
1 2 93 8.324402 75 9.378286
2 2 53 9.274609 47 17.523350
3
0 2 30 19.210746 69 18.590220
1 2 81 8.670349 80 1.790436
2 2 35 12.430901 73 3.173621
3
0 2 30 16.361510 43 11.750240
1 2 49 8.925402 45 1.522369
2 2 73 12.695636 86 16.997024
3
0 2 30 18.102572 80 1.591844
1 2 76 4.218078 93 3.424876
2 2 88 15.746458 56 18.192966
3
0 2 30 13.542101 78 11.121639
1 2 44 19.208660 53 11.687638
2 2 38 8.093021 98 18.552118
3
0 2 30 12.488098 62 1.998798
1 2 34 7.609519 53 10.252379
2 2 85 8.598857 56 11.499806
3
0 2 30 2.820288 61 15.407330
1 2 56 1.478523 77 6.416941
2 2 48 14.681047 74 9.850464
3
0 2 30 12.796827 56 9.842074
1 2 85 4.115098 48 1.280824
2 2 52 17.145167 73 9.918920
3
0 2 30 7.991960 47 16.044339
1 2 71 16.676385 35 1.849376
2 2 57 3.089008 90 9.900775
3
0 2 30 13.327942 50 2.282311
1 2 95 6.149425 64 4.934043
2 2 68 9.538305 76 8.866535
3
0 2 40 14.520175 94 4.773721
1 2 96 19.046699 82 1.673471
2 2 78 19.135534 94 16.437796
3
0 2 40 17.920867 55 9.305237
1 2 55 5.661340 79 5.259371
2 2 83 6.907821 67 11.517060
3
0 2 40 15.618623 47 16.449469
1 2 82 5.903732 43 18.430956
2 2 97 16.410927 92 2.393512
3
0 2 40 11.245440 45 3.330019
1 2 88 8.303477 61 3.757956
2 2 88 7.636969 76 5.750684
3
0 2 40 13.068032 68 12.180142
1 2 55 14.532073 44 2.754403
2 2 55 19.408387 68 15.460126
3
0 2 40 16.594406 95 6.612066
1 2 79 3.331789 69 2.728361
2 2 95 1.257923 86 13.414349
3
0 2 40 15.347554 84 9.678658
1 2 85 13.647964 84 9.018585
2 2 52 12.739960 89 4.690442
3
0 2 40 19.641097 52 4.107232
1 2 43 19.351341 49 11.503850
2 2 61 16.007761 84 18.320319
3
0 2 40 7.326268 43 14.772083
1 2 52 18.585398 79 16.183100
2 2 47 15.143253 84 7.092844
3
0 2 40 15.842109 81 18.485689
1 2 60 18.930663 88 9.847526
2 2 86 14.311895 45 6.135766
3
0 2 50 10.084936 54 6.753402
1 2 65 4.436198 61 13.223093
2 2 52 7.905052 60 3.871307
3
0 2 50 3.056214 55 3.657142
1 2 84 12.004451 93 3.766432
2 2 55 16.559052 76 1.877671
3
0 2 50 9.537039 53 10.519037
1 2 59 5.475390 52 8.924379
2 2 68 14.919790 92 14.712322
3
0 2 50 5.607554 88 19.295640
1 2 90 12.454250 81 14.122579
2 2 83 15.591915 62 10.630245
3
0 2 50 4.014588 99 19.722896
1 2 60 2.567451 71 13.112811
2 2 81 8.943114 71 6.784060
3
0 2 50 3.702366 69 19.216327
1 2 50 19.821504 78 5.206921
2 2 85 15.254718 76 14.838195
3
0 2 50 16.816720 74 12.160767
1 2 84 17.316990 97 14.497368
2 2 60 19.836245 96 12.110532
3
0 2 50 4.186397 90 6.729131
1 2 92 9.834331 77 8.883775
2 2 63 5.523875 68 4.894801
3
0 2 50 19.086996 74 7.117693
1 2 86 5.167625 73 17.779520
2 2 86 10.275899 58 5.888988
3
0 2 50 12.369202 92 17.725743
1 2 65 6.473608 89 17.186713
2 2 94 6.448911 91 4.892105
3
0 2 60 14.817470 96 11.075142
1 2 93 4.081460 83 12.801776
2 2 60 17.308207 90 19.522605
3
0 2 60 6.790428 93 2.249877
1 2 87 2.101375 66 3.558142
2 2 60 4.721598 64 17.540499
3
0 2 60 18.754812 65 4.894203
1 2 63 18.163663 77 2.540058
2 2 82 4.837828 90 11.820292
3
0 2 60 13.224317 95 6.824535
1 2 74 4.305893 83 10.700393
2 2 81 15.672795 65 11.971533
3
0 2 60 1.031375 93 18.109388
1 2 87 3.152913 85 19.329326
2 2 99 16.611696 71 17.463090
3
0 2 60 19.196718 61 11.369427
1 2 80 5.789738 67 4.129667
2 2 70 1.162310 68 12.790565
3
0 2 60 13.183206 99 13.866803
1 2 93 16.506622 88 9.931236
2 2 81 18.766019 72 19.309497
3
0 2 60 10.916783 69 7.777763
1 2 63 3.804917 83 6.899949
2 2 99 2.146855 80 18.078059
3
0 2 60 2.149171 88 6.942705
1 2 66 5.368819 71 4.715990
2 2 88 1.216147 67 15.454485
3
0 2 60 6.001569 88 19.342816
1 2 92 10.875909 96 14.535050
2 2 91 4.465906 94 3.283444
3
0 2 70 7.026302 79 7.778233
1 2 88 15.950708 71 16.521912
2 2 96 3.266835 70 1.742589
3
0 2 70 18.773651 85 14.138401
1 2 75 1.691286 89 10.767971
2 2 77 14.827777 75 11.967667
3
0 2 70 3.214217 82 7.610673
1 2 93 7.261093 92 7.690518
2 2 87 15.016287 82 8.504663
3
0 2 70 3.982078 81 14.346945
1 2 92 9.085529 95 18.322658
2 2 99 14.971036 73 1.196245
3
0 2 70 8.160378 80 3.725906
1 2 98 1.546577 75 17.591820
2 2 82 18.494673 88 14.228761
3
0 2 70 4.078021 82 8.802844
1 2 71 11.540726 75 6.183280
2 2 98 14.583545 96 5.144278
3
0 2 70 17.905098 90 12.047259
1 2 72 13.610520 96 10.284950
2 2 96 5.627893 85 1.502484
3
0 2 70 19.484336 77 2.099696
1 2 90 13.670006 74 13.812201
2 2 87 5.498802 97 14.218320
3
0 2 70 6.975593 97 9.119757
1 2 73 7.089540 72 12.886576
2 2 76 6.629859 80 5.515654
3
0 2 70 7.543676 91 16.952806
1 2 88 8.977431 81 6.991573
2 2 91 12.138161 79 6.439894
3
0 2 80 18.923744 99 10.606281
1 2 95 13.763144 91 7.743893
2 2 81 2.918144 99 9.402876
3
0 2 80 11.077305 88 19.371535
1 2 85 16.217212 83 17.704603
2 2 84 7.379097 83 15.857044
3
0 2 80 14.545785 89 16.153639
1 2 81 16.889726 92 3.250155
2 2 84 17.088183 96 2.753739
3
0 2 80 16.817552 81 12.613673
1 2 81 18.584847 82 19.718360
2 2 89 13.007225 80 18.290383
3
0 2 80 7.904923 82 19.536531
1 2 80 12.697599 84 5.272291
2 2 84 11.655947 98 9.424716
3
0 2 80 15.124595 99 2.281223
1 2 80 14.490116 98 1.526077
2 2 95 16.730376 98 7.286943
3
0 2 80 10.218697 87 17.894441
1 2 97 1.308737 80 11.222702
2 2 97 18.453860 84 4.499425
3
0 2 80 15.754364 84 14.364909
1 2 97 2.484658 92 17.702039
2 2 91 12.429683 94 9.171157
3
0 2 80 15.255257 83 1.573570
1 2 90 8.713947 84 4.407124
2 2 86 13.322942 91 7.060155
3
0 2 80 2.380136 94 11.632931
1 2 91 4.843949 95 18.095290
2 2 85 4.949733 95 11.329461
3
0 2 90 19.477392 97 13.086352
1 2 94 17.976006 99 12.011106
2 2 92 15.948388 95 1.976142
3
0 2 90 7.245815 92 6.444774
1 2 99 16.510198 96 8.826487
2 2 94 2.677758 99 16.455031
3
0 2 90 3.568838 97 11.304740
1 2 94 19.294263 95 15.283802
2 2 99 11.007125 96 3.187521
3
0 2 90 1.186189 96 12.439762
1 2 95 1.544536 96 2.822039
2 2 98 12.537641 96 2.086854
3
0 2 90 15.341311 96 1.584279
1 2 97 6.665446 91 18.812723
2 2 98 3.228569 99 9.758585
3
0 2 90 6.340264 91 1.990193
1 2 98 8.337069 96 1.433603
2 2 99 17.603891 96 4.085471
3
0 2 90 12.661930 96 19.423571
1 2 95 13.565589 97 12.398634
2 2 95 4.284161 90 10.290631
3
0 2 90 12.323438 95 14.869257
1 2 96 11.831285 94 3.022397
2 2 94 18.541156 90 3.287382
3
0 2 90 5.051858 98 2.733464
1 2 91 3.365808 95 12.870399
2 2 91 18.260779 90 10.026946
3
0 2 90 8.206434 98 14.997431
1 2 93 18.757921 98 3.413547
2 2 99 8.228177 98 19.941710
3
0 2 99 4.342438 99 9.927155
1 2 99 3.412113 99 2.315548
2 2 99 8.158569 99 9.327918
3
0 2 99 1.948111 99 9.001843
1 2 99 17.256585 99 2.167717
2 2 99 10.217889 99 9.788667
3
0 2 99 6.945473 99 6.767091
1 2 99 6.542621 99 11.107474
2 2 99 17.914540 99 16.298066
3
0 2 99 13.884614 99 7.855105
1 2 99 3.033793 99 7.554567
2 2 99 16.027335 99 12.160400
3
0 2 99 8.402318 99 3.480472
1 2 99 12.146266 99 1.425109
2 2 99 12.794275 99 1.555469
3
0 2 99 13.135758 99 16.179935
1 2 99 16.336566 99 2.002880
2 2 99 4.958577 99 10.291721
3
0 2 99 3.722704 99 16.089663
1 2 99 9.213388 99 15.437764
2 2 99 12.782865 99 9.204024
3
0 2 99 15.784634 99 3.038581
1 2 99 12.632297 99 5.667008
2 2 99 4.890813 99 10.449721
3
0 2 99 4.234130 99 10.081140
1 2 99 7.251118 99 16.876472
2 2 99 2.037764 99 18.536475
0
