50 49
3
0 2 5 9.921588 17 17.818962
1 2 41 5.457570 20 17.393269
2 2 45 8.343892 38 15.626819
3
0 2 5 16.204185 11 8.212701
1 2 33 7.381787 6 13.214915
2 2 27 10.970403 8 11.091554
3
0 2 5 13.768186 26 1.509778
1 2 6 4.709246 37 2.139683
2 2 9 19.194288 34 3.051760
3
0 2 5 6.984240 13 8.130855
1 2 38 9.941156 42 9.915393
2 2 28 10.296507 22 19.646090
3
0 2 5 2.392925 45 18.830823
1 2 23 1.344111 36 15.859287
2 2 42 9.407817 31 7.865434
3
0 2 10 6.585537 19 2.122635
1 2 15 4.347839 29 7.976062
2 2 43 19.488730 23 1.897742
3
0 2 10 4.939602 13 17.671199
1 2 49 15.724117 16 11.976589
2 2 49 19.047580 35 11.190483
3
0 2 10 10.762917 33 14.390421
1 2 36 5.883614 33 10.164390
2 2 35 3.678198 23 19.028135
3
0 2 10 18.158111 28 13.171687
1 2 11 6.898869 21 17.661021
2 2 26 16.089146 34 1.504534
3
0 2 10 8.566258 37 17.292582
1 2 32 13.656563 48 16.742846
2 2 41 19.967200 44 6.359824
3
0 2 15 14.138568 18 15.575169
1 2 45 13.161918 48 8.959936
2 2 43 14.215930 45 10.882468
3
0 2 15 9.910450 47 2.107045
1 2 44 13.834523 37 6.797466
2 2 36 6.509584 47 5.988120
3
0 2 15 19.179961 46 3.439545
1 2 37 11.811973 42 9.649563
2 2 35 13.186687 29 18.414190
3
0 2 15 11.127834 19 5.565769
1 2 39 15.550106 43 15.662738
2 2 18 14.104422 41 11.462629
3
0 2 15 7.515661 20 19.527340
1 2 23 19.168188 45 5.185428
2 2 28 11.685994 16 13.941216
3
0 2 20 17.903034 36 1.590925
1 2 41 6.966537 32 19.355731
2 2 33 2.862492 39 15.708067
3
0 2 20 4.155164 27 18.196488
1 2 24 1.620773 43 12.105646
2 2 24 13.013708 48 2.065079
3
0 2 20 7.402252 40 9.261638
1 2 30 10.896277 21 12.086307
2 2 40 18.097015 24 16.684198
3
0 2 20 11.660025 37 3.315578
1 2 39 3.120658 26 19.503097
2 2 34 19.160655 39 12.165687
3
0 2 20 9.079803 25 13.886137
1 2 45 13.498871 43 4.035126
2 2 22 18.831547 42 19.024419
3
0 2 25 19.983359 29 8.226649
1 2 49 14.459777 29 10.129241
2 2 30 6.943322 35 10.368230
3
0 2 25 16.255389 42 13.792329
1 2 34 11.324295 25 8.547934
2 2 28 17.154275 26 5.356890
3
0 2 25 17.115713 32 6.911468
1 2 47 4.944190 43 7.960892
2 2 43 5.407903 45 9.834507
3
0 2 25 2.037908 42 17.914278
1 2 44 3.288857 26 16.875900
2 2 25 17.639820 37 6.717999
3
0 2 25 13.509818 43 4.535807
1 2 28 2.768237 49 17.395393
2 2 27 14.147272 43 3.692842
3
0 2 30 1.417281 33 2.789234
1 2 37 19.299744 49 14.720955
2 2 49 13.587762 39 15.530124
3
0 2 30 13.396349 35 6.993842
1 2 36 8.219121 48 8.586606
2 2 43 12.390646 45 2.692062
3
0 2 30 2.231712 36 17.846438
1 2 46 6.022845 49 18.885722
2 2 31 1.852934 39 14.697257
3
0 2 30 4.385917 42 15.216742
1 2 49 5.071719 43 9.638844
2 2 48 9.432440 43 3.972522
3
0 2 30 10.819628 32 14.395307
1 2 35 10.740809 38 17.069534
2 2 41 2.639574 44 5.737558
3
0 2 35 15.883819 40 4.755813
1 2 35 9.067975 46 19.631587
2 2 36 16.409663 45 12.170023
3
0 2 35 1.258107 39 3.903970
1 2 49 9.983716 41 17.433881
2 2 49 18.311875 36 1.997779
3
0 2 35 14.004737 41 19.902650
1 2 47 9.416086 41 2.445064
2 2 36 6.804062 46 16.783941
3
0 2 35 17.471374 38 6.586746
1 2 45 17.445881 42 14.727832
2 2 40 10.619699 45 15.225809
3
0 2 35 18.111852 46 18.810262
1 2 49 18.569123 37 7.132522
2 2 45 11.965205 43 9.362517
3
0 2 40 3.495969 44 18.846648
1 2 48 4.135800 49 1.300464
2 2 41 6.936458 43 2.234481
3
0 2 40 1.380826 43 11.081093
1 2 40 3.789956 48 18.619802
2 2 46 12.676890 45 18.877052
3
0 2 40 13.356433 45 16.981353
1 2 46 13.991550 47 1.492338
2 2 44 14.678935 42 10.769479
3
0 2 40 4.141144 46 17.331862
1 2 42 8.272938 44 17.293527
2 2 40 4.386396 48 4.843487
3
0 2 40 18.020622 48 5.935226
1 2 42 3.166124 46 5.453016
2 2 41 10.515190 46 10.967416
3
0 2 45 1.885604 48 17.757168
1 2 45 15.746849 46 2.567593
2 2 48 13.473570 46 9.665745
3
0 2 45 9.339169 47 10.725654
1 2 46 12.980064 48 18.018035
2 2 47 4.469307 45 5.095800
3
0 2 45 18.650421 47 17.364168
1 2 49 10.096096 46 4.827480
2 2 49 14.157801 45 3.608830
3
0 2 45 9.476431 49 9.448851
1 2 45 17.007334 48 18.282535
2 2 49 14.453412 47 1.877646
3
0 2 45 10.888696 46 8.564092
1 2 45 9.904994 49 3.980133
2 2 49 3.068084 45 16.398714
3
0 1 49 18.726186
1 1 49 7.348022
2 1 49 2.221094
3
0 1 49 6.417077
1 1 49 10.105929
2 1 49 13.477667
3
0 1 49 1.562954
1 1 49 17.532637
2 1 49 13.093271
3
0 1 49 9.780758
1 1 49 4.762246
2 1 49 3.110218
0
