200 199
3
0 2 20 2.909615 101 2.553055
1 2 173 8.267849 80 2.130652
2 2 76 8.166613 133 14.392540
3
0 2 20 2.813793 70 6.273984
1 2 162 12.568085 184 16.106684
2 2 83 8.636593 186 2.815706
3
0 2 20 13.085755 140 16.664147
1 2 82 3.502734 93 9.124008
2 2 37 3.751161 127 12.123967
3
0 2 20 4.228569 29 9.889526
1 2 93 15.769769 172 17.722225
2 2 101 11.673529 123 8.015639
3
0 2 20 8.512790 89 14.123406
1 2 86 6.575957 175 10.209934
2 2 170 11.337199 30 12.647614
3
0 2 20 1.776685 73 1.502982
1 2 79 13.631459 127 5.342060
2 2 129 12.010271 100 1.736250
3
0 2 20 10.402351 124 6.720972
1 2 182 11.603685 192 8.528214
2 2 164 6.635278 89 8.450875
3
0 2 20 11.013863 155 17.871179
1 2 126 11.603774 117 13.927133
2 2 90 12.239676 192 13.772523
3
0 2 20 8.790116 142 1.310217
1 2 105 10.499497 169 4.943143
2 2 67 7.000221 150 18.447682
3
0 2 20 19.316976 173 9.737357
1 2 137 19.545820 173 13.735383
2 2 88 2.313177 62 16.509868
3
0 2 20 1.743918 61 5.537712
1 2 47 17.731163 92 5.229338
2 2 132 10.244565 114 5.055443
3
0 2 20 16.343791 119 14.658891
1 2 49 13.807497 86 18.993146
2 2 125 10.631212 129 13.992968
3
0 2 20 10.297699 153 17.402795
1 2 46 16.572296 132 19.551699
2 2 158 16.043141 91 11.567266
3
0 2 20 18.850769 112 14.300168
1 2 107 18.788068 143 7.194573
2 2 196 10.040438 23 5.319186
3
0 2 20 17.560213 113 12.332656
1 2 116 8.408096 83 14.192267
2 2 25 11.098183 138 10.327348
3
0 2 20 4.385068 128 18.586066
1 2 68 8.992326 155 11.057250
2 2 67 17.945614 21 19.137148
3
0 2 20 11.067238 24 4.905436
1 2 174 9.030956 190 18.612752
2 2 161 11.858909 62 3.450052
3
0 2 20 10.832301 109 7.150034
1 2 162 1.432487 154 1.021769
2 2 72 6.013604 162 5.371399
3
0 2 20 11.457094 172 2.922423
1 2 181 1.111319 88 18.733479
2 2 188 11.701257 172 6.010763
3
0 2 20 17.256424 107 9.662431
1 2 30 3.490629 138 18.451218
2 2 181 4.992172 72 16.810559
3
0 2 40 16.004322 188 4.575804
1 2 48 18.360135 143 7.848300
2 2 97 4.088390 110 14.754064
3
0 2 40 2.758425 157 2.262287
1 2 115 17.065475 94 8.342142
2 2 81 6.062902 156 17.498870
3
0 2 40 19.928884 94 10.299307
1 2 184 8.809098 106 7.150558
2 2 45 12.901749 40 1.383075
3
0 2 40 1.820297 97 16.338979
1 2 48 3.501724 125 10.846137
2 2 81 12.746358 94 12.452145
3
0 2 40 11.289700 57 9.334127
1 2 100 9.107058 164 6.939123
2 2 88 10.641425 101 14.212960
3
0 2 40 6.399822 54 7.857063
1 2 124 12.596774 88 1.082980
2 2 187 17.949824 98 19.807907
3
0 2 40 4.850765 89 6.680923
1 2 167 18.463028 62 11.117719
2 2 134 2.374675 164 9.120249
3
0 2 40 15.765090 185 13.290639
1 2 152 14.462324 179 4.512911
2 2 66 2.781404 186 5.919779
3
0 2 40 16.530329 119 17.064339
1 2 149 5.835739 137 12.996129
2 2 111 7.998290 118 9.610802
3
0 2 40 15.387660 143 7.497209
1 2 84 18.632503 79 1.682655
2 2 179 16.092588 83 4.730207
3
0 2 40 9.101851 150 12.028594
1 2 190 14.293563 51 10.225143
2 2 99 7.835475 144 13.397747
3
0 2 40 14.127696 157 1.023389
1 2 48 16.798970 166 17.170265
2 2 125 17.865714 164 8.098381
3
0 2 40 2.092659 101 15.561029
1 2 65 9.133984 143 5.083858
2 2 59 9.915475 104 7.687210
3
0 2 40 2.256822 115 4.758162
1 2 104 5.100385 195 3.169051
2 2 192 17.301057 106 11.845668
3
0 2 40 4.918947 170 5.506182
1 2 62 8.998302 140 2.889456
2 2 151 7.695989 57 14.097212
3
0 2 40 2.811170 53 17.103119
1 2 191 5.690755 199 3.752673
2 2 42 15.640282 196 5.263252
3
0 2 40 13.216726 143 19.978728
1 2 186 11.380529 85 4.508410
2 2 154 1.535843 80 18.963585
3
0 2 40 2.798674 152 4.727512
1 2 142 6.544289 76 13.698012
2 2 44 19.545706 151 10.384667
3
0 2 40 15.241686 175 5.688100
1 2 181 18.503411 188 9.839670
2 2 104 7.244839 132 6.423001
3
0 2 40 7.511842 152 8.918864
1 2 76 13.580696 74 13.007256
2 2 43 2.289555 165 8.349211
3
0 2 60 7.586123 137 19.070975
1 2 172 18.603199 193 19.051195
2 2 153 7.811819 191 1.307961
3
0 2 60 3.468992 134 1.229029
1 2 128 13.936089 88 13.577070
2 2 142 13.405535 192 19.358212
3
0 2 60 11.342483 178 5.302857
1 2 63 16.932732 97 18.753583
2 2 89 4.825278 139 12.147003
3
0 2 60 18.762122 104 1.073351
1 2 125 6.782386 67 1.301676
2 2 89 11.894252 115 9.585638
3
0 2 60 15.492839 134 12.907711
1 2 192 17.908676 69 10.985825
2 2 180 5.397160 169 8.120480
3
0 2 60 4.476169 99 1.855259
1 2 139 13.306847 138 19.707534
2 2 138 13.734592 199 19.123825
3
0 2 60 8.633049 199 10.474428
1 2 60 7.578688 119 6.054362
2 2 173 7.948186 91 12.624083
3
0 2 60 14.046164 180 14.030515
1 2 171 3.883524 141 15.498815
2 2 160 14.776721 68 4.547703
3
0 2 60 8.425346 168 4.075024
1 2 157 3.116970 179 10.192784
2 2 177 4.944033 198 17.144884
3
0 2 60 13.089922 140 8.080954
1 2 198 14.007213 155 3.525904
2 2 155 15.938544 194 14.233151
3
0 2 60 6.393848 110 16.338228
1 2 150 2.195040 88 15.260833
2 2 111 7.504350 181 5.736346
3
0 2 60 19.205170 167 16.732135
1 2 73 17.032721 196 7.839679
2 2 102 15.113786 187 18.274749
3
0 2 60 7.875108 112 12.120259
1 2 170 2.239361 151 4.957436
2 2 175 13.993958 127 10.488104
3
0 2 60 2.969887 64 13.692728
1 2 76 1.573195 105 8.013702
2 2 67 7.535722 125 8.875054
3
0 2 60 10.394553 196 11.410831
1 2 76 17.771691 80 14.856908
2 2 185 16.677421 187 5.798431
3
0 2 60 10.820314 190 2.172190
1 2 104 9.564927 72 3.347399
2 2 125 1.389744 145 8.826356
3
0 2 60 17.717875 84 6.784088
1 2 128 7.000293 113 11.227110
2 2 61 9.742447 183 2.516649
3
0 2 60 12.150167 197 11.925316
1 2 85 16.513951 174 3.392081
2 2 195 19.853011 79 9.485587
3
0 2 60 12.006636 138 18.090192
1 2 84 17.893166 104 10.033646
2 2 63 18.860902 70 4.078735
3
0 2 60 10.911642 86 15.046632
1 2 112 16.114264 180 7.392034
2 2 79 18.181143 181 4.734706
3
0 2 80 4.226405 105 11.206554
1 2 83 11.869011 95 13.712830
2 2 157 4.544688 166 2.867431
3
0 2 80 1.609756 148 3.404912
1 2 105 10.777153 178 7.542621
2 2 168 19.157103 137 14.881079
3
0 2 80 12.616789 195 15.547838
1 2 86 2.184600 168 5.176497
2 2 162 2.944380 97 1.434814
3
0 2 80 13.152814 186 13.053607
1 2 167 19.786296 182 4.988564
2 2 106 19.151491 164 3.122288
3
0 2 80 11.904339 197 19.756456
1 2 187 4.462268 95 14.593029
2 2 172 17.071359 92 14.863266
3
0 2 80 18.023689 94 10.088459
1 2 103 10.006917 119 4.906586
2 2 101 17.668571 126 10.036772
3
0 2 80 1.845963 122 9.444250
1 2 165 5.966230 146 8.618457
2 2 136 14.533477 165 5.971321
3
0 2 80 4.070964 175 7.414078
1 2 147 6.753411 129 18.718149
2 2 149 11.975018 106 12.805429
3
0 2 80 5.946407 140 2.405392
1 2 119 14.963656 192 14.966390
2 2 167 8.080628 189 5.146801
3
0 2 80 7.646551 131 4.801746
1 2 121 2.468685 167 15.719027
2 2 144 3.356865 106 12.633247
3
0 2 80 11.880101 99 16.610611
1 2 153 11.904069 143 4.429865
2 2 91 8.435491 133 3.688024
3
0 2 80 3.123847 126 19.432488
1 2 180 3.380392 186 5.334538
2 2 134 11.612048 168 5.880160
3
0 2 80 8.809461 180 1.325524
1 2 171 4.137889 101 8.662156
2 2 107 2.480966 127 18.001916
3
0 2 80 2.974196 145 1.781103
1 2 167 16.797729 123 6.176178
2 2 100 1.161955 139 6.843494
3
0 2 80 13.171952 108 12.122246
1 2 158 2.479728 81 6.639193
2 2 80 11.500706 179 1.102184
3
0 2 80 12.968942 102 17.671420
1 2 144 9.892274 142 1.003157
2 2 197 14.506288 86 11.597223
3
0 2 80 3.023638 111 14.170167
1 2 127 10.544923 188 12.674081
2 2 97 4.985771 162 17.333215
3
0 2 80 10.282977 185 15.552112
1 2 166 10.906036 116 18.054626
2 2 124 5.817940 112 14.903666
3
0 2 80 7.629379 176 2.499523
1 2 81 10.591533 107 8.997676
2 2 97 1.738709 102 10.007792
3
0 2 80 12.784461 156 13.769766
1 2 163 1.615611 132 10.089019
2 2 137 15.737341 171 10.899816
3
0 2 100 7.844708 142 7.427499
1 2 115 15.496449 183 8.290241
2 2 126 1.923997 181 8.356463
3
0 2 100 6.624270 170 14.074470
1 2 188 12.803015 102 16.906033
2 2 165 19.173150 196 19.581078
3
0 2 100 3.930976 163 17.308770
1 2 162 12.337132 161 12.334589
2 2 152 3.625775 116 10.662338
3
0 2 100 9.977698 138 9.352089
1 2 159 15.270271 119 9.032275
2 2 187 5.831625 110 9.106698
3
0 2 100 7.852342 115 17.236125
1 2 179 12.214778 113 18.815044
2 2 165 14.612936 131 15.514137
3
0 2 100 7.331876 126 9.522701
1 2 111 2.587994 112 2.260776
2 2 138 6.390061 185 14.061822
3
0 2 100 13.396747 111 17.094239
1 2 164 15.848666 194 6.084599
2 2 189 6.489426 170 14.789484
3
0 2 100 4.688993 172 2.050199
1 2 139 6.695075 171 13.469076
2 2 153 8.958222 102 18.184325
3
0 2 100 15.473262 197 18.436007
1 2 113 11.542722 189 15.594941
2 2 178 13.459565 119 12.636002
3
0 2 100 7.148701 188 10.704886
1 2 116 16.248016 111 16.612581
2 2 136 10.072823 163 3.650520
3
0 2 100 13.748036 120 1.564096
1 2 126 5.352045 121 4.946544
2 2 128 5.978446 188 11.902520
3
0 2 100 2.981407 141 12.230636
1 2 137 16.620586 187 12.744520
2 2 163 7.768090 145 13.431306
3
0 2 100 9.496996 147 8.879460
1 2 129 11.651099 163 7.339976
2 2 128 14.549823 130 16.516993
3
0 2 100 13.754582 134 8.907547
1 2 140 15.854389 186 17.229003
2 2 154 19.495771 189 4.957452
3
0 2 100 17.334255 151 3.970821
1 2 185 18.999605 148 14.249362
2 2 168 7.285918 137 15.468163
3
0 2 100 4.060679 142 9.667748
1 2 126 1.840734 170 19.388751
2 2 146 5.358881 111 10.490594
3
0 2 100 5.289239 171 17.604375
1 2 147 8.545871 157 4.907420
2 2 171 5.140577 168 5.389617
3
0 2 100 16.237616 119 14.379932
1 2 136 6.888930 147 3.495051
2 2 127 6.346723 150 11.213436
3
0 2 100 16.670102 156 5.825440
1 2 178 7.440125 150 1.220805
2 2 186 10.089968 109 2.691377
3
0 2 100 4.740618 149 11.228861
1 2 174 7.720770 142 16.467716
2 2 170 14.665911 161 12.517959
3
0 2 120 11.831170 162 1.505578
1 2 155 4.042182 195 13.759101
2 2 171 7.987437 153 12.888895
3
0 2 120 1.420144 123 17.372211
1 2 161 10.245560 138 7.659123
2 2 139 4.237030 165 17.293381
3
0 2 120 11.312944 189 6.354786
1 2 131 13.863474 194 12.296629
2 2 196 10.511554 153 7.283779
3
0 2 120 19.680351 174 7.936531
1 2 154 13.232064 197 19.450296
2 2 166 9.926377 176 1.542586
3
0 2 120 3.723037 179 2.840461
1 2 188 14.259516 193 17.250050
2 2 130 11.883004 139 5.560382
3
0 2 120 17.070245 166 3.603236
1 2 196 2.653105 160 1.989327
2 2 158 1.545024 160 11.123296
3
0 2 120 3.675241 127 19.659932
1 2 145 4.710609 184 17.877324
2 2 154 16.664808 132 9.000655
3
0 2 120 17.204173 192 2.670133
1 2 129 11.712426 170 18.100590
2 2 199 14.840906 161 7.347870
3
0 2 120 14.700435 190 3.695409
1 2 161 12.218107 120 13.404075
2 2 151 12.220657 191 12.014788
3
0 2 120 13.128611 175 3.748607
1 2 180 4.437490 120 2.271664
2 2 131 9.479177 137 17.303369
3
0 2 120 19.542820 136 1.097105
1 2 158 19.397961 178 2.426519
2 2 163 1.388248 145 10.158218
3
0 2 120 2.003909 190 17.856404
1 2 169 16.390239 162 4.580249
2 2 157 1.804398 122 6.842587
3
0 2 120 4.664580 169 16.614832
1 2 193 10.724069 198 9.508601
2 2 131 3.691529 152 1.442538
3
0 2 120 17.975259 131 16.352032
1 2 165 9.814342 141 3.877104
2 2 133 8.956502 199 18.007767
3
0 2 120 18.816906 140 17.827139
1 2 142 11.295708 181 11.337280
2 2 155 6.197549 162 15.384315
3
0 2 120 5.243629 136 6.706255
1 2 162 16.587823 159 11.599076
2 2 135 7.609525 141 16.937291
3
0 2 120 18.028169 191 19.645457
1 2 194 17.819387 171 12.920894
2 2 122 11.630179 188 16.959195
3
0 2 120 19.600086 131 3.603956
1 2 170 1.275079 160 11.949636
2 2 189 6.577642 142 5.326844
3
0 2 120 18.347048 147 13.626627
1 2 186 8.454777 167 3.190954
2 2 167 13.674254 133 13.229082
3
0 2 120 7.344984 124 9.634927
1 2 192 3.425888 167 6.162649
2 2 173 12.136705 172 15.276533
3
0 2 140 9.513585 174 1.783706
1 2 165 18.326632 145 15.936013
2 2 195 19.066262 180 4.667642
3
0 2 140 12.195510 193 3.047643
1 2 160 3.728637 189 5.789850
2 2 183 12.808419 159 14.794741
3
0 2 140 13.246794 146 14.450784
1 2 190 18.231684 172 4.831428
2 2 158 2.079274 199 14.600384
3
0 2 140 3.177057 171 6.783538
1 2 155 5.453273 195 18.359771
2 2 174 7.914385 167 15.907120
3
0 2 140 8.225565 166 15.485674
1 2 153 14.182133 142 18.021698
2 2 167 3.066349 180 1.020331
3
0 2 140 3.753896 196 9.904086
1 2 185 9.398244 141 5.592273
2 2 184 10.306859 171 8.815756
3
0 2 140 6.360921 181 11.287093
1 2 181 11.524451 164 1.959592
2 2 140 12.709181 151 7.905121
3
0 2 140 15.578968 174 3.766288
1 2 160 3.583542 155 7.020563
2 2 175 1.491260 180 5.585728
3
0 2 140 19.272190 185 10.146983
1 2 160 17.822089 154 11.747086
2 2 191 17.796243 181 5.273516
3
0 2 140 10.837293 177 6.727053
1 2 196 17.827871 177 1.594868
2 2 171 7.203655 199 17.259847
3
0 2 140 10.784569 183 12.268349
1 2 192 5.335592 154 6.909315
2 2 188 8.452028 143 19.791063
3
0 2 140 6.822805 195 14.483309
1 2 195 4.661776 175 4.282824
2 2 166 18.285779 182 13.780439
3
0 2 140 2.603984 148 5.720864
1 2 144 2.489580 153 4.409413
2 2 154 9.945806 158 6.343635
3
0 2 140 8.587480 167 1.240980
1 2 174 2.483567 184 7.708621
2 2 143 16.896513 162 11.044252
3
0 2 140 1.552393 187 11.469964
1 2 169 16.224489 181 15.019616
2 2 164 7.846058 166 6.043586
3
0 2 140 8.508995 143 18.649922
1 2 141 17.667303 196 1.282905
2 2 164 19.720019 161 15.385237
3
0 2 140 14.220245 159 15.708029
1 2 194 10.035922 193 3.692882
2 2 168 1.285324 183 18.172845
3
0 2 140 10.671309 162 17.616993
1 2 165 19.131934 141 15.449817
2 2 147 19.264966 181 11.414257
3
0 2 140 15.344068 189 10.261661
1 2 190 18.403125 193 18.307167
2 2 179 6.019933 154 9.749673
3
0 2 140 17.418129 190 14.723698
1 2 167 4.014283 165 9.890306
2 2 140 3.460168 171 12.558087
3
0 2 160 16.676122 163 5.678921
1 2 172 12.124616 197 11.675699
2 2 186 14.475826 193 15.750945
3
0 2 160 15.881740 199 11.368255
1 2 199 9.178774 172 16.703184
2 2 186 2.453037 177 9.355090
3
0 2 160 5.428311 164 12.874750
1 2 163 4.116904 187 13.874099
2 2 198 14.017156 180 6.664948
3
0 2 160 9.315710 184 2.992132
1 2 174 6.788629 178 7.221640
2 2 181 4.234392 194 4.114523
3
0 2 160 3.186313 198 8.203958
1 2 165 9.560310 166 16.017383
2 2 179 12.441794 198 12.420085
3
0 2 160 14.032950 169 13.821638
1 2 170 1.770226 189 3.092043
2 2 183 12.498041 172 12.415114
3
0 2 160 7.905063 197 11.966082
1 2 165 13.975200 172 10.326918
2 2 177 15.106645 184 19.011996
3
0 2 160 1.469104 178 3.929625
1 2 164 6.651450 169 15.270888
2 2 163 11.019108 173 19.363498
3
0 2 160 12.633486 161 5.515150
1 2 162 15.626201 160 2.611776
2 2 197 9.295032 196 17.748436
3
0 2 160 18.059510 179 5.905212
1 2 189 16.865773 174 16.874914
2 2 163 13.613258 164 15.896763
3
0 2 160 11.901609 189 17.829429
1 2 173 5.123558 160 5.822701
2 2 173 4.633915 174 8.475290
3
0 2 160 2.956005 182 11.818067
1 2 196 11.854749 188 16.805283
2 2 166 14.882111 186 1.122724
3
0 2 160 13.154799 192 8.063039
1 2 162 17.053909 180 18.803709
2 2 175 7.912424 174 6.692329
3
0 2 160 18.702398 171 2.262717
1 2 162 15.627321 197 17.595127
2 2 191 14.035674 173 14.475449
3
0 2 160 9.337892 199 14.590950
1 2 182 17.182708 191 7.604591
2 2 171 7.853421 191 11.541675
3
0 2 160 16.539464 172 8.431803
1 2 189 7.535235 170 4.046769
2 2 185 6.769172 188 11.750759
3
0 2 160 18.443847 172 14.799124
1 2 165 12.848815 160 5.510795
2 2 165 4.131295 198 15.868112
3
0 2 160 15.909915 167 8.139398
1 2 187 2.562901 192 2.150862
2 2 188 16.211864 172 6.172624
3
0 2 160 8.993610 181 14.922925
1 2 196 1.515846 174 13.959554
2 2 160 8.864618 181 10.843361
3
0 2 160 16.371935 166 12.476220
1 2 181 9.804984 195 12.700513
2 2 180 8.794713 172 15.869360
3
0 2 180 13.889298 199 17.022277
1 2 195 3.294262 193 1.757671
2 2 187 15.469924 192 13.931193
3
0 2 180 12.131425 195 14.523356
1 2 194 10.533285 183 19.577074
2 2 190 16.973557 193 12.182740
3
0 2 180 11.510178 191 11.801358
1 2 180 4.466443 192 12.525241
2 2 182 9.570039 186 10.056336
3
0 2 180 17.939792 190 4.785695
1 2 183 18.754165 187 4.096464
2 2 187 5.678599 194 10.163839
3
0 2 180 11.528024 186 10.947653
1 2 198 18.527254 187 6.460419
2 2 184 16.717090 180 14.253396
3
0 2 180 7.263411 181 1.326988
1 2 184 2.558859 189 15.193228
2 2 191 6.118684 186 5.183081
3
0 2 180 9.495191 188 4.419735
1 2 180 18.609295 193 8.587810
2 2 195 10.177463 182 2.539511
3
0 2 180 18.636980 192 10.607866
1 2 186 16.460605 181 19.136487
2 2 180 14.967419 181 15.197756
3
0 2 180 5.515058 186 7.145559
1 2 199 3.367709 193 15.366099
2 2 188 8.892025 194 15.329216
3
0 2 180 11.258809 194 2.520786
1 2 190 13.701245 183 19.296593
2 2 182 2.411408 191 17.745790
3
0 2 180 15.934971 188 1.176803
1 2 193 11.874879 189 11.710210
2 2 183 18.058851 186 2.084926
3
0 2 180 5.323844 195 5.980044
1 2 186 16.757935 195 2.699102
2 2 183 15.476164 193 2.554855
3
0 2 180 15.389106 194 11.211121
1 2 187 11.624910 192 7.521669
2 2 190 3.459399 196 10.248161
3
0 2 180 19.610583 191 15.753058
1 2 193 18.702320 180 5.717263
2 2 180 6.170672 195 7.306329
3
0 2 180 3.303321 199 3.346452
1 2 183 11.820077 182 10.217169
2 2 186 8.263950 197 1.632789
3
0 2 180 18.665770 186 4.326398
1 2 183 3.724682 181 7.521329
2 2 184 1.506150 185 7.632459
3
0 2 180 16.203668 191 1.201031
1 2 194 3.461728 184 18.679054
2 2 194 16.883186 180 16.986935
3
0 2 180 1.460596 188 7.701334
1 2 193 5.890362 184 5.169102
2 2 182 6.154371 193 8.296109
3
0 2 180 1.084407 196 15.821049
1 2 181 7.371996 197 16.146660
2 2 191 1.230700 194 11.800398
3
0 2 180 16.763286 199 9.108512
1 2 197 13.958643 190 15.211242
2 2 198 5.914655 199 13.157065
3
0 1 199 19.885181
1 1 199 6.520907
2 1 199 8.013821
3
0 1 199 17.206596
1 1 199 4.391200
2 1 199 4.377642
3
0 1 199 18.098011
1 1 199 6.933503
2 1 199 11.088807
3
0 1 199 12.725608
1 1 199 7.533642
2 1 199 17.559781
3
0 1 199 19.483251
1 1 199 8.007088
2 1 199 11.612419
3
0 1 199 19.000389
1 1 199 1.137009
2 1 199 14.108340
3
0 1 199 8.175700
1 1 199 5.433526
2 1 199 16.731718
3
0 1 199 19.511740
1 1 199 14.876831
2 1 199 9.323907
3
0 1 199 7.425869
1 1 199 6.119715
2 1 199 16.498959
3
0 1 199 19.578137
1 1 199 11.443188
2 1 199 12.129969
3
0 1 199 2.394735
1 1 199 11.153133
2 1 199 18.859394
3
0 1 199 3.434603
1 1 199 19.825150
2 1 199 6.296659
3
0 1 199 6.825140
1 1 199 1.968323
2 1 199 13.596477
3
0 1 199 12.216408
1 1 199 1.305937
2 1 199 15.549075
3
0 1 199 19.409980
1 1 199 18.187214
2 1 199 15.284668
3
0 1 199 8.965774
1 1 199 8.014867
2 1 199 14.573719
3
0 1 199 18.146811
1 1 199 1.817086
2 1 199 11.802273
3
0 1 199 12.245508
1 1 199 15.826617
2 1 199 3.907198
3
0 1 199 12.324220
1 1 199 1.156555
2 1 199 6.702239
0
