100 99
3
0 2 10 14.412389 16 3.071188
1 2 37 6.392732 65 8.836617
2 2 63 10.342487 16 14.911671
3
0 2 10 11.858049 17 11.996371
1 2 22 14.244423 18 11.973889
2 2 73 15.812161 93 17.348435
3
0 2 10 9.618833 16 5.987246
1 2 58 12.860440 90 7.007620
2 2 74 10.386200 98 6.506392
3
0 2 10 8.761360 62 2.820419
1 2 52 3.128428 97 13.364028
2 2 92 3.234220 26 19.233759
3
0 2 10 15.570704 26 11.962789
1 2 99 2.487653 46 14.248990
2 2 12 8.687508 69 11.037928
3
0 2 10 10.026818 54 3.552771
1 2 38 5.168073 17 9.190587
2 2 97 12.700687 80 3.872782
3
0 2 10 19.704395 14 1.756333
1 2 38 12.964982 55 14.193733
2 2 34 8.268291 71 17.854193
3
0 2 10 11.270657 22 14.293544
1 2 29 9.107856 14 16.577533
2 2 86 8.229972 51 3.697061
3
0 2 10 2.876126 69 14.477361
1 2 92 5.260731 93 10.116055
2 2 83 2.368181 35 7.763476
3
0 2 10 11.867789 78 16.021300
1 2 52 11.321086 94 9.216115
2 2 46 17.919312 96 10.642569
3
0 2 20 1.735772 70 8.033677
1 2 43 15.844740 93 12.041801
2 2 30 8.542749 61 10.321225
3
0 2 20 6.303266 77 7.868670
1 2 93 3.973362 57 7.112982
2 2 58 5.560992 32 18.446418
3
0 2 20 11.468649 61 19.706598
1 2 43 12.085802 99 3.622335
2 2 46 16.231204 38 6.392857
3
0 2 20 18.942468 43 13.902434
1 2 52 13.839592 38 10.497825
2 2 48 17.998577 72 11.624892
3
0 2 20 8.636452 53 15.004465
1 2 54 17.972990 91 9.813172
2 2 67 16.945049 78 17.984724
3
0 2 20 2.908125 79 10.633661
1 2 64 15.213016 82 6.394495
2 2 88 15.196871 61 18.145412
3
0 2 20 13.668889 77 7.284386
1 2 58 6.289901 64 3.254428
2 2 87 17.537501 57 18.421421
3
0 2 20 15.129178 21 3.471896
1 2 30 12.785425 35 7.235824
2 2 60 14.628757 93 19.399928
3
0 2 20 12.155244 45 12.637781
1 2 83 7.722762 55 7.140740
2 2 40 3.855421 80 11.355588
3
0 2 20 4.175439 30 15.260592
1 2 70 18.561633 45 16.773548
2 2 90 11.048209 43 18.609736
3
0 2 30 10.956301 93 4.990234
1 2 41 8.181082 96 11.168182
2 2 56 3.859968 35 12.880467
3
0 2 30 4.386775 65 17.410686
1 2 53 1.128735 39 12.979665
2 2 38 11.975302 44 17.520330
3
0 2 30 4.259485 46 3.513879
1 2 62 5.629353 64 2.923744
2 2 82 9.653034 79 5.475852
3
0 2 30 3.153141 42 4.069291
1 2 55 17.466404 46 13.389948
2 2 68 18.909946 33 8.265971
3
0 2 30 9.072994 37 13.096437
1 2 48 7.725344 96 9.511367
2 2 41 5.350550 38 9.089328
3
0 2 30 3.466468 84 11.323855
1 2 49 17.015809 64 8.026779
2 2 32 15.037549 98 13.283023
3
0 2 30 18.965675 86 4.533602
1 2 93 6.803843 90 1.779177
2 2 53 8.262878 94 1.567462
3
0 2 30 7.848537 61 17.472290
1 2 65 4.655828 45 18.606818
2 2 94 4.998067 73 3.409252
3
0 2 30 11.025903 31 5.174990
1 2 42 19.808971 90 9.239100
2 2 76 18.118375 69 11.617734
3
0 2 30 9.595646 31 15.414782
1 2 44 19.727928 77 3.543574
2 2 84 19.869481 73 10.180872
3
0 2 40 2.246484 74 10.447535
1 2 50 11.763351 55 9.199193
2 2 68 1.045449 40 4.355982
3
0 2 40 18.382954 46 1.164094
1 2 45 10.151790 89 8.186939
2 2 96 11.949641 88 3.354507
3
0 2 40 5.045172 44 15.863415
1 2 72 7.205872 49 16.642489
2 2 60 16.476852 93 19.543763
3
0 2 40 18.457125 65 17.188795
1 2 83 7.551413 53 6.723411
2 2 62 12.256813 93 2.417579
3
0 2 40 18.239805 60 14.126606
1 2 52 10.514249 48 17.640447
2 2 90 8.494062 75 6.305819
3
0 2 40 18.357570 50 14.209405
1 2 65 6.957805 75 19.485972
2 2 74 9.210869 85 15.050447
3
0 2 40 15.306960 97 19.620904
1 2 59 11.365301 45 5.708042
2 2 75 15.209743 70 5.249957
3
0 2 40 19.528163 60 5.843025
1 2 58 11.070116 94 7.242198
2 2 89 5.748426 95 12.689917
3
0 2 40 1.277227 54 17.189186
1 2 71 10.653741 75 16.652798
2 2 57 14.097012 87 17.031294
3
0 2 40 8.035018 42 5.900970
1 2 51 14.191330 43 10.074801
2 2 65 6.057324 71 6.912024
3
0 2 50 14.634400 92 7.622181
1 2 70 7.230240 60 11.961744
2 2 57 4.064748 68 11.586468
3
0 2 50 12.445296 82 4.600718
1 2 94 5.411728 96 11.414661
2 2 87 7.065429 75 6.556952
3
0 2 50 18.221903 74 18.648632
1 2 66 6.805843 98 4.058982
2 2 58 16.569325 73 1.894229
3
0 2 50 7.718895 72 10.972089
1 2 99 7.934536 58 2.870796
2 2 82 12.859012 67 17.055638
3
0 2 50 17.730278 62 5.229169
1 2 72 18.937020 79 5.452031
2 2 99 17.776811 51 2.360803
3
0 2 50 18.921119 87 18.300930
1 2 59 14.143603 53 13.738930
2 2 51 2.436245 55 11.109158
3
0 2 50 10.430224 51 5.199601
1 2 76 5.256564 89 16.159571
2 2 88 5.207629 53 7.192300
3
0 2 50 12.181134 54 13.468107
1 2 75 18.060177 81 8.446100
2 2 79 3.570041 76 2.140392
3
0 2 50 1.843277 58 19.270228
1 2 64 3.577315 51 12.628431
2 2 53 6.016828 57 14.034075
3
0 2 50 8.615666 83 14.473244
1 2 62 7.704056 75 9.405509
2 2 72 3.588353 80 17.582370
3
0 2 60 13.746840 95 18.730364
1 2 70 10.722256 72 14.690578
2 2 68 10.454530 65 5.601587
3
0 2 60 5.296070 67 19.220191
1 2 73 6.356572 76 9.948545
2 2 64 15.226903 68 11.472705
3
0 2 60 2.807533 74 1.901168
1 2 82 19.267682 92 1.456916
2 2 79 7.060783 92 17.213547
3
0 2 60 19.500658 65 1.980562
1 2 96 14.345308 65 2.891909
2 2 87 16.731700 94 17.150938
3
0 2 60 6.314959 76 19.277475
1 2 95 7.821854 89 14.994903
2 2 95 14.321612 74 6.987335
3
0 2 60 18.794206 61 4.874641
1 2 95 17.097624 67 8.109987
2 2 88 17.478734 95 18.385554
3
0 2 60 14.532385 61 1.583981
1 2 82 17.212671 83 13.686844
2 2 95 14.536573 71 13.442441
3
0 2 60 5.576157 61 15.660410
1 2 78 16.528813 84 4.861501
2 2 81 5.472544 73 15.298712
3
0 2 60 18.693568 63 18.578467
1 2 89 16.204728 67 14.778133
2 2 84 7.150551 83 3.274734
3
0 2 60 19.910592 91 2.145197
1 2 87 12.126223 81 3.085976
2 2 81 7.253412 88 9.700434
3
0 2 70 14.157389 76 1.790722
1 2 79 19.379762 81 11.682953
2 2 97 10.919422 94 16.525141
3
0 2 70 18.671459 78 17.475753
1 2 94 11.993105 99 9.580055
2 2 79 13.491234 78 5.745906
3
0 2 70 4.355783 84 2.489931
1 2 81 2.373627 86 17.558938
2 2 71 7.123132 96 15.862106
3
0 2 70 14.218531 92 1.782715
1 2 95 10.981632 96 5.787698
2 2 77 12.787138 92 16.331024
3
0 2 70 12.712768 79 10.547815
1 2 92 9.476341 78 13.682728
2 2 91 19.886286 80 11.085264
3
0 2 70 15.378977 72 14.961777
1 2 81 11.870311 76 8.575443
2 2 86 13.690993 82 15.467578
3
0 2 70 7.519182 71 4.828344
1 2 78 16.795328 98 6.026247
2 2 76 15.045256 85 13.483637
3
0 2 70 14.817103 89 3.988441
1 2 78 16.084118 86 11.658974
2 2 78 9.850591 92 6.553665
3
0 2 70 7.712199 72 18.847876
1 2 92 6.374204 77 18.868018
2 2 70 4.367637 92 7.006209
3
0 2 70 14.519877 80 10.269081
1 2 80 19.431954 72 11.290868
2 2 84 10.277958 95 3.104566
3
0 2 80 9.455211 96 7.844503
1 2 81 15.729860 98 5.583933
2 2 93 12.152855 94 5.390483
3
0 2 80 9.305193 98 16.071677
1 2 97 15.865495 93 3.159879
2 2 95 6.875812 84 3.304684
3
0 2 80 5.686082 97 15.902405
1 2 90 15.108598 91 6.412956
2 2 96 4.879888 90 3.479192
3
0 2 80 18.608039 84 6.146524
1 2 89 8.756188 92 2.918739
2 2 86 3.217768 84 15.300825
3
0 2 80 18.290578 85 18.757650
1 2 85 6.948199 89 16.842205
2 2 88 5.482561 81 12.755057
3
0 2 80 16.812891 94 16.909965
1 2 89 14.217418 91 11.393759
2 2 89 18.401072 96 17.519247
3
0 2 80 3.515170 83 19.337550
1 2 88 12.473080 91 7.571123
2 2 83 15.735943 85 12.875240
3
0 2 80 7.014430 94 12.829967
1 2 96 17.141577 93 16.499995
2 2 89 14.256439 84 10.371177
3
0 2 80 18.148522 86 9.993801
1 2 83 6.320487 97 3.317589
2 2 87 13.540354 90 6.052645
3
0 2 80 17.939208 94 4.289485
1 2 85 1.439081 94 1.029680
2 2 80 17.886225 98 3.785277
3
0 2 90 10.316130 92 16.982128
1 2 91 8.680116 92 17.911118
2 2 96 14.244717 92 1.515568
3
0 2 90 11.878506 96 3.137856
1 2 99 1.341929 98 11.621307
2 2 97 8.195870 90 19.140966
3
0 2 90 10.688477 97 5.957897
1 2 93 13.295036 99 17.214348
2 2 90 3.881366 97 2.720048
3
0 2 90 14.453141 99 2.334489
1 2 97 1.617311 98 6.955472
2 2 99 9.372559 93 8.942678
3
0 2 90 17.971549 98 17.408138
1 2 95 18.011123 99 7.182830
2 2 99 2.654003 92 16.735770
3
0 2 90 19.489505 92 1.570019
1 2 99 12.652681 97 12.265572
2 2 98 10.650581 92 2.588558
3
0 2 90 6.129793 93 12.302172
1 2 97 13.740119 98 1.672230
2 2 98 9.741209 94 13.327131
3
0 2 90 5.605661 91 19.438967
1 2 93 15.705596 95 4.458320
2 2 97 1.093728 91 6.072377
3
0 2 90 13.129509 92 8.535968
1 2 92 8.957720 95 18.517196
2 2 92 1.088081 91 3.841326
3
0 2 90 14.761329 91 4.843586
1 2 97 15.051922 94 15.359004
2 2 94 7.686079 95 5.537726
3
0 1 99 3.114146
1 1 99 4.594569
2 1 99 8.495478
3
0 1 99 5.387489
1 1 99 7.466056
2 1 99 15.539294
3
0 1 99 16.396956
1 1 99 12.273261
2 1 99 3.329873
3
0 1 99 15.833681
1 1 99 8.448570
2 1 99 19.336947
3
0 1 99 11.413029
1 1 99 10.440907
2 1 99 12.847696
3
0 1 99 5.262908
1 1 99 2.146941
2 1 99 19.947177
3
0 1 99 8.737255
1 1 99 6.218266
2 1 99 8.771060
3
0 1 99 13.007429
1 1 99 16.349325
2 1 99 9.869302
3
0 1 99 2.303639
1 1 99 3.139133
2 1 99 2.487327
0
