100 99
3
0 2 10 3.432336 37 4.793193
1 2 71 5.721119 16 1.459119
2 2 48 14.733080 66 17.218460
3
0 2 10 4.992215 72 16.580651
1 2 16 3.987857 68 18.411800
2 2 67 3.744272 96 15.012050
3
0 2 10 18.245208 87 7.154330
1 2 15 18.819234 85 5.080854
2 2 85 15.370092 25 15.928590
3
0 2 10 7.710408 92 14.354266
1 2 61 3.941205 97 17.267436
2 2 53 19.940217 43 3.679043
3
0 2 10 2.164561 28 15.933076
1 2 79 6.316437 94 10.061056
2 2 36 12.444289 61 3.655255
3
0 2 10 2.970677 77 6.501221
1 2 39 15.629941 37 19.373046
2 2 83 17.040551 81 8.918228
3
0 2 10 19.401644 29 14.314559
1 2 49 6.134784 69 16.554516
2 2 92 16.950408 34 2.910740
3
0 2 10 18.742597 36 12.600612
1 2 54 13.019057 32 8.065745
2 2 39 3.471044 75 8.316636
3
0 2 10 5.980994 84 15.615459
1 2 59 7.586254 93 5.748237
2 2 31 2.325846 27 10.774174
3
0 2 10 10.181913 44 12.652375
1 2 77 8.991729 56 12.880626
2 2 94 14.189168 85 9.069986
3
0 2 20 19.488239 81 6.844309
1 2 74 10.004954 58 10.789195
2 2 47 15.875346 24 11.575270
3
0 2 20 13.800905 21 12.870953
1 2 30 16.498782 56 6.018764
2 2 48 10.304353 80 6.596096
3
0 2 20 3.619616 52 11.239444
1 2 27 7.750449 43 10.952889
2 2 66 13.283060 41 17.840556
3
0 2 20 2.052572 60 12.403823
1 2 49 4.826352 50 3.398830
2 2 32 13.924895 99 3.592515
3
0 2 20 6.267557 38 10.668145
1 2 45 16.880361 80 1.692533
2 2 80 2.002577 31 3.899005
3
0 2 20 2.498352 81 15.676046
1 2 58 18.425248 74 16.374984
2 2 23 18.149311 31 15.676997
3
0 2 20 4.752226 78 2.333107
1 2 85 7.766699 46 6.438514
2 2 76 5.130357 33 9.731015
3
0 2 20 3.311428 64 18.504221
1 2 21 17.200797 70 13.738414
2 2 76 1.794512 39 12.300533
3
0 2 20 14.079552 77 9.255233
1 2 62 12.129935 45 8.868713
2 2 80 16.718262 22 3.611834
3
0 2 20 16.272541 63 17.230226
1 2 96 8.561864 99 5.404307
2 2 22 19.044215 34 14.932130
3
0 2 30 14.562008 87 10.405255
1 2 60 12.603677 92 14.453604
2 2 88 17.369825 74 12.661649
3
0 2 30 3.626134 51 14.021987
1 2 77 1.835184 93 17.357721
2 2 49 18.167562 39 12.777998
3
0 2 30 2.536918 84 9.652991
1 2 53 19.628639 88 9.844898
2 2 38 12.373420 57 18.496048
3
0 2 30 2.639187 78 13.439707
1 2 99 6.058107 70 10.585737
2 2 58 1.737182 45 8.278771
3
0 2 30 5.659519 96 11.395847
1 2 67 4.261483 88 3.687308
2 2 30 15.572801 65 8.600090
3
0 2 30 1.241353 87 12.959677
1 2 42 8.997876 67 1.739265
2 2 70 18.575684 89 8.231360
3
0 2 30 7.070668 89 1.306793
1 2 43 5.674991 88 9.248970
2 2 52 4.868077 80 17.469803
3
0 2 30 6.501669 84 1.581323
1 2 66 9.943970 78 8.456486
2 2 71 4.207396 35 5.549873
3
0 2 30 19.700524 60 6.737446
1 2 84 3.727913 37 1.690627
2 2 51 16.542072 87 5.573169
3
0 2 30 4.554348 41 17.071891
1 2 46 19.925743 55 8.339236
2 2 69 2.812172 98 11.053946
3
0 2 40 11.436136 65 19.533244
1 2 66 8.357100 81 5.387729
2 2 81 9.880511 55 4.329724
3
0 2 40 3.477417 52 4.017872
1 2 81 8.117512 65 11.830265
2 2 53 19.862481 58 17.210691
3
0 2 40 18.236356 93 1.527633
1 2 60 9.388485 45 14.128966
2 2 78 4.863249 55 6.759805
3
0 2 40 12.922243 58 5.567626
1 2 98 4.289048 97 14.687357
2 2 67 18.870418 95 17.807817
3
0 2 40 11.892099 41 3.934791
1 2 44 3.062370 86 13.595779
2 2 60 2.956077 45 19.826867
3
0 2 40 7.519713 81 8.046844
1 2 55 12.985298 72 6.268638
2 2 65 8.974373 44 2.749962
3
0 2 40 1.131434 57 7.318774
1 2 48 6.717908 80 4.443181
2 2 91 5.349957 96 4.154326
3
0 2 40 3.127675 46 15.668821
1 2 73 13.416304 65 14.615910
2 2 62 5.890819 68 15.026266
3
0 2 40 4.770437 71 4.760771
1 2 78 13.174305 70 15.398181
2 2 81 13.151431 68 2.720340
3
0 2 40 7.845723 99 5.578388
1 2 51 18.958483 76 13.811943
2 2 94 19.429211 69 9.592941
3
0 2 50 13.537829 54 1.219191
1 2 79 2.348163 98 19.673948
2 2 63 14.750509 79 15.660719
3
0 2 50 16.609249 60 12.744342
1 2 63 14.780401 51 16.972547
2 2 93 5.610489 73 11.188621
3
0 2 50 12.731354 87 19.774862
1 2 96 16.551301 57 4.131000
2 2 56 5.581217 75 16.584443
3
0 2 50 8.956199 87 12.671968
1 2 73 12.808669 58 7.086001
2 2 57 17.400536 53 18.052725
3
0 2 50 6.533845 85 13.942126
1 2 80 1.383817 51 16.722187
2 2 55 4.477904 85 2.932940
3
0 2 50 10.173954 67 15.939876
1 2 80 18.012093 65 3.751890
2 2 75 7.339898 51 2.858873
3
0 2 50 10.062435 93 2.289983
1 2 83 2.576059 92 9.396859
2 2 78 14.278289 98 9.375168
3
0 2 50 17.112267 73 7.968019
1 2 64 17.065130 58 14.216627
2 2 99 16.244089 55 12.470837
3
0 2 50 3.701145 77 6.562364
1 2 55 19.799125 87 17.854072
2 2 51 13.036139 58 8.267276
3
0 2 50 15.423405 52 7.361115
1 2 50 17.197734 59 5.019659
2 2 65 6.342852 69 17.028856
3
0 2 60 15.798406 61 4.774319
1 2 96 5.551832 99 19.156604
2 2 81 14.920137 74 2.388128
3
0 2 60 17.528599 82 3.167723
1 2 91 7.760621 93 13.409346
2 2 92 9.950700 89 18.116334
3
0 2 60 2.496400 97 11.364186
1 2 93 4.691575 76 4.093171
2 2 84 15.285376 88 5.230896
3
0 2 60 15.203040 94 2.479798
1 2 88 2.414828 64 9.287055
2 2 94 12.135168 81 19.587622
3
0 2 60 11.628615 81 5.510615
1 2 82 10.496046 79 18.855575
2 2 88 3.186802 76 19.700620
3
0 2 60 17.553010 69 15.411804
1 2 63 7.608875 65 10.086087
2 2 60 12.555762 76 11.073255
3
0 2 60 7.454937 87 5.177025
1 2 64 2.696647 77 1.087986
2 2 97 9.055867 81 4.088871
3
0 2 60 17.692726 93 18.442349
1 2 90 18.147473 88 1.625160
2 2 92 10.941436 86 10.644893
3
0 2 60 7.177606 94 5.873232
1 2 63 2.815064 79 6.429928
2 2 66 6.002135 64 12.928105
3
0 2 60 5.226073 94 6.261020
1 2 92 5.226206 91 15.374240
2 2 97 6.299968 86 1.145156
3
0 2 70 4.058495 83 6.776535
1 2 99 11.384560 93 4.935816
2 2 86 11.807009 74 18.437780
3
0 2 70 5.213314 80 7.699267
1 2 96 13.388943 81 5.240036
2 2 78 18.028692 70 1.922582
3
0 2 70 2.125148 79 12.933399
1 2 97 4.659294 70 7.645755
2 2 81 19.711982 83 3.413586
3
0 2 70 12.048050 71 7.093035
1 2 88 17.046278 81 1.026420
2 2 96 11.863059 92 12.714228
3
0 2 70 5.622655 72 11.465477
1 2 94 12.350492 88 12.737073
2 2 95 18.515708 85 19.219856
3
0 2 70 9.652050 72 7.936631
1 2 81 6.869601 99 4.627993
2 2 76 1.119143 91 9.517120
3
0 2 70 3.222533 84 10.966845
1 2 95 7.120451 86 5.809597
2 2 75 13.915827 89 11.042424
3
0 2 70 4.565901 93 16.894637
1 2 99 2.366281 87 8.093369
2 2 73 18.205399 86 8.085523
3
0 2 70 2.732787 83 9.802147
1 2 92 13.409269 94 7.601329
2 2 94 3.904301 76 12.402357
3
0 2 70 13.045521 89 11.052336
1 2 92 17.330083 89 4.341419
2 2 88 7.980090 77 10.438690
3
0 2 80 17.234451 93 9.036005
1 2 84 17.390680 91 7.039207
2 2 94 14.100703 99 15.826198
3
0 2 80 18.446238 94 16.105277
1 2 89 10.949638 87 3.643794
2 2 85 10.176148 81 2.023400
3
0 2 80 5.387314 99 2.526088
1 2 84 2.464700 91 3.302847
2 2 86 19.835370 85 7.553908
3
0 2 80 14.874498 86 8.341559
1 2 97 18.658379 94 10.491926
2 2 96 10.797031 85 1.454827
3
0 2 80 7.715216 85 16.889621
1 2 87 2.084769 91 3.372535
2 2 99 14.686684 81 8.412477
3
0 2 80 6.113292 86 18.444517
1 2 87 7.593375 84 15.220218
2 2 91 5.732674 86 6.006787
3
0 2 80 1.096207 92 17.240804
1 2 80 1.044241 95 2.803341
2 2 99 17.796493 82 13.054267
3
0 2 80 18.039465 83 1.574513
1 2 95 18.117839 86 18.842073
2 2 84 17.470198 91 17.137373
3
0 2 80 17.995782 85 12.239657
1 2 84 11.436222 83 13.087257
2 2 93 4.110223 94 18.825804
3
0 2 80 19.897578 95 12.873030
1 2 96 9.158930 94 2.756377
2 2 81 4.257225 82 10.035009
3
0 2 90 9.990233 96 8.306732
1 2 95 16.239271 98 2.521448
2 2 91 3.407804 93 14.675382
3
0 2 90 13.798744 93 9.081064
1 2 96 1.500728 98 14.750228
2 2 98 12.863965 96 11.434850
3
0 2 90 1.702212 96 15.984210
1 2 98 4.878038 92 4.642222
2 2 91 3.884007 98 8.849682
3
0 2 90 4.345548 95 11.980963
1 2 95 7.651878 90 17.453672
2 2 95 17.373367 93 15.572677
3
0 2 90 7.308199 98 1.970126
1 2 96 5.309566 94 9.271868
2 2 90 9.983612 91 2.208897
3
0 2 90 15.383495 97 3.665869
1 2 96 13.610340 93 13.541957
2 2 94 1.599635 93 6.211930
3
0 2 90 7.072528 91 16.066901
1 2 97 6.355871 94 2.757513
2 2 96 15.107373 99 18.289516
3
0 2 90 15.950899 97 5.620624
1 2 90 12.613343 98 7.312053
2 2 90 4.093606 92 15.789469
3
0 2 90 2.803402 96 4.552935
1 2 91 10.579362 98 15.033901
2 2 98 3.754757 97 17.141838
3
0 2 90 16.059628 93 10.141636
1 2 91 19.115370 94 5.791981
2 2 90 6.729545 95 3.012674
3
0 1 99 18.427285
1 1 99 3.446046
2 1 99 9.507874
3
0 1 99 16.488651
1 1 99 12.342626
2 1 99 10.227761
3
0 1 99 11.090366
1 1 99 19.048691
2 1 99 1.019948
3
0 1 99 19.344932
1 1 99 7.912885
2 1 99 18.995940
3
0 1 99 15.090431
1 1 99 14.594147
2 1 99 3.078683
3
0 1 99 17.200153
1 1 99 10.070551
2 1 99 4.144914
3
0 1 99 10.605708
1 1 99 15.613730
2 1 99 5.858205
3
0 1 99 16.369459
1 1 99 16.419106
2 1 99 11.554876
3
0 1 99 3.001923
1 1 99 9.611539
2 1 99 5.508049
0
