200 199
3
0 2 20 16.597589 102 18.414324
1 2 154 6.946002 183 5.541352
2 2 34 16.662247 41 9.702802
3
0 2 20 18.052959 111 4.435843
1 2 35 12.995936 142 12.784745
2 2 100 12.358550 91 7.191259
3
0 2 20 18.063647 82 5.394279
1 2 101 4.735412 178 2.449108
2 2 59 9.302099 160 15.927150
3
0 2 20 13.166771 196 13.380308
1 2 74 17.607475 63 9.313533
2 2 101 11.668884 55 9.943295
3
0 2 20 10.931796 134 5.925868
1 2 42 3.829590 196 12.447227
2 2 189 10.080819 186 9.182802
3
0 2 20 6.878894 198 13.354406
1 2 184 16.259488 142 18.734493
2 2 42 17.959560 171 8.503567
3
0 2 20 11.535555 38 14.784927
1 2 123 6.218947 68 4.019788
2 2 87 4.800426 125 7.884892
3
0 2 20 11.009280 140 19.822405
1 2 162 9.179991 67 18.041667
2 2 169 7.889832 85 4.488795
3
0 2 20 2.786137 100 9.778147
1 2 147 17.926783 55 13.681453
2 2 58 11.478035 73 7.615546
3
0 2 20 13.321309 82 12.557659
1 2 26 16.608249 184 2.468642
2 2 108 7.617557 145 6.374309
3
0 2 20 8.778418 100 7.347869
1 2 182 14.921514 190 7.466333
2 2 75 11.663903 32 6.772233
3
0 2 20 7.155153 175 18.404450
1 2 45 13.355705 187 15.318045
2 2 68 8.257036 103 18.102180
3
0 2 20 11.265951 165 8.943839
1 2 33 9.506466 57 1.582825
2 2 161 11.892337 151 13.806200
3
0 2 20 15.914553 27 10.169522
1 2 39 2.210687 175 1.060783
2 2 121 17.598374 154 17.128436
3
0 2 20 2.324570 37 6.530392
1 2 80 5.133563 127 17.314979
2 2 105 19.921598 143 12.054166
3
0 2 20 1.203712 88 6.614591
1 2 172 1.475234 72 8.399869
2 2 80 6.799068 152 16.549020
3
0 2 20 4.868342 189 10.654154
1 2 140 9.465993 23 10.468642
2 2 192 16.299971 181 2.341162
3
0 2 20 15.719892 128 19.705062
1 2 126 8.422449 144 11.337746
2 2 170 2.695577 44 7.060411
3
0 2 20 5.530058 167 3.064872
1 2 163 3.116078 49 15.432822
2 2 193 15.058510 156 19.342265
3
0 2 20 7.146635 147 17.287279
1 2 111 10.444404 151 6.505029
2 2 33 10.049626 185 14.356678
3
0 2 40 2.085628 118 8.401955
1 2 133 4.829986 43 10.757650
2 2 54 3.632306 144 6.421914
3
0 2 40 12.800402 42 1.776250
1 2 96 13.576092 71 19.482299
2 2 102 18.772624 158 8.573015
3
0 2 40 14.081092 56 4.549193
1 2 168 1.845937 172 15.873837
2 2 68 7.476400 135 2.231973
3
0 2 40 6.537943 103 7.804163
1 2 70 19.590885 59 11.285712
2 2 81 5.916519 199 1.819940
3
0 2 40 3.115528 175 6.135076
1 2 81 13.694508 53 13.707893
2 2 78 6.848603 72 19.259491
3
0 2 40 4.333320 166 8.596260
1 2 120 8.680942 92 3.558837
2 2 162 3.443691 95 15.907078
3
0 2 40 6.471233 151 12.048269
1 2 126 10.057902 190 8.563659
2 2 185 10.871603 150 1.747643
3
0 2 40 4.196556 86 7.175733
1 2 105 1.934611 85 19.591562
2 2 191 12.355333 69 16.345739
3
0 2 40 2.189673 70 17.854715
1 2 93 15.379842 180 5.328414
2 2 58 5.801621 102 11.503865
3
0 2 40 6.687335 95 8.445711
1 2 186 3.986005 153 9.920750
2 2 168 11.284907 56 10.615042
3
0 2 40 4.679406 184 9.095582
1 2 120 10.942059 147 3.968641
2 2 157 7.421573 65 10.175745
3
0 2 40 5.375153 174 10.657492
1 2 168 11.759769 127 16.727241
2 2 88 3.434713 190 18.415244
3
0 2 40 6.565835 91 15.097365
1 2 80 11.184757 113 16.933138
2 2 92 5.814420 105 14.549366
3
0 2 40 11.097090 73 16.395954
1 2 151 6.705291 82 11.106727
2 2 147 4.476660 59 18.262838
3
0 2 40 17.002284 123 11.954825
1 2 86 17.469562 105 19.674041
2 2 54 13.611891 45 19.313138
3
0 2 40 10.342119 116 13.835807
1 2 47 14.643188 100 17.518181
2 2 199 15.115170 68 5.359394
3
0 2 40 10.577271 130 18.550558
1 2 118 12.066205 99 8.355034
2 2 100 10.253130 192 14.286712
3
0 2 40 3.171105 170 17.069483
1 2 112 2.361695 165 13.331277
2 2 140 5.905860 55 17.232505
3
0 2 40 8.758880 78 8.684322
1 2 143 13.316652 183 7.047889
2 2 153 19.136951 146 5.164444
3
0 2 40 4.751242 41 12.463178
1 2 44 14.061368 166 14.917933
2 2 113 11.844341 119 17.799988
3
0 2 60 18.132001 95 17.700396
1 2 70 7.915166 143 15.761521
2 2 133 7.157952 114 12.199046
3
0 2 60 13.026698 127 3.344012
1 2 173 11.429758 67 1.821126
2 2 108 13.051763 118 19.905378
3
0 2 60 18.625998 141 2.395650
1 2 70 3.031097 110 4.700433
2 2 169 17.487624 61 18.687576
3
0 2 60 6.939518 86 4.037371
1 2 157 2.404154 180 2.149809
2 2 180 5.104882 120 12.283286
3
0 2 60 2.847209 177 4.430517
1 2 118 16.546167 187 17.891722
2 2 62 5.117668 181 9.380725
3
0 2 60 8.158968 92 13.210609
1 2 116 6.713843 135 13.625786
2 2 144 13.028709 117 6.426235
3
0 2 60 6.224689 168 12.075492
1 2 178 5.058408 157 17.390725
2 2 187 8.896033 191 5.169900
3
0 2 60 12.662785 99 16.235831
1 2 117 15.179838 180 18.524347
2 2 133 19.709193 167 14.714348
3
0 2 60 14.888174 117 19.529352
1 2 135 1.466294 139 14.814308
2 2 171 13.645656 115 15.982968
3
0 2 60 11.021720 143 12.697065
1 2 155 2.924700 141 15.232861
2 2 160 10.341615 193 4.277922
3
0 2 60 3.327148 150 12.772335
1 2 90 1.432150 130 2.427269
2 2 183 1.495824 79 3.297453
3
0 2 60 13.245611 156 7.058673
1 2 166 19.678290 115 5.272472
2 2 98 7.480168 173 5.614371
3
0 2 60 19.776156 138 6.026767
1 2 66 4.952921 141 13.296847
2 2 143 3.792252 67 13.756593
3
0 2 60 11.080752 146 18.703309
1 2 120 19.035028 72 2.924613
2 2 103 7.697198 174 5.768723
3
0 2 60 17.906294 157 8.627137
1 2 177 18.165287 141 16.723491
2 2 165 13.616619 112 1.151374
3
0 2 60 18.109551 69 8.620115
1 2 165 13.544221 193 2.918681
2 2 120 5.745936 135 10.770843
3
0 2 60 15.378449 152 7.764515
1 2 120 18.022703 108 5.879344
2 2 195 17.449679 102 13.464270
3
0 2 60 10.179768 134 16.249612
1 2 189 17.049457 166 15.750761
2 2 124 8.773741 83 14.872490
3
0 2 60 5.905311 180 18.622786
1 2 152 16.806657 190 7.500436
2 2 124 11.945414 131 18.830008
3
0 2 60 6.847154 186 17.741762
1 2 133 18.084729 158 12.328568
2 2 63 10.205209 95 1.985770
3
0 2 80 12.530359 89 8.867511
1 2 147 10.203900 83 19.939268
2 2 173 10.984315 154 5.364959
3
0 2 80 2.397090 108 5.856642
1 2 166 5.906413 86 16.531235
2 2 126 17.253276 82 6.135021
3
0 2 80 5.375636 84 5.748828
1 2 198 18.986360 108 15.253767
2 2 167 3.917402 143 19.416846
3
0 2 80 6.557206 170 3.127064
1 2 153 7.117047 129 3.394631
2 2 188 4.665437 85 9.931345
3
0 2 80 1.777950 165 5.039095
1 2 123 16.153430 108 2.077112
2 2 109 14.174071 143 8.434782
3
0 2 80 15.540759 127 18.783645
1 2 145 7.446563 111 7.866204
2 2 153 11.676423 138 9.650476
3
0 2 80 16.199479 129 18.426896
1 2 159 2.149796 186 14.835214
2 2 115 4.081341 123 8.021433
3
0 2 80 9.425142 137 19.019557
1 2 111 16.345137 181 10.042773
2 2 87 11.158042 134 11.795853
3
0 2 80 1.438621 158 6.398668
1 2 85 12.701831 181 3.532459
2 2 151 10.125834 164 19.341501
3
0 2 80 19.852448 178 12.402213
1 2 185 18.723508 184 12.988401
2 2 108 13.865535 167 10.580862
3
0 2 80 17.516628 152 1.082642
1 2 118 11.903395 88 12.536273
2 2 136 14.300977 82 13.053474
3
0 2 80 7.695375 142 11.438911
1 2 150 12.097041 115 10.766396
2 2 138 19.986751 166 10.978610
3
0 2 80 5.768916 120 17.773109
1 2 165 14.352147 109 15.521948
2 2 143 7.989595 180 14.780959
3
0 2 80 11.513230 159 7.082265
1 2 153 9.393815 154 8.451576
2 2 117 3.499201 140 14.341243
3
0 2 80 11.304221 84 1.192381
1 2 181 17.032415 98 5.949833
2 2 187 7.511449 108 5.327880
3
0 2 80 9.813764 194 9.671401
1 2 87 11.636440 180 3.311820
2 2 93 7.938108 193 16.755510
3
0 2 80 17.741089 195 8.928534
1 2 159 10.641350 185 12.649785
2 2 149 16.165413 158 7.633420
3
0 2 80 6.843950 175 7.043545
1 2 195 18.739001 165 1.632110
2 2 109 14.053990 139 11.991377
3
0 2 80 4.446834 100 13.281090
1 2 184 12.917246 178 12.848158
2 2 113 8.180258 140 1.951388
3
0 2 80 5.502696 182 7.920981
1 2 80 5.095113 82 18.258521
2 2 150 8.973159 110 6.882006
3
0 2 100 14.940617 148 8.772174
1 2 137 11.833988 154 16.750375
2 2 191 9.217964 159 19.122694
3
0 2 100 7.925897 144 12.368903
1 2 115 7.600068 114 15.520786
2 2 119 4.743550 117 16.386954
3
0 2 100 12.562591 115 18.596848
1 2 192 14.392585 139 2.479912
2 2 130 11.792126 120 12.091887
3
0 2 100 7.205350 145 8.070629
1 2 120 2.957465 111 19.405144
2 2 151 15.578351 145 4.632364
3
0 2 100 3.560060 116 7.983632
1 2 191 11.205829 199 15.310755
2 2 156 2.085560 198 5.597209
3
0 2 100 5.000423 142 11.332894
1 2 121 1.200360 165 6.196858
2 2 150 11.470433 190 1.787092
3
0 2 100 17.518719 158 15.859057
1 2 179 7.889522 122 15.552473
2 2 151 18.927875 165 18.299758
3
0 2 100 17.128488 170 2.196780
1 2 171 3.269971 181 3.166474
2 2 164 10.563007 182 6.419606
3
0 2 100 14.221656 106 11.224085
1 2 173 5.772633 157 5.217735
2 2 177 1.603392 180 11.515214
3
0 2 100 5.915452 150 14.824467
1 2 194 5.019551 199 4.454765
2 2 197 9.172668 193 12.507853
3
0 2 100 1.236246 130 10.086692
1 2 107 12.230799 138 6.166667
2 2 144 4.799700 113 12.309544
3
0 2 100 13.668564 165 19.523087
1 2 111 9.220052 139 6.213484
2 2 179 6.306136 134 16.681000
3
0 2 100 7.917462 101 4.485825
1 2 134 8.512286 146 12.459513
2 2 124 18.644523 178 14.012382
3
0 2 100 16.427616 170 17.009014
1 2 158 17.342173 178 13.999714
2 2 133 9.047304 130 15.117702
3
0 2 100 2.824946 173 19.642200
1 2 177 16.511165 149 9.222169
2 2 173 19.285147 153 15.643739
3
0 2 100 9.044379 171 17.937443
1 2 103 16.833181 132 3.828491
2 2 143 7.988434 193 9.953689
3
0 2 100 10.973180 135 9.372037
1 2 145 11.612483 114 3.799844
2 2 127 4.046589 184 3.738175
3
0 2 100 11.471775 130 15.331225
1 2 102 18.651353 121 14.008068
2 2 179 9.716820 107 15.591695
3
0 2 100 7.882137 114 2.141402
1 2 186 7.690845 108 19.599683
2 2 184 13.862535 114 4.973632
3
0 2 100 11.669274 179 17.590971
1 2 154 13.204096 190 7.450727
2 2 146 5.908805 133 13.825355
3
0 2 120 18.791963 159 1.340229
1 2 165 2.790621 159 15.286209
2 2 142 1.996794 150 12.093253
3
0 2 120 12.532946 188 5.588196
1 2 156 19.665363 189 10.438211
2 2 126 11.943013 168 6.034451
3
0 2 120 17.109592 165 14.793688
1 2 187 7.106623 141 13.992575
2 2 147 3.455551 182 2.807947
3
0 2 120 15.461965 161 4.707312
1 2 162 15.956470 144 13.272907
2 2 159 7.159880 181 6.900343
3
0 2 120 4.328275 191 11.170054
1 2 146 8.942906 135 14.904964
2 2 130 15.912878 160 7.877742
3
0 2 120 17.289203 142 3.626989
1 2 195 15.518756 139 15.902492
2 2 144 17.143836 179 3.961932
3
0 2 120 9.558007 134 11.010406
1 2 129 15.252574 142 2.189854
2 2 168 8.710128 129 9.812721
3
0 2 120 1.819337 198 19.677053
1 2 168 19.510008 161 12.370027
2 2 142 3.328458 174 15.837992
3
0 2 120 13.947606 146 11.096495
1 2 160 3.990659 153 9.624226
2 2 197 19.135385 142 6.552914
3
0 2 120 7.189459 197 14.933474
1 2 130 1.551929 175 2.221144
2 2 159 10.533223 186 11.484960
3
0 2 120 2.518875 189 19.582907
1 2 181 8.239902 137 7.161221
2 2 187 15.831925 157 1.865833
3
0 2 120 19.244703 143 19.151819
1 2 195 12.788133 173 6.278583
2 2 169 17.468034 157 12.279266
3
0 2 120 14.616492 126 16.821621
1 2 136 11.684965 125 11.569244
2 2 150 1.805227 177 13.252021
3
0 2 120 5.610677 186 12.354834
1 2 194 18.740567 168 3.651295
2 2 177 12.888239 123 14.871386
3
0 2 120 9.176034 143 7.445023
1 2 138 7.147976 161 19.072406
2 2 157 1.017730 124 3.546610
3
0 2 120 14.653420 163 14.958362
1 2 193 17.720555 170 10.490329
2 2 138 9.819574 187 15.433301
3
0 2 120 10.943459 176 16.707429
1 2 156 6.972426 126 14.657198
2 2 157 11.241922 138 5.961390
3
0 2 120 3.214289 131 4.699173
1 2 136 18.809318 165 14.865847
2 2 139 9.097430 168 1.676774
3
0 2 120 4.614674 141 2.348795
1 2 159 5.358951 197 18.286305
2 2 131 17.593223 137 12.269584
3
0 2 120 8.308309 165 7.353887
1 2 123 8.234350 148 15.924062
2 2 124 5.789396 175 19.734582
3
0 2 140 4.036417 180 12.475786
1 2 154 14.341468 161 3.663093
2 2 160 9.430668 174 14.118275
3
0 2 140 17.866360 179 17.272133
1 2 151 15.308695 176 9.751998
2 2 181 4.548336 154 12.719414
3
0 2 140 1.148462 152 6.155421
1 2 158 18.157482 143 2.054124
2 2 167 4.429059 170 10.154284
3
0 2 140 4.226079 153 18.778060
1 2 179 15.051714 168 1.159811
2 2 142 4.453810 187 17.769094
3
0 2 140 15.221888 183 13.186260
1 2 142 17.390350 161 10.554323
2 2 161 2.086581 190 14.899838
3
0 2 140 5.556486 159 16.934587
1 2 183 12.046628 141 5.634617
2 2 194 13.210023 188 7.690069
3
0 2 140 5.096487 153 1.159680
1 2 152 1.207373 182 6.353040
2 2 168 10.527577 157 3.833605
3
0 2 140 2.894401 142 1.131846
1 2 140 17.191838 149 14.538386
2 2 165 2.766444 171 9.107906
3
0 2 140 17.798777 145 3.696727
1 2 183 9.302961 145 16.752929
2 2 165 3.162184 199 11.073827
3
0 2 140 2.241135 143 16.371629
1 2 169 8.591715 198 9.582553
2 2 164 19.287464 141 19.370429
3
0 2 140 15.444728 173 2.587922
1 2 156 9.141221 197 17.997193
2 2 143 11.757860 189 13.230890
3
0 2 140 11.075001 199 6.205601
1 2 166 8.835811 197 16.404095
2 2 171 11.481505 162 1.199929
3
0 2 140 12.563253 159 8.329911
1 2 197 7.031205 146 15.009983
2 2 155 5.159726 168 16.334333
3
0 2 140 2.769035 149 8.776294
1 2 180 4.834174 170 4.190813
2 2 141 11.596996 169 9.440834
3
0 2 140 10.017292 171 19.550376
1 2 182 18.499947 196 18.579782
2 2 164 11.162442 176 13.770292
3
0 2 140 17.806522 166 14.916169
1 2 181 17.385462 183 16.544371
2 2 148 16.770624 164 17.036429
3
0 2 140 10.532985 198 15.705143
1 2 161 9.252689 198 4.719729
2 2 197 9.788802 141 5.890173
3
0 2 140 19.962005 183 11.989686
1 2 170 17.205957 153 11.167467
2 2 189 18.508308 188 16.421780
3
0 2 140 18.259281 190 8.194357
1 2 188 6.023226 147 3.134015
2 2 143 16.177828 198 3.632544
3
0 2 140 3.000036 180 14.805596
1 2 187 2.496973 146 12.296965
2 2 162 7.647998 188 8.511089
3
0 2 160 17.724798 194 1.013069
1 2 166 3.779082 190 15.677414
2 2 196 11.055583 174 5.077117
3
0 2 160 9.917477 163 8.985340
1 2 164 11.561060 199 10.504752
2 2 165 18.654393 179 8.833892
3
0 2 160 9.760482 165 10.894961
1 2 162 1.047738 195 19.632517
2 2 184 16.464480 185 4.378427
3
0 2 160 14.860724 162 16.151368
1 2 172 11.809007 194 9.433875
2 2 162 5.955842 183 16.304323
3
0 2 160 17.445579 192 6.234514
1 2 184 13.887788 198 5.837402
2 2 194 15.791820 168 5.314350
3
0 2 160 11.392004 192 19.812938
1 2 194 19.639014 196 17.372656
2 2 172 16.040472 173 11.914666
3
0 2 160 14.905685 199 7.565312
1 2 194 19.102910 181 10.996802
2 2 181 15.904797 172 11.219861
3
0 2 160 2.215464 164 12.818216
1 2 167 11.084053 166 12.576630
2 2 164 3.594036 161 12.774740
3
0 2 160 9.064683 166 11.219712
1 2 168 6.409320 160 8.211388
2 2 166 1.200878 169 7.050362
3
0 2 160 15.586106 184 8.523616
1 2 170 6.284209 160 4.641892
2 2 161 13.954218 197 18.295916
3
0 2 160 14.432082 192 11.324640
1 2 197 5.020627 166 3.380033
2 2 183 1.592921 161 3.122920
3
0 2 160 17.972498 194 18.807276
1 2 160 2.298054 197 19.342833
2 2 175 1.161552 190 11.628692
3
0 2 160 17.704474 192 7.564562
1 2 169 13.660044 163 17.680367
2 2 194 12.155355 192 13.164908
3
0 2 160 10.082382 173 4.607776
1 2 190 17.381739 161 10.485081
2 2 178 10.156806 197 13.036166
3
0 2 160 7.268024 168 17.160986
1 2 160 5.244063 179 8.432580
2 2 198 17.637583 184 17.423870
3
0 2 160 5.146948 181 5.946675
1 2 170 15.905027 165 2.109164
2 2 186 8.347444 191 4.219593
3
0 2 160 6.026606 195 11.259587
1 2 189 7.124727 162 19.050271
2 2 160 16.818241 196 17.771319
3
0 2 160 7.818288 173 19.933365
1 2 163 19.525307 165 17.839664
2 2 184 1.719817 168 9.567622
3
0 2 160 10.156725 165 8.825209
1 2 169 13.944940 172 9.300813
2 2 183 5.152800 195 2.373061
3
0 2 160 17.252738 180 2.986830
1 2 180 13.206706 189 12.850130
2 2 182 3.929416 186 13.583972
3
0 2 180 13.316492 190 5.183775
1 2 183 13.464197 185 2.198342
2 2 183 5.523410 189 17.298383
3
0 2 180 9.200563 183 9.020864
1 2 197 15.140148 186 4.667233
2 2 191 10.087711 192 9.814366
3
0 2 180 2.603654 185 4.401436
1 2 187 1.484455 199 9.553878
2 2 187 7.744362 193 4.749752
3
0 2 180 13.750005 184 11.210857
1 2 193 17.519519 195 19.733782
2 2 180 18.214394 191 4.235812
3
0 2 180 8.319688 182 13.689211
1 2 197 19.400844 189 5.546102
2 2 197 1.723028 195 8.137107
3
0 2 180 10.062393 187 2.384591
1 2 195 11.707539 191 11.313450
2 2 189 10.660861 192 14.804991
3
0 2 180 5.354144 195 10.347786
1 2 183 2.450620 198 6.206122
2 2 191 16.489432 186 16.568615
3
0 2 180 9.191492 198 8.915664
1 2 197 9.574847 189 6.054850
2 2 197 18.775491 182 3.229183
3
0 2 180 16.522971 199 1.329466
1 2 199 8.218782 180 17.778590
2 2 196 12.700909 193 2.737777
3
0 2 180 16.982423 182 8.534739
1 2 186 3.405698 183 5.887298
2 2 192 7.589480 186 9.277730
3
0 2 180 6.848403 184 12.748382
1 2 194 17.553535 191 17.547073
2 2 194 18.276432 199 10.789984
3
0 2 180 5.845965 197 4.268223
1 2 183 2.266614 182 19.758658
2 2 189 11.928582 182 3.889447
3
0 2 180 5.741275 182 13.222785
1 2 193 13.335108 192 14.166447
2 2 199 10.074158 193 5.177624
3
0 2 180 13.656266 195 12.469794
1 2 181 16.842329 183 3.142757
2 2 196 9.694387 181 11.676576
3
0 2 180 18.214039 181 13.706056
1 2 192 10.076628 186 18.063606
2 2 193 1.079432 183 15.032754
3
0 2 180 10.953756 187 12.031953
1 2 183 3.914106 189 2.381348
2 2 185 9.550681 199 5.145523
3
0 2 180 4.637762 188 19.161549
1 2 194 5.247929 181 16.207212
2 2 189 17.623969 198 14.521448
3
0 2 180 3.269470 194 19.817248
1 2 192 18.693701 183 19.858451
2 2 181 8.013774 192 1.583470
3
0 2 180 14.973565 199 4.397373
1 2 199 14.425875 181 16.360288
2 2 191 19.712197 180 16.527436
3
0 2 180 13.187020 198 10.848785
1 2 182 4.529557 190 7.606890
2 2 194 15.504489 188 5.003215
3
0 1 199 6.930537
1 1 199 13.042318
2 1 199 8.529501
3
0 1 199 10.833249
1 1 199 2.414329
2 1 199 8.824534
3
0 1 199 4.784719
1 1 199 9.373114
2 1 199 16.041217
3
0 1 199 18.702559
1 1 199 8.649319
2 1 199 5.922085
3
0 1 199 11.397320
1 1 199 11.560612
2 1 199 8.256198
3
0 1 199 15.115609
1 1 199 1.997084
2 1 199 12.316748
3
0 1 199 13.399952
1 1 199 4.119670
2 1 199 1.131442
3
0 1 199 18.029214
1 1 199 17.256512
2 1 199 5.072478
3
0 1 199 2.461262
1 1 199 16.385121
2 1 199 14.282324
3
0 1 199 2.475332
1 1 199 18.812148
2 1 199 9.451040
3
0 1 199 17.528530
1 1 199 6.386504
2 1 199 16.407180
3
0 1 199 4.621546
1 1 199 19.561260
2 1 199 9.677483
3
0 1 199 6.654175
1 1 199 4.512789
2 1 199 16.813966
3
0 1 199 11.759137
1 1 199 1.898587
2 1 199 12.294255
3
0 1 199 14.632579
1 1 199 2.620667
2 1 199 8.155942
3
0 1 199 6.352778
1 1 199 10.772073
2 1 199 2.167336
3
0 1 199 6.483703
1 1 199 6.710655
2 1 199 1.999435
3
0 1 199 19.661496
1 1 199 19.957367
2 1 199 5.384040
3
0 1 199 13.419805
1 1 199 12.970632
2 1 199 4.734695
0
