20 19
3
0 2 5 10.597534 10 4.078633
1 2 17 1.673823 13 7.364437
2 2 14 6.864415 15 19.261709
3
0 2 5 19.302172 18 3.310199
1 2 5 5.590383 19 8.497322
2 2 7 9.690901 9 4.856480
3
0 2 5 4.120412 18 3.068252
1 2 18 14.247821 19 19.281335
2 2 17 11.763468 9 7.135109
3
0 2 5 7.873370 8 16.953771
1 2 19 15.088015 7 12.290454
2 2 6 8.875566 10 15.159698
3
0 2 5 4.762544 19 3.468205
1 2 7 16.388989 18 2.185037
2 2 17 16.134756 14 13.233287
3
0 2 10 18.730895 19 11.119468
1 2 14 2.283919 10 11.243453
2 2 18 12.430629 15 16.080116
3
0 2 10 15.840412 12 19.826779
1 2 15 8.659784 10 10.377698
2 2 12 15.559804 14 7.749852
3
0 2 10 1.103775 17 9.508188
1 2 10 6.602350 13 16.117499
2 2 17 1.841646 19 3.516157
3
0 2 10 13.130172 14 4.602361
1 2 17 10.613128 16 2.990423
2 2 11 8.993271 17 11.536104
3
0 2 10 19.292814 11 14.282560
1 2 10 10.728724 14 3.986212
2 2 18 8.150161 13 19.277306
3
0 2 15 3.528759 18 6.083152
1 2 19 16.089496 18 9.593699
2 2 19 7.615276 15 18.678498
3
0 2 15 16.639690 18 12.093848
1 2 15 4.343886 17 6.064790
2 2 19 5.085003 18 19.573097
3
0 2 15 6.120995 17 6.957178
1 2 18 1.366588 19 13.969942
2 2 15 8.337000 17 4.630856
3
0 2 15 9.834388 18 12.098986
1 2 19 5.332014 16 10.200032
2 2 16 18.251465 15 3.689101
3
0 2 15 15.117996 18 17.499054
1 2 19 11.403806 16 4.224759
2 2 15 18.382384 16 12.891233
3
0 1 19 15.468012
1 1 19 4.983811
2 1 19 13.059351
3
0 1 19 19.742437
1 1 19 12.380771
2 1 19 11.850144
3
0 1 19 14.007233
1 1 19 1.267310
2 1 19 13.825626
3
0 1 19 3.339770
1 1 19 17.038757
2 1 19 9.113991
0
