200 199
3
0 2 20 11.296624 41 14.360009
1 2 29 3.440518 149 17.664130
2 2 125 4.165822 20 8.240223
3
0 2 20 10.733922 125 4.011990
1 2 164 8.638751 62 9.618868
2 2 120 3.666296 47 6.091669
3
0 2 20 4.763598 62 19.208979
1 2 30 10.209912 146 3.667809
2 2 189 12.236329 102 18.966740
3
0 2 20 1.885759 147 4.248218
1 2 176 14.385025 124 18.250936
2 2 170 3.569876 32 10.661558
3
0 2 20 18.870167 70 8.794530
1 2 158 16.360250 67 17.729518
2 2 178 14.856612 23 1.510437
3
0 2 20 9.422085 132 17.917894
1 2 147 8.512930 97 4.444000
2 2 142 19.395068 35 8.817712
3
0 2 20 3.730022 115 16.630659
1 2 56 5.031861 116 9.768041
2 2 87 17.785526 192 9.011795
3
0 2 20 19.410946 87 1.848958
1 2 78 19.314368 163 16.916680
2 2 108 9.717079 143 6.559164
3
0 2 20 3.291667 133 1.589616
1 2 197 17.132676 162 7.697397
2 2 184 14.909752 161 13.848179
3
0 2 20 2.280886 42 12.955763
1 2 63 4.065128 83 3.760791
2 2 189 19.942949 99 7.371679
3
0 2 20 10.438892 167 9.782112
1 2 90 8.795712 24 5.126835
2 2 118 1.787383 85 1.503843
3
0 2 20 7.420179 113 18.827579
1 2 66 5.660118 62 1.403299
2 2 36 18.108083 127 15.723452
3
0 2 20 4.828477 32 9.945834
1 2 175 19.916514 146 11.480215
2 2 111 19.121198 44 7.258349
3
0 2 20 15.015125 153 10.175091
1 2 166 17.467950 21 7.013980
2 2 140 4.372076 26 17.851291
3
0 2 20 4.341174 186 5.604603
1 2 51 5.432027 46 6.258822
2 2 120 3.086840 71 7.758730
3
0 2 20 7.596930 176 17.443387
1 2 120 2.867294 49 11.675565
2 2 128 10.605815 175 16.294553
3
0 2 20 6.759071 182 15.310858
1 2 65 8.304817 92 14.368642
2 2 140 13.723974 51 12.084876
3
0 2 20 15.241181 80 18.191503
1 2 50 5.971877 32 12.381925
2 2 153 15.631952 105 10.484433
3
0 2 20 19.275051 182 6.575606
1 2 79 9.684747 145 11.832337
2 2 104 17.516916 55 4.250319
3
0 2 20 17.429885 158 1.770830
1 2 125 7.477343 80 16.854560
2 2 134 8.534070 140 17.651904
3
0 2 40 11.906746 88 3.952040
1 2 123 6.758110 88 4.237351
2 2 163 8.855130 71 7.880241
3
0 2 40 9.359124 129 10.167663
1 2 132 4.640284 185 1.507465
2 2 71 11.533452 99 2.926287
3
0 2 40 10.214501 70 11.002876
1 2 158 19.637233 51 16.777936
2 2 126 16.047343 134 10.308898
3
0 2 40 19.013001 55 12.738863
1 2 80 15.501541 59 10.660793
2 2 104 16.885456 171 2.553689
3
0 2 40 11.315727 79 5.032670
1 2 77 19.249062 54 14.865446
2 2 101 19.423325 175 18.816878
3
0 2 40 6.059119 146 19.300687
1 2 174 9.815322 58 13.409806
2 2 102 2.891294 135 18.156958
3
0 2 40 17.227009 49 7.448671
1 2 43 4.009030 167 14.834589
2 2 107 6.917391 101 19.921355
3
0 2 40 15.745320 56 17.080280
1 2 97 4.386188 58 4.331611
2 2 139 3.333714 43 9.997855
3
0 2 40 10.795512 151 10.423242
1 2 147 7.394199 131 19.993944
2 2 153 16.175859 180 2.334568
3
0 2 40 3.213067 79 6.163517
1 2 198 19.264894 169 18.462854
2 2 56 4.972937 76 4.248774
3
0 2 40 3.400399 141 1.686293
1 2 53 1.920601 192 3.647879
2 2 198 6.528404 47 9.447475
3
0 2 40 2.804469 101 6.228191
1 2 50 3.414381 114 5.574154
2 2 128 15.190050 120 1.180920
3
0 2 40 5.662594 199 6.741236
1 2 62 2.298011 73 17.594973
2 2 133 7.261334 48 9.779957
3
0 2 40 18.421401 111 9.133654
1 2 108 16.974082 118 19.372689
2 2 129 17.218224 157 17.388593
3
0 2 40 12.806180 109 16.139793
1 2 86 2.464752 172 18.795075
2 2 57 11.948814 119 6.338217
3
0 2 40 8.709031 102 18.151137
1 2 181 9.179039 148 3.992610
2 2 98 5.295355 81 11.648380
3
0 2 40 9.885759 130 9.167618
1 2 123 6.846323 192 11.702849
2 2 120 4.385199 175 13.194220
3
0 2 40 8.279739 196 11.244724
1 2 71 14.899245 192 18.042211
2 2 72 13.961659 107 18.439527
3
0 2 40 15.108597 56 15.020719
1 2 61 12.154944 159 17.046535
2 2 98 10.176655 174 8.865901
3
0 2 40 15.333530 54 11.036040
1 2 127 4.691058 107 17.623303
2 2 52 14.192969 88 6.510256
3
0 2 60 5.171639 97 18.921476
1 2 195 5.457814 113 18.562524
2 2 169 12.478777 87 12.663943
3
0 2 60 3.666458 110 11.197554
1 2 95 6.769754 73 17.100934
2 2 181 3.527565 158 4.171133
3
0 2 60 17.127387 184 14.965403
1 2 143 17.789789 157 19.668739
2 2 164 19.675030 122 16.420146
3
0 2 60 4.290883 165 6.750552
1 2 118 15.527051 64 6.539505
2 2 130 1.691369 186 10.011394
3
0 2 60 1.036678 98 10.243971
1 2 125 1.448020 128 6.178988
2 2 129 12.229918 125 7.589464
3
0 2 60 3.549369 107 13.081764
1 2 65 10.343528 62 2.305048
2 2 182 7.311289 185 13.894205
3
0 2 60 5.337142 196 4.501963
1 2 144 4.995771 148 19.576055
2 2 102 5.866663 181 1.676512
3
0 2 60 15.630061 165 6.217033
1 2 148 6.312427 150 13.727008
2 2 166 18.654452 188 4.674708
3
0 2 60 13.814703 123 2.104764
1 2 62 11.976762 129 3.813712
2 2 153 8.009520 116 19.306808
3
0 2 60 7.523216 100 7.738305
1 2 130 15.301098 76 4.437951
2 2 80 1.345210 64 16.217660
3
0 2 60 3.302194 113 6.587146
1 2 133 7.657602 63 8.979843
2 2 155 2.927488 105 16.533304
3
0 2 60 11.494427 165 7.435611
1 2 176 7.831449 160 11.398669
2 2 181 6.943436 132 17.867827
3
0 2 60 18.879086 165 15.516960
1 2 150 13.744373 151 11.848801
2 2 155 4.777245 108 9.310859
3
0 2 60 11.344728 88 8.622623
1 2 94 4.103438 183 6.420262
2 2 70 12.710954 87 9.561235
3
0 2 60 16.269332 96 8.123624
1 2 81 1.514452 116 13.438919
2 2 147 6.110446 115 2.478509
3
0 2 60 19.147294 178 19.282683
1 2 89 15.455511 126 6.461996
2 2 183 19.653733 126 6.713877
3
0 2 60 8.459955 131 7.819233
1 2 185 11.337098 104 1.482925
2 2 175 5.084179 143 16.310468
3
0 2 60 5.553364 157 1.898585
1 2 155 18.845964 76 1.217822
2 2 196 10.544215 125 3.802716
3
0 2 60 12.411631 165 7.465156
1 2 108 2.658474 129 4.202629
2 2 198 8.007616 62 19.625387
3
0 2 60 7.721964 85 15.346519
1 2 149 5.093966 186 12.583179
2 2 61 12.018278 165 3.940720
3
0 2 80 4.396079 169 5.754946
1 2 158 18.348074 161 12.917820
2 2 171 15.953621 87 13.906768
3
0 2 80 2.478137 122 19.080851
1 2 137 12.808558 114 7.898144
2 2 176 19.300509 194 11.506246
3
0 2 80 16.007294 142 3.345088
1 2 167 2.381851 81 19.915549
2 2 145 11.204171 186 4.754167
3
0 2 80 12.241975 139 17.406601
1 2 162 3.840695 118 1.953497
2 2 143 15.087674 156 2.315133
3
0 2 80 3.308318 81 6.162735
1 2 121 14.469231 183 9.108573
2 2 156 16.128365 110 18.010234
3
0 2 80 9.110491 199 16.799665
1 2 164 5.093366 195 1.154065
2 2 84 7.631749 136 8.355325
3
0 2 80 15.824181 162 19.820181
1 2 184 8.478164 109 1.292033
2 2 115 15.022063 180 4.547306
3
0 2 80 14.387243 104 2.097248
1 2 173 5.717011 159 17.135843
2 2 197 6.309258 81 5.326326
3
0 2 80 4.177523 113 18.219999
1 2 85 5.634728 82 16.157486
2 2 132 14.628935 95 2.204943
3
0 2 80 2.794791 115 8.853594
1 2 154 5.034507 137 6.294399
2 2 163 11.232999 194 11.184276
3
0 2 80 15.426965 182 10.049284
1 2 126 2.378560 80 17.624500
2 2 187 6.276657 123 11.447890
3
0 2 80 6.019788 115 11.637757
1 2 131 19.868293 110 10.566308
2 2 198 6.953542 152 17.829197
3
0 2 80 13.432257 197 6.167806
1 2 90 15.182614 118 6.290249
2 2 195 18.381850 117 19.117173
3
0 2 80 15.354314 127 12.829516
1 2 178 13.207159 174 5.171027
2 2 82 3.624107 140 9.063930
3
0 2 80 8.126708 166 16.140779
1 2 169 5.398757 154 18.181266
2 2 153 7.958155 120 12.199025
3
0 2 80 11.767419 154 8.853277
1 2 138 16.046091 171 8.263199
2 2 109 13.415145 88 10.366496
3
0 2 80 18.908677 103 18.327316
1 2 114 19.209616 174 19.222171
2 2 177 3.593607 105 15.291987
3
0 2 80 19.764626 152 1.327978
1 2 95 14.464752 96 4.764981
2 2 120 1.043028 194 17.104502
3
0 2 80 2.939342 138 10.830867
1 2 137 1.180252 158 18.593561
2 2 145 19.884082 83 10.123208
3
0 2 80 7.695372 94 7.419632
1 2 96 18.701342 171 14.787112
2 2 84 6.873194 113 7.803440
3
0 2 100 3.871690 151 4.211241
1 2 165 19.904250 171 11.900527
2 2 139 11.061414 198 9.902743
3
0 2 100 5.483672 109 5.592100
1 2 170 2.048711 134 16.376414
2 2 125 5.903404 115 17.670077
3
0 2 100 18.791661 129 8.848634
1 2 100 5.282225 101 19.652576
2 2 105 17.293216 187 15.570206
3
0 2 100 1.047963 123 1.423999
1 2 144 11.063851 180 3.823745
2 2 189 9.352044 111 5.126952
3
0 2 100 17.832697 161 19.554160
1 2 181 7.466691 106 3.204344
2 2 195 6.282403 164 2.098036
3
0 2 100 18.030601 158 2.424584
1 2 125 1.007263 129 14.355467
2 2 103 11.458597 199 14.602681
3
0 2 100 13.330889 102 11.640413
1 2 165 14.042205 117 3.042273
2 2 164 18.169305 104 11.998559
3
0 2 100 6.976237 139 18.892706
1 2 135 8.952130 130 12.286147
2 2 161 16.495117 168 17.790183
3
0 2 100 16.105037 137 16.624811
1 2 172 16.477744 101 3.699768
2 2 143 3.909028 183 19.751653
3
0 2 100 19.703325 185 8.481901
1 2 129 8.242470 143 18.521150
2 2 175 18.407360 123 2.821402
3
0 2 100 7.625455 185 2.385338
1 2 161 14.199668 127 8.334922
2 2 157 5.618691 165 8.447104
3
0 2 100 13.162573 130 15.242691
1 2 195 3.181765 189 1.048606
2 2 146 9.287478 178 16.363149
3
0 2 100 10.976130 172 9.717344
1 2 154 13.008401 104 17.026788
2 2 163 3.568874 169 5.579460
3
0 2 100 16.854864 173 9.750908
1 2 168 12.712611 184 7.202320
2 2 138 14.817025 117 3.352148
3
0 2 100 6.682670 106 14.445014
1 2 171 8.220235 156 8.065555
2 2 100 1.889291 103 8.758221
3
0 2 100 7.834027 152 12.402043
1 2 107 14.147011 146 11.715877
2 2 172 4.351431 179 2.946808
3
0 2 100 19.366771 137 11.834099
1 2 127 16.960711 177 4.855318
2 2 142 18.621474 166 8.168330
3
0 2 100 15.274532 154 8.227256
1 2 171 5.493064 120 5.851431
2 2 143 9.207448 153 17.788302
3
0 2 100 3.074461 147 15.624508
1 2 143 6.698045 167 11.294910
2 2 166 3.735051 162 14.356760
3
0 2 100 5.270985 117 7.748404
1 2 132 16.198446 101 3.643267
2 2 165 12.031125 115 15.894681
3
0 2 120 11.151636 158 19.374046
1 2 193 3.658635 153 5.917719
2 2 145 14.269497 193 15.252599
3
0 2 120 1.232076 151 18.724304
1 2 197 12.909014 122 18.691467
2 2 125 3.082189 149 8.948603
3
0 2 120 2.664490 146 4.909027
1 2 162 12.523472 139 14.342391
2 2 136 1.177191 165 1.320803
3
0 2 120 10.806378 145 12.064021
1 2 191 13.445093 141 1.098344
2 2 166 17.074987 193 6.757753
3
0 2 120 16.908261 166 19.642926
1 2 121 17.566151 152 13.547617
2 2 196 5.814649 168 13.480999
3
0 2 120 6.630635 177 13.727165
1 2 169 8.371588 151 16.765149
2 2 198 2.194584 162 7.392134
3
0 2 120 2.859952 148 7.429651
1 2 192 9.378999 157 1.037467
2 2 131 6.853113 177 6.315877
3
0 2 120 13.091537 196 14.188149
1 2 185 7.309083 193 5.318651
2 2 149 11.784404 175 17.579516
3
0 2 120 17.379672 153 6.580603
1 2 152 4.385436 185 11.589356
2 2 154 5.901073 173 4.035354
3
0 2 120 15.827457 178 2.280528
1 2 175 4.377934 155 6.159921
2 2 196 1.289918 176 17.756893
3
0 2 120 16.567224 195 10.953953
1 2 153 4.304354 134 7.906611
2 2 174 18.171136 142 13.097802
3
0 2 120 17.431280 124 18.358111
1 2 169 19.071003 187 13.241831
2 2 156 19.181013 135 13.757286
3
0 2 120 10.450367 198 4.673304
1 2 121 5.856421 177 10.438508
2 2 138 2.087018 187 14.901845
3
0 2 120 9.598079 158 5.087017
1 2 173 17.682743 191 16.434619
2 2 173 11.029626 159 11.626569
3
0 2 120 11.350402 181 5.320362
1 2 190 11.143192 174 9.494577
2 2 123 18.655042 141 6.400305
3
0 2 120 9.110646 183 17.560489
1 2 135 17.440010 122 6.771121
2 2 120 19.058887 130 8.164765
3
0 2 120 1.511397 189 1.337996
1 2 176 7.259307 169 12.423835
2 2 149 6.737710 154 18.000417
3
0 2 120 9.716065 143 12.169466
1 2 173 9.141347 168 14.243840
2 2 188 7.365734 138 18.798853
3
0 2 120 1.367424 128 11.333172
1 2 189 12.394141 141 9.393263
2 2 128 17.238687 192 2.020797
3
0 2 120 12.077301 140 3.225118
1 2 185 18.360170 198 2.304528
2 2 199 8.660405 146 18.214553
3
0 2 140 18.159456 151 15.367684
1 2 157 13.727515 159 13.483279
2 2 171 15.471042 144 14.216132
3
0 2 140 10.101826 189 14.281224
1 2 187 13.772641 164 13.234489
2 2 174 15.706235 167 16.811803
3
0 2 140 10.606267 142 6.576523
1 2 187 15.703236 162 9.327226
2 2 179 9.535296 167 2.912042
3
0 2 140 6.091794 182 3.579141
1 2 189 18.067444 178 7.252585
2 2 173 16.970120 177 6.993773
3
0 2 140 10.288744 198 4.858120
1 2 153 17.883596 160 5.500143
2 2 180 6.315636 186 7.084258
3
0 2 140 17.026691 185 13.259634
1 2 154 6.106606 171 14.934189
2 2 163 7.399523 162 2.166312
3
0 2 140 12.498327 144 14.868806
1 2 176 12.401030 142 11.927402
2 2 186 9.196638 140 17.073563
3
0 2 140 16.371469 143 5.917188
1 2 150 17.371001 155 1.368798
2 2 177 9.610283 197 8.629262
3
0 2 140 2.358645 189 18.937254
1 2 189 18.526850 161 1.299466
2 2 151 5.953196 192 8.250937
3
0 2 140 3.308047 154 10.342968
1 2 147 4.622290 156 9.665082
2 2 173 5.197006 198 19.909738
3
0 2 140 6.739468 148 4.795959
1 2 170 19.743137 143 13.587080
2 2 197 4.723732 142 18.447326
3
0 2 140 11.964300 158 1.781505
1 2 180 3.628684 162 15.566633
2 2 198 1.539843 187 9.036143
3
0 2 140 19.298228 178 15.536817
1 2 188 17.510405 155 15.834523
2 2 186 19.593473 178 10.393410
3
0 2 140 12.379964 164 17.671058
1 2 186 5.711410 167 3.200821
2 2 140 15.996773 173 13.569353
3
0 2 140 5.435126 165 2.186560
1 2 149 14.719135 160 2.849438
2 2 155 1.188178 168 12.160465
3
0 2 140 12.753114 161 1.036702
1 2 171 1.885795 166 16.269363
2 2 178 13.876771 154 11.818649
3
0 2 140 8.490626 165 17.185064
1 2 150 2.008104 175 4.347031
2 2 147 12.575248 145 17.969609
3
0 2 140 8.096679 152 10.655794
1 2 158 8.476268 162 9.931444
2 2 191 2.026261 165 1.154953
3
0 2 140 1.063477 145 17.271599
1 2 195 18.263246 164 2.763537
2 2 152 11.059214 148 1.645415
3
0 2 140 13.480548 143 1.529807
1 2 186 10.194970 176 7.172540
2 2 148 5.913998 159 7.984335
3
0 2 160 4.250305 188 7.012347
1 2 171 17.398145 179 4.850860
2 2 170 2.687783 163 18.060869
3
0 2 160 4.978858 174 18.515595
1 2 189 12.030227 183 3.190307
2 2 160 11.872136 196 5.408061
3
0 2 160 14.365521 197 16.529774
1 2 199 15.118003 175 8.440441
2 2 195 8.578801 183 8.687747
3
0 2 160 3.656577 192 1.427196
1 2 179 15.638082 193 1.922866
2 2 163 17.254893 190 7.326990
3
0 2 160 3.725437 191 16.335119
1 2 197 18.121000 160 5.468679
2 2 167 5.501998 196 8.506878
3
0 2 160 11.827599 164 11.456868
1 2 166 18.118100 169 2.917327
2 2 184 2.729052 173 12.077417
3
0 2 160 18.252926 164 12.712476
1 2 171 19.260332 179 5.413849
2 2 170 17.830593 185 17.593466
3
0 2 160 16.766023 179 10.261473
1 2 186 16.587344 199 7.393178
2 2 190 5.398842 195 6.595113
3
0 2 160 5.791939 185 19.239729
1 2 183 7.820025 177 7.064790
2 2 177 1.885490 196 11.466749
3
0 2 160 4.450288 162 8.408032
1 2 169 14.165052 176 11.338510
2 2 189 14.133131 169 19.200948
3
0 2 160 14.360045 171 18.111389
1 2 173 13.090426 183 2.177995
2 2 188 10.026532 198 18.518356
3
0 2 160 11.984445 163 17.791471
1 2 160 2.003049 198 11.798687
2 2 177 16.602047 173 6.686825
3
0 2 160 14.775108 184 18.719386
1 2 180 1.483796 162 2.435614
2 2 172 13.470338 182 15.689324
3
0 2 160 6.550928 169 6.136565
1 2 167 19.376163 172 7.510698
2 2 170 6.494894 162 6.446236
3
0 2 160 4.962501 180 12.734694
1 2 184 3.138089 160 10.508746
2 2 171 6.811838 179 18.145733
3
0 2 160 11.214625 197 6.121890
1 2 188 6.291439 173 16.711465
2 2 199 13.019475 176 14.190758
3
0 2 160 12.101423 183 1.843299
1 2 186 11.688166 167 16.274702
2 2 172 14.124198 192 13.208256
3
0 2 160 1.289092 183 15.544764
1 2 195 1.784673 173 10.612089
2 2 166 10.284857 163 14.500832
3
0 2 160 7.428320 188 8.752779
1 2 177 8.187252 195 9.819760
2 2 164 13.503463 182 2.980780
3
0 2 160 5.389416 184 8.929052
1 2 189 3.800624 181 3.674821
2 2 189 11.554959 165 8.312110
3
0 2 180 17.502457 191 3.888930
1 2 186 6.543842 195 15.093553
2 2 182 3.040292 189 19.724726
3
0 2 180 12.231895 198 9.442028
1 2 191 10.016162 198 19.013983
2 2 187 5.966868 197 1.216314
3
0 2 180 13.885903 183 19.614931
1 2 192 14.197284 190 17.639580
2 2 198 14.278072 183 9.419906
3
0 2 180 3.644606 185 14.690079
1 2 196 17.042021 193 18.759060
2 2 196 17.748498 181 4.498719
3
0 2 180 7.953778 195 4.403054
1 2 195 15.985980 182 2.921375
2 2 187 15.458356 181 6.655121
3
0 2 180 14.042936 191 16.969046
1 2 194 18.676230 185 2.911746
2 2 186 10.909876 194 7.640354
3
0 2 180 1.906435 181 4.741883
1 2 185 1.877529 189 3.869184
2 2 192 12.496224 193 17.787009
3
0 2 180 10.305492 199 15.503637
1 2 191 12.744575 192 4.347273
2 2 194 2.113492 184 10.674013
3
0 2 180 15.716400 195 18.162046
1 2 194 18.800543 187 1.695080
2 2 186 5.976453 193 16.158260
3
0 2 180 5.600149 193 15.282742
1 2 199 8.482767 188 18.447434
2 2 182 7.937198 180 13.668273
3
0 2 180 17.118547 192 3.677591
1 2 198 12.741071 194 8.695368
2 2 196 19.947932 180 6.839102
3
0 2 180 12.646833 198 1.925487
1 2 194 1.985217 184 14.716238
2 2 186 2.137418 189 14.043453
3
0 2 180 3.077454 196 18.871112
1 2 185 18.701392 180 7.621255
2 2 195 11.205055 192 5.679949
3
0 2 180 1.287881 189 17.063337
1 2 192 12.412911 198 16.914080
2 2 184 10.890527 183 9.025686
3
0 2 180 4.699097 190 18.343538
1 2 195 2.955791 189 9.974573
2 2 184 15.676331 181 14.535532
3
0 2 180 4.817829 185 4.760222
1 2 190 7.633527 195 1.929111
2 2 191 19.131185 190 17.606006
3
0 2 180 19.834521 195 4.625970
1 2 180 18.995313 197 19.534454
2 2 195 2.889344 189 19.953836
3
0 2 180 3.785674 197 17.840181
1 2 196 10.001058 182 10.344453
2 2 189 2.226273 196 11.957309
3
0 2 180 6.596715 197 4.921471
1 2 190 16.234318 193 15.076163
2 2 196 19.060042 189 19.033418
3
0 2 180 1.032761 186 7.239194
1 2 184 13.656833 188 19.918943
2 2 199 14.249863 188 1.447377
3
0 2 199 3.641997 199 3.601304
1 2 199 14.413785 199 17.638285
2 2 199 8.029898 199 6.989873
3
0 2 199 10.920587 199 12.356248
1 2 199 6.625368 199 1.813616
2 2 199 9.745541 199 10.225716
3
0 2 199 7.787430 199 7.379133
1 2 199 6.105611 199 6.968785
2 2 199 2.379797 199 12.716250
3
0 2 199 2.416483 199 1.531629
1 2 199 13.772041 199 16.800564
2 2 199 7.114836 199 9.544525
3
0 2 199 17.158518 199 2.705251
1 2 199 8.956317 199 3.417418
2 2 199 17.001198 199 19.095653
3
0 2 199 8.095064 199 6.047147
1 2 199 6.519489 199 17.063951
2 2 199 7.326753 199 15.523666
3
0 2 199 17.506969 199 15.614518
1 2 199 1.104662 199 6.888898
2 2 199 15.574911 199 2.141589
3
0 2 199 1.276366 199 15.310845
1 2 199 10.758367 199 12.022539
2 2 199 12.328691 199 19.785402
3
0 2 199 8.162227 199 18.958877
1 2 199 14.647297 199 5.563303
2 2 199 13.477340 199 6.630363
3
0 2 199 4.421636 199 18.509824
1 2 199 8.675392 199 19.838463
2 2 199 4.736016 199 6.978143
3
0 2 199 15.505592 199 3.754319
1 2 199 5.449744 199 2.885408
2 2 199 8.543672 199 17.740286
3
0 2 199 12.289287 199 14.592669
1 2 199 12.907816 199 19.192295
2 2 199 19.636669 199 10.803357
3
0 2 199 1.760244 199 13.779536
1 2 199 3.118782 199 10.955422
2 2 199 3.155759 199 15.848026
3
0 2 199 7.795385 199 2.634600
1 2 199 9.554877 199 4.261095
2 2 199 5.569452 199 3.589232
3
0 2 199 17.339881 199 2.291314
1 2 199 19.675202 199 1.714927
2 2 199 12.350677 199 3.044522
3
0 2 199 1.446139 199 9.124971
1 2 199 17.772150 199 6.787945
2 2 199 11.511707 199 10.265579
3
0 2 199 2.560040 199 17.751450
1 2 199 18.350527 199 11.333016
2 2 199 14.640331 199 12.836885
3
0 2 199 19.053921 199 10.353693
1 2 199 17.271443 199 6.226871
2 2 199 7.674210 199 1.794735
3
0 2 199 14.482088 199 19.313928
1 2 199 13.393127 199 2.725268
2 2 199 15.261598 199 2.208779
0
