200 199
3
0 2 20 5.449866 115 5.663572
1 2 72 18.371492 75 5.020676
2 2 179 4.589747 36 18.345564
3
0 2 20 16.784959 177 6.115109
1 2 168 13.309886 35 1.944564
2 2 60 11.335364 129 9.434021
3
0 2 20 9.276157 146 3.351817
1 2 95 12.797116 116 2.579631
2 2 185 5.257433 79 13.093796
3
0 2 20 10.090824 192 10.113308
1 2 176 18.642327 141 17.173570
2 2 198 16.630882 192 1.436205
3
0 2 20 18.682413 81 19.968514
1 2 138 18.043675 134 7.147311
2 2 198 11.040751 151 17.099816
3
0 2 20 13.825730 118 8.125047
1 2 190 15.261435 117 3.605942
2 2 156 19.123196 194 10.385092
3
0 2 20 10.912843 116 17.897086
1 2 69 2.892474 191 10.777192
2 2 80 8.391856 170 19.078069
3
0 2 20 3.521881 56 13.153396
1 2 121 15.132387 118 11.793899
2 2 171 17.502710 102 12.748825
3
0 2 20 12.943658 182 4.463974
1 2 164 19.872156 91 1.377424
2 2 148 17.486043 66 12.591945
3
0 2 20 1.463431 195 12.386255
1 2 29 17.319979 72 13.603782
2 2 189 1.079798 94 9.356517
3
0 2 20 17.300128 30 11.585402
1 2 141 19.701755 194 6.726699
2 2 172 7.775715 124 10.801358
3
0 2 20 16.873465 92 6.431270
1 2 83 9.079275 48 16.507121
2 2 64 5.660037 139 16.661156
3
0 2 20 9.011662 55 19.603553
1 2 122 3.575094 186 7.579634
2 2 45 17.090342 180 8.148499
3
0 2 20 3.615185 34 15.546608
1 2 198 7.986825 66 7.111183
2 2 68 5.105515 133 15.743182
3
0 2 20 8.682749 123 8.422047
1 2 128 5.821774 189 11.923614
2 2 143 8.459910 102 17.175310
3
0 2 20 2.321619 184 16.377377
1 2 174 11.601800 115 3.962305
2 2 72 10.335386 196 3.031210
3
0 2 20 17.104977 47 4.706698
1 2 152 16.242458 58 14.710097
2 2 179 5.812732 106 16.441277
3
0 2 20 12.954199 133 12.041793
1 2 98 10.316436 186 8.259162
2 2 77 18.503182 165 5.843366
3
0 2 20 17.862547 93 19.573658
1 2 122 9.346509 152 3.531813
2 2 159 8.653849 38 4.045518
3
0 2 20 16.355424 39 11.088471
1 2 188 19.709577 65 18.282796
2 2 136 13.394139 37 3.655572
3
0 2 40 19.580230 125 12.289150
1 2 127 1.928847 111 13.765080
2 2 157 3.464588 163 5.715210
3
0 2 40 9.359112 104 16.947835
1 2 115 10.282984 83 16.772164
2 2 154 10.376774 50 13.565459
3
0 2 40 7.425073 80 1.827354
1 2 103 12.869363 179 12.488506
2 2 52 11.624078 49 2.946464
3
0 2 40 18.702962 155 18.703153
1 2 43 12.757192 72 16.974342
2 2 124 7.396407 117 6.609566
3
0 2 40 8.893945 87 17.676641
1 2 167 3.876122 121 14.158005
2 2 106 2.949279 181 10.535886
3
0 2 40 6.734616 173 4.425416
1 2 113 11.360378 49 15.358095
2 2 127 9.494473 50 13.909243
3
0 2 40 16.847696 100 14.180976
1 2 139 7.908704 199 14.856427
2 2 113 4.951071 117 14.476658
3
0 2 40 9.062018 88 17.542766
1 2 79 19.193333 59 13.424836
2 2 45 10.896307 101 2.641344
3
0 2 40 14.603729 182 6.969720
1 2 73 7.841660 146 15.033754
2 2 80 7.092992 42 15.814627
3
0 2 40 4.195604 62 14.069555
1 2 49 1.225999 95 8.102534
2 2 57 10.313569 125 10.022869
3
0 2 40 18.337668 197 7.080760
1 2 110 16.633604 158 12.132276
2 2 169 15.606686 89 2.854752
3
0 2 40 18.882028 105 10.338876
1 2 58 8.554874 155 16.799572
2 2 132 11.342173 44 12.749075
3
0 2 40 15.384223 136 8.813776
1 2 168 11.507671 86 18.660413
2 2 98 14.350815 119 6.629029
3
0 2 40 1.758898 53 5.026700
1 2 175 15.412673 190 8.403971
2 2 63 4.467878 145 2.014809
3
0 2 40 19.450496 80 4.054128
1 2 73 10.281101 129 18.983398
2 2 129 18.165976 66 4.390762
3
0 2 40 7.009116 43 9.035324
1 2 123 14.927410 198 9.375158
2 2 90 7.213728 168 11.788713
3
0 2 40 12.003685 79 16.969285
1 2 51 18.601585 187 9.781828
2 2 46 6.511284 154 3.137731
3
0 2 40 16.472044 72 6.456098
1 2 103 10.385687 42 16.488328
2 2 167 1.619809 199 15.588722
3
0 2 40 1.406450 126 2.227793
1 2 194 12.520406 126 11.744548
2 2 143 8.843298 173 15.083345
3
0 2 40 7.877428 174 7.335869
1 2 141 3.672525 135 14.878143
2 2 80 16.831504 99 13.989411
3
0 2 60 17.256204 128 10.254820
1 2 144 7.996371 101 13.316860
2 2 103 9.873669 97 19.065330
3
0 2 60 4.605620 171 6.856783
1 2 144 8.221337 102 17.159034
2 2 143 12.469829 61 8.804275
3
0 2 60 12.911535 158 4.160973
1 2 126 7.078141 130 14.690830
2 2 143 12.153975 105 14.786302
3
0 2 60 5.039370 185 18.580972
1 2 186 5.767250 98 5.699383
2 2 136 18.533091 91 1.834017
3
0 2 60 15.303831 146 5.933574
1 2 184 5.351971 146 18.264776
2 2 134 12.346485 159 13.170656
3
0 2 60 9.271519 86 11.364957
1 2 91 4.253403 121 10.180838
2 2 111 18.673025 62 9.647730
3
0 2 60 5.385254 72 5.226216
1 2 120 5.768330 87 13.408180
2 2 74 14.112835 190 3.037774
3
0 2 60 5.845747 160 7.161424
1 2 169 10.242109 132 19.780557
2 2 162 11.118911 143 12.272643
3
0 2 60 12.242115 145 8.086513
1 2 106 5.410969 125 14.211243
2 2 145 18.932838 74 5.870655
3
0 2 60 9.675869 72 9.063756
1 2 133 13.735741 187 16.578752
2 2 95 4.364288 78 3.275518
3
0 2 60 13.866971 174 12.064401
1 2 107 8.424107 165 3.366670
2 2 108 6.205386 61 1.535026
3
0 2 60 14.787493 121 5.724279
1 2 192 16.180767 88 6.834348
2 2 87 16.671131 66 16.555151
3
0 2 60 15.371867 107 5.483082
1 2 98 12.040857 76 2.034947
2 2 165 2.379271 110 11.894577
3
0 2 60 7.489135 144 18.419775
1 2 191 17.533483 193 19.198100
2 2 71 13.861757 119 15.906352
3
0 2 60 5.010693 154 15.969409
1 2 107 19.438831 199 12.680191
2 2 126 5.607626 165 16.810549
3
0 2 60 18.199237 74 18.387792
1 2 112 10.968237 124 7.762103
2 2 182 6.264800 162 4.310264
3
0 2 60 18.874053 173 14.260770
1 2 184 7.005567 79 17.929668
2 2 129 17.096052 87 19.500645
3
0 2 60 17.880573 79 1.322958
1 2 174 1.519492 102 13.237781
2 2 72 13.633211 129 3.319667
3
0 2 60 18.508251 80 13.691285
1 2 177 17.113051 89 3.469511
2 2 145 19.756016 94 8.164643
3
0 2 60 18.991748 68 9.653672
1 2 87 12.728915 123 3.863880
2 2 156 5.614611 140 9.750658
3
0 2 80 3.118216 109 3.255698
1 2 149 9.721369 194 18.869536
2 2 100 12.017628 126 4.815471
3
0 2 80 8.626294 193 3.563168
1 2 91 19.510439 104 14.464038
2 2 103 4.629613 123 15.043851
3
0 2 80 7.018645 152 12.760396
1 2 191 7.220990 193 18.604863
2 2 123 18.428003 199 10.893053
3
0 2 80 9.294172 101 1.833595
1 2 97 3.166705 188 9.412461
2 2 127 8.660544 196 13.701851
3
0 2 80 3.723757 137 4.175625
1 2 124 9.966651 99 8.509797
2 2 109 18.301251 139 9.948008
3
0 2 80 8.741113 93 6.137821
1 2 141 1.476303 166 19.077458
2 2 111 16.693112 130 16.194306
3
0 2 80 13.402410 121 2.607540
1 2 101 14.700304 116 7.629924
2 2 139 1.982796 118 1.962447
3
0 2 80 4.876604 167 2.056584
1 2 94 8.934029 183 10.732169
2 2 159 11.986228 156 15.972555
3
0 2 80 13.499360 194 17.190760
1 2 105 13.701681 101 5.275773
2 2 166 19.136097 187 16.960540
3
0 2 80 10.137463 163 7.654305
1 2 134 17.283053 176 5.775981
2 2 138 4.962969 161 16.818586
3
0 2 80 19.952560 105 14.992681
1 2 131 2.552825 111 4.226811
2 2 157 10.879809 101 8.534749
3
0 2 80 2.117763 138 16.803665
1 2 176 10.864193 183 19.425787
2 2 180 16.387927 160 6.363071
3
0 2 80 4.231034 126 18.202719
1 2 121 8.287165 89 3.819624
2 2 174 1.487686 185 9.907047
3
0 2 80 17.738094 174 4.895985
1 2 109 13.406948 153 11.859537
2 2 150 10.535248 110 4.328989
3
0 2 80 4.939881 86 3.315086
1 2 189 9.805036 137 10.172717
2 2 142 7.325180 95 8.480908
3
0 2 80 19.503905 112 8.537546
1 2 120 1.645993 144 18.891130
2 2 105 2.495246 164 17.740165
3
0 2 80 1.431338 128 16.522489
1 2 197 5.445799 95 2.410123
2 2 110 15.061966 108 17.835071
3
0 2 80 17.537464 181 19.555101
1 2 119 6.533759 102 15.482432
2 2 118 17.862693 170 17.139464
3
0 2 80 16.787314 90 17.179862
1 2 184 16.242171 158 8.350780
2 2 133 17.953577 126 3.467435
3
0 2 80 16.225976 190 12.432156
1 2 136 19.297188 97 18.036514
2 2 99 1.322734 125 16.225016
3
0 2 100 10.374374 107 2.090679
1 2 116 18.428652 143 17.651253
2 2 183 5.256152 192 1.096322
3
0 2 100 2.316049 112 4.299673
1 2 112 11.056164 188 1.178607
2 2 183 19.198425 134 17.007017
3
0 2 100 10.947401 116 1.064685
1 2 124 15.428827 170 8.617752
2 2 191 10.702742 173 16.001736
3
0 2 100 5.530675 188 15.571831
1 2 181 19.252648 176 1.514511
2 2 190 3.636048 155 2.427212
3
0 2 100 4.413002 162 12.047598
1 2 191 12.919293 148 19.823556
2 2 151 2.943732 179 6.163751
3
0 2 100 3.768067 172 11.329500
1 2 153 2.566165 136 17.788900
2 2 109 8.915633 193 12.699081
3
0 2 100 13.428327 158 12.916153
1 2 110 11.448122 103 15.222764
2 2 181 5.965831 138 4.854433
3
0 2 100 9.226077 124 8.801034
1 2 192 16.681903 128 7.963593
2 2 186 9.169991 125 3.127339
3
0 2 100 12.673787 104 10.601098
1 2 161 18.758819 117 19.708882
2 2 198 10.204522 159 6.975295
3
0 2 100 10.478491 197 2.306808
1 2 160 1.748959 170 6.038143
2 2 150 17.778295 157 12.206270
3
0 2 100 10.208474 143 16.961542
1 2 115 17.205888 109 15.356185
2 2 168 7.559743 157 2.986790
3
0 2 100 13.082499 173 9.859172
1 2 193 19.883228 106 19.866121
2 2 155 6.504246 187 10.803562
3
0 2 100 16.708298 108 1.568260
1 2 183 5.533113 157 16.309898
2 2 147 6.607953 135 17.346204
3
0 2 100 13.925411 167 5.487971
1 2 151 5.804443 133 1.518798
2 2 190 3.137237 163 2.901190
3
0 2 100 11.099248 132 7.168775
1 2 139 2.600155 188 8.453233
2 2 147 18.533496 193 7.612551
3
0 2 100 8.870112 171 13.918106
1 2 119 6.661694 122 13.780334
2 2 164 5.494981 104 3.177059
3
0 2 100 18.651751 110 18.494465
1 2 110 10.759146 142 11.910350
2 2 159 5.395530 114 1.062673
3
0 2 100 2.303692 189 18.215280
1 2 123 19.223078 150 12.896192
2 2 118 7.035489 125 2.469798
3
0 2 100 17.078140 186 2.896393
1 2 193 4.328309 146 13.806880
2 2 139 16.637195 103 12.810709
3
0 2 100 6.101585 133 3.790000
1 2 168 14.220994 144 5.629922
2 2 151 5.074789 199 7.995930
3
0 2 120 10.112468 189 4.005260
1 2 147 6.453180 178 2.563954
2 2 132 6.706363 120 2.228260
3
0 2 120 18.942548 136 1.349572
1 2 135 12.775085 187 15.028543
2 2 134 12.509707 147 2.049194
3
0 2 120 4.252432 188 16.065906
1 2 135 5.870725 167 4.315228
2 2 171 5.600476 136 16.199208
3
0 2 120 8.304306 154 18.391792
1 2 130 10.516147 143 14.261999
2 2 130 8.454314 149 8.060319
3
0 2 120 6.839619 172 18.227260
1 2 154 1.942118 161 1.975020
2 2 144 12.020131 152 11.687893
3
0 2 120 12.436305 192 9.767865
1 2 144 1.106726 189 4.936254
2 2 131 1.275311 150 10.962227
3
0 2 120 3.317352 151 14.184881
1 2 157 10.558842 156 2.696452
2 2 132 19.502341 168 9.645835
3
0 2 120 10.483425 173 4.559107
1 2 128 18.288188 162 2.915040
2 2 174 11.012869 147 3.233270
3
0 2 120 6.337703 190 9.029453
1 2 160 19.169147 168 2.814230
2 2 198 2.088715 188 7.114841
3
0 2 120 4.088591 181 13.250773
1 2 159 11.500089 167 13.873855
2 2 129 15.272236 124 12.666242
3
0 2 120 8.309906 143 4.081520
1 2 120 12.239497 179 10.032721
2 2 187 8.002462 133 1.137311
3
0 2 120 18.849504 121 11.825256
1 2 182 2.916011 133 3.747761
2 2 137 5.057065 127 5.806775
3
0 2 120 1.872952 135 5.690478
1 2 179 4.546289 199 16.263537
2 2 174 6.929893 191 12.967741
3
0 2 120 16.670876 162 8.069894
1 2 165 7.107486 193 5.437903
2 2 162 10.765952 188 2.703399
3
0 2 120 8.719712 141 12.345131
1 2 127 4.392326 130 6.896938
2 2 183 3.426900 156 12.009369
3
0 2 120 13.980650 169 2.893306
1 2 129 16.667693 164 14.360142
2 2 136 18.115912 180 10.106780
3
0 2 120 19.200387 160 6.088490
1 2 171 10.662735 134 9.513520
2 2 131 8.160185 184 14.944715
3
0 2 120 17.611856 171 4.929765
1 2 137 7.990611 173 15.159925
2 2 174 1.692570 128 7.924544
3
0 2 120 14.482081 189 6.283009
1 2 175 15.852419 191 7.289003
2 2 157 13.309378 158 12.009378
3
0 2 120 13.106365 141 19.133078
1 2 192 3.462468 127 4.255749
2 2 133 1.702501 148 9.499975
3
0 2 140 3.134136 154 15.541589
1 2 153 2.382412 144 8.660775
2 2 151 7.552391 154 2.918395
3
0 2 140 6.679295 156 7.862959
1 2 152 4.468964 182 5.859118
2 2 164 18.730928 142 8.485164
3
0 2 140 14.478703 176 15.209487
1 2 179 14.575855 198 13.730532
2 2 156 5.478371 197 12.946048
3
0 2 140 14.189646 180 1.449111
1 2 167 1.552438 165 13.789978
2 2 176 12.008752 153 1.464820
3
0 2 140 7.649421 198 9.889962
1 2 175 15.569231 178 12.509261
2 2 149 3.436173 181 2.615109
3
0 2 140 8.240067 183 11.023327
1 2 165 19.625645 175 1.366298
2 2 153 14.941990 148 10.957017
3
0 2 140 19.951699 152 16.907732
1 2 170 14.841330 173 13.722824
2 2 144 14.348984 142 8.306991
3
0 2 140 7.630992 178 4.650186
1 2 148 17.662948 177 6.505616
2 2 174 9.296291 191 12.955510
3
0 2 140 19.787020 191 19.462714
1 2 149 9.031376 172 1.858344
2 2 157 1.261106 154 2.750440
3
0 2 140 10.812539 199 8.065818
1 2 144 19.566069 178 10.690968
2 2 195 5.866582 178 8.482854
3
0 2 140 2.322240 196 17.885986
1 2 195 10.224038 176 17.798529
2 2 151 3.139304 152 17.876137
3
0 2 140 14.967427 150 19.669244
1 2 145 2.461379 180 1.599286
2 2 191 17.052152 184 16.536717
3
0 2 140 17.016680 195 16.391510
1 2 145 19.087120 188 16.322269
2 2 179 1.839606 188 13.793590
3
0 2 140 16.416214 177 7.751472
1 2 154 9.568712 180 16.909541
2 2 167 13.774243 163 16.423063
3
0 2 140 7.573666 195 6.240423
1 2 161 1.713910 141 14.106610
2 2 156 5.015440 174 9.309756
3
0 2 140 13.422627 171 13.852672
1 2 188 11.972468 156 10.934656
2 2 156 7.880517 173 11.843557
3
0 2 140 16.476313 164 18.527510
1 2 159 19.349251 192 17.082116
2 2 199 4.564703 168 13.246348
3
0 2 140 3.658030 198 17.310737
1 2 152 11.536579 195 14.877596
2 2 175 17.654673 198 6.530747
3
0 2 140 6.306653 187 15.157253
1 2 195 11.849490 196 16.858106
2 2 158 3.983479 186 18.190101
3
0 2 140 13.145081 179 18.558206
1 2 140 8.660741 176 5.136838
2 2 155 11.304129 189 17.296855
3
0 2 160 7.506617 162 5.875865
1 2 184 11.239434 170 3.290216
2 2 177 19.290220 198 10.399575
3
0 2 160 9.546247 191 11.770963
1 2 188 19.372753 174 10.329905
2 2 198 2.485238 164 16.208725
3
0 2 160 2.290161 198 19.455619
1 2 168 16.866200 192 14.156825
2 2 178 2.730984 171 5.159171
3
0 2 160 17.600708 163 1.047067
1 2 185 3.825241 164 3.714935
2 2 186 10.023098 179 15.025992
3
0 2 160 19.953754 177 16.770186
1 2 176 10.457440 163 18.079360
2 2 164 4.352257 188 7.393028
3
0 2 160 15.723946 172 8.126123
1 2 165 2.256853 175 14.789128
2 2 163 15.518445 195 14.589987
3
0 2 160 3.768796 177 4.201512
1 2 165 7.113792 183 5.981746
2 2 182 7.074090 178 9.220071
3
0 2 160 8.560322 163 2.763588
1 2 175 16.895210 188 11.836931
2 2 162 3.110586 177 4.780214
3
0 2 160 11.998659 169 18.021652
1 2 163 8.153224 173 2.353299
2 2 167 3.450416 176 4.715464
3
0 2 160 17.368355 178 9.262117
1 2 179 14.071459 163 16.295212
2 2 179 6.426188 160 2.980708
3
0 2 160 6.857495 170 5.722648
1 2 176 11.882839 163 1.997008
2 2 191 14.695803 185 13.439769
3
0 2 160 8.253862 168 7.604503
1 2 188 1.268112 191 15.926669
2 2 196 18.237349 183 17.539789
3
0 2 160 6.570301 171 5.816030
1 2 193 11.908980 195 15.266723
2 2 182 13.448412 188 6.466038
3
0 2 160 5.593332 168 2.800001
1 2 161 15.357057 177 16.279005
2 2 187 13.089038 179 16.099800
3
0 2 160 16.829817 180 4.570919
1 2 160 16.637447 184 6.885012
2 2 162 4.463528 170 10.537592
3
0 2 160 12.767139 169 7.398986
1 2 165 14.995275 194 15.411073
2 2 177 5.221884 190 17.207899
3
0 2 160 13.890815 197 7.538701
1 2 167 10.531347 178 14.156995
2 2 175 9.883716 191 17.968189
3
0 2 160 1.550549 165 16.638515
1 2 191 5.573034 197 9.052672
2 2 162 5.816441 174 19.617208
3
0 2 160 15.311172 196 18.652719
1 2 163 1.648694 188 6.747550
2 2 171 3.177490 165 10.975737
3
0 2 160 17.429219 176 13.159271
1 2 198 18.913685 163 5.532663
2 2 172 3.375294 180 5.244277
3
0 2 180 16.811632 182 18.652220
1 2 180 7.164204 184 1.687930
2 2 180 16.490045 197 12.190709
3
0 2 180 10.113970 198 9.614968
1 2 192 4.289085 198 14.007329
2 2 192 19.610245 182 19.948598
3
0 2 180 2.187960 199 6.451548
1 2 188 18.021694 193 6.152332
2 2 190 1.266402 186 17.476564
3
0 2 180 16.594857 192 11.353132
1 2 196 12.601420 185 12.218536
2 2 189 2.898540 190 18.387342
3
0 2 180 17.178614 182 7.905749
1 2 183 17.293876 198 13.331067
2 2 188 4.207824 195 2.671783
3
0 2 180 2.391334 188 16.858203
1 2 187 6.718970 186 2.785223
2 2 188 2.812922 182 4.160897
3
0 2 180 4.344414 194 15.030016
1 2 198 18.485508 187 17.559270
2 2 192 14.534600 195 2.209895
3
0 2 180 4.112665 183 5.656535
1 2 184 15.670147 198 15.327895
2 2 197 11.334922 187 3.954592
3
0 2 180 10.984339 191 14.494706
1 2 184 2.797822 199 19.386931
2 2 188 18.943078 197 15.468362
3
0 2 180 3.646133 183 13.046159
1 2 180 14.072392 194 10.682717
2 2 180 17.921788 181 17.596296
3
0 2 180 1.458509 181 6.886131
1 2 198 10.523596 191 10.894432
2 2 181 16.595441 196 3.812667
3
0 2 180 3.127636 196 4.266602
1 2 194 4.084756 185 11.465721
2 2 189 3.297056 186 5.347841
3
0 2 180 11.774798 186 14.801679
1 2 195 16.487776 182 2.944722
2 2 197 11.257530 198 1.801279
3
0 2 180 17.737448 183 8.467020
1 2 188 18.449959 180 1.188787
2 2 188 3.420463 189 3.485249
3
0 2 180 6.349883 181 12.084635
1 2 187 1.527755 198 10.197982
2 2 186 16.149534 191 1.668333
3
0 2 180 6.293040 195 12.404317
1 2 194 9.058859 190 12.199913
2 2 186 19.578465 196 17.629563
3
0 2 180 9.699877 193 10.449320
1 2 189 17.883764 196 13.675523
2 2 199 17.951104 183 18.489039
3
0 2 180 5.312509 191 18.060076
1 2 192 14.999627 199 8.006138
2 2 180 7.813806 196 5.528054
3
0 2 180 17.209027 181 10.986622
1 2 196 2.079960 198 13.401801
2 2 191 10.187188 186 12.260285
3
0 2 180 18.719483 189 10.055919
1 2 182 2.384267 192 16.440848
2 2 194 7.352529 180 9.109446
3
0 1 199 3.174950
1 1 199 19.167112
2 1 199 16.387384
3
0 1 199 1.312417
1 1 199 1.813873
2 1 199 12.121275
3
0 1 199 6.681951
1 1 199 18.304670
2 1 199 3.131161
3
0 1 199 14.846691
1 1 199 18.674351
2 1 199 18.318939
3
0 1 199 17.000176
1 1 199 11.972670
2 1 199 11.318323
3
0 1 199 17.504739
1 1 199 8.312787
2 1 199 19.018596
3
0 1 199 3.769189
1 1 199 17.333553
2 1 199 6.873853
3
0 1 199 16.371904
1 1 199 8.213401
2 1 199 6.316732
3
0 1 199 4.048870
1 1 199 2.229583
2 1 199 18.007165
3
0 1 199 19.055026
1 1 199 3.842770
2 1 199 14.493894
3
0 1 199 15.844860
1 1 199 12.353044
2 1 199 11.669628
3
0 1 199 19.999038
1 1 199 10.116035
2 1 199 10.665738
3
0 1 199 17.847713
1 1 199 7.145444
2 1 199 13.143574
3
0 1 199 5.539146
1 1 199 12.667257
2 1 199 6.792523
3
0 1 199 19.217602
1 1 199 3.804754
2 1 199 17.645095
3
0 1 199 17.492217
1 1 199 11.151156
2 1 199 12.922266
3
0 1 199 15.106299
1 1 199 13.888183
2 1 199 5.292332
3
0 1 199 11.427513
1 1 199 12.167807
2 1 199 12.406363
3
0 1 199 19.256819
1 1 199 8.784305
2 1 199 10.347111
0
