100 99
3
0 2 10 12.835117 38 6.037049
1 2 29 3.844262 49 4.968778
2 2 67 12.201019 51 19.722171
3
0 2 10 4.033184 73 16.522031
1 2 40 12.510943 27 13.910518
2 2 49 14.362230 87 14.202094
3
0 2 10 17.902838 14 4.601952
1 2 82 4.462626 94 8.836467
2 2 78 2.361581 51 2.406296
3
0 2 10 5.116824 48 9.536796
1 2 29 7.496742 59 19.566112
2 2 73 1.010278 78 1.289792
3
0 2 10 7.767487 91 12.094577
1 2 49 4.596305 27 14.874462
2 2 39 15.247788 83 10.224892
3
0 2 10 9.123281 43 19.491697
1 2 16 14.244102 23 3.079471
2 2 65 16.105732 77 15.543939
3
0 2 10 2.896675 47 11.929272
1 2 64 15.740772 60 15.138458
2 2 43 1.575027 30 3.271822
3
0 2 10 14.916321 65 1.510233
1 2 61 16.722395 74 9.191045
2 2 17 16.309050 30 9.242736
3
0 2 10 18.273771 63 3.032754
1 2 51 1.213168 75 4.191271
2 2 31 2.964819 54 12.305635
3
0 2 10 9.111860 95 5.812750
1 2 25 7.779948 35 18.460914
2 2 85 6.747939 27 2.954722
3
0 2 20 17.130913 57 10.098327
1 2 59 16.648425 99 11.786134
2 2 49 19.234504 50 11.859179
3
0 2 20 13.752903 75 8.095642
1 2 66 1.154993 41 1.122758
2 2 38 9.397165 93 4.281907
3
0 2 20 5.974186 72 16.280298
1 2 85 13.064577 81 19.883705
2 2 69 13.858153 68 6.939691
3
0 2 20 18.486781 87 9.843097
1 2 34 13.177295 39 3.469175
2 2 62 12.213466 78 14.248584
3
0 2 20 8.862818 88 8.773733
1 2 82 1.854794 91 15.961398
2 2 62 2.209929 98 15.010806
3
0 2 20 14.764371 84 11.831500
1 2 53 13.121378 37 2.332640
2 2 50 6.762290 31 13.777990
3
0 2 20 10.335383 76 2.174092
1 2 63 9.701616 66 1.648387
2 2 67 12.130802 85 17.837499
3
0 2 20 17.974921 22 7.669183
1 2 47 4.473251 29 12.919824
2 2 69 5.041448 92 4.609116
3
0 2 20 12.010877 25 7.371346
1 2 49 9.880946 30 15.170964
2 2 63 17.124243 43 1.845054
3
0 2 20 15.150057 97 1.239096
1 2 97 6.003408 76 5.197017
2 2 46 9.952341 75 15.770912
3
0 2 30 3.550891 36 4.073866
1 2 62 15.125754 94 16.998473
2 2 80 13.738003 68 2.771721
3
0 2 30 12.341280 67 17.729195
1 2 64 5.958048 48 3.034021
2 2 89 4.309462 72 6.383766
3
0 2 30 6.819913 41 9.730258
1 2 47 10.962343 55 8.181236
2 2 87 11.228256 94 11.907844
3
0 2 30 16.879158 48 12.618902
1 2 40 7.046916 98 4.481765
2 2 59 10.498275 89 6.027121
3
0 2 30 15.614896 77 13.872838
1 2 95 6.003086 59 12.259584
2 2 88 18.093837 30 17.169580
3
0 2 30 17.296038 51 10.379596
1 2 49 19.914856 67 11.514486
2 2 61 17.141670 65 4.767469
3
0 2 30 8.424952 53 12.728758
1 2 91 19.055993 81 6.479279
2 2 53 11.693393 96 1.292184
3
0 2 30 5.276402 56 18.523797
1 2 79 3.679317 47 12.091791
2 2 35 1.778838 94 8.267361
3
0 2 30 2.756774 97 14.362826
1 2 49 10.118807 77 14.101916
2 2 83 10.697011 87 3.410588
3
0 2 30 16.986505 95 19.781838
1 2 32 9.964012 37 14.227565
2 2 60 2.149379 47 8.475446
3
0 2 40 4.960453 71 16.175164
1 2 71 14.117452 66 19.093892
2 2 88 1.325175 44 10.916576
3
0 2 40 8.074255 52 9.195817
1 2 50 16.070397 42 11.167135
2 2 73 7.721077 45 11.135650
3
0 2 40 9.633806 91 11.752678
1 2 59 2.919438 41 17.455914
2 2 58 10.109800 42 14.246005
3
0 2 40 2.310704 57 5.036926
1 2 92 13.039354 99 16.184207
2 2 64 11.565524 50 12.813676
3
0 2 40 4.066309 56 19.538022
1 2 40 14.679681 51 12.307355
2 2 89 15.508000 77 6.863050
3
0 2 40 17.291313 50 11.730146
1 2 41 16.548448 76 16.991524
2 2 41 5.897404 47 8.187826
3
0 2 40 6.150236 84 11.565292
1 2 94 14.032342 45 13.098530
2 2 45 17.550554 68 13.987287
3
0 2 40 17.129053 84 1.935579
1 2 96 2.121049 77 3.653192
2 2 84 18.494346 83 15.739441
3
0 2 40 14.812867 50 18.441366
1 2 80 4.163738 86 11.267457
2 2 43 3.464700 62 16.796855
3
0 2 40 4.006368 43 5.908076
1 2 78 8.050917 55 19.083112
2 2 89 2.864307 45 14.510967
3
0 2 50 17.214368 85 1.216167
1 2 82 9.713499 64 18.005204
2 2 53 5.774897 72 18.613266
3
0 2 50 3.133287 95 9.170242
1 2 70 4.518876 63 2.642506
2 2 97 16.781376 52 10.490893
3
0 2 50 3.491725 54 2.201625
1 2 87 14.334177 90 14.667024
2 2 53 8.089114 64 14.501154
3
0 2 50 7.457243 59 2.747780
1 2 56 14.154526 68 18.991605
2 2 94 2.969213 99 11.084095
3
0 2 50 6.911914 86 1.785466
1 2 52 19.133072 96 11.172521
2 2 78 11.588723 93 19.639293
3
0 2 50 19.558741 92 4.573129
1 2 54 12.054138 89 12.136036
2 2 50 14.658391 84 11.912605
3
0 2 50 12.455404 56 19.248650
1 2 75 5.128541 80 17.079611
2 2 54 5.516878 84 2.835225
3
0 2 50 17.631157 95 8.263207
1 2 98 8.543861 73 3.894116
2 2 87 16.382211 52 1.739555
3
0 2 50 1.320369 65 15.999378
1 2 89 15.843556 82 19.275093
2 2 54 5.058958 95 1.509098
3
0 2 50 19.076422 61 19.526303
1 2 85 7.373125 61 6.999312
2 2 98 9.404703 83 16.553165
3
0 2 60 16.613367 74 6.548816
1 2 86 14.772789 89 13.336053
2 2 69 1.034500 97 1.469041
3
0 2 60 12.072938 93 10.418163
1 2 84 8.897028 60 5.702490
2 2 76 10.929190 60 16.159182
3
0 2 60 8.209501 79 12.939644
1 2 83 4.845475 94 16.372155
2 2 87 16.567562 67 18.978473
3
0 2 60 16.295438 74 14.471251
1 2 67 18.853032 74 18.696536
2 2 60 12.046985 77 10.499404
3
0 2 60 4.886406 67 19.415409
1 2 84 11.374664 79 10.230468
2 2 62 3.142245 79 11.110746
3
0 2 60 15.164553 66 12.798145
1 2 78 1.285108 95 17.338098
2 2 99 13.160774 90 17.587909
3
0 2 60 13.164675 62 12.112156
1 2 84 12.673904 75 6.711522
2 2 64 16.918654 60 3.194348
3
0 2 60 13.065831 79 10.452586
1 2 80 4.523007 68 12.975808
2 2 89 17.145393 72 7.247270
3
0 2 60 2.176944 65 8.377374
1 2 82 1.070981 92 14.803483
2 2 65 8.046851 77 8.442554
3
0 2 60 4.091537 79 18.215439
1 2 79 6.770529 82 8.931465
2 2 84 13.747581 65 1.854201
3
0 2 70 19.996169 95 1.358879
1 2 99 19.799154 98 8.178680
2 2 80 8.267845 84 8.339347
3
0 2 70 7.779624 73 6.446055
1 2 99 13.336250 82 4.444928
2 2 73 1.058825 77 3.820210
3
0 2 70 6.986969 84 14.923478
1 2 87 18.975847 79 5.012039
2 2 95 15.610066 86 8.455531
3
0 2 70 17.695488 88 15.437665
1 2 90 3.978660 99 12.978828
2 2 98 14.287663 83 6.569407
3
0 2 70 4.046324 80 7.993476
1 2 90 18.226851 70 7.044567
2 2 87 12.720431 93 1.159743
3
0 2 70 18.645893 92 9.362357
1 2 99 12.939098 82 3.442614
2 2 97 9.975601 80 16.568557
3
0 2 70 3.004888 82 7.673624
1 2 81 11.442716 86 2.551267
2 2 74 19.207533 88 14.932949
3
0 2 70 19.698967 92 13.638608
1 2 84 3.320391 95 18.303696
2 2 96 19.566220 72 18.237417
3
0 2 70 15.407460 94 7.415947
1 2 72 19.854111 91 19.655167
2 2 83 19.635640 95 8.745019
3
0 2 70 6.695777 88 8.075255
1 2 95 11.202899 77 3.001998
2 2 89 12.085464 78 2.898152
3
0 2 80 3.002530 88 16.834675
1 2 81 17.502386 87 10.603169
2 2 99 9.917061 81 12.889111
3
0 2 80 18.599254 96 12.304807
1 2 88 3.808111 84 8.036191
2 2 92 8.544649 88 6.782852
3
0 2 80 9.629486 83 7.658181
1 2 99 13.351524 84 17.484698
2 2 87 15.123354 85 14.728966
3
0 2 80 10.606981 90 16.702326
1 2 86 11.713235 87 19.526758
2 2 89 4.225109 87 17.375518
3
0 2 80 2.958804 82 13.124678
1 2 93 17.037420 94 19.831826
2 2 92 1.970795 99 18.333482
3
0 2 80 16.513736 85 6.053597
1 2 95 17.482535 90 6.374992
2 2 91 1.695304 93 11.085765
3
0 2 80 3.713161 82 4.398947
1 2 98 6.199334 93 19.076430
2 2 83 3.469794 88 9.823335
3
0 2 80 5.634237 82 14.722251
1 2 97 18.818559 96 15.056432
2 2 82 2.844093 91 1.143675
3
0 2 80 5.225434 92 10.804011
1 2 81 3.657495 84 9.043982
2 2 88 13.632651 95 3.413162
3
0 2 80 16.594530 88 12.711540
1 2 98 17.584597 81 16.498323
2 2 92 14.582677 82 10.663056
3
0 2 90 13.422222 97 2.075973
1 2 96 17.887766 91 8.888423
2 2 94 13.243292 97 18.820621
3
0 2 90 8.018846 91 6.353832
1 2 97 16.233814 94 14.140854
2 2 99 14.339895 91 15.921209
3
0 2 90 10.254641 97 9.695038
1 2 90 18.961284 92 4.207919
2 2 95 18.061549 90 12.741621
3
0 2 90 6.968872 94 12.874822
1 2 90 8.349245 99 8.862475
2 2 95 11.936061 98 17.236234
3
0 2 90 9.863987 99 15.261029
1 2 96 16.825327 97 18.907761
2 2 91 5.764664 96 8.206038
3
0 2 90 3.200213 95 2.846968
1 2 93 8.382844 90 18.372761
2 2 97 19.157214 91 3.164319
3
0 2 90 15.406517 91 17.741466
1 2 97 2.018463 96 13.928926
2 2 90 9.306776 96 7.440663
3
0 2 90 12.535388 96 16.371851
1 2 96 11.813997 94 16.635865
2 2 92 6.649957 91 14.642340
3
0 2 90 18.978476 98 1.246681
1 2 98 5.824116 99 5.900796
2 2 97 18.414212 96 17.855860
3
0 2 90 9.732053 92 18.875245
1 2 93 13.344487 90 18.128511
2 2 99 10.714909 94 4.841772
3
0 1 99 2.813298
1 1 99 16.634306
2 1 99 8.781835
3
0 1 99 14.587347
1 1 99 15.112495
2 1 99 13.450288
3
0 1 99 17.674690
1 1 99 3.331972
2 1 99 11.693179
3
0 1 99 9.648102
1 1 99 7.975191
2 1 99 2.987800
3
0 1 99 13.415331
1 1 99 2.245466
2 1 99 16.540575
3
0 1 99 9.707970
1 1 99 15.409195
2 1 99 15.034154
3
0 1 99 9.117817
1 1 99 1.429081
2 1 99 5.301614
3
0 1 99 12.103124
1 1 99 4.242352
2 1 99 5.177147
3
0 1 99 1.565238
1 1 99 4.686087
2 1 99 7.706943
0
