20 19
3
0 2 5 13.451241 8 9.794672
1 2 10 9.031632 16 10.593761
2 2 17 16.158673 13 13.139179
3
0 2 5 12.055313 13 6.639156
1 2 5 6.836384 8 5.104774
2 2 8 16.424388 13 17.688505
3
0 2 5 13.161694 12 4.335007
1 2 11 8.020883 18 1.272641
2 2 9 3.104440 18 19.960559
3
0 2 5 6.052509 9 17.884100
1 2 19 9.699965 5 12.381775
2 2 6 8.752166 18 11.808929
3
0 2 5 18.855672 15 15.537329
1 2 9 8.998851 15 16.911711
2 2 6 3.984753 8 9.869175
3
0 2 10 11.997805 15 17.062841
1 2 14 14.203144 13 7.954432
2 2 15 1.990194 19 7.978246
3
0 2 10 14.159808 17 17.354137
1 2 19 4.513130 10 11.225374
2 2 12 2.394636 10 19.896803
3
0 2 10 16.520029 15 6.292469
1 2 17 5.033228 16 10.742428
2 2 18 7.171248 15 15.203675
3
0 2 10 2.772039 19 7.349790
1 2 17 6.856323 12 10.588865
2 2 17 18.361001 15 19.736079
3
0 2 10 14.153401 13 17.442264
1 2 18 3.941302 19 9.683092
2 2 12 2.981551 16 6.004045
3
0 2 15 12.729559 16 6.170476
1 2 16 11.016023 18 11.541731
2 2 15 7.750295 18 2.647041
3
0 2 15 1.167935 16 3.853650
1 2 15 19.250813 19 18.186746
2 2 16 8.785836 18 15.073068
3
0 2 15 10.224378 19 18.875162
1 2 16 7.935246 15 11.414691
2 2 16 13.865876 18 15.914441
3
0 2 15 15.031267 19 19.903712
1 2 18 14.076640 16 12.529532
2 2 19 15.162073 18 19.956122
3
0 2 15 18.954393 17 8.552188
1 2 17 3.427956 18 12.036017
2 2 17 6.921102 19 18.617189
3
0 2 19 14.952287 19 18.385018
1 2 19 13.733557 19 10.451823
2 2 19 19.869750 19 9.839151
3
0 2 19 13.456840 19 19.926107
1 2 19 1.668358 19 5.286155
2 2 19 15.031591 19 14.363359
3
0 2 19 5.910521 19 15.006345
1 2 19 13.051701 19 3.297056
2 2 19 8.517266 19 10.487396
3
0 2 19 6.152281 19 19.628222
1 2 19 7.617238 19 1.681790
2 2 19 17.985825 19 1.756629
0
