20 19
3
0 2 5 10.728569 16 15.234374
1 2 13 10.349650 9 5.822124
2 2 18 4.564724 13 13.558994
3
0 2 5 18.353977 18 13.898179
1 2 7 19.622018 13 3.056767
2 2 14 10.499144 16 4.112033
3
0 2 5 1.431137 7 18.500561
1 2 17 9.117265 8 15.653444
2 2 13 18.326103 16 18.796270
3
0 2 5 3.153266 12 2.701390
1 2 6 9.688631 15 14.257361
2 2 9 11.365500 6 7.740077
3
0 2 5 6.125951 18 7.845944
1 2 19 17.368021 7 19.164637
2 2 17 17.129264 6 15.894521
3
0 2 10 11.356599 16 9.522954
1 2 12 2.923604 11 1.904656
2 2 14 16.858063 15 10.886918
3
0 2 10 17.945509 18 9.760207
1 2 11 11.869085 17 8.532717
2 2 16 7.785073 17 18.618500
3
0 2 10 7.599275 13 3.013862
1 2 18 4.370023 15 18.528924
2 2 11 7.059612 16 3.833449
3
0 2 10 9.435148 11 7.984434
1 2 18 13.049253 10 5.822569
2 2 11 10.624202 12 3.518166
3
0 2 10 11.713876 14 1.902918
1 2 16 18.525374 19 10.238469
2 2 15 1.032636 17 7.415534
3
0 2 15 6.316546 16 4.241409
1 2 15 18.866338 16 15.652097
2 2 18 11.951995 16 12.646529
3
0 2 15 16.821523 16 14.533200
1 2 16 5.328142 18 19.649512
2 2 19 17.482725 18 19.354177
3
0 2 15 1.884547 17 18.538204
1 2 19 2.857922 17 17.503857
2 2 19 10.136510 16 16.387134
3
0 2 15 15.503379 16 19.290486
1 2 15 2.138783 19 5.806234
2 2 15 13.826819 16 13.239378
3
0 2 15 18.489944 18 5.089173
1 2 17 1.784131 19 6.931023
2 2 19 8.701812 15 5.397750
3
0 1 19 11.698619
1 1 19 15.737435
2 1 19 8.596594
3
0 1 19 4.227247
1 1 19 6.909237
2 1 19 14.194517
3
0 1 19 10.949872
1 1 19 19.342904
2 1 19 11.494436
3
0 1 19 3.615467
1 1 19 5.619542
2 1 19 3.469843
0
