100 99
3
0 2 10 1.113741 23 8.594095
1 2 32 4.765803 31 9.388395
2 2 40 12.063631 19 4.291497
3
0 2 10 5.948605 24 19.758567
1 2 61 3.047164 87 12.526874
2 2 49 3.495465 62 7.299957
3
0 2 10 8.937408 58 11.900352
1 2 41 7.003173 10 2.314235
2 2 57 3.239606 85 19.215374
3
0 2 10 5.681501 80 3.132584
1 2 32 19.970553 59 8.563531
2 2 98 13.327790 17 14.373638
3
0 2 10 17.507556 99 19.594810
1 2 55 19.803345 26 5.074470
2 2 55 7.253335 20 11.005354
3
0 2 10 3.963061 91 17.992089
1 2 34 12.602176 33 5.295176
2 2 62 4.225117 60 17.790730
3
0 2 10 10.149618 33 13.457197
1 2 83 9.275701 99 12.965525
2 2 60 14.726409 51 10.662253
3
0 2 10 5.613668 95 7.055729
1 2 41 16.028507 79 18.179538
2 2 73 8.801245 87 16.485315
3
0 2 10 15.747704 99 18.916316
1 2 62 5.324792 25 5.047963
2 2 40 18.582550 73 7.910599
3
0 2 10 15.310013 33 12.743719
1 2 73 18.732730 65 4.559915
2 2 88 4.379856 58 4.379394
3
0 2 20 17.349522 66 19.517785
1 2 73 9.659611 68 11.003569
2 2 63 4.757833 87 9.920646
3
0 2 20 13.629378 59 12.188419
1 2 71 16.054703 75 3.003007
2 2 58 9.761179 63 15.756348
3
0 2 20 9.859361 57 6.227498
1 2 42 13.466414 86 9.586125
2 2 85 10.438712 93 3.435533
3
0 2 20 19.429973 64 7.594218
1 2 57 6.232439 41 3.412304
2 2 91 10.891667 21 9.088775
3
0 2 20 5.008336 24 7.455735
1 2 86 17.996231 91 17.488657
2 2 65 6.406096 41 17.557456
3
0 2 20 4.121450 93 6.513814
1 2 87 10.508581 54 18.500911
2 2 79 2.163126 40 14.415244
3
0 2 20 14.159899 30 19.854686
1 2 87 17.380186 56 17.860838
2 2 38 10.196818 95 4.689420
3
0 2 20 4.645018 93 19.879848
1 2 98 4.845539 76 1.795478
2 2 89 8.828392 67 2.767182
3
0 2 20 11.887009 71 12.359216
1 2 59 5.342704 91 14.061576
2 2 31 10.287259 89 4.717958
3
0 2 20 9.534703 72 3.413025
1 2 83 14.051055 24 3.420580
2 2 54 9.454333 81 7.914993
3
0 2 30 12.192291 61 9.677410
1 2 38 6.308431 37 8.197970
2 2 30 6.420104 51 3.401073
3
0 2 30 17.252956 57 16.290722
1 2 40 14.967090 77 16.566652
2 2 52 6.358259 53 19.535110
3
0 2 30 8.394633 52 13.845616
1 2 48 19.651062 83 7.023083
2 2 68 19.944415 91 15.104903
3
0 2 30 14.021957 33 12.215390
1 2 98 17.054580 48 15.188410
2 2 84 17.827560 65 6.607701
3
0 2 30 7.314510 79 2.881132
1 2 57 8.268232 91 18.161110
2 2 57 12.478716 93 18.885072
3
0 2 30 2.272985 46 19.877028
1 2 51 4.642059 62 7.071226
2 2 38 13.262049 62 16.215964
3
0 2 30 9.826698 62 6.010874
1 2 80 18.137174 39 17.575017
2 2 95 15.675134 64 10.986911
3
0 2 30 8.611733 78 8.693007
1 2 64 12.533997 55 12.436079
2 2 39 8.293427 87 5.972620
3
0 2 30 11.419495 47 18.220910
1 2 31 7.165120 39 18.399263
2 2 77 3.946162 94 12.742527
3
0 2 30 3.528132 56 3.147316
1 2 74 13.043433 73 15.602838
2 2 45 11.410643 96 8.752326
3
0 2 40 6.694286 61 7.236340
1 2 96 13.980263 77 10.974282
2 2 78 8.385162 95 12.140499
3
0 2 40 10.349275 63 16.005637
1 2 82 7.868915 80 9.536255
2 2 43 15.053184 93 4.917255
3
0 2 40 17.397750 41 10.078754
1 2 50 3.055927 94 2.540540
2 2 86 7.220968 93 8.032293
3
0 2 40 1.895695 97 2.781495
1 2 81 4.212826 48 18.094877
2 2 73 19.170297 99 10.780464
3
0 2 40 15.818630 61 9.056757
1 2 85 12.319254 44 1.818655
2 2 70 18.210153 66 17.807484
3
0 2 40 19.573186 78 11.751377
1 2 69 9.480286 72 14.349037
2 2 93 8.490352 67 5.439540
3
0 2 40 11.684817 94 10.957170
1 2 58 19.238185 73 6.358625
2 2 81 8.711925 97 11.901776
3
0 2 40 16.955455 73 11.422931
1 2 76 2.715890 67 9.221564
2 2 98 4.131408 91 13.946342
3
0 2 40 4.603039 80 1.993599
1 2 91 15.726743 56 10.284491
2 2 64 5.024715 84 13.566468
3
0 2 40 9.969369 45 19.750863
1 2 98 5.141679 43 19.807004
2 2 51 12.721529 96 11.700217
3
0 2 50 19.033638 98 13.807566
1 2 73 9.603595 51 2.117255
2 2 95 2.320669 72 3.116562
3
0 2 50 5.436571 70 14.386576
1 2 55 8.418005 63 18.429075
2 2 94 18.820239 77 7.125096
3
0 2 50 4.910368 74 12.513512
1 2 68 9.066744 86 7.578555
2 2 94 13.176781 67 16.845911
3
0 2 50 4.500240 93 9.109916
1 2 72 13.752456 79 13.392857
2 2 72 13.557832 54 15.719121
3
0 2 50 3.461609 65 16.128844
1 2 82 19.426910 96 7.621551
2 2 77 14.756486 61 8.667840
3
0 2 50 6.794572 71 19.572755
1 2 50 17.202167 69 9.274572
2 2 77 10.827018 99 18.050094
3
0 2 50 12.168279 57 1.610218
1 2 56 14.018677 63 13.909427
2 2 63 18.861420 96 19.602990
3
0 2 50 13.096913 66 5.664304
1 2 52 18.755015 96 7.142008
2 2 86 18.634332 73 8.992187
3
0 2 50 7.016882 74 16.025231
1 2 79 8.201400 71 17.186925
2 2 94 19.130554 69 14.912938
3
0 2 50 4.808599 89 3.962840
1 2 92 19.262042 96 15.799811
2 2 75 3.867150 56 12.086565
3
0 2 60 11.602638 90 6.842651
1 2 80 2.496282 96 16.649414
2 2 89 18.496696 65 7.560679
3
0 2 60 18.943557 86 4.271250
1 2 79 16.756216 74 11.717450
2 2 71 7.790344 99 1.342304
3
0 2 60 1.478090 67 4.570979
1 2 95 16.376878 91 4.229829
2 2 92 15.482780 86 4.755006
3
0 2 60 17.536466 75 18.934286
1 2 65 4.238483 96 14.135431
2 2 68 1.290235 73 12.665067
3
0 2 60 7.566034 77 16.029066
1 2 87 1.236581 80 11.476894
2 2 67 7.278691 66 5.622550
3
0 2 60 11.093960 99 9.319525
1 2 74 2.539919 66 8.043065
2 2 84 15.020886 79 11.169903
3
0 2 60 11.733679 88 18.357103
1 2 86 5.849395 93 10.008681
2 2 87 5.596908 60 7.049684
3
0 2 60 1.393859 97 7.634427
1 2 64 17.883119 75 13.032900
2 2 91 16.949491 86 14.189388
3
0 2 60 16.170304 97 8.592248
1 2 83 4.433601 80 17.225859
2 2 95 9.968881 87 15.641333
3
0 2 60 10.067938 81 17.737334
1 2 62 3.664048 68 3.020930
2 2 69 7.237574 80 19.510852
3
0 2 70 1.587699 71 3.107886
1 2 73 13.488023 92 11.848164
2 2 81 14.142983 96 16.739188
3
0 2 70 14.915906 92 8.195908
1 2 71 16.620030 82 12.693782
2 2 79 3.019835 94 2.207210
3
0 2 70 4.468336 94 4.861717
1 2 73 1.733066 92 19.071819
2 2 91 8.759222 80 2.214565
3
0 2 70 10.601558 92 4.630921
1 2 83 10.346324 86 13.171220
2 2 87 11.576229 82 14.150911
3
0 2 70 11.210985 73 19.852896
1 2 97 15.890971 80 9.515767
2 2 95 15.299370 77 4.194364
3
0 2 70 1.497757 76 18.963864
1 2 71 2.355961 79 19.974673
2 2 85 13.309485 78 4.232007
3
0 2 70 5.072955 81 3.155017
1 2 83 17.345159 99 10.665448
2 2 72 7.943623 93 10.894843
3
0 2 70 4.846692 78 6.122648
1 2 95 4.441236 89 6.931980
2 2 75 1.979359 84 16.712964
3
0 2 70 1.728794 93 14.679054
1 2 84 5.718863 80 5.280803
2 2 89 14.428432 81 6.326841
3
0 2 70 1.721871 78 8.377613
1 2 80 13.562238 75 4.672340
2 2 82 6.112818 91 4.305899
3
0 2 80 1.618007 93 3.751615
1 2 97 14.975519 95 7.560402
2 2 84 2.001461 86 14.056074
3
0 2 80 12.255241 93 6.058945
1 2 88 18.203371 82 2.887904
2 2 98 11.656684 82 16.086620
3
0 2 80 12.803199 98 3.687454
1 2 81 4.158863 90 16.488121
2 2 80 4.238624 81 9.403474
3
0 2 80 2.067928 92 2.869250
1 2 96 6.566456 89 4.930263
2 2 95 2.682761 82 6.593478
3
0 2 80 18.880400 82 1.404237
1 2 86 16.140239 88 13.008998
2 2 97 14.202008 98 4.254701
3
0 2 80 17.764543 93 14.616651
1 2 86 4.112880 95 5.335524
2 2 88 10.425559 95 16.922802
3
0 2 80 16.040881 94 16.877745
1 2 85 13.313183 90 9.047455
2 2 89 17.172534 92 15.107697
3
0 2 80 1.921068 94 14.415685
1 2 91 16.221343 88 19.690486
2 2 92 18.171633 83 8.856451
3
0 2 80 10.468210 99 6.204280
1 2 88 3.212663 87 10.847931
2 2 97 8.489395 98 3.181773
3
0 2 80 19.397703 96 7.008160
1 2 91 9.371172 84 13.954038
2 2 81 19.787867 86 17.855384
3
0 2 90 2.653143 99 13.628797
1 2 92 18.700778 91 15.180194
2 2 93 2.490815 96 12.991278
3
0 2 90 3.140063 94 10.187548
1 2 97 11.095805 99 8.558415
2 2 96 16.339241 92 1.131679
3
0 2 90 15.342681 91 6.459609
1 2 92 4.502583 98 15.629746
2 2 91 12.329226 93 16.542666
3
0 2 90 4.682686 95 7.815030
1 2 97 14.523504 99 7.682322
2 2 95 2.493841 94 15.167218
3
0 2 90 17.705656 94 8.612365
1 2 97 7.698962 94 1.420998
2 2 90 7.574447 97 8.856459
3
0 2 90 19.053242 96 10.916562
1 2 97 15.320776 94 3.307843
2 2 97 2.200102 94 14.940622
3
0 2 90 19.375096 91 5.760476
1 2 95 13.130547 97 1.941653
2 2 97 5.029983 91 7.873631
3
0 2 90 1.437411 94 11.656933
1 2 97 4.989913 92 9.811441
2 2 98 12.970011 99 15.638239
3
0 2 90 2.524513 98 19.403374
1 2 96 14.043252 99 5.235756
2 2 98 9.086172 95 11.133256
3
0 2 90 5.486800 99 11.423205
1 2 98 5.464065 92 12.565267
2 2 94 1.816038 92 8.531531
3
0 1 99 1.040510
1 1 99 8.787117
2 1 99 14.744847
3
0 1 99 8.450190
1 1 99 4.732155
2 1 99 14.545029
3
0 1 99 11.167825
1 1 99 2.569851
2 1 99 4.070193
3
0 1 99 16.724356
1 1 99 11.539811
2 1 99 1.092652
3
0 1 99 17.739980
1 1 99 1.770050
2 1 99 15.886622
3
0 1 99 9.643756
1 1 99 16.908997
2 1 99 14.238446
3
0 1 99 14.121024
1 1 99 13.631756
2 1 99 1.461033
3
0 1 99 8.716750
1 1 99 12.582567
2 1 99 8.079525
3
0 1 99 8.157899
1 1 99 12.287586
2 1 99 15.750303
0
