200 199
3
0 2 20 16.591728 158 6.904673
1 2 161 2.379078 121 13.368960
2 2 119 9.196882 120 17.441452
3
0 2 20 12.091893 195 11.276124
1 2 117 10.861238 113 12.759980
2 2 178 6.903483 166 16.888641
3
0 2 20 15.915315 97 2.000895
1 2 49 7.599633 160 5.523791
2 2 146 11.943005 179 14.422516
3
0 2 20 2.059376 174 12.704608
1 2 199 12.000429 120 16.191691
2 2 113 9.557980 150 19.536061
3
0 2 20 7.075012 92 17.747070
1 2 158 5.747137 176 1.593671
2 2 44 17.897148 109 17.204657
3
0 2 20 6.537456 139 9.506853
1 2 140 17.393159 125 13.202233
2 2 98 13.315459 199 4.334478
3
0 2 20 12.175597 76 7.286785
1 2 20 13.970349 125 17.745262
2 2 35 3.680522 191 4.964869
3
0 2 20 3.918458 103 14.822699
1 2 20 1.251463 164 12.406836
2 2 175 12.486504 63 13.947419
3
0 2 20 1.201288 86 18.761086
1 2 174 10.066734 111 14.278250
2 2 93 1.898406 133 5.359206
3
0 2 20 4.400651 99 5.450831
1 2 137 16.363290 33 9.841016
2 2 174 17.547289 82 10.776246
3
0 2 20 11.881758 183 14.398592
1 2 81 18.149090 152 4.321981
2 2 139 10.672227 47 18.020283
3
0 2 20 2.400333 196 15.258392
1 2 55 8.814936 126 18.966354
2 2 57 3.191779 98 11.662436
3
0 2 20 1.026105 136 19.010510
1 2 118 7.205170 55 7.746562
2 2 36 16.794978 24 2.000699
3
0 2 20 8.856575 53 13.480629
1 2 172 2.714379 44 5.337213
2 2 104 10.146341 181 15.854392
3
0 2 20 6.839221 188 4.967237
1 2 112 5.346719 110 11.880953
2 2 47 15.938385 109 18.737067
3
0 2 20 16.880829 113 11.743650
1 2 71 12.460919 88 15.041741
2 2 45 2.582391 104 11.734751
3
0 2 20 13.524858 35 7.587459
1 2 48 6.483257 182 18.282950
2 2 28 7.841787 68 15.741558
3
0 2 20 3.266480 87 15.704135
1 2 26 18.695935 31 19.184351
2 2 61 12.437644 164 18.697012
3
0 2 20 14.298955 42 6.437543
1 2 175 6.367272 37 12.313486
2 2 95 9.167224 151 18.327548
3
0 2 20 13.573517 171 11.742075
1 2 155 13.657788 123 12.617572
2 2 142 8.929131 180 19.675649
3
0 2 40 2.499614 91 6.671559
1 2 53 16.969558 126 13.873008
2 2 184 2.288359 73 10.892322
3
0 2 40 11.298898 66 12.173899
1 2 199 16.507900 79 14.053642
2 2 78 14.892281 87 14.753291
3
0 2 40 9.933578 59 15.243391
1 2 189 8.853290 145 4.728276
2 2 76 6.588905 44 11.691858
3
0 2 40 13.968097 194 13.146771
1 2 156 19.304352 48 3.073815
2 2 168 1.764094 164 16.582360
3
0 2 40 11.116040 196 9.968709
1 2 94 19.508313 177 14.077340
2 2 126 19.279931 134 14.395407
3
0 2 40 12.222724 106 14.843657
1 2 180 15.829004 58 14.347304
2 2 57 17.033604 74 9.476299
3
0 2 40 2.317478 158 9.218366
1 2 94 16.052995 155 19.431756
2 2 57 3.160435 61 19.239915
3
0 2 40 16.884365 47 9.663363
1 2 65 4.328986 198 18.197386
2 2 53 14.237692 173 16.393361
3
0 2 40 9.736791 159 11.366067
1 2 142 2.827116 187 11.625949
2 2 107 18.296036 143 7.843169
3
0 2 40 6.457649 93 10.097582
1 2 55 15.623860 186 2.176778
2 2 153 8.222008 66 3.203693
3
0 2 40 10.134520 170 2.666479
1 2 136 10.302710 175 8.062173
2 2 62 10.832387 57 10.850836
3
0 2 40 2.490741 44 2.253056
1 2 188 3.440092 63 11.582240
2 2 138 8.117201 112 9.130191
3
0 2 40 6.265106 72 18.247382
1 2 175 9.533385 148 3.775584
2 2 45 17.606854 186 13.025890
3
0 2 40 18.532423 44 19.722556
1 2 111 17.229189 186 3.627668
2 2 117 3.055319 77 12.965326
3
0 2 40 1.767008 128 10.332609
1 2 57 4.762062 188 16.507929
2 2 166 18.936816 152 8.505163
3
0 2 40 9.698125 110 1.173126
1 2 172 4.311404 83 1.675948
2 2 169 14.706508 126 2.294757
3
0 2 40 17.730307 92 18.728713
1 2 78 18.894262 187 12.627499
2 2 148 14.316686 94 8.676884
3
0 2 40 18.962902 179 18.749217
1 2 58 8.693301 93 3.200451
2 2 138 11.021251 68 17.549372
3
0 2 40 15.975756 159 13.309462
1 2 194 5.656015 144 16.489350
2 2 105 8.492203 114 19.080606
3
0 2 40 5.543796 54 8.036182
1 2 55 6.380380 58 19.632174
2 2 186 1.888354 155 10.332262
3
0 2 60 6.379374 128 18.606826
1 2 72 19.349046 150 9.734138
2 2 189 6.908600 105 8.546605
3
0 2 60 7.796898 94 9.578224
1 2 115 13.219139 96 6.965342
2 2 118 11.003153 162 3.290632
3
0 2 60 18.564426 199 16.373908
1 2 179 13.526579 164 11.677285
2 2 80 14.164348 175 3.034932
3
0 2 60 19.076546 138 9.799559
1 2 183 9.949069 87 7.047719
2 2 111 10.553672 99 4.213944
3
0 2 60 7.316878 166 5.157863
1 2 94 6.856134 65 13.010692
2 2 134 15.610272 69 5.319994
3
0 2 60 6.220237 172 14.006425
1 2 91 18.028083 124 16.650893
2 2 144 3.738458 187 11.198666
3
0 2 60 14.123706 76 4.966097
1 2 80 13.817341 68 15.930957
2 2 184 14.646454 64 1.380289
3
0 2 60 4.545208 105 6.049945
1 2 98 14.902241 77 14.677977
2 2 155 12.903677 121 1.866297
3
0 2 60 16.463149 105 16.652676
1 2 101 3.574024 179 13.849427
2 2 103 7.623464 122 1.557952
3
0 2 60 7.891653 180 8.677772
1 2 178 19.471675 157 17.901548
2 2 71 1.311137 66 1.512965
3
0 2 60 15.551728 195 11.861092
1 2 82 5.351630 172 4.466309
2 2 103 17.754659 136 3.398214
3
0 2 60 9.911207 99 18.814074
1 2 189 6.582045 64 10.813451
2 2 147 15.711583 103 5.465923
3
0 2 60 18.142017 104 8.845017
1 2 186 17.089117 75 7.796735
2 2 192 8.553973 113 9.000613
3
0 2 60 9.858916 166 18.305296
1 2 158 9.287348 131 11.553388
2 2 187 18.108469 147 8.226964
3
0 2 60 17.530882 134 17.352491
1 2 126 6.353146 134 3.065446
2 2 107 5.178820 184 6.546286
3
0 2 60 1.564263 81 6.034631
1 2 118 17.628526 143 14.692330
2 2 175 4.436495 188 11.322261
3
0 2 60 1.909138 113 11.733895
1 2 194 8.954482 198 6.167447
2 2 177 1.798089 115 19.693440
3
0 2 60 5.731002 129 16.653531
1 2 193 19.890683 107 1.020629
2 2 106 5.072273 81 16.791968
3
0 2 60 19.507190 160 4.527860
1 2 176 8.347121 192 19.140189
2 2 65 9.458715 137 11.348003
3
0 2 60 11.215722 181 5.336317
1 2 65 7.466928 60 19.997360
2 2 78 17.220310 107 15.524777
3
0 2 80 7.195730 170 12.067461
1 2 134 18.479800 122 12.104070
2 2 128 18.129654 149 4.927323
3
0 2 80 4.150058 122 12.320550
1 2 148 1.769178 136 1.298959
2 2 169 8.684848 146 1.948673
3
0 2 80 18.925408 163 8.796815
1 2 193 1.598739 175 10.341348
2 2 145 17.393630 185 11.981692
3
0 2 80 11.409612 101 7.362878
1 2 196 11.371177 168 7.172826
2 2 108 6.898751 185 14.454069
3
0 2 80 4.602693 186 9.133445
1 2 106 8.940608 152 17.431666
2 2 166 10.624049 88 3.617793
3
0 2 80 15.542550 180 1.261041
1 2 101 9.582054 124 11.714668
2 2 97 18.100208 176 16.655259
3
0 2 80 15.483679 111 15.317902
1 2 174 7.345508 172 13.178782
2 2 175 1.424527 167 8.976751
3
0 2 80 7.571140 161 14.186307
1 2 180 7.809320 175 11.675597
2 2 80 6.365725 146 7.953471
3
0 2 80 4.269642 170 9.254741
1 2 173 7.682654 176 1.675327
2 2 92 8.340897 180 9.924657
3
0 2 80 6.694794 120 2.227716
1 2 173 11.858499 140 10.497575
2 2 115 16.126196 199 9.188276
3
0 2 80 15.389612 106 11.043001
1 2 142 9.652911 90 2.393100
2 2 167 9.875893 177 13.635900
3
0 2 80 3.042313 156 16.734723
1 2 170 2.841576 183 15.932338
2 2 197 5.037678 151 5.331971
3
0 2 80 8.342768 187 2.474585
1 2 85 5.098821 187 9.089180
2 2 170 1.663035 123 10.609751
3
0 2 80 17.929567 182 4.610033
1 2 127 16.308268 152 16.131672
2 2 153 19.288989 87 9.946040
3
0 2 80 15.661712 153 5.903571
1 2 133 6.894099 136 4.251133
2 2 193 17.865142 137 17.823266
3
0 2 80 8.758649 184 10.911884
1 2 111 10.034582 92 9.145681
2 2 144 15.013959 108 3.481299
3
0 2 80 7.183854 110 8.595928
1 2 134 3.976127 161 15.866449
2 2 158 7.925932 183 11.689785
3
0 2 80 17.229507 195 13.240147
1 2 186 13.187155 137 17.856066
2 2 135 15.401639 168 18.263957
3
0 2 80 5.119193 157 10.145472
1 2 105 8.475338 87 3.203608
2 2 131 9.923319 191 9.140929
3
0 2 80 4.697947 145 18.887625
1 2 149 18.810368 157 16.838677
2 2 174 5.464366 155 2.075968
3
0 2 100 12.987417 189 9.920253
1 2 112 16.864525 186 1.874833
2 2 107 4.890800 155 14.106286
3
0 2 100 16.238983 113 7.455627
1 2 161 9.035186 174 6.487949
2 2 198 10.362566 112 15.022655
3
0 2 100 12.211664 193 14.885540
1 2 169 2.643272 113 8.443071
2 2 186 14.537263 189 14.127853
3
0 2 100 9.099352 147 18.039255
1 2 189 16.068811 177 13.008253
2 2 138 5.891079 113 1.961375
3
0 2 100 18.649251 198 8.998012
1 2 139 19.696337 171 17.928844
2 2 187 1.464004 114 14.393106
3
0 2 100 4.045974 140 15.017958
1 2 136 16.861614 164 12.121768
2 2 147 17.918263 137 10.973467
3
0 2 100 8.011534 150 8.105407
1 2 169 10.282015 128 4.270366
2 2 121 19.863533 165 10.320186
3
0 2 100 14.115857 105 4.649409
1 2 150 3.084354 134 17.394465
2 2 118 9.865783 179 14.125650
3
0 2 100 16.093325 130 11.457961
1 2 115 18.638765 179 2.791121
2 2 100 7.593166 197 6.251039
3
0 2 100 1.396198 190 13.168391
1 2 139 14.511909 105 5.989506
2 2 128 4.328114 189 14.846534
3
0 2 100 12.618010 163 13.845932
1 2 158 6.085012 148 16.913768
2 2 146 13.473240 196 10.949659
3
0 2 100 18.316196 162 7.732494
1 2 156 19.508286 188 12.943535
2 2 184 5.295649 155 14.148651
3
0 2 100 6.895728 183 8.874180
1 2 128 12.379141 144 9.266116
2 2 119 2.176098 175 3.555312
3
0 2 100 16.481189 172 1.505243
1 2 121 13.015037 137 9.365263
2 2 170 5.983721 181 8.340803
3
0 2 100 16.714651 135 19.714466
1 2 163 5.622740 148 19.332631
2 2 166 17.660942 139 12.344217
3
0 2 100 4.807113 153 18.804455
1 2 182 7.618823 149 17.435600
2 2 107 3.041616 198 17.209524
3
0 2 100 18.383710 167 12.148433
1 2 114 4.579378 122 13.246944
2 2 171 7.256290 131 15.973912
3
0 2 100 17.687596 149 18.847025
1 2 164 4.903759 104 9.152437
2 2 109 4.910487 131 19.000458
3
0 2 100 11.091372 136 6.666246
1 2 135 19.516815 170 5.862264
2 2 185 10.654482 170 4.203984
3
0 2 100 18.392468 188 8.808990
1 2 140 2.709815 138 14.402692
2 2 115 1.894215 145 13.527691
3
0 2 120 13.283936 171 16.446957
1 2 157 16.561836 189 16.217980
2 2 135 6.329253 160 17.235663
3
0 2 120 1.871088 148 6.500103
1 2 194 5.649140 149 12.841953
2 2 192 18.862723 122 4.268541
3
0 2 120 2.453989 130 16.706687
1 2 193 3.216332 166 2.325130
2 2 131 12.726849 178 12.306439
3
0 2 120 12.170061 153 10.707599
1 2 197 9.505628 187 11.967476
2 2 170 16.446806 166 14.384248
3
0 2 120 3.689505 128 2.340349
1 2 162 4.161016 129 12.897618
2 2 159 6.048718 192 13.758980
3
0 2 120 15.981046 134 9.184911
1 2 174 18.496031 191 8.426851
2 2 189 19.555622 161 17.236032
3
0 2 120 3.861550 169 10.943162
1 2 156 9.155879 134 5.206687
2 2 182 3.586493 135 16.158294
3
0 2 120 7.853035 122 15.374670
1 2 121 14.895211 179 15.460372
2 2 146 3.968187 132 10.985959
3
0 2 120 14.682167 124 10.473067
1 2 146 10.923610 132 1.384144
2 2 164 19.998027 147 12.445183
3
0 2 120 7.619428 178 10.330015
1 2 134 14.237126 197 15.151665
2 2 144 5.685890 190 6.452288
3
0 2 120 4.028843 191 14.143209
1 2 137 11.115189 155 7.786250
2 2 182 14.816942 169 13.262789
3
0 2 120 9.223714 126 14.365990
1 2 132 8.916557 186 13.341194
2 2 173 7.047940 125 3.111811
3
0 2 120 13.998536 126 15.134749
1 2 146 12.956321 198 19.242361
2 2 198 19.029518 129 14.519622
3
0 2 120 18.780287 141 18.084667
1 2 180 16.283130 156 5.653251
2 2 135 7.734879 163 4.785264
3
0 2 120 11.765425 179 13.810917
1 2 136 17.100917 141 19.632548
2 2 126 2.322223 197 11.063717
3
0 2 120 14.811352 157 1.658849
1 2 140 17.860773 178 15.869909
2 2 168 12.922938 183 7.719561
3
0 2 120 9.459428 197 14.410756
1 2 176 19.648540 138 5.057664
2 2 124 12.587663 188 2.989943
3
0 2 120 12.705506 125 19.007631
1 2 199 10.792087 194 15.187608
2 2 141 18.648994 126 15.577750
3
0 2 120 7.742293 165 8.750606
1 2 172 11.393952 187 10.764464
2 2 163 4.254188 143 8.771282
3
0 2 120 5.489385 194 2.410557
1 2 198 11.223257 121 10.106260
2 2 179 13.600029 158 14.221409
3
0 2 140 1.412083 150 2.875310
1 2 174 5.532129 172 13.601316
2 2 191 1.343270 193 14.132039
3
0 2 140 18.660309 171 17.943038
1 2 176 16.771542 146 19.433343
2 2 186 12.381831 189 3.265531
3
0 2 140 16.942493 153 8.282154
1 2 178 13.012941 165 9.695841
2 2 158 16.068253 160 8.437177
3
0 2 140 10.227294 142 10.765280
1 2 184 1.692374 151 6.496332
2 2 158 8.423334 147 14.298083
3
0 2 140 18.290537 157 10.538017
1 2 189 2.962207 169 3.295203
2 2 158 1.586955 152 2.291201
3
0 2 140 6.239849 169 1.946481
1 2 164 6.086922 177 5.799939
2 2 148 15.865954 187 14.901111
3
0 2 140 14.585304 158 4.621832
1 2 143 12.524551 181 3.591480
2 2 169 1.322511 171 5.555076
3
0 2 140 16.674574 156 8.507343
1 2 144 2.718574 167 9.524803
2 2 193 2.481478 161 16.022230
3
0 2 140 6.240403 152 6.108815
1 2 197 11.198186 183 1.267595
2 2 141 3.941672 179 9.695340
3
0 2 140 9.949772 190 6.408894
1 2 165 4.957705 186 15.389818
2 2 182 9.820916 189 8.615636
3
0 2 140 18.650468 175 3.283907
1 2 144 17.658883 175 1.385082
2 2 188 16.521556 178 6.908028
3
0 2 140 12.195149 156 16.059491
1 2 170 14.595161 148 17.339877
2 2 184 19.845302 163 7.893826
3
0 2 140 16.196891 155 2.056692
1 2 194 18.855270 145 14.540394
2 2 183 17.791510 174 6.688752
3
0 2 140 15.988206 157 7.612573
1 2 198 10.266012 158 19.530378
2 2 189 4.807083 147 6.673180
3
0 2 140 14.254157 182 11.539473
1 2 194 5.076981 190 11.055664
2 2 181 4.030613 186 3.293778
3
0 2 140 14.256313 178 4.474932
1 2 194 3.048742 147 19.178955
2 2 150 1.245711 190 2.143722
3
0 2 140 10.018583 183 18.568942
1 2 151 10.073742 148 8.622999
2 2 162 2.368960 141 17.153513
3
0 2 140 5.546989 183 2.629885
1 2 166 4.151037 154 9.402296
2 2 195 11.168654 171 3.065386
3
0 2 140 13.995577 153 18.225108
1 2 143 6.235273 148 19.656000
2 2 189 14.976017 185 17.883141
3
0 2 140 16.611458 196 17.235504
1 2 144 8.348555 198 9.477396
2 2 141 11.846119 143 19.672837
3
0 2 160 18.326046 188 2.773956
1 2 184 16.983033 193 4.377345
2 2 178 4.559182 164 5.815077
3
0 2 160 3.494414 176 12.139587
1 2 165 2.320886 195 19.933107
2 2 192 7.630844 191 14.219131
3
0 2 160 12.943186 183 1.814409
1 2 160 17.898215 180 2.304349
2 2 180 9.180432 197 8.640457
3
0 2 160 14.970295 165 8.678240
1 2 194 12.994272 187 17.471753
2 2 199 13.455024 177 19.554567
3
0 2 160 12.770693 191 11.506269
1 2 183 11.384342 194 3.171635
2 2 165 10.596134 197 4.650372
3
0 2 160 4.430690 174 13.858084
1 2 169 10.728383 185 16.496056
2 2 192 9.494509 199 19.760215
3
0 2 160 15.798914 164 10.666724
1 2 195 19.050295 174 12.117133
2 2 162 18.547368 183 3.196970
3
0 2 160 7.964349 164 19.204009
1 2 187 14.656397 188 2.326993
2 2 198 17.271071 197 14.364410
3
0 2 160 13.486596 167 19.552892
1 2 184 3.824908 163 19.072148
2 2 171 7.453022 174 17.622635
3
0 2 160 8.029968 181 18.494214
1 2 192 16.736376 181 4.054391
2 2 180 19.524372 171 7.232977
3
0 2 160 3.640874 199 18.073363
1 2 191 11.492099 162 11.137044
2 2 170 4.751096 163 14.450027
3
0 2 160 12.768616 164 3.298478
1 2 165 7.770976 169 15.155262
2 2 172 2.304158 170 1.493760
3
0 2 160 1.298320 183 19.126080
1 2 189 13.956754 185 8.756566
2 2 193 14.131919 165 11.478637
3
0 2 160 2.704397 175 14.572664
1 2 194 10.699737 177 15.529818
2 2 164 7.598519 174 18.204789
3
0 2 160 6.606104 178 12.910363
1 2 195 5.911408 181 7.385344
2 2 164 8.348512 177 3.658563
3
0 2 160 2.431657 185 8.367944
1 2 190 17.968272 170 14.433742
2 2 165 9.471795 184 7.452011
3
0 2 160 3.828329 186 19.082533
1 2 171 1.561486 167 17.854099
2 2 187 4.225496 175 4.832656
3
0 2 160 17.152912 186 6.263097
1 2 199 12.774091 164 12.234547
2 2 170 5.844811 171 14.407177
3
0 2 160 15.428587 199 4.495250
1 2 165 6.008997 168 11.339760
2 2 191 18.547335 165 12.735228
3
0 2 160 14.197756 193 5.976484
1 2 172 7.514148 193 19.278131
2 2 193 8.241989 194 9.172682
3
0 2 180 4.230626 190 12.059328
1 2 182 18.250928 190 18.527524
2 2 184 12.381617 189 10.188723
3
0 2 180 5.759146 195 16.404675
1 2 187 11.977152 188 16.158086
2 2 192 11.942247 180 11.612312
3
0 2 180 16.141047 199 9.906356
1 2 197 10.388417 187 11.352332
2 2 184 19.946779 183 1.783748
3
0 2 180 3.893954 195 9.917654
1 2 191 9.077382 180 10.945273
2 2 194 8.710933 192 10.019061
3
0 2 180 8.254098 195 7.506507
1 2 181 6.524003 199 12.173805
2 2 196 9.892518 193 8.295949
3
0 2 180 18.183611 198 14.648254
1 2 183 7.897194 196 19.152334
2 2 187 15.117332 189 6.240256
3
0 2 180 12.464660 183 5.909986
1 2 190 19.564941 193 4.914424
2 2 183 7.601767 180 4.201119
3
0 2 180 2.214389 185 5.344274
1 2 187 7.855506 194 15.264961
2 2 183 5.934259 195 1.085189
3
0 2 180 16.743975 185 8.063543
1 2 198 5.176581 190 9.597027
2 2 195 2.817611 183 6.600447
3
0 2 180 6.235865 189 15.916343
1 2 197 17.808740 194 12.629893
2 2 190 5.208679 196 13.395255
3
0 2 180 13.927503 184 10.775805
1 2 197 3.130243 193 2.822811
2 2 182 18.574022 191 10.682050
3
0 2 180 12.647991 194 17.604536
1 2 198 1.871869 188 2.035891
2 2 180 3.064336 198 3.967630
3
0 2 180 3.316056 194 5.045694
1 2 188 17.052087 180 9.797586
2 2 185 17.553583 187 13.973959
3
0 2 180 10.193431 194 15.799618
1 2 196 9.116419 195 11.622993
2 2 199 19.902487 185 13.985656
3
0 2 180 17.070094 190 4.507093
1 2 197 16.718772 182 12.323098
2 2 186 18.010086 180 1.214829
3
0 2 180 8.242919 196 15.852902
1 2 197 19.382645 191 19.293903
2 2 183 10.245828 196 16.707517
3
0 2 180 1.047621 195 11.637097
1 2 186 5.684946 193 12.581132
2 2 187 3.237343 186 1.725876
3
0 2 180 18.170742 181 11.117073
1 2 195 5.223678 182 1.374144
2 2 195 16.073807 199 4.320602
3
0 2 180 4.764569 186 12.272973
1 2 184 13.793086 186 4.383756
2 2 195 17.790029 183 2.994331
3
0 2 180 19.689370 197 10.193658
1 2 194 17.261109 196 11.346521
2 2 180 10.492277 189 12.611439
3
0 1 199 17.975193
1 1 199 6.878461
2 1 199 2.144475
3
0 1 199 2.360297
1 1 199 13.216604
2 1 199 17.368453
3
0 1 199 3.418682
1 1 199 5.775095
2 1 199 2.187318
3
0 1 199 10.111262
1 1 199 8.728741
2 1 199 16.674306
3
0 1 199 13.245972
1 1 199 19.385305
2 1 199 15.506454
3
0 1 199 4.064048
1 1 199 16.371081
2 1 199 12.846246
3
0 1 199 5.922721
1 1 199 12.161978
2 1 199 7.898119
3
0 1 199 19.905048
1 1 199 19.972933
2 1 199 1.633561
3
0 1 199 19.575124
1 1 199 13.123733
2 1 199 14.900651
3
0 1 199 6.572525
1 1 199 2.556028
2 1 199 17.560244
3
0 1 199 6.166170
1 1 199 13.233744
2 1 199 17.451010
3
0 1 199 13.312148
1 1 199 19.597535
2 1 199 9.554053
3
0 1 199 6.651448
1 1 199 16.469793
2 1 199 4.728308
3
0 1 199 6.645716
1 1 199 11.021179
2 1 199 13.545906
3
0 1 199 1.624276
1 1 199 8.553221
2 1 199 15.299913
3
0 1 199 18.890636
1 1 199 4.067130
2 1 199 12.904787
3
0 1 199 2.032246
1 1 199 2.180781
2 1 199 11.128147
3
0 1 199 17.986572
1 1 199 4.977428
2 1 199 13.091929
3
0 1 199 1.924402
1 1 199 11.775694
2 1 199 7.612285
0
