50 49
3
0 2 5 19.283490 18 16.852615
1 2 14 4.999468 27 16.908992
2 2 7 9.589617 46 14.057244
3
0 2 5 9.505981 45 13.665159
1 2 31 17.708902 15 4.650538
2 2 48 18.139805 29 7.285872
3
0 2 5 12.734099 6 4.007619
1 2 47 10.002066 19 19.728644
2 2 8 2.727590 7 16.347878
3
0 2 5 12.233057 13 9.674250
1 2 41 18.228282 34 7.327154
2 2 44 19.514164 6 18.786245
3
0 2 5 15.844330 40 12.977412
1 2 19 9.823534 22 1.926903
2 2 44 14.137564 28 1.398335
3
0 2 10 18.550282 18 12.085034
1 2 18 3.439402 46 8.211242
2 2 45 9.964875 23 10.070845
3
0 2 10 8.705887 49 15.350994
1 2 28 13.800730 16 8.948990
2 2 38 10.400641 41 18.029681
3
0 2 10 7.603171 22 7.124573
1 2 19 7.486611 35 3.497626
2 2 28 5.437040 29 18.862179
3
0 2 10 13.174523 23 2.236334
1 2 27 3.244895 40 7.394581
2 2 49 1.444280 21 19.846803
3
0 2 10 1.570591 37 11.492399
1 2 14 16.005311 39 14.622058
2 2 38 14.307776 28 19.736319
3
0 2 15 5.801969 39 10.664255
1 2 25 1.855716 28 15.956246
2 2 15 13.383810 32 9.450845
3
0 2 15 15.330076 32 1.944765
1 2 38 9.704524 40 2.748622
2 2 22 6.554135 39 17.424845
3
0 2 15 11.906881 47 4.309411
1 2 41 16.575754 20 10.457384
2 2 24 15.434814 38 7.500092
3
0 2 15 19.980775 44 6.113012
1 2 45 1.796452 37 12.033936
2 2 23 10.953835 21 5.101516
3
0 2 15 19.287206 46 4.253256
1 2 30 13.448969 17 7.134830
2 2 43 10.273985 19 6.358044
3
0 2 20 1.029850 24 13.496601
1 2 27 14.499269 44 6.060237
2 2 30 6.244172 38 5.951943
3
0 2 20 4.420046 38 17.843278
1 2 49 18.326800 32 4.337236
2 2 29 16.216166 22 15.115538
3
0 2 20 17.540174 34 2.470878
1 2 45 18.270045 41 17.030771
2 2 48 14.549701 49 4.172325
3
0 2 20 8.211313 28 4.050975
1 2 43 13.003775 33 4.672178
2 2 31 16.635714 38 15.032487
3
0 2 20 2.332822 26 4.717499
1 2 48 3.457200 23 16.709449
2 2 33 19.125341 32 8.011715
3
0 2 25 1.695942 49 12.644873
1 2 31 3.821975 27 9.713327
2 2 30 10.578499 41 17.813297
3
0 2 25 16.654097 39 15.675347
1 2 29 10.046023 26 7.766540
2 2 36 9.161871 38 19.036857
3
0 2 25 19.572092 28 16.188195
1 2 46 4.394671 28 14.611315
2 2 29 2.046765 31 12.378207
3
0 2 25 19.888816 46 12.052406
1 2 35 6.422164 31 18.066153
2 2 45 5.218381 33 4.815599
3
0 2 25 1.279556 48 17.617495
1 2 36 4.450918 44 9.909388
2 2 45 10.609769 46 6.437865
3
0 2 30 1.487847 49 6.041594
1 2 40 1.427643 34 4.819695
2 2 39 15.452906 49 14.416114
3
0 2 30 15.572824 40 5.788511
1 2 30 13.303696 49 16.365791
2 2 32 5.535356 36 3.659526
3
0 2 30 11.343014 34 11.024488
1 2 34 5.518570 43 8.661772
2 2 42 18.581711 30 19.341348
3
0 2 30 6.470116 31 3.639792
1 2 45 12.314851 43 11.865603
2 2 44 5.296506 31 18.244398
3
0 2 30 12.600244 39 8.566065
1 2 34 8.409849 30 9.023896
2 2 43 9.975867 41 12.148195
3
0 2 35 13.010076 43 16.780321
1 2 38 13.149400 44 10.678475
2 2 47 11.524126 41 11.917816
3
0 2 35 3.021768 48 9.951300
1 2 36 16.649496 39 14.229065
2 2 46 2.760875 47 15.990656
3
0 2 35 16.535142 41 8.426487
1 2 39 11.997690 36 2.662915
2 2 35 6.459277 39 2.977661
3
0 2 35 3.471002 39 12.160666
1 2 35 16.561593 45 1.366812
2 2 36 6.640449 43 6.009811
3
0 2 35 10.473587 42 11.823192
1 2 48 16.520272 43 16.735984
2 2 45 17.011716 38 6.496040
3
0 2 40 17.861612 45 1.363825
1 2 40 9.765584 43 17.152329
2 2 41 19.824156 47 15.561568
3
0 2 40 19.900544 44 14.627614
1 2 49 13.307700 48 10.400598
2 2 41 11.535139 47 13.861907
3
0 2 40 9.836060 44 2.752105
1 2 42 1.321276 46 3.251587
2 2 46 13.031538 43 18.201511
3
0 2 40 15.708612 48 10.075553
1 2 47 19.954586 49 5.312776
2 2 41 15.168568 48 3.318542
3
0 2 40 2.160183 47 1.546491
1 2 44 2.672798 43 8.330036
2 2 41 8.026272 49 17.550186
3
0 2 45 4.708181 49 5.499151
1 2 46 2.725134 47 1.376466
2 2 47 19.461355 45 8.071375
3
0 2 45 1.850315 48 17.478037
1 2 46 3.533205 48 18.139380
2 2 45 11.369217 48 3.436592
3
0 2 45 7.609156 49 9.559101
1 2 47 19.679099 48 2.700888
2 2 45 16.801034 46 10.186933
3
0 2 45 4.288734 47 3.111651
1 2 48 10.625095 46 11.366789
2 2 45 12.885998 46 2.427665
3
0 2 45 17.283114 49 14.672636
1 2 49 18.502467 47 9.004843
2 2 49 8.027895 45 17.512592
3
0 2 49 18.298429 49 1.245603
1 2 49 7.646585 49 7.430341
2 2 49 14.743541 49 11.916433
3
0 2 49 13.003656 49 5.574460
1 2 49 16.313078 49 6.442560
2 2 49 4.813433 49 15.156257
3
0 2 49 2.234604 49 16.922986
1 2 49 17.159159 49 17.579726
2 2 49 9.542019 49 16.999000
3
0 2 49 11.740613 49 16.741089
1 2 49 15.088854 49 6.907035
2 2 49 16.531039 49 7.677478
0
