200 199
3
0 2 20 3.791340 178 17.940193
1 2 57 6.508575 70 12.565995
2 2 145 6.938074 113 4.550023
3
0 2 20 11.842799 199 15.904591
1 2 193 17.477115 183 2.570057
2 2 44 17.851466 125 8.487013
3
0 2 20 6.425316 100 19.293740
1 2 47 12.446834 117 12.660872
2 2 197 19.106495 116 1.313991
3
0 2 20 12.495634 33 1.756618
1 2 87 5.127829 41 19.365897
2 2 180 3.131658 66 16.277378
3
0 2 20 17.048654 104 16.019942
1 2 157 19.055640 178 4.686373
2 2 187 18.241088 95 17.258648
3
0 2 20 14.921319 120 2.766347
1 2 147 14.108959 136 10.388550
2 2 73 16.638606 157 3.114926
3
0 2 20 4.656328 163 18.639350
1 2 167 13.892260 151 19.524124
2 2 158 17.387237 131 14.545552
3
0 2 20 14.686229 145 12.112410
1 2 187 2.999405 53 18.714516
2 2 75 17.714396 109 10.711707
3
0 2 20 14.747078 125 6.986846
1 2 51 19.193529 135 4.902315
2 2 140 18.874898 153 10.269675
3
0 2 20 15.902633 100 16.917474
1 2 84 11.136478 164 14.238869
2 2 151 4.083212 88 4.219229
3
0 2 20 13.012830 166 11.395230
1 2 192 9.276335 31 19.311502
2 2 22 9.760391 42 11.352025
3
0 2 20 5.438101 40 17.147347
1 2 143 2.969681 136 11.556717
2 2 96 7.560927 97 11.642081
3
0 2 20 1.474370 198 16.286905
1 2 44 16.775281 176 19.960293
2 2 89 16.847437 39 4.020079
3
0 2 20 5.353507 197 18.769932
1 2 191 5.589940 162 5.669116
2 2 134 5.950999 161 10.273035
3
0 2 20 15.529556 198 6.760151
1 2 54 4.454676 76 2.029296
2 2 79 7.560101 33 19.860783
3
0 2 20 1.285935 58 12.511786
1 2 30 18.560370 69 5.561367
2 2 94 15.922836 106 11.022640
3
0 2 20 9.515018 148 9.761004
1 2 75 11.032356 36 9.252374
2 2 99 10.830317 29 19.306460
3
0 2 20 6.293908 63 13.945578
1 2 21 12.056213 82 12.114447
2 2 98 4.426208 186 5.784456
3
0 2 20 4.860122 48 5.497716
1 2 62 14.856462 190 12.236333
2 2 97 15.175087 198 13.661721
3
0 2 20 19.842946 126 5.210988
1 2 22 12.665751 25 16.006209
2 2 86 15.464474 102 6.421095
3
0 2 40 14.247382 130 4.145849
1 2 90 3.679475 58 12.220653
2 2 190 7.538756 147 16.969178
3
0 2 40 14.779096 167 2.140023
1 2 191 2.841113 43 16.446967
2 2 105 6.374826 198 17.460187
3
0 2 40 1.018682 101 12.522337
1 2 63 10.966608 89 3.218223
2 2 104 19.026458 103 13.627638
3
0 2 40 9.794373 49 5.969616
1 2 89 3.703186 127 15.820256
2 2 68 17.159743 196 5.404432
3
0 2 40 11.666264 199 18.958967
1 2 183 18.233913 127 18.424578
2 2 194 1.062362 170 6.695340
3
0 2 40 14.595108 128 14.243658
1 2 103 19.768117 94 5.672355
2 2 133 17.467748 92 11.213759
3
0 2 40 9.548898 189 3.282351
1 2 165 6.202974 191 7.326286
2 2 81 1.999033 152 9.054207
3
0 2 40 3.941084 85 2.794431
1 2 156 7.194420 167 8.539537
2 2 87 15.872330 108 3.879732
3
0 2 40 1.783175 143 4.472116
1 2 182 1.842027 137 14.385937
2 2 193 5.935302 53 9.962466
3
0 2 40 4.842768 53 18.753981
1 2 48 17.599415 182 17.055744
2 2 101 10.408397 180 3.028099
3
0 2 40 5.591949 177 17.350405
1 2 136 18.030282 144 15.366326
2 2 69 6.298281 116 10.014156
3
0 2 40 18.016247 65 17.406108
1 2 62 3.739572 131 13.009889
2 2 70 14.808447 136 16.663962
3
0 2 40 3.765957 151 12.561694
1 2 167 15.991504 177 17.076118
2 2 146 9.877450 155 11.427426
3
0 2 40 19.940141 190 6.779353
1 2 125 7.717852 102 9.391251
2 2 59 8.968153 127 3.331196
3
0 2 40 5.825858 189 4.798026
1 2 79 18.413351 145 10.304285
2 2 91 18.498887 80 16.170031
3
0 2 40 13.046262 46 4.550742
1 2 115 12.156075 80 5.436003
2 2 196 19.723382 160 14.283815
3
0 2 40 12.530179 57 9.705304
1 2 56 12.554714 45 2.953955
2 2 65 4.013746 117 8.995961
3
0 2 40 5.325297 195 1.745792
1 2 139 11.050569 132 14.338422
2 2 85 1.344113 117 15.854421
3
0 2 40 13.000030 90 8.082224
1 2 184 2.859549 107 16.722146
2 2 166 11.358024 171 13.220540
3
0 2 40 10.091904 178 16.264522
1 2 95 5.549529 108 19.792825
2 2 195 18.093980 184 11.410243
3
0 2 60 16.514084 192 5.316293
1 2 83 7.540139 129 3.462430
2 2 123 15.505351 157 9.056441
3
0 2 60 8.619533 62 1.069053
1 2 166 2.880656 89 16.094097
2 2 159 5.357607 140 18.919631
3
0 2 60 9.615665 154 14.238828
1 2 77 5.144106 78 8.478228
2 2 198 3.094688 131 6.382718
3
0 2 60 10.736579 172 15.400116
1 2 121 15.693114 171 7.303649
2 2 125 2.961790 61 13.708471
3
0 2 60 12.446966 161 2.296141
1 2 87 1.675917 61 5.854663
2 2 144 14.920016 171 15.247868
3
0 2 60 18.867560 136 3.530680
1 2 67 17.415586 91 9.512827
2 2 137 19.041073 74 16.429748
3
0 2 60 12.798093 166 6.321141
1 2 80 16.642190 155 17.081128
2 2 117 7.675959 175 19.095970
3
0 2 60 19.114657 142 18.793788
1 2 63 9.715227 116 18.243726
2 2 80 1.647243 67 10.359334
3
0 2 60 8.889100 148 5.132743
1 2 197 10.897171 122 7.998112
2 2 71 4.319433 193 17.536527
3
0 2 60 19.876065 71 16.742391
1 2 68 5.413050 75 2.002008
2 2 197 1.745514 127 14.145581
3
0 2 60 15.105077 76 18.179386
1 2 172 7.339464 126 3.113637
2 2 96 11.979985 84 4.413862
3
0 2 60 4.370432 139 7.372944
1 2 71 7.032704 187 12.369092
2 2 193 19.065690 197 8.548870
3
0 2 60 19.580287 62 15.216320
1 2 101 7.752329 188 7.443976
2 2 163 3.010529 124 15.872603
3
0 2 60 7.917213 72 14.176625
1 2 117 17.543783 73 16.241487
2 2 188 16.192594 184 2.386891
3
0 2 60 12.604608 141 18.291813
1 2 198 12.083816 172 7.039190
2 2 106 1.329481 69 17.169552
3
0 2 60 5.906017 66 6.452609
1 2 72 15.078645 147 5.472121
2 2 125 15.028770 141 15.702153
3
0 2 60 10.302404 79 5.435193
1 2 164 17.478068 131 18.557644
2 2 195 12.440762 189 4.690453
3
0 2 60 9.818423 161 7.318939
1 2 86 1.960034 124 11.816100
2 2 83 6.946034 100 9.811768
3
0 2 60 14.185593 151 8.775465
1 2 61 2.123697 82 19.002720
2 2 61 5.888919 191 17.019062
3
0 2 60 2.842801 132 15.651263
1 2 150 19.130388 171 5.750478
2 2 87 2.424640 111 12.524137
3
0 2 80 4.662137 85 14.927946
1 2 88 5.297971 112 3.152165
2 2 147 7.932259 117 1.117870
3
0 2 80 9.427678 88 15.457293
1 2 143 15.484790 96 5.663813
2 2 149 4.306839 155 13.053118
3
0 2 80 3.492228 92 5.702045
1 2 183 8.402096 109 13.245569
2 2 142 6.794803 177 10.630191
3
0 2 80 19.038571 104 17.108796
1 2 141 6.471765 143 16.006655
2 2 124 3.644739 156 2.399718
3
0 2 80 16.685399 103 3.226499
1 2 100 2.414227 182 7.442863
2 2 171 4.444625 147 2.487630
3
0 2 80 14.341901 155 14.593272
1 2 106 4.297675 132 7.785299
2 2 186 15.752541 116 16.530594
3
0 2 80 1.823516 140 19.662772
1 2 97 16.069032 134 8.231739
2 2 193 3.885000 157 18.264836
3
0 2 80 10.017879 196 5.491077
1 2 104 13.581838 153 13.207360
2 2 82 12.093298 84 7.445231
3
0 2 80 18.444225 191 11.140601
1 2 122 5.793788 107 9.881663
2 2 186 16.405133 139 10.924022
3
0 2 80 17.197767 82 13.581545
1 2 182 1.885517 153 6.056405
2 2 192 3.031915 122 2.177894
3
0 2 80 1.881965 94 17.792968
1 2 183 10.458223 195 4.754168
2 2 196 5.910414 96 7.861080
3
0 2 80 19.432516 193 3.655282
1 2 190 2.135835 181 2.385288
2 2 175 18.755726 119 15.480436
3
0 2 80 3.837870 147 5.229127
1 2 170 17.162339 174 8.797195
2 2 168 15.952037 85 13.582645
3
0 2 80 16.180518 142 18.553980
1 2 119 11.034058 172 9.293702
2 2 199 8.647578 96 7.797954
3
0 2 80 8.924963 147 16.729783
1 2 195 11.640981 150 3.518719
2 2 187 1.753263 124 13.512408
3
0 2 80 16.513439 144 19.809086
1 2 96 19.813709 166 7.595997
2 2 92 6.491483 173 8.193363
3
0 2 80 14.520587 174 15.552397
1 2 89 8.346414 124 2.953782
2 2 108 2.850186 142 6.773882
3
0 2 80 8.697206 131 3.944000
1 2 114 2.933486 123 8.711750
2 2 191 19.082984 136 16.094389
3
0 2 80 12.100155 146 12.120973
1 2 132 9.171319 124 9.499944
2 2 187 5.901980 148 4.894313
3
0 2 80 19.081858 164 14.439278
1 2 179 10.760785 97 3.054686
2 2 127 6.389436 112 3.906541
3
0 2 100 13.233819 192 5.425799
1 2 131 19.489250 182 9.571804
2 2 190 10.739700 160 12.204113
3
0 2 100 15.214599 162 5.163816
1 2 138 5.818001 115 8.746419
2 2 162 9.838111 103 10.260434
3
0 2 100 4.350484 149 6.606993
1 2 187 12.942749 106 19.898189
2 2 159 18.052555 160 2.530591
3
0 2 100 12.766715 119 11.948323
1 2 164 2.547514 149 2.650022
2 2 145 10.470896 171 12.266602
3
0 2 100 11.150669 113 7.204828
1 2 106 8.146698 154 4.512712
2 2 164 6.907425 197 5.415354
3
0 2 100 1.237119 174 15.328971
1 2 189 17.471456 158 7.919305
2 2 105 11.799461 161 4.465254
3
0 2 100 14.309933 170 5.385447
1 2 153 5.931357 133 14.571203
2 2 127 4.567250 107 19.480374
3
0 2 100 8.007850 170 9.019971
1 2 178 1.270836 148 5.094237
2 2 144 15.293264 145 5.228503
3
0 2 100 16.915455 109 16.035232
1 2 144 1.276394 159 13.952874
2 2 139 8.448733 187 16.331309
3
0 2 100 1.971697 146 19.684132
1 2 105 16.884274 152 18.017354
2 2 121 2.923076 176 5.931932
3
0 2 100 13.826475 169 13.945886
1 2 179 3.856778 186 13.566017
2 2 106 9.386752 134 13.690634
3
0 2 100 14.921196 105 15.576090
1 2 173 11.157987 114 7.780629
2 2 152 1.509497 198 18.689792
3
0 2 100 10.931575 197 4.521609
1 2 146 18.332107 151 7.740241
2 2 140 3.647924 175 10.622766
3
0 2 100 16.413382 110 18.713641
1 2 165 12.263114 185 14.060377
2 2 102 2.117375 106 13.523213
3
0 2 100 5.145848 197 15.949266
1 2 111 9.564227 162 11.676454
2 2 161 10.763117 112 5.164992
3
0 2 100 16.949319 194 4.487518
1 2 172 15.039147 101 16.448839
2 2 155 11.137744 103 8.484302
3
0 2 100 1.793597 155 13.163322
1 2 122 4.757351 152 9.732379
2 2 144 6.741914 110 9.557113
3
0 2 100 13.333639 105 11.979000
1 2 113 2.402564 102 16.855878
2 2 135 10.704057 116 11.921720
3
0 2 100 16.008493 142 6.367011
1 2 109 10.974948 123 5.832517
2 2 174 15.868788 179 13.431823
3
0 2 100 9.424796 127 14.615237
1 2 184 17.114041 148 7.475440
2 2 109 1.054866 130 17.095030
3
0 2 120 8.146725 126 1.480107
1 2 170 2.743368 191 11.541082
2 2 151 18.013817 133 16.370860
3
0 2 120 1.708761 147 19.900465
1 2 166 13.853347 171 3.620825
2 2 125 7.264679 163 17.734672
3
0 2 120 17.878756 166 19.124613
1 2 190 18.782216 171 3.323615
2 2 141 19.809278 170 14.505125
3
0 2 120 15.543555 126 17.986422
1 2 154 12.412011 147 18.515307
2 2 169 17.117740 171 11.494155
3
0 2 120 13.281295 131 9.689075
1 2 158 4.318665 160 15.056952
2 2 127 15.805724 187 11.499931
3
0 2 120 1.386245 162 16.893276
1 2 132 6.846581 181 5.365056
2 2 179 19.346505 149 19.698332
3
0 2 120 4.068807 159 2.065075
1 2 192 13.305017 152 3.892252
2 2 172 7.574377 160 17.371021
3
0 2 120 4.334861 123 11.504629
1 2 124 8.275992 120 16.567706
2 2 156 19.668680 138 16.830617
3
0 2 120 9.537551 127 16.338423
1 2 147 6.440524 161 6.690655
2 2 181 19.328571 178 10.050568
3
0 2 120 8.672331 145 19.707944
1 2 149 11.839916 181 12.108328
2 2 178 17.144998 122 10.886268
3
0 2 120 2.369780 144 18.207086
1 2 129 11.128481 152 13.628351
2 2 127 7.025593 194 3.069108
3
0 2 120 5.629849 197 16.130369
1 2 182 9.697077 160 2.744792
2 2 162 19.560885 183 8.714657
3
0 2 120 4.025857 191 8.187025
1 2 121 8.251251 167 17.134147
2 2 178 5.166921 173 8.884789
3
0 2 120 10.887028 128 2.842836
1 2 147 16.184398 143 15.330401
2 2 167 9.245588 194 8.904861
3
0 2 120 6.091171 145 14.469688
1 2 152 6.011117 149 15.221097
2 2 156 16.362978 137 14.973955
3
0 2 120 17.384746 198 10.508213
1 2 134 4.111094 135 18.801017
2 2 142 10.620910 168 4.531361
3
0 2 120 15.297484 148 5.470138
1 2 177 9.577783 181 13.625875
2 2 157 5.677159 170 6.171305
3
0 2 120 4.919626 166 15.478153
1 2 128 8.572257 192 5.528520
2 2 138 7.477324 163 18.866506
3
0 2 120 8.892353 195 9.546528
1 2 173 14.443166 159 5.040652
2 2 142 15.739529 189 11.450039
3
0 2 120 18.980587 149 14.739588
1 2 129 11.844130 126 8.818681
2 2 191 18.581873 172 4.478548
3
0 2 140 14.201652 158 14.663620
1 2 150 18.215620 149 9.092560
2 2 158 12.403649 194 5.940202
3
0 2 140 17.285546 179 12.317451
1 2 197 16.298044 164 2.624609
2 2 196 14.281442 189 3.606509
3
0 2 140 9.771100 182 19.621372
1 2 198 13.260405 156 3.461795
2 2 183 18.091655 161 2.912362
3
0 2 140 6.827220 196 19.900753
1 2 156 19.694650 187 19.945009
2 2 146 13.034849 169 10.413608
3
0 2 140 12.796746 166 17.567162
1 2 156 15.024862 173 18.483688
2 2 175 14.454220 167 8.770898
3
0 2 140 4.757916 161 4.362806
1 2 143 16.595027 181 6.477343
2 2 142 17.617962 168 4.543337
3
0 2 140 8.782092 145 18.128567
1 2 194 14.260409 181 7.053752
2 2 156 7.241192 148 12.355866
3
0 2 140 10.992772 141 15.455461
1 2 177 2.083408 175 8.867774
2 2 173 10.856080 164 6.495455
3
0 2 140 2.655091 173 1.972346
1 2 180 19.394682 153 1.403519
2 2 190 16.755959 154 18.797822
3
0 2 140 4.105885 154 10.847529
1 2 179 18.669023 189 7.689011
2 2 170 9.875322 196 6.721808
3
0 2 140 19.694897 162 14.868867
1 2 192 15.224507 153 1.314429
2 2 188 2.993027 169 4.851727
3
0 2 140 5.906973 142 7.277587
1 2 144 13.255128 171 2.400641
2 2 169 14.574896 167 2.026122
3
0 2 140 3.043349 163 5.981160
1 2 172 1.903781 194 5.971380
2 2 175 17.359761 173 15.886869
3
0 2 140 11.290610 163 15.045535
1 2 156 2.698815 167 13.619173
2 2 173 2.556149 194 11.276825
3
0 2 140 19.630229 159 2.160159
1 2 174 8.462667 140 17.623911
2 2 198 15.449341 189 17.809146
3
0 2 140 5.898279 199 8.576491
1 2 163 1.809895 145 6.132116
2 2 188 16.312467 144 13.623815
3
0 2 140 12.602452 196 14.152531
1 2 152 11.775118 197 9.151686
2 2 154 13.977971 194 4.954022
3
0 2 140 15.739337 167 7.706796
1 2 180 12.008392 198 5.110643
2 2 154 8.603903 191 7.368092
3
0 2 140 14.712137 158 1.735129
1 2 199 7.389995 166 10.443266
2 2 197 9.513884 150 9.085606
3
0 2 140 4.892221 187 7.326396
1 2 184 9.802587 189 7.996150
2 2 146 12.149135 179 6.286212
3
0 2 160 3.953237 175 1.286942
1 2 187 13.331685 161 6.792393
2 2 193 17.473172 167 14.500053
3
0 2 160 5.187571 196 15.584843
1 2 175 15.007432 162 16.386945
2 2 191 12.890210 161 4.115430
3
0 2 160 4.053714 179 11.621758
1 2 167 8.598383 196 15.990606
2 2 175 17.490180 185 16.760575
3
0 2 160 3.212950 196 12.237753
1 2 193 4.727637 189 5.475007
2 2 170 4.035488 191 17.088313
3
0 2 160 13.343749 180 1.602719
1 2 199 1.797544 162 17.588530
2 2 186 5.806260 165 3.951072
3
0 2 160 17.575720 184 5.967992
1 2 162 17.740997 179 2.231226
2 2 180 14.365151 175 1.037740
3
0 2 160 16.897343 189 2.741725
1 2 186 10.139995 196 1.704465
2 2 194 5.969287 173 19.783900
3
0 2 160 19.118308 162 10.904378
1 2 188 9.183609 180 2.353366
2 2 177 9.025389 198 13.092783
3
0 2 160 14.652303 175 8.509591
1 2 168 19.516258 186 3.736822
2 2 176 3.780861 178 17.214293
3
0 2 160 15.714107 197 5.930666
1 2 185 9.985058 186 19.195015
2 2 197 1.634066 189 7.551364
3
0 2 160 16.679325 170 10.700020
1 2 191 18.653293 186 5.531620
2 2 190 17.924938 188 6.877842
3
0 2 160 4.518270 193 11.514678
1 2 162 11.234950 168 3.924801
2 2 169 17.657635 193 7.410905
3
0 2 160 4.093518 176 2.195639
1 2 166 12.975630 196 4.102910
2 2 170 18.811646 199 7.241980
3
0 2 160 6.515502 197 2.321695
1 2 190 8.414215 198 6.148081
2 2 176 4.119415 189 5.642390
3
0 2 160 13.780251 186 10.101925
1 2 181 4.698648 183 3.556188
2 2 182 19.262162 199 4.859603
3
0 2 160 19.007855 180 7.741527
1 2 174 19.739414 180 10.787389
2 2 184 12.142593 174 4.316923
3
0 2 160 16.357673 192 14.196446
1 2 199 13.313242 195 13.065607
2 2 174 4.969144 181 2.334233
3
0 2 160 11.215067 194 4.875908
1 2 192 17.200761 164 14.508120
2 2 185 10.584748 193 9.970082
3
0 2 160 19.681441 196 4.068608
1 2 169 15.610784 184 14.604159
2 2 161 9.080687 177 13.589640
3
0 2 160 5.955168 190 16.446059
1 2 184 12.735732 163 6.292538
2 2 196 16.154053 176 11.916729
3
0 2 180 15.309863 184 7.269128
1 2 196 2.151257 192 4.804161
2 2 199 19.703330 183 2.216043
3
0 2 180 15.647652 191 2.259499
1 2 198 3.743797 184 10.568278
2 2 185 3.932833 195 3.483381
3
0 2 180 8.157685 184 16.218389
1 2 192 13.911471 196 19.053410
2 2 196 8.476981 187 9.879574
3
0 2 180 3.209562 187 14.212392
1 2 199 1.352940 198 3.506499
2 2 186 18.815760 196 5.577422
3
0 2 180 10.494649 186 5.515227
1 2 199 17.213561 194 6.477820
2 2 187 13.286582 180 15.591891
3
0 2 180 14.352926 189 13.334027
1 2 185 16.720918 192 1.507819
2 2 185 14.742293 198 3.337647
3
0 2 180 9.644930 198 3.056691
1 2 182 14.881217 191 4.647243
2 2 185 8.658399 187 8.213084
3
0 2 180 1.252593 194 1.245740
1 2 196 12.221110 185 8.896665
2 2 183 19.232816 199 6.550810
3
0 2 180 17.920386 185 9.121442
1 2 184 2.350124 189 13.194669
2 2 180 18.141329 190 12.334933
3
0 2 180 1.099469 196 19.390058
1 2 196 3.548197 182 13.152889
2 2 181 10.964434 186 12.097494
3
0 2 180 4.017229 197 5.825594
1 2 185 10.674108 189 6.693286
2 2 185 12.003639 193 17.199380
3
0 2 180 7.829646 183 1.000104
1 2 183 12.569538 193 18.745372
2 2 194 5.474235 190 14.761029
3
0 2 180 1.054291 182 8.928350
1 2 187 12.832476 184 6.752344
2 2 194 11.590336 184 13.718710
3
0 2 180 5.110054 198 18.363486
1 2 188 8.575768 181 9.837320
2 2 187 5.803915 192 5.983473
3
0 2 180 15.344630 191 9.741747
1 2 182 16.202128 193 10.896133
2 2 188 6.969743 183 11.341689
3
0 2 180 14.705779 197 1.306289
1 2 193 7.951188 197 1.947454
2 2 188 7.644087 180 3.688657
3
0 2 180 5.155460 191 15.620606
1 2 191 15.327665 195 9.327243
2 2 187 10.477680 192 6.389101
3
0 2 180 7.242316 186 3.867466
1 2 185 13.743457 196 7.719226
2 2 188 10.899987 185 14.924705
3
0 2 180 13.329713 185 5.217674
1 2 181 13.300012 184 12.167390
2 2 190 19.695100 182 2.731967
3
0 2 180 18.520139 189 1.123552
1 2 183 1.924320 185 5.276470
2 2 188 2.318222 184 7.670224
3
0 1 199 12.636306
1 1 199 18.045702
2 1 199 16.537300
3
0 1 199 9.940266
1 1 199 1.460451
2 1 199 10.937634
3
0 1 199 10.583527
1 1 199 7.425350
2 1 199 1.789429
3
0 1 199 3.665135
1 1 199 12.216389
2 1 199 6.980499
3
0 1 199 19.207543
1 1 199 11.074515
2 1 199 2.821353
3
0 1 199 10.159293
1 1 199 3.578188
2 1 199 4.953682
3
0 1 199 15.486168
1 1 199 11.798173
2 1 199 11.866694
3
0 1 199 5.714449
1 1 199 13.021126
2 1 199 2.189151
3
0 1 199 17.074633
1 1 199 11.405821
2 1 199 16.415777
3
0 1 199 11.045827
1 1 199 10.681315
2 1 199 16.525247
3
0 1 199 13.168207
1 1 199 2.188576
2 1 199 18.194957
3
0 1 199 18.484140
1 1 199 18.090569
2 1 199 9.452823
3
0 1 199 7.888647
1 1 199 10.659376
2 1 199 2.424611
3
0 1 199 13.690935
1 1 199 5.467750
2 1 199 16.925725
3
0 1 199 10.870916
1 1 199 12.135542
2 1 199 3.439592
3
0 1 199 8.255133
1 1 199 18.507220
2 1 199 14.691159
3
0 1 199 19.945893
1 1 199 7.111923
2 1 199 11.901145
3
0 1 199 15.090595
1 1 199 13.245508
2 1 199 4.446513
3
0 1 199 14.564955
1 1 199 16.717293
2 1 199 14.980860
0
