50 49
3
0 2 5 18.226848 47 9.314508
1 2 30 3.529906 43 3.825878
2 2 13 3.099262 6 2.217838
3
0 2 5 18.006233 29 17.586096
1 2 35 3.894277 16 13.856168
2 2 31 14.427485 12 13.409366
3
0 2 5 4.599705 19 14.197632
1 2 9 12.527791 33 3.136842
2 2 38 19.103474 47 10.038338
3
0 2 5 5.450975 44 4.675529
1 2 30 16.575513 14 13.932001
2 2 39 11.670658 5 17.766892
3
0 2 5 5.549631 6 9.762687
1 2 21 9.827730 20 10.973595
2 2 47 6.198404 33 2.138292
3
0 2 10 17.485327 37 17.180833
1 2 48 15.268682 47 18.422268
2 2 44 10.184779 12 13.431967
3
0 2 10 16.972923 29 6.570017
1 2 24 16.103866 34 5.204779
2 2 20 10.292483 44 15.889440
3
0 2 10 2.666362 24 1.995251
1 2 47 15.964116 29 17.736551
2 2 21 2.233964 15 7.289918
3
0 2 10 7.102279 46 8.647463
1 2 49 10.145347 22 19.711050
2 2 33 5.626084 21 11.836279
3
0 2 10 13.010084 36 9.041263
1 2 20 9.396224 37 6.073328
2 2 19 1.618315 27 7.647024
3
0 2 15 18.842948 48 16.999322
1 2 22 16.882333 42 2.660406
2 2 47 8.626594 42 19.990741
3
0 2 15 17.821723 20 5.190813
1 2 47 15.698048 36 16.939738
2 2 43 8.188780 38 8.510054
3
0 2 15 15.446384 35 19.056110
1 2 16 17.933241 49 2.847319
2 2 20 7.648173 45 18.808351
3
0 2 15 2.549903 46 16.587122
1 2 19 6.981372 48 10.203154
2 2 46 7.856032 40 8.010639
3
0 2 15 10.356686 27 7.423977
1 2 48 3.690409 25 4.278857
2 2 25 3.303332 47 16.247866
3
0 2 20 3.963015 49 10.073569
1 2 48 14.758146 49 19.870607
2 2 42 14.195325 46 10.478129
3
0 2 20 2.200451 40 4.645712
1 2 34 17.828279 49 13.324674
2 2 21 11.988043 35 1.436109
3
0 2 20 8.608401 37 3.297153
1 2 31 17.317557 40 14.620918
2 2 42 2.567714 41 12.712306
3
0 2 20 19.199003 33 7.367153
1 2 45 3.810778 33 19.267318
2 2 46 7.762490 47 15.991114
3
0 2 20 5.101713 29 11.363572
1 2 28 15.104114 30 3.860036
2 2 26 13.675717 21 1.227661
3
0 2 25 5.483933 30 6.953870
1 2 40 6.548530 31 15.322114
2 2 36 4.051634 39 8.962835
3
0 2 25 5.847142 33 19.343728
1 2 38 12.995305 31 1.460421
2 2 47 19.954510 32 1.216431
3
0 2 25 4.612804 28 8.959542
1 2 30 1.350935 38 15.925181
2 2 49 19.700730 30 9.557106
3
0 2 25 12.028194 48 3.594856
1 2 27 16.273472 44 5.077102
2 2 31 13.943587 41 8.287939
3
0 2 25 1.703155 26 7.508579
1 2 37 7.333176 39 7.079286
2 2 34 18.385505 39 13.184005
3
0 2 30 4.187352 36 8.075148
1 2 45 12.703090 33 14.969849
2 2 44 13.497597 48 19.512280
3
0 2 30 19.570454 39 3.092253
1 2 42 6.961595 40 14.312851
2 2 31 10.821830 35 7.100255
3
0 2 30 12.969493 45 5.387865
1 2 48 6.904529 47 12.902856
2 2 47 14.651585 31 18.408687
3
0 2 30 12.238536 45 15.324575
1 2 35 4.652449 34 4.340079
2 2 34 11.885750 47 4.163825
3
0 2 30 14.943766 41 19.791039
1 2 37 17.211029 43 14.042184
2 2 41 3.137369 31 2.194628
3
0 2 35 1.916148 48 3.562429
1 2 46 11.783489 45 13.657084
2 2 42 11.268526 40 16.875246
3
0 2 35 15.388372 39 18.986872
1 2 42 6.737092 38 8.481900
2 2 37 18.856604 49 9.042598
3
0 2 35 11.027546 42 10.025920
1 2 40 7.078075 44 11.135331
2 2 36 8.662609 41 9.798442
3
0 2 35 4.951908 45 4.038772
1 2 41 17.936206 35 19.967568
2 2 42 2.902818 44 8.843522
3
0 2 35 16.818373 42 13.355786
1 2 35 15.979190 40 16.275640
2 2 41 12.417013 48 13.783366
3
0 2 40 7.290523 41 10.472358
1 2 40 10.429253 43 14.533297
2 2 48 17.651767 49 2.649695
3
0 2 40 9.569970 46 4.365801
1 2 42 19.551722 40 18.958596
2 2 42 16.459805 47 15.725681
3
0 2 40 16.329286 45 2.786483
1 2 42 4.479807 48 17.588253
2 2 49 7.733653 46 11.522253
3
0 2 40 8.666590 49 12.916595
1 2 47 10.475858 42 9.934307
2 2 40 3.786985 46 7.325957
3
0 2 40 13.394372 44 6.311157
1 2 46 4.646271 49 2.660636
2 2 49 12.748740 41 15.950007
3
0 2 45 17.135309 47 9.669928
1 2 46 3.409786 49 13.074094
2 2 49 16.830782 48 5.390161
3
0 2 45 10.486545 48 16.007352
1 2 47 3.792542 48 10.239547
2 2 49 13.035294 45 6.561694
3
0 2 45 10.785129 47 6.258809
1 2 46 17.973156 45 13.454340
2 2 45 1.359309 46 10.562693
3
0 2 45 14.403964 49 3.328803
1 2 49 8.324078 46 6.140787
2 2 46 14.679311 47 19.961204
3
0 2 45 17.372922 47 18.914484
1 2 47 14.277742 49 10.197822
2 2 48 13.066465 47 7.083192
3
0 2 49 2.243747 49 11.442161
1 2 49 10.032776 49 3.618382
2 2 49 3.053672 49 8.159139
3
0 2 49 17.470756 49 18.672808
1 2 49 7.324614 49 17.387120
2 2 49 10.054534 49 18.395171
3
0 2 49 13.304270 49 16.629788
1 2 49 1.542903 49 10.988256
2 2 49 13.158437 49 7.639320
3
0 2 49 5.435883 49 12.869190
1 2 49 2.781478 49 17.851618
2 2 49 17.008657 49 11.389575
0
