100 99
3
0 2 10 15.288141 80 16.205370
1 2 42 11.924464 34 6.431418
2 2 57 5.627711 30 5.496959
3
0 2 10 2.625086 34 6.110910
1 2 79 11.288193 77 3.086087
2 2 74 19.579268 30 11.672662
3
0 2 10 16.243856 67 5.750379
1 2 43 13.224711 29 13.524003
2 2 94 3.995978 71 6.443387
3
0 2 10 5.967779 95 18.040709
1 2 20 14.744819 62 17.311012
2 2 98 14.099629 85 4.720263
3
0 2 10 14.034122 59 3.951221
1 2 20 11.147316 80 9.835882
2 2 39 11.920301 89 5.781115
3
0 2 10 12.631301 16 16.407094
1 2 35 9.229117 85 4.581572
2 2 63 11.305769 62 9.844688
3
0 2 10 13.561291 79 6.793665
1 2 68 14.475747 83 7.460018
2 2 73 6.752692 54 4.535010
3
0 2 10 13.814914 92 10.232511
1 2 88 10.227114 48 13.097047
2 2 25 9.085869 76 8.795602
3
0 2 10 12.779826 16 8.373505
1 2 90 4.092695 54 12.225426
2 2 87 6.524837 75 7.723719
3
0 2 10 11.839108 65 16.432773
1 2 19 3.347493 68 10.869741
2 2 25 3.692297 69 13.066803
3
0 2 20 14.281675 26 10.126289
1 2 52 9.599817 45 19.836932
2 2 93 5.767558 96 1.965226
3
0 2 20 2.735949 64 9.560082
1 2 41 4.385983 73 17.010364
2 2 40 19.229374 78 10.910727
3
0 2 20 6.071112 47 10.657753
1 2 63 4.497567 83 2.098967
2 2 95 19.315061 51 13.749551
3
0 2 20 17.086615 53 4.653323
1 2 68 6.942659 54 18.946135
2 2 95 13.746014 72 18.845055
3
0 2 20 9.961070 38 3.860231
1 2 50 19.349535 33 17.471915
2 2 77 9.929059 74 14.461973
3
0 2 20 14.495385 80 7.679561
1 2 78 8.717451 42 14.420893
2 2 92 16.322044 23 10.921198
3
0 2 20 4.620075 36 7.794771
1 2 27 2.434547 36 13.019086
2 2 56 19.339596 22 7.560370
3
0 2 20 3.430557 27 7.229894
1 2 66 11.287978 62 19.755577
2 2 28 4.989133 97 10.529466
3
0 2 20 13.144535 48 10.728243
1 2 48 12.583939 37 9.013672
2 2 45 3.441488 21 18.558289
3
0 2 20 7.019291 71 1.262885
1 2 38 4.033937 75 7.862936
2 2 98 15.353895 88 8.190510
3
0 2 30 8.258275 85 4.847833
1 2 69 2.031212 90 12.889817
2 2 55 7.149786 42 7.293140
3
0 2 30 11.767851 46 2.541453
1 2 34 4.331471 88 8.417722
2 2 60 13.691498 51 3.899345
3
0 2 30 11.575104 85 18.342585
1 2 87 9.290746 80 15.749927
2 2 44 14.709807 62 3.306947
3
0 2 30 4.212143 75 12.942728
1 2 36 2.296595 93 15.739978
2 2 31 15.822220 61 1.765664
3
0 2 30 6.295181 90 17.629360
1 2 34 7.047735 81 12.554263
2 2 73 6.096992 80 13.992508
3
0 2 30 9.346013 44 9.794212
1 2 42 10.606074 57 19.876411
2 2 56 1.288050 60 9.709352
3
0 2 30 17.159003 95 5.300017
1 2 41 14.177485 59 11.604515
2 2 93 12.361478 45 11.026453
3
0 2 30 15.469726 87 12.997330
1 2 87 19.474660 97 8.462083
2 2 87 19.389214 99 19.311944
3
0 2 30 11.981977 49 15.373089
1 2 74 1.391941 37 6.923271
2 2 60 15.917500 40 7.244260
3
0 2 30 14.529748 66 15.823442
1 2 76 8.598883 45 12.859976
2 2 79 9.552520 69 7.405461
3
0 2 40 18.587707 43 3.424388
1 2 58 5.847770 73 11.546808
2 2 85 4.992132 82 11.427171
3
0 2 40 4.490669 69 1.498029
1 2 85 17.298840 40 17.696634
2 2 61 13.572776 72 17.119646
3
0 2 40 4.181509 69 3.905619
1 2 67 4.023885 84 16.186347
2 2 45 6.600020 67 17.114604
3
0 2 40 5.407372 61 1.466923
1 2 66 5.777507 81 15.317300
2 2 91 16.370587 85 17.475032
3
0 2 40 18.362920 62 4.678756
1 2 58 11.022862 60 4.709746
2 2 75 15.490165 87 19.866259
3
0 2 40 13.605663 96 11.359826
1 2 84 8.947994 42 11.554221
2 2 40 17.206701 89 2.684999
3
0 2 40 14.830664 55 4.255710
1 2 45 4.756111 92 18.318741
2 2 99 15.713417 83 10.649121
3
0 2 40 10.130345 90 1.716153
1 2 67 17.410288 64 18.592880
2 2 55 7.412148 70 2.398425
3
0 2 40 2.062373 84 8.541788
1 2 82 14.536701 77 17.815087
2 2 87 4.179909 81 13.822113
3
0 2 40 8.636644 67 14.811056
1 2 59 15.174090 89 13.169690
2 2 55 3.937993 72 5.987283
3
0 2 50 7.624936 73 7.189413
1 2 57 11.816701 61 5.147416
2 2 84 3.876165 78 18.415570
3
0 2 50 5.973858 88 16.856977
1 2 50 10.875854 61 5.920222
2 2 81 10.341980 51 11.052655
3
0 2 50 1.239637 87 3.118304
1 2 74 13.112608 81 9.253069
2 2 68 19.944000 87 12.624549
3
0 2 50 16.304456 55 7.923919
1 2 85 19.532402 73 18.356161
2 2 60 2.822741 78 12.626233
3
0 2 50 18.635274 68 7.847385
1 2 85 17.327770 56 15.703888
2 2 51 3.790488 97 17.298773
3
0 2 50 1.981308 96 15.613137
1 2 54 12.707090 66 2.346028
2 2 90 6.848635 88 16.655416
3
0 2 50 5.092368 58 9.739081
1 2 50 13.244962 88 14.112356
2 2 84 17.874670 95 8.914385
3
0 2 50 5.062603 91 12.838436
1 2 88 12.680451 84 9.070256
2 2 62 7.483324 97 6.141723
3
0 2 50 19.313691 87 12.935897
1 2 77 8.030444 93 12.019463
2 2 81 10.153002 85 2.919367
3
0 2 50 6.061086 58 16.172384
1 2 69 16.798380 79 1.214319
2 2 52 13.732128 53 3.791793
3
0 2 60 16.363791 79 16.477033
1 2 62 17.241518 99 18.290364
2 2 67 11.743775 78 1.205239
3
0 2 60 11.441599 68 11.293470
1 2 89 3.285852 74 17.173182
2 2 73 6.998206 60 13.304012
3
0 2 60 16.515571 96 13.732736
1 2 83 9.259257 82 18.249920
2 2 61 10.555695 60 11.937653
3
0 2 60 15.302596 72 10.283477
1 2 65 8.590244 98 15.436432
2 2 61 4.569283 77 12.664956
3
0 2 60 5.595854 78 5.143350
1 2 68 16.384529 96 4.158117
2 2 80 12.776306 96 2.591521
3
0 2 60 18.780175 87 10.136686
1 2 92 6.192416 83 9.704690
2 2 63 13.056013 91 19.800448
3
0 2 60 6.998857 77 17.665782
1 2 76 1.300979 84 6.504806
2 2 71 7.939164 73 17.812311
3
0 2 60 5.582935 90 18.436912
1 2 79 17.697786 68 13.245224
2 2 65 17.241241 72 4.913753
3
0 2 60 1.975927 89 12.041009
1 2 90 16.639487 80 13.958110
2 2 64 14.523352 88 14.824532
3
0 2 60 17.715409 66 11.476103
1 2 68 2.664255 93 15.660386
2 2 60 18.231945 99 3.374261
3
0 2 70 3.332824 79 13.554245
1 2 89 3.959579 93 1.316179
2 2 85 3.334867 77 5.660892
3
0 2 70 4.082134 74 2.137867
1 2 97 7.147251 99 7.092176
2 2 90 5.640872 73 6.332957
3
0 2 70 18.662456 90 1.326129
1 2 83 7.956435 72 16.487256
2 2 96 19.380641 93 19.406509
3
0 2 70 9.324791 76 7.488489
1 2 75 9.965987 93 14.237166
2 2 72 12.842734 85 15.416538
3
0 2 70 3.752635 89 7.088460
1 2 75 12.772089 74 17.367279
2 2 74 13.523553 86 15.764195
3
0 2 70 15.406896 77 8.414227
1 2 81 16.315722 71 13.178990
2 2 94 15.975594 97 11.070118
3
0 2 70 9.019108 76 2.059355
1 2 86 16.824816 91 8.210772
2 2 77 7.651343 76 13.172236
3
0 2 70 11.665386 84 5.849437
1 2 78 14.150759 93 9.316720
2 2 78 5.771744 70 7.689600
3
0 2 70 3.526726 82 4.025020
1 2 80 2.175102 84 15.527435
2 2 93 17.449078 75 7.061216
3
0 2 70 8.377402 81 8.701567
1 2 88 13.964783 70 6.731921
2 2 91 2.799024 88 12.417772
3
0 2 80 13.672801 90 12.757244
1 2 83 5.678967 97 9.394653
2 2 84 3.149034 83 19.759471
3
0 2 80 6.257474 84 14.934525
1 2 86 15.902848 84 9.954087
2 2 93 19.020868 84 18.907971
3
0 2 80 5.791767 97 15.063831
1 2 86 2.916317 85 8.565495
2 2 83 16.530077 80 4.874217
3
0 2 80 6.856955 97 2.570493
1 2 90 18.535689 98 4.869980
2 2 97 12.743393 88 1.483358
3
0 2 80 2.332236 89 18.986820
1 2 93 7.486875 96 13.817497
2 2 87 14.626933 97 18.461613
3
0 2 80 14.689208 99 14.141586
1 2 84 17.161154 92 14.090621
2 2 83 7.523396 86 10.257900
3
0 2 80 6.061002 91 4.161713
1 2 91 5.663326 96 13.613208
2 2 92 3.836586 84 6.421960
3
0 2 80 12.256469 97 8.267435
1 2 87 15.904429 86 2.518537
2 2 82 5.621504 94 3.051914
3
0 2 80 14.372191 97 16.782847
1 2 81 18.374054 92 11.514723
2 2 91 14.099081 81 12.670636
3
0 2 80 16.132669 95 12.572659
1 2 86 6.536715 95 9.967310
2 2 80 3.015905 82 7.227505
3
0 2 90 7.375808 99 12.314780
1 2 97 6.352608 93 2.087510
2 2 93 14.912699 96 9.315362
3
0 2 90 5.640528 94 16.595574
1 2 98 11.389495 92 11.070938
2 2 97 17.834262 95 13.173076
3
0 2 90 15.472127 96 5.473052
1 2 96 3.039646 97 11.603864
2 2 94 8.455669 92 16.829985
3
0 2 90 8.645903 97 5.588908
1 2 95 17.045123 91 6.316525
2 2 99 11.153425 96 2.838508
3
0 2 90 10.216648 94 16.410727
1 2 90 17.977878 98 15.513917
2 2 95 16.667315 91 15.602806
3
0 2 90 19.101884 98 17.108376
1 2 90 7.426889 92 4.623138
2 2 97 2.860747 98 9.609601
3
0 2 90 16.642999 91 4.134008
1 2 99 12.878724 90 14.159222
2 2 94 2.276583 96 15.577746
3
0 2 90 6.892687 94 7.099202
1 2 93 13.778227 90 8.152321
2 2 90 2.101937 98 6.911673
3
0 2 90 2.385163 99 4.895190
1 2 96 2.345335 97 3.026976
2 2 92 2.049964 95 2.788786
3
0 2 90 10.049013 99 7.366175
1 2 92 4.971186 96 11.435858
2 2 96 19.641433 92 14.236549
3
0 1 99 8.767519
1 1 99 7.189497
2 1 99 12.024867
3
0 1 99 6.342167
1 1 99 5.658650
2 1 99 9.474152
3
0 1 99 12.409171
1 1 99 9.592595
2 1 99 19.196036
3
0 1 99 7.699668
1 1 99 3.201821
2 1 99 1.291674
3
0 1 99 12.692034
1 1 99 15.887003
2 1 99 18.819091
3
0 1 99 16.455593
1 1 99 8.918215
2 1 99 17.701839
3
0 1 99 14.053877
1 1 99 16.059865
2 1 99 4.930696
3
0 1 99 2.113686
1 1 99 11.012357
2 1 99 8.107510
3
0 1 99 7.230827
1 1 99 11.640730
2 1 99 7.165497
0
