20 19
3
0 2 5 17.780651 19 19.388746
1 2 6 16.633328 17 13.940942
2 2 13 17.505019 17 2.233746
3
0 2 5 15.912212 19 8.929738
1 2 13 1.035088 5 19.517039
2 2 7 17.026193 18 1.818892
3
0 2 5 2.118845 11 18.557496
1 2 18 7.621645 8 8.286393
2 2 9 13.822316 15 12.260286
3
0 2 5 10.579576 18 5.000862
1 2 7 15.259682 15 11.302629
2 2 18 14.807231 10 6.187699
3
0 2 5 10.779060 7 18.138429
1 2 6 18.229322 12 5.513738
2 2 10 11.587310 17 11.084976
3
0 2 10 18.138207 13 14.480833
1 2 13 14.912511 16 17.969552
2 2 14 15.267390 15 12.385104
3
0 2 10 1.786242 19 13.069854
1 2 15 19.996867 19 6.822817
2 2 11 8.046079 14 19.113212
3
0 2 10 2.897882 13 19.301878
1 2 11 17.014119 15 11.778132
2 2 15 8.972608 11 3.384134
3
0 2 10 12.733264 14 16.226715
1 2 17 3.147948 15 6.610484
2 2 14 16.927279 11 5.189102
3
0 2 10 11.066218 15 2.419004
1 2 14 10.234629 12 5.223280
2 2 18 1.466797 16 6.318815
3
0 2 15 17.772606 19 13.224680
1 2 18 12.508515 17 13.156513
2 2 16 13.370685 18 6.674925
3
0 2 15 17.155384 18 5.548630
1 2 18 2.597662 17 11.937447
2 2 16 1.798265 17 6.933713
3
0 2 15 4.958546 18 2.945764
1 2 17 3.526438 16 17.749585
2 2 18 5.272574 15 16.129675
3
0 2 15 9.957586 19 19.996143
1 2 18 6.481583 16 13.985647
2 2 17 10.990068 19 17.309587
3
0 2 15 7.176713 19 16.512027
1 2 18 10.446526 17 8.402562
2 2 18 11.138049 16 13.556001
3
0 2 19 19.149415 19 3.703843
1 2 19 1.799284 19 19.917261
2 2 19 15.308071 19 13.669385
3
0 2 19 12.486241 19 17.924206
1 2 19 18.676467 19 9.666436
2 2 19 8.345779 19 3.173160
3
0 2 19 11.114457 19 18.986801
1 2 19 16.055906 19 17.119958
2 2 19 13.094408 19 18.051236
3
0 2 19 2.203536 19 6.173706
1 2 19 14.312901 19 10.496063
2 2 19 16.801412 19 19.508512
0
