50 49
3
0 2 5 5.585527 43 11.651367
1 2 38 16.089612 37 12.934218
2 2 8 8.996872 34 7.125581
3
0 2 5 16.236880 9 19.888615
1 2 11 6.165217 25 6.501609
2 2 29 11.446744 16 12.224783
3
0 2 5 6.062202 49 5.520077
1 2 24 11.470088 18 3.076822
2 2 34 11.954416 30 18.239203
3
0 2 5 4.324021 33 4.496320
1 2 41 4.644785 49 6.863565
2 2 6 17.071104 24 15.232554
3
0 2 5 15.543481 29 1.130214
1 2 9 1.916440 38 1.761058
2 2 9 3.592716 48 5.176059
3
0 2 10 4.256483 24 5.799535
1 2 22 13.162451 14 14.374534
2 2 21 10.076116 31 18.098935
3
0 2 10 11.978536 21 3.523698
1 2 35 13.740027 36 18.787892
2 2 12 3.577974 25 1.271227
3
0 2 10 11.561669 24 8.160053
1 2 20 8.463796 15 16.098711
2 2 26 5.754074 11 1.071091
3
0 2 10 17.222427 11 16.196590
1 2 21 7.614737 18 3.712928
2 2 41 19.213135 10 4.522747
3
0 2 10 18.368012 38 16.660643
1 2 19 7.699765 20 10.277002
2 2 22 14.432279 45 6.614414
3
0 2 15 11.768021 22 16.863119
1 2 28 5.673546 46 5.604336
2 2 15 2.283767 23 4.828763
3
0 2 15 3.574695 47 2.159195
1 2 15 4.655127 38 2.895966
2 2 40 1.559382 22 9.294593
3
0 2 15 5.563526 44 18.025573
1 2 44 14.805917 27 10.864557
2 2 24 9.986207 27 2.670969
3
0 2 15 19.607977 47 10.378043
1 2 31 7.467889 23 4.187758
2 2 29 17.418518 46 18.685488
3
0 2 15 12.866053 27 19.224687
1 2 35 8.285025 15 2.479844
2 2 33 4.399899 28 15.991556
3
0 2 20 9.361247 27 9.057303
1 2 27 3.142219 46 14.537415
2 2 20 5.597722 49 1.951383
3
0 2 20 5.818513 40 1.163989
1 2 38 5.853759 37 7.352282
2 2 30 5.712706 25 11.850844
3
0 2 20 1.286972 42 9.804020
1 2 48 6.398155 27 6.348500
2 2 43 8.863665 48 2.542459
3
0 2 20 9.797835 27 4.247865
1 2 34 16.348482 48 12.251473
2 2 37 1.834320 33 5.080588
3
0 2 20 16.771382 27 17.860766
1 2 49 17.759232 25 11.003531
2 2 24 11.828174 22 12.027141
3
0 2 25 16.017235 36 17.119491
1 2 36 11.137268 40 12.121402
2 2 42 15.097113 26 7.291688
3
0 2 25 3.497453 28 7.700389
1 2 41 12.163421 26 9.826028
2 2 27 2.967297 43 4.696183
3
0 2 25 6.297400 30 16.682825
1 2 29 15.499311 36 13.847876
2 2 25 14.377769 38 12.844402
3
0 2 25 2.394507 46 18.228644
1 2 36 10.536843 30 8.268312
2 2 35 10.581023 38 3.760726
3
0 2 25 12.021118 34 15.066761
1 2 47 7.719575 39 2.226116
2 2 44 16.394795 31 16.118841
3
0 2 30 3.949811 32 6.526660
1 2 38 7.424744 46 5.454733
2 2 42 12.847655 39 7.948507
3
0 2 30 12.330088 34 10.885137
1 2 48 7.860253 33 11.038687
2 2 36 8.889685 32 7.828198
3
0 2 30 7.625875 47 3.432736
1 2 32 11.221373 30 19.092993
2 2 41 6.985882 34 3.577610
3
0 2 30 5.332061 46 12.055606
1 2 35 16.907139 47 14.090237
2 2 43 8.945733 30 6.653533
3
0 2 30 15.329399 37 1.279706
1 2 47 9.786262 41 5.855311
2 2 36 10.958640 32 14.082015
3
0 2 35 9.915674 40 13.442152
1 2 38 3.318921 48 2.554321
2 2 42 7.241471 46 15.410301
3
0 2 35 5.231468 44 7.006946
1 2 47 6.449025 35 9.386750
2 2 44 18.599939 35 6.126109
3
0 2 35 3.906425 47 14.122252
1 2 39 6.761704 35 5.658601
2 2 40 4.236481 35 11.948378
3
0 2 35 19.309073 43 6.025487
1 2 40 10.807153 49 15.069135
2 2 40 18.458381 39 3.850936
3
0 2 35 2.285260 49 1.432942
1 2 38 2.840042 36 18.138519
2 2 42 15.868719 47 3.319312
3
0 2 40 8.337999 46 16.597899
1 2 47 19.510933 46 10.263010
2 2 42 2.819056 40 8.851709
3
0 2 40 7.952018 45 15.449566
1 2 41 15.148216 43 7.616993
2 2 46 5.930319 49 19.767927
3
0 2 40 16.972899 46 15.592096
1 2 49 11.919501 46 8.016408
2 2 47 3.480638 42 11.084086
3
0 2 40 9.638709 47 15.974734
1 2 47 7.035949 45 13.923550
2 2 48 6.408391 43 18.633527
3
0 2 40 17.599761 49 8.966165
1 2 41 18.131171 43 15.366350
2 2 46 18.330262 40 9.524854
3
0 2 45 1.966357 49 1.960136
1 2 47 18.137852 49 5.039304
2 2 46 13.556296 48 1.283099
3
0 2 45 5.156517 48 4.962003
1 2 46 18.366661 47 17.453689
2 2 49 1.663270 47 6.983926
3
0 2 45 18.620810 48 14.466171
1 2 46 16.058831 47 17.805401
2 2 45 5.118736 47 16.538857
3
0 2 45 3.943873 46 11.822837
1 2 47 4.332096 49 18.406075
2 2 45 4.666770 49 7.751456
3
0 2 45 7.784900 49 16.787442
1 2 46 3.853472 48 16.680600
2 2 45 1.959464 48 10.582741
3
0 1 49 11.190634
1 1 49 5.861228
2 1 49 8.130180
3
0 1 49 7.396739
1 1 49 12.002330
2 1 49 15.932399
3
0 1 49 1.107395
1 1 49 6.718178
2 1 49 13.805647
3
0 1 49 19.814022
1 1 49 12.580588
2 1 49 13.012042
0
