20 19
3
0 2 5 2.400671 9 12.094003
1 2 19 17.819176 8 14.710541
2 2 11 5.989068 15 3.364060
3
0 2 5 12.637570 10 9.270079
1 2 14 16.385316 12 12.658606
2 2 18 19.325062 6 8.591772
3
0 2 5 8.558413 15 12.182591
1 2 6 13.064065 18 12.661982
2 2 9 12.791869 8 2.730443
3
0 2 5 3.317092 12 19.392326
1 2 15 13.741726 17 1.790102
2 2 17 10.485510 12 14.483039
3
0 2 5 18.810654 7 17.554454
1 2 8 3.802228 14 1.353806
2 2 6 8.847832 17 14.829980
3
0 2 10 11.286631 19 7.056111
1 2 15 5.810295 12 15.868244
2 2 10 9.119967 18 4.964542
3
0 2 10 3.159680 17 2.959130
1 2 18 18.414222 14 12.807732
2 2 11 3.208505 17 9.520919
3
0 2 10 10.765577 14 3.311558
1 2 10 13.629753 16 19.510371
2 2 13 13.745732 17 16.954649
3
0 2 10 9.182557 14 14.059691
1 2 16 16.231246 12 9.734037
2 2 19 1.925683 12 17.690533
3
0 2 10 6.451442 15 11.547290
1 2 19 9.951419 17 18.249808
2 2 19 6.676350 18 9.075729
3
0 2 15 16.632144 19 19.769319
1 2 17 4.531341 19 17.101328
2 2 17 12.157853 19 16.069063
3
0 2 15 11.503607 17 6.190199
1 2 17 16.613815 18 9.798931
2 2 15 10.829112 17 14.901379
3
0 2 15 19.587142 17 9.031059
1 2 15 3.900814 16 4.103380
2 2 17 7.872247 15 17.558968
3
0 2 15 18.653175 16 10.091670
1 2 16 15.913938 15 4.041666
2 2 16 8.460151 15 2.042533
3
0 2 15 9.006958 16 17.545758
1 2 15 9.375800 17 4.146103
2 2 16 15.243255 19 18.580067
3
0 1 19 13.635772
1 1 19 11.624357
2 1 19 13.280534
3
0 1 19 6.625467
1 1 19 14.596248
2 1 19 14.735162
3
0 1 19 13.240606
1 1 19 16.617696
2 1 19 4.597375
3
0 1 19 18.927592
1 1 19 11.078733
2 1 19 14.355069
0
