200 199
3
0 2 20 7.165867 126 9.241777
1 2 23 16.425879 160 2.959417
2 2 183 18.971792 82 14.250238
3
0 2 20 10.198781 186 19.223398
1 2 84 12.211178 152 13.556865
2 2 168 8.411868 167 9.383103
3
0 2 20 6.452923 187 13.425484
1 2 54 18.062406 157 1.352607
2 2 82 7.104709 73 1.600512
3
0 2 20 13.278975 51 12.200081
1 2 161 13.475827 151 19.964784
2 2 194 16.440078 69 10.762773
3
0 2 20 3.377765 66 5.789777
1 2 114 3.582758 86 3.426213
2 2 175 1.421806 176 12.426094
3
0 2 20 3.169473 66 11.263854
1 2 22 1.030091 132 10.445536
2 2 177 13.691449 172 13.393890
3
0 2 20 1.179854 116 17.200535
1 2 57 2.808797 82 11.297002
2 2 156 1.605439 76 4.200301
3
0 2 20 11.970951 163 14.774354
1 2 165 17.092767 83 10.377438
2 2 66 5.767791 65 12.979143
3
0 2 20 4.841317 196 7.825044
1 2 39 18.241266 84 3.306049
2 2 21 1.784739 66 10.540945
3
0 2 20 15.772081 75 16.147644
1 2 72 11.670088 163 5.495629
2 2 109 18.740642 75 14.262291
3
0 2 20 7.164309 110 2.576405
1 2 199 12.726661 83 14.631925
2 2 157 19.626628 105 7.222207
3
0 2 20 6.457892 48 1.173952
1 2 103 13.280810 175 10.334294
2 2 43 12.490548 190 10.676408
3
0 2 20 5.865100 135 2.926417
1 2 150 3.507149 134 8.758054
2 2 27 17.509012 37 15.276117
3
0 2 20 10.546462 66 2.644769
1 2 185 8.991644 37 13.350419
2 2 23 3.554625 186 13.442473
3
0 2 20 3.700021 55 2.711697
1 2 88 16.846259 123 4.914520
2 2 28 1.851499 130 18.293536
3
0 2 20 4.387572 199 8.211620
1 2 155 16.625706 64 5.670491
2 2 66 4.902434 107 3.245048
3
0 2 20 11.733291 87 9.250452
1 2 112 1.634935 60 9.996868
2 2 103 13.101500 194 4.986000
3
0 2 20 11.173100 147 3.303137
1 2 133 14.060931 27 15.057058
2 2 182 2.526771 41 10.662730
3
0 2 20 8.368230 169 15.518113
1 2 198 5.427240 145 3.036485
2 2 196 16.088975 90 19.671809
3
0 2 20 10.084037 47 9.470781
1 2 75 17.509146 159 2.109936
2 2 160 19.232857 101 8.891722
3
0 2 40 7.955937 79 10.612488
1 2 181 17.664118 175 11.784957
2 2 133 18.147908 183 10.868917
3
0 2 40 10.840473 64 13.903103
1 2 122 17.809260 153 10.038690
2 2 56 5.042388 161 13.708296
3
0 2 40 11.994439 72 16.636687
1 2 77 5.687857 124 16.136404
2 2 160 2.566800 85 2.356784
3
0 2 40 6.957212 196 2.440866
1 2 92 14.213983 184 13.453808
2 2 68 6.734160 195 9.861221
3
0 2 40 7.756582 82 5.041116
1 2 151 13.725966 48 11.838685
2 2 74 2.736195 64 5.871772
3
0 2 40 13.899472 198 10.768537
1 2 103 13.114539 136 18.951500
2 2 40 9.500488 166 6.093935
3
0 2 40 13.110308 136 14.022001
1 2 110 10.949780 155 12.933163
2 2 158 13.613025 155 15.088421
3
0 2 40 10.992113 63 18.085599
1 2 176 4.749442 43 14.176165
2 2 91 4.438277 175 1.472610
3
0 2 40 11.357973 175 9.242531
1 2 135 3.209913 47 14.938626
2 2 155 13.054165 67 6.129509
3
0 2 40 17.601124 69 19.739404
1 2 192 8.397109 188 6.647042
2 2 91 4.508578 176 12.551021
3
0 2 40 16.294169 134 3.774911
1 2 158 14.744350 59 18.798641
2 2 72 15.951569 166 14.718828
3
0 2 40 8.872102 146 18.802275
1 2 65 9.354037 157 15.348940
2 2 111 10.939839 71 7.758017
3
0 2 40 19.970908 74 19.587904
1 2 178 7.670438 139 13.666367
2 2 194 7.463515 59 18.483242
3
0 2 40 4.129980 115 19.916750
1 2 114 8.127154 136 10.634119
2 2 88 6.173227 130 10.026094
3
0 2 40 8.947160 165 2.253291
1 2 60 14.739849 190 7.594910
2 2 150 15.425855 199 19.773241
3
0 2 40 12.023959 129 4.745923
1 2 186 2.951941 64 19.375383
2 2 137 3.985279 120 10.339848
3
0 2 40 7.731266 68 1.219261
1 2 123 1.273868 179 11.825256
2 2 178 1.214235 122 10.613951
3
0 2 40 2.968809 68 17.523888
1 2 46 1.008842 133 7.689624
2 2 190 11.292687 154 14.517549
3
0 2 40 16.728615 60 4.730160
1 2 50 13.394339 140 17.048948
2 2 126 1.585633 177 2.620112
3
0 2 40 12.655218 66 5.332126
1 2 69 19.206787 137 14.441505
2 2 145 13.721632 47 3.672881
3
0 2 60 13.649929 189 18.969246
1 2 73 17.964555 108 11.696256
2 2 177 1.692027 116 8.155259
3
0 2 60 16.485035 101 2.082582
1 2 140 18.524736 144 3.350683
2 2 83 13.253368 187 16.500955
3
0 2 60 16.510160 80 2.017751
1 2 76 18.493275 188 18.724601
2 2 64 19.124998 187 14.850982
3
0 2 60 9.617553 166 19.461117
1 2 84 15.933048 154 6.254252
2 2 77 11.656274 120 17.227839
3
0 2 60 4.774228 69 10.375816
1 2 93 9.128367 165 15.535594
2 2 152 17.709820 107 11.329394
3
0 2 60 10.859583 158 2.603034
1 2 103 17.794456 102 1.206086
2 2 127 13.020513 121 10.832216
3
0 2 60 13.276144 109 2.125183
1 2 105 11.857810 158 18.857487
2 2 86 9.680474 60 6.036417
3
0 2 60 12.777857 174 13.156085
1 2 144 18.620183 105 19.727959
2 2 199 12.343773 181 11.641704
3
0 2 60 14.035442 92 7.214923
1 2 118 16.093385 90 8.976506
2 2 109 1.927499 161 14.168836
3
0 2 60 14.930728 119 15.069080
1 2 170 6.114512 72 2.818279
2 2 100 15.384988 183 4.117862
3
0 2 60 6.766262 171 8.463016
1 2 149 7.230719 136 10.748802
2 2 195 14.094079 107 15.298786
3
0 2 60 7.447138 98 19.836929
1 2 105 17.591118 123 18.090306
2 2 117 12.669170 176 12.183340
3
0 2 60 17.375325 177 11.726642
1 2 73 19.292996 84 8.264841
2 2 82 15.343253 102 13.532517
3
0 2 60 11.123426 152 12.879545
1 2 101 10.510930 154 12.947403
2 2 64 13.246716 159 17.014125
3
0 2 60 18.044618 111 12.351164
1 2 193 3.984535 185 3.522617
2 2 182 16.299405 161 10.607604
3
0 2 60 4.839517 86 18.841083
1 2 66 2.150346 92 9.815623
2 2 178 12.872112 92 1.784690
3
0 2 60 6.128674 114 6.930733
1 2 91 15.284244 104 10.371960
2 2 150 1.115980 88 13.504931
3
0 2 60 9.974099 172 10.492980
1 2 151 12.640648 148 14.006157
2 2 194 3.624667 64 12.075058
3
0 2 60 14.569417 103 4.516015
1 2 125 6.334193 134 6.404229
2 2 193 5.994264 167 17.918549
3
0 2 60 1.692347 198 1.437141
1 2 80 14.975160 125 9.420945
2 2 100 10.114511 199 9.858969
3
0 2 80 6.746359 112 16.864914
1 2 138 16.465353 130 13.470795
2 2 95 9.443684 85 4.395359
3
0 2 80 17.774743 181 13.060238
1 2 101 5.464579 84 17.615079
2 2 176 10.488681 177 9.236118
3
0 2 80 6.671446 151 14.238862
1 2 138 12.243488 119 5.874735
2 2 134 13.559892 116 5.550042
3
0 2 80 10.948029 97 17.436120
1 2 179 12.085811 147 9.141044
2 2 126 14.452697 81 19.076355
3
0 2 80 2.447185 146 5.072125
1 2 190 12.548111 100 1.087985
2 2 98 1.950419 155 9.195237
3
0 2 80 13.735854 100 11.323531
1 2 147 11.932825 163 16.718303
2 2 183 16.438233 184 9.620301
3
0 2 80 9.921582 177 5.798369
1 2 189 6.601716 168 12.614870
2 2 186 3.185570 156 4.453693
3
0 2 80 4.052823 165 11.172375
1 2 93 1.287278 152 1.848424
2 2 104 14.018541 85 7.022759
3
0 2 80 3.154980 131 3.194857
1 2 81 16.829692 83 9.556324
2 2 135 17.862191 182 17.873061
3
0 2 80 16.506550 89 11.300595
1 2 161 11.309581 128 14.079818
2 2 161 12.015727 195 16.123771
3
0 2 80 19.521217 97 15.196292
1 2 199 19.235317 197 12.762737
2 2 193 19.018766 154 18.118827
3
0 2 80 17.292893 188 7.943979
1 2 114 15.469664 129 12.386869
2 2 118 18.678144 106 12.184152
3
0 2 80 12.901517 119 15.428668
1 2 122 6.005577 148 8.439704
2 2 98 18.844630 195 11.862028
3
0 2 80 19.162076 176 6.585413
1 2 119 6.372572 89 12.367354
2 2 182 8.169369 162 5.138262
3
0 2 80 11.550342 126 11.629616
1 2 138 13.640490 192 16.110862
2 2 149 6.355495 160 9.865795
3
0 2 80 17.477874 156 8.086691
1 2 157 3.879357 161 9.216649
2 2 125 14.072688 185 2.497680
3
0 2 80 11.267645 169 10.930735
1 2 175 16.622937 143 4.581797
2 2 165 13.372441 115 1.864563
3
0 2 80 6.684290 115 16.444613
1 2 96 16.057035 184 3.349477
2 2 176 1.765176 153 10.338953
3
0 2 80 16.239429 166 15.462277
1 2 176 13.560719 91 9.949569
2 2 141 18.470041 185 5.981558
3
0 2 80 16.503997 156 19.560550
1 2 172 9.653910 102 3.620431
2 2 186 7.852842 118 6.115524
3
0 2 100 13.943137 178 3.940937
1 2 100 17.916568 152 11.518111
2 2 177 1.507126 141 13.273314
3
0 2 100 9.259117 105 7.898205
1 2 148 16.839396 165 10.424149
2 2 114 12.185343 112 5.257039
3
0 2 100 6.999090 142 17.503797
1 2 103 7.845444 164 18.177519
2 2 182 5.261922 137 16.208871
3
0 2 100 2.703295 165 18.983716
1 2 195 16.259313 133 18.247221
2 2 158 14.397755 167 14.161687
3
0 2 100 16.377966 129 18.499278
1 2 171 17.059274 111 13.651738
2 2 128 17.702701 171 16.666570
3
0 2 100 3.672588 142 14.228120
1 2 111 6.941940 190 9.553618
2 2 112 6.725283 180 18.799227
3
0 2 100 16.116946 148 18.265497
1 2 184 5.591806 190 7.523833
2 2 183 3.738823 180 10.020739
3
0 2 100 7.507164 113 3.181925
1 2 129 1.935682 173 4.292125
2 2 119 15.729545 100 1.533030
3
0 2 100 7.048367 105 10.079874
1 2 132 15.187066 193 7.669659
2 2 194 6.889001 198 15.336245
3
0 2 100 19.316874 166 15.247590
1 2 169 15.815486 139 3.067460
2 2 124 11.215870 197 7.706652
3
0 2 100 12.813580 184 9.323691
1 2 147 1.020655 137 4.794897
2 2 141 14.071830 124 4.706924
3
0 2 100 2.063857 103 6.267361
1 2 100 16.358900 122 6.676073
2 2 103 2.363657 161 15.365159
3
0 2 100 14.560435 197 15.114514
1 2 157 14.295678 127 7.478572
2 2 172 4.863323 128 13.956993
3
0 2 100 7.776832 103 1.493145
1 2 135 9.488351 151 19.602785
2 2 191 17.091623 187 6.686082
3
0 2 100 17.568624 135 5.321824
1 2 146 13.853756 130 5.095348
2 2 195 3.380831 120 1.286911
3
0 2 100 19.019870 111 12.101317
1 2 126 2.340072 191 17.945546
2 2 171 3.992550 150 2.231744
3
0 2 100 1.697619 116 13.781581
1 2 174 11.696236 116 3.884697
2 2 113 4.031406 112 7.308509
3
0 2 100 11.371974 198 19.811908
1 2 185 6.210268 174 6.277134
2 2 149 2.847646 143 5.218354
3
0 2 100 10.462878 161 18.849528
1 2 145 5.221565 114 9.268618
2 2 185 14.555987 103 8.120206
3
0 2 100 3.691489 106 17.859550
1 2 180 9.336508 196 4.782751
2 2 176 18.358565 162 8.527265
3
0 2 120 14.067267 184 19.069804
1 2 163 19.394482 141 1.482670
2 2 131 11.486394 162 4.642483
3
0 2 120 16.578676 128 8.755975
1 2 164 14.558061 186 8.144258
2 2 164 10.771976 143 8.456080
3
0 2 120 10.802290 126 1.071833
1 2 191 7.556222 161 3.347811
2 2 141 3.081806 134 3.203428
3
0 2 120 14.014201 147 19.826057
1 2 143 3.712298 175 18.161455
2 2 164 1.064873 153 10.330588
3
0 2 120 4.755724 183 14.904232
1 2 143 7.455492 142 2.662215
2 2 132 7.303992 160 11.836110
3
0 2 120 18.550278 166 11.427014
1 2 165 2.209739 197 19.902784
2 2 174 8.732587 148 6.948235
3
0 2 120 16.600550 183 9.686846
1 2 151 6.524762 156 15.845268
2 2 177 5.121364 183 13.912382
3
0 2 120 12.583520 182 16.280264
1 2 199 15.734362 194 5.078629
2 2 186 18.081157 182 8.528724
3
0 2 120 6.393551 182 3.169157
1 2 131 6.730664 196 3.503560
2 2 153 8.438655 194 11.413306
3
0 2 120 7.360458 183 1.960899
1 2 169 3.123514 126 3.049157
2 2 129 11.576513 150 2.584725
3
0 2 120 19.698092 122 11.502721
1 2 196 13.806052 186 9.874766
2 2 153 18.434244 142 7.287620
3
0 2 120 6.876318 144 16.061717
1 2 137 8.492504 183 6.952505
2 2 136 1.389714 134 18.153562
3
0 2 120 13.175784 129 5.811475
1 2 160 8.605767 166 16.633196
2 2 195 13.227951 152 16.287510
3
0 2 120 13.415497 189 4.418339
1 2 197 18.213267 144 1.353315
2 2 185 4.409078 121 13.470672
3
0 2 120 18.976574 138 16.115762
1 2 126 19.568792 182 12.473402
2 2 161 17.755719 131 13.898933
3
0 2 120 9.900282 128 18.628098
1 2 150 3.191593 140 1.826318
2 2 153 18.995537 161 5.242112
3
0 2 120 9.476898 166 7.584793
1 2 122 6.489083 152 15.320072
2 2 163 2.987048 138 7.895265
3
0 2 120 6.509386 152 18.900759
1 2 145 6.531436 198 10.197766
2 2 135 16.550194 136 7.736518
3
0 2 120 12.702348 151 15.982420
1 2 129 5.422452 178 18.449466
2 2 153 14.503238 121 18.060299
3
0 2 120 9.596909 137 16.844652
1 2 155 5.693491 169 13.890439
2 2 134 13.670264 141 1.863774
3
0 2 140 16.723664 159 4.570898
1 2 195 18.903251 179 10.635843
2 2 184 19.774691 140 13.112986
3
0 2 140 16.855213 171 9.643773
1 2 169 10.477773 168 11.978874
2 2 140 19.588763 181 9.207103
3
0 2 140 12.663506 143 8.309299
1 2 194 12.798403 191 9.070065
2 2 173 18.605787 178 8.059906
3
0 2 140 5.509493 181 11.719005
1 2 188 5.337530 187 19.878857
2 2 153 16.662492 178 6.353304
3
0 2 140 1.760204 146 5.468347
1 2 173 2.120341 191 2.995527
2 2 165 12.186603 176 17.073835
3
0 2 140 14.276410 181 18.558853
1 2 198 7.153182 190 8.490566
2 2 197 6.770380 140 7.510436
3
0 2 140 6.159127 166 11.010050
1 2 180 16.295416 161 6.484176
2 2 164 4.639222 181 14.239086
3
0 2 140 10.763247 160 9.302660
1 2 153 18.679559 143 1.765803
2 2 189 19.702909 192 12.831379
3
0 2 140 2.545734 163 14.320047
1 2 155 3.586017 144 2.574905
2 2 170 4.498865 160 3.980077
3
0 2 140 14.730524 148 3.922157
1 2 163 13.441602 177 8.838916
2 2 182 4.141346 143 15.309187
3
0 2 140 19.624587 173 10.971291
1 2 185 5.958377 171 2.843388
2 2 192 16.122058 191 17.376387
3
0 2 140 2.064474 193 17.376607
1 2 149 14.638808 154 11.640623
2 2 147 15.614206 145 15.388755
3
0 2 140 13.722806 156 6.144793
1 2 174 4.598023 143 14.806615
2 2 185 18.960891 146 8.882392
3
0 2 140 14.019849 187 3.363799
1 2 160 18.280214 151 3.847110
2 2 150 9.364245 193 7.500362
3
0 2 140 16.140798 165 10.171904
1 2 184 3.511769 142 15.717820
2 2 156 2.522201 175 5.713922
3
0 2 140 10.922924 199 19.575532
1 2 149 17.852328 142 15.292476
2 2 144 7.791552 180 9.167048
3
0 2 140 17.886715 155 13.041114
1 2 177 8.861142 170 2.541850
2 2 169 18.888053 180 17.379090
3
0 2 140 15.081977 196 8.520235
1 2 159 13.672175 185 1.053514
2 2 146 13.957042 165 11.822213
3
0 2 140 14.174435 199 1.771269
1 2 169 10.581732 153 5.159770
2 2 177 18.968410 145 10.472201
3
0 2 140 13.231337 157 17.264849
1 2 172 13.735123 196 2.726556
2 2 144 17.947429 173 4.356920
3
0 2 160 3.263251 167 15.456780
1 2 173 17.965740 163 19.386236
2 2 183 6.700756 181 17.172426
3
0 2 160 3.043427 168 6.447361
1 2 191 1.215715 195 10.891670
2 2 197 6.995369 195 2.660677
3
0 2 160 18.754992 168 7.952501
1 2 178 16.168167 172 13.827534
2 2 196 19.127010 191 16.855947
3
0 2 160 17.599167 196 5.961610
1 2 179 14.137841 184 19.893512
2 2 193 10.042320 166 18.710297
3
0 2 160 17.952119 179 18.338587
1 2 177 3.399647 195 3.291795
2 2 163 16.155626 179 10.940071
3
0 2 160 13.709037 192 13.272980
1 2 171 4.587394 162 8.381631
2 2 195 15.662943 190 1.726111
3
0 2 160 11.936120 178 3.943252
1 2 161 8.347976 165 5.079537
2 2 193 6.879342 168 18.829140
3
0 2 160 14.589572 175 2.393395
1 2 169 10.332419 166 17.818336
2 2 166 12.984075 167 13.574948
3
0 2 160 10.598670 173 18.932673
1 2 186 2.653886 188 4.219417
2 2 194 4.781303 164 10.092373
3
0 2 160 17.142758 197 10.703125
1 2 184 7.091305 199 5.458188
2 2 191 15.062876 187 6.073594
3
0 2 160 10.051859 190 18.221030
1 2 183 13.436593 162 13.446193
2 2 184 8.189120 162 8.497572
3
0 2 160 10.226298 183 7.535878
1 2 163 5.231839 173 16.521945
2 2 162 11.926619 194 19.891100
3
0 2 160 3.158991 180 15.077704
1 2 179 15.799474 195 9.553863
2 2 165 4.318465 177 3.836588
3
0 2 160 6.460564 197 8.834189
1 2 178 3.193945 185 15.021442
2 2 163 10.337656 190 16.844233
3
0 2 160 13.937702 186 15.085406
1 2 166 5.195240 199 8.891999
2 2 175 9.285473 195 14.432489
3
0 2 160 16.632533 191 19.064279
1 2 195 17.104447 174 10.009450
2 2 166 13.005340 180 5.803610
3
0 2 160 2.718206 168 9.613469
1 2 168 6.677054 193 11.334810
2 2 192 13.041252 172 10.259222
3
0 2 160 12.657428 197 4.856208
1 2 160 11.875432 180 2.458049
2 2 179 6.742531 168 19.612747
3
0 2 160 5.578841 185 10.523425
1 2 193 5.030520 170 18.021231
2 2 161 15.017879 167 18.455054
3
0 2 160 1.072839 165 14.346375
1 2 176 18.871341 160 8.302931
2 2 175 17.685600 180 2.244265
3
0 2 180 1.511419 187 14.090054
1 2 198 2.509017 186 15.007984
2 2 188 12.810182 181 19.473378
3
0 2 180 8.973862 190 10.606569
1 2 184 3.189581 193 17.010489
2 2 197 13.182712 190 1.891902
3
0 2 180 18.978048 183 2.137949
1 2 193 9.721785 183 19.351023
2 2 180 2.941332 183 4.629846
3
0 2 180 14.063813 193 19.871524
1 2 191 4.141422 189 4.794372
2 2 192 12.334543 185 13.400399
3
0 2 180 7.436244 189 8.053469
1 2 186 17.689092 190 8.183453
2 2 188 5.315064 197 4.974891
3
0 2 180 13.396841 185 16.926849
1 2 186 4.134816 191 14.180205
2 2 187 3.939360 181 19.726416
3
0 2 180 18.479614 182 2.669549
1 2 180 15.685622 197 16.637834
2 2 184 11.835551 188 3.514746
3
0 2 180 12.727318 194 12.302936
1 2 184 3.806108 197 17.705877
2 2 192 2.858109 186 8.963007
3
0 2 180 1.135378 197 5.255259
1 2 195 7.306107 198 3.619620
2 2 188 19.754919 189 8.323673
3
0 2 180 15.408133 183 3.597373
1 2 187 17.312245 191 19.851487
2 2 186 18.145380 187 15.319815
3
0 2 180 8.346182 197 15.762303
1 2 198 10.416113 197 2.422299
2 2 181 1.270585 186 8.187031
3
0 2 180 15.912015 189 18.440726
1 2 194 15.030959 183 5.340583
2 2 182 8.799447 197 17.392703
3
0 2 180 9.862337 189 13.278315
1 2 183 7.203019 192 1.936160
2 2 195 10.164188 188 15.634448
3
0 2 180 11.182563 191 16.382170
1 2 184 17.130807 180 10.608440
2 2 181 15.089650 194 12.004990
3
0 2 180 10.572457 186 5.052396
1 2 190 19.304939 197 7.133710
2 2 187 19.996816 183 17.113525
3
0 2 180 3.055735 196 9.694593
1 2 190 3.997576 191 16.773756
2 2 192 11.735139 185 12.149173
3
0 2 180 11.583819 197 12.267394
1 2 199 1.304038 194 12.116216
2 2 188 5.562529 199 19.312778
3
0 2 180 4.761197 197 15.563096
1 2 182 13.093588 187 12.805005
2 2 197 5.326668 193 3.271272
3
0 2 180 16.809854 183 1.002059
1 2 193 18.553003 180 9.149884
2 2 188 16.967140 186 10.122587
3
0 2 180 8.877636 189 3.967223
1 2 180 3.061755 190 18.385964
2 2 183 10.872765 185 4.848458
3
0 1 199 14.833949
1 1 199 18.881712
2 1 199 5.533709
3
0 1 199 9.519044
1 1 199 18.650172
2 1 199 13.124690
3
0 1 199 3.275031
1 1 199 18.956281
2 1 199 12.557151
3
0 1 199 3.469579
1 1 199 17.872683
2 1 199 3.569920
3
0 1 199 5.666920
1 1 199 10.653786
2 1 199 14.894431
3
0 1 199 8.385690
1 1 199 10.040611
2 1 199 10.195548
3
0 1 199 10.466852
1 1 199 6.267455
2 1 199 12.626934
3
0 1 199 7.385890
1 1 199 18.089886
2 1 199 1.180745
3
0 1 199 1.380541
1 1 199 8.564773
2 1 199 4.399809
3
0 1 199 19.244126
1 1 199 4.104056
2 1 199 3.666141
3
0 1 199 1.598561
1 1 199 11.881675
2 1 199 19.504594
3
0 1 199 16.553762
1 1 199 14.177668
2 1 199 4.133961
3
0 1 199 16.382752
1 1 199 4.067885
2 1 199 5.775610
3
0 1 199 15.910519
1 1 199 7.147496
2 1 199 4.047838
3
0 1 199 11.483083
1 1 199 6.409231
2 1 199 19.986837
3
0 1 199 18.878908
1 1 199 6.431394
2 1 199 13.757134
3
0 1 199 11.076231
1 1 199 7.933781
2 1 199 6.333034
3
0 1 199 10.100297
1 1 199 1.475397
2 1 199 8.257134
3
0 1 199 4.887332
1 1 199 1.115130
2 1 199 9.520842
0
