200 199
3
0 2 20 1.618842 180 1.951549
1 2 23 4.915046 111 6.890113
2 2 73 18.465155 92 3.225352
3
0 2 20 9.130540 187 2.002301
1 2 34 6.141072 182 8.907238
2 2 163 1.559233 139 12.102819
3
0 2 20 2.205300 47 8.915726
1 2 112 17.651015 40 14.513134
2 2 150 4.403461 148 1.276309
3
0 2 20 1.637700 70 1.754390
1 2 65 13.611913 135 12.332864
2 2 64 9.075062 81 1.863603
3
0 2 20 7.122590 128 19.366687
1 2 58 3.240121 160 8.155193
2 2 112 17.651289 65 19.679346
3
0 2 20 6.093911 125 6.468166
1 2 103 16.218752 65 11.310081
2 2 111 10.269844 72 8.694187
3
0 2 20 7.114649 100 6.208964
1 2 94 13.997152 123 16.849813
2 2 58 12.449067 178 16.283025
3
0 2 20 16.023958 131 19.151071
1 2 195 14.051076 47 16.392274
2 2 158 11.673901 78 14.275698
3
0 2 20 10.825985 116 6.410709
1 2 69 10.208827 140 9.739632
2 2 100 10.203296 196 9.446469
3
0 2 20 3.471063 66 1.202758
1 2 52 18.258654 57 17.444102
2 2 117 4.033759 131 4.396968
3
0 2 20 19.818967 124 11.595477
1 2 67 6.664435 90 16.896545
2 2 152 15.269627 176 15.133891
3
0 2 20 15.533374 78 2.913402
1 2 122 2.662529 83 18.107770
2 2 144 16.776248 150 16.433329
3
0 2 20 17.161618 44 5.841947
1 2 89 16.365273 173 8.606809
2 2 159 6.503128 40 2.231533
3
0 2 20 5.419650 59 11.472764
1 2 119 7.355445 100 17.866109
2 2 185 1.380820 100 19.288974
3
0 2 20 3.406515 192 3.455630
1 2 21 10.939033 89 2.655765
2 2 176 7.717248 133 9.140151
3
0 2 20 5.212449 100 11.930577
1 2 118 7.127123 184 10.229044
2 2 145 3.231007 188 1.151471
3
0 2 20 11.543223 86 10.520272
1 2 113 16.811605 28 12.166013
2 2 95 16.790002 93 2.064975
3
0 2 20 18.777697 144 5.946333
1 2 192 16.164192 130 15.373709
2 2 39 16.993620 106 9.832407
3
0 2 20 13.652945 84 15.615376
1 2 153 10.796162 149 18.407403
2 2 77 16.394201 155 1.971891
3
0 2 20 12.690586 74 13.388773
1 2 48 8.974181 105 7.922451
2 2 120 13.850650 171 19.783186
3
0 2 40 6.451400 89 16.450718
1 2 63 10.286489 91 2.779472
2 2 91 12.979340 116 11.622513
3
0 2 40 9.045194 129 7.512385
1 2 171 11.364337 178 8.312135
2 2 185 19.302019 138 9.791739
3
0 2 40 3.976954 93 15.550354
1 2 192 12.417928 49 13.807234
2 2 159 18.645017 122 14.305189
3
0 2 40 14.665964 182 17.148785
1 2 42 7.004686 119 10.721692
2 2 80 10.651889 166 13.493906
3
0 2 40 13.268038 130 14.254870
1 2 171 1.230844 183 16.782515
2 2 120 15.745479 127 6.429504
3
0 2 40 4.593398 128 3.566593
1 2 134 14.482044 183 9.335327
2 2 69 11.800077 197 13.773636
3
0 2 40 14.778727 107 12.046672
1 2 170 15.036943 186 9.758438
2 2 67 19.138094 102 8.638128
3
0 2 40 9.812351 74 15.438720
1 2 92 9.155878 55 4.848597
2 2 142 2.034716 99 1.067951
3
0 2 40 8.367437 86 16.682499
1 2 53 5.794815 111 4.734998
2 2 190 17.299926 117 9.366353
3
0 2 40 17.256766 189 19.731877
1 2 166 9.763377 126 6.507781
2 2 59 3.748670 162 7.208176
3
0 2 40 15.030092 77 16.441139
1 2 90 5.158369 143 6.622251
2 2 86 3.071019 174 7.822090
3
0 2 40 10.370683 76 8.235063
1 2 176 2.832096 132 10.638360
2 2 195 19.432126 41 7.781004
3
0 2 40 13.750176 53 16.258053
1 2 196 9.923611 155 3.698423
2 2 98 14.649688 188 3.777058
3
0 2 40 18.324874 62 14.966840
1 2 103 10.636218 119 8.492070
2 2 135 7.387985 50 19.744417
3
0 2 40 18.886769 67 7.752329
1 2 122 16.192051 53 2.428355
2 2 72 17.196592 130 12.843151
3
0 2 40 9.590858 92 16.376862
1 2 56 4.184426 175 2.737843
2 2 81 3.705854 50 7.683317
3
0 2 40 9.855601 61 17.480103
1 2 51 17.852209 123 9.277020
2 2 65 11.328571 122 12.511618
3
0 2 40 8.340299 170 15.804154
1 2 141 13.645521 131 6.292308
2 2 135 7.162165 194 2.835329
3
0 2 40 14.625782 79 13.980055
1 2 182 10.772145 84 19.372772
2 2 137 1.247137 130 17.595787
3
0 2 40 15.193201 198 11.693115
1 2 153 11.536627 70 1.626552
2 2 148 7.965290 53 6.344304
3
0 2 60 6.808548 105 16.918235
1 2 102 9.830989 122 16.111070
2 2 168 18.264565 98 19.672727
3
0 2 60 5.267416 142 3.005151
1 2 127 17.697214 137 12.605947
2 2 120 15.845103 153 4.523188
3
0 2 60 19.008742 165 13.941812
1 2 179 13.132541 145 11.085554
2 2 103 7.628971 64 8.228644
3
0 2 60 15.304243 173 6.979756
1 2 178 7.875941 69 13.141395
2 2 83 13.239156 118 10.427330
3
0 2 60 2.939145 132 13.930105
1 2 116 9.217556 90 3.157077
2 2 68 1.490959 74 5.728582
3
0 2 60 5.551288 94 13.831745
1 2 126 9.980368 186 19.062137
2 2 84 11.628217 141 1.711829
3
0 2 60 12.867925 106 1.490380
1 2 110 5.028100 152 11.210306
2 2 193 5.470522 118 3.951023
3
0 2 60 1.679801 182 19.065024
1 2 74 16.458116 104 17.761520
2 2 109 14.932228 193 18.655361
3
0 2 60 7.851666 174 19.390051
1 2 195 16.626149 75 19.064336
2 2 142 5.920635 60 14.473216
3
0 2 60 4.273576 191 5.646433
1 2 178 14.051577 176 17.233963
2 2 73 6.785674 150 14.334008
3
0 2 60 15.585492 92 2.256026
1 2 180 4.641755 193 11.842020
2 2 107 2.525153 132 8.012235
3
0 2 60 16.124180 61 10.962467
1 2 147 10.084447 109 13.919338
2 2 123 12.358523 100 5.891187
3
0 2 60 14.206076 162 15.668587
1 2 190 18.407519 187 2.778517
2 2 154 15.920363 67 9.836326
3
0 2 60 7.441376 170 3.248591
1 2 149 7.834078 187 13.628618
2 2 167 11.986686 181 17.379034
3
0 2 60 3.058269 165 19.724823
1 2 81 7.400005 120 13.192209
2 2 123 17.191862 61 16.751025
3
0 2 60 3.508335 147 12.643912
1 2 125 9.395984 64 8.431881
2 2 81 6.418343 178 3.789777
3
0 2 60 17.962482 63 8.321007
1 2 168 2.767084 121 11.013534
2 2 136 2.554088 91 6.398582
3
0 2 60 15.646730 192 4.908609
1 2 192 3.854098 154 8.796582
2 2 103 2.315747 170 19.893992
3
0 2 60 6.034920 85 17.317284
1 2 105 19.728032 129 14.350527
2 2 178 2.762432 71 18.072958
3
0 2 60 15.685065 62 16.093070
1 2 168 3.206397 95 6.263588
2 2 73 19.307835 137 1.408622
3
0 2 80 3.884402 110 8.793674
1 2 95 8.955836 142 2.112458
2 2 192 1.784669 199 11.252088
3
0 2 80 8.092041 130 3.337726
1 2 86 13.582895 192 8.640634
2 2 158 15.011739 188 19.323990
3
0 2 80 8.334405 152 2.488011
1 2 168 7.356858 184 10.052701
2 2 148 18.854400 135 5.127767
3
0 2 80 16.344444 165 8.268027
1 2 113 6.011746 102 17.459039
2 2 161 1.578043 135 10.707730
3
0 2 80 7.779124 108 1.308370
1 2 191 15.610228 178 10.341933
2 2 97 3.759095 174 5.921310
3
0 2 80 5.995445 187 13.248761
1 2 167 9.243456 117 7.510687
2 2 195 3.799883 122 14.979515
3
0 2 80 15.571114 81 17.640422
1 2 151 18.430784 140 3.439755
2 2 192 11.455091 116 6.914177
3
0 2 80 5.397146 174 1.085549
1 2 159 6.874040 132 5.032604
2 2 166 1.981370 111 6.240372
3
0 2 80 12.366880 101 13.142422
1 2 194 10.533002 91 15.889331
2 2 105 10.776685 173 15.164442
3
0 2 80 11.143364 164 15.845574
1 2 109 11.757944 81 5.505941
2 2 177 5.055036 147 9.219754
3
0 2 80 10.836975 149 10.337741
1 2 93 14.129711 147 3.615361
2 2 81 11.929509 98 7.837087
3
0 2 80 15.848535 151 13.087512
1 2 184 7.848368 150 17.583895
2 2 189 7.863269 184 16.144153
3
0 2 80 11.286482 95 2.010132
1 2 157 6.085619 95 10.717854
2 2 178 19.353427 115 9.727949
3
0 2 80 10.364873 180 8.146891
1 2 158 14.749585 94 4.596684
2 2 163 7.866350 88 3.979654
3
0 2 80 13.614044 125 7.288392
1 2 197 12.365226 90 4.456499
2 2 179 15.857273 142 7.106649
3
0 2 80 6.047417 160 14.080007
1 2 93 19.043394 80 12.669167
2 2 139 13.462930 107 19.584914
3
0 2 80 3.072795 101 18.417160
1 2 162 9.917085 183 12.583750
2 2 132 1.279584 90 15.894681
3
0 2 80 16.575281 143 16.621493
1 2 85 3.606204 88 16.054352
2 2 93 13.324606 118 1.054624
3
0 2 80 2.140705 123 4.915638
1 2 176 19.118736 194 7.261707
2 2 97 3.942090 179 2.098276
3
0 2 80 9.360363 121 6.761902
1 2 94 12.212753 179 5.937336
2 2 159 16.374656 141 9.683964
3
0 2 100 4.468438 145 19.811017
1 2 181 19.207587 182 6.591289
2 2 120 17.672364 118 10.829182
3
0 2 100 12.663116 184 6.260676
1 2 172 11.223766 112 18.840789
2 2 186 4.815827 143 18.820252
3
0 2 100 3.404663 131 5.992524
1 2 102 13.304666 187 9.898894
2 2 196 6.045984 147 8.241715
3
0 2 100 6.522255 114 6.119783
1 2 159 18.729482 145 9.619485
2 2 138 16.378877 119 16.876283
3
0 2 100 2.097995 130 2.836355
1 2 114 16.698006 104 12.996259
2 2 147 16.860082 162 4.461608
3
0 2 100 10.352787 115 19.164042
1 2 116 11.194511 125 1.643601
2 2 113 18.899637 111 18.976000
3
0 2 100 7.978583 161 19.060037
1 2 150 12.235621 114 12.410177
2 2 161 14.450784 197 11.497733
3
0 2 100 10.417998 123 8.226520
1 2 190 14.211129 178 8.244588
2 2 143 8.277344 149 19.297592
3
0 2 100 6.600290 191 6.022840
1 2 115 2.118352 128 12.088224
2 2 102 13.028412 106 5.854751
3
0 2 100 1.244935 118 19.271482
1 2 154 16.480964 114 7.835971
2 2 180 6.152126 184 3.622014
3
0 2 100 1.864473 125 7.860208
1 2 111 16.815004 104 3.099376
2 2 161 3.068006 134 4.791490
3
0 2 100 6.792731 180 14.997551
1 2 133 13.684420 182 13.448858
2 2 141 10.542857 118 6.577201
3
0 2 100 2.300661 135 1.843490
1 2 142 16.163893 186 12.879172
2 2 147 11.997200 143 18.396994
3
0 2 100 10.104620 185 18.576799
1 2 158 2.814817 126 16.038582
2 2 121 9.464394 145 18.746806
3
0 2 100 15.775066 104 11.492318
1 2 166 6.056268 108 5.101775
2 2 101 6.081595 103 6.906469
3
0 2 100 9.064880 158 10.185194
1 2 122 7.047898 104 14.848674
2 2 150 8.894180 143 8.257850
3
0 2 100 17.192039 179 11.530627
1 2 122 10.186752 199 5.297347
2 2 102 3.073012 158 3.203885
3
0 2 100 19.434566 108 1.161433
1 2 188 16.372102 146 7.144687
2 2 148 16.589689 121 10.414541
3
0 2 100 5.650056 113 3.727065
1 2 196 12.364880 145 6.848622
2 2 117 8.427075 122 13.512431
3
0 2 100 9.683531 160 6.725768
1 2 139 15.177869 129 7.914743
2 2 163 18.568900 135 12.209547
3
0 2 120 5.131006 142 10.378416
1 2 185 17.166687 179 3.575130
2 2 122 8.837667 158 8.726570
3
0 2 120 10.962408 154 1.301022
1 2 151 19.541290 140 11.797792
2 2 196 7.346186 180 15.827684
3
0 2 120 14.314201 141 14.137441
1 2 131 15.536755 150 13.205076
2 2 176 16.981215 160 2.303409
3
0 2 120 1.024515 128 1.461221
1 2 157 9.974157 136 13.254495
2 2 137 19.650271 169 15.651110
3
0 2 120 7.010977 166 5.661773
1 2 194 12.846766 135 6.299113
2 2 139 18.927267 145 12.195603
3
0 2 120 6.737741 180 6.952806
1 2 132 6.056474 177 13.477614
2 2 197 13.926333 126 12.478725
3
0 2 120 7.053171 176 16.904083
1 2 126 1.175663 164 16.067945
2 2 162 7.386972 134 12.801433
3
0 2 120 14.925581 189 13.791745
1 2 121 14.541651 145 2.630535
2 2 190 3.634734 175 9.586594
3
0 2 120 11.777387 182 3.486683
1 2 158 10.326975 194 2.453586
2 2 160 15.164663 155 1.233565
3
0 2 120 10.345851 123 9.501914
1 2 188 16.787923 141 14.960945
2 2 182 3.881406 135 13.487281
3
0 2 120 4.240206 165 15.384796
1 2 162 16.533232 150 7.795317
2 2 122 16.059323 163 18.466654
3
0 2 120 3.237420 146 6.936747
1 2 128 1.210269 194 18.309551
2 2 128 8.712176 181 14.946438
3
0 2 120 12.571821 121 18.338475
1 2 164 5.011365 198 3.424849
2 2 125 6.310944 123 6.088499
3
0 2 120 10.556291 175 17.206464
1 2 154 7.197377 163 1.997344
2 2 152 15.101600 134 11.499575
3
0 2 120 9.144898 159 18.289438
1 2 140 13.408303 134 13.529144
2 2 151 1.284862 187 4.811606
3
0 2 120 3.091313 183 10.691699
1 2 183 14.325826 123 8.611618
2 2 190 12.388038 189 1.417381
3
0 2 120 17.846179 132 10.894140
1 2 120 3.435598 122 9.289876
2 2 130 16.606209 124 3.053397
3
0 2 120 7.672208 128 2.979406
1 2 120 18.192874 171 18.445890
2 2 171 9.455120 128 16.857159
3
0 2 120 4.834388 134 5.550601
1 2 172 17.593590 128 12.088836
2 2 148 10.529639 154 4.306888
3
0 2 120 3.185188 167 14.378177
1 2 187 10.863565 177 14.669580
2 2 173 3.429109 162 4.965504
3
0 2 140 4.935552 193 1.762050
1 2 169 9.872703 168 11.100308
2 2 169 17.450604 197 2.404981
3
0 2 140 3.750228 174 4.512737
1 2 187 4.231805 173 4.916494
2 2 199 11.376178 173 6.238816
3
0 2 140 17.797356 152 16.951805
1 2 160 4.988583 183 10.842867
2 2 198 9.893996 155 1.782981
3
0 2 140 1.134736 154 1.607471
1 2 143 4.411616 141 2.166798
2 2 153 15.824393 173 6.349861
3
0 2 140 12.792317 179 5.583065
1 2 169 15.431213 158 14.837669
2 2 175 16.436110 189 6.715910
3
0 2 140 10.973303 186 14.399069
1 2 169 13.604692 160 6.693277
2 2 142 10.062120 166 3.384149
3
0 2 140 17.747478 152 18.197218
1 2 195 13.369432 153 19.248626
2 2 150 17.861662 144 6.901029
3
0 2 140 8.553351 144 6.841757
1 2 179 2.533568 178 4.526263
2 2 171 13.843349 190 2.188824
3
0 2 140 1.508650 166 2.344285
1 2 149 7.470645 176 6.899535
2 2 178 8.940111 147 8.838897
3
0 2 140 9.085262 177 19.343952
1 2 172 18.329404 158 10.910376
2 2 155 19.906785 199 7.682999
3
0 2 140 4.697241 158 18.729682
1 2 190 2.396743 149 16.399256
2 2 141 17.812378 164 12.600357
3
0 2 140 15.216547 184 1.700551
1 2 153 13.982700 155 11.704977
2 2 147 3.475890 162 11.595646
3
0 2 140 7.048164 183 6.273032
1 2 150 12.665037 163 2.704626
2 2 190 10.083053 199 10.997708
3
0 2 140 1.497698 197 5.862141
1 2 141 9.995532 181 8.101005
2 2 154 3.170936 174 17.036529
3
0 2 140 9.104661 185 18.125041
1 2 192 2.767131 189 15.224108
2 2 161 18.720268 149 11.743375
3
0 2 140 15.192575 149 3.262295
1 2 168 11.865107 165 17.182734
2 2 173 19.020564 147 12.314954
3
0 2 140 3.349655 178 16.542481
1 2 182 5.428399 172 7.475015
2 2 190 13.608092 144 17.924211
3
0 2 140 15.707876 190 4.967938
1 2 154 15.026644 158 19.693983
2 2 172 5.831181 157 19.399178
3
0 2 140 2.293824 149 7.808178
1 2 165 8.020945 196 7.534594
2 2 160 4.382819 172 13.848595
3
0 2 140 14.288425 176 13.221733
1 2 160 6.201292 157 18.202627
2 2 141 4.891235 183 10.854861
3
0 2 160 1.270410 193 5.140678
1 2 165 19.477984 190 13.963869
2 2 175 17.811824 190 6.797534
3
0 2 160 3.620223 197 2.133234
1 2 176 12.657582 198 10.005508
2 2 191 2.574046 184 1.379434
3
0 2 160 15.940852 165 11.124258
1 2 188 4.191633 194 2.121420
2 2 163 10.790941 178 18.548857
3
0 2 160 18.398492 176 9.084528
1 2 168 16.735327 164 11.108510
2 2 170 17.982208 188 12.858386
3
0 2 160 9.402643 162 19.189760
1 2 163 12.870649 167 7.670076
2 2 193 19.242387 192 7.212247
3
0 2 160 18.176605 188 6.476161
1 2 198 15.528623 163 1.561818
2 2 180 18.551091 189 10.882370
3
0 2 160 19.188620 186 19.568592
1 2 177 13.982691 190 16.428089
2 2 169 6.761769 191 11.172118
3
0 2 160 4.439318 181 14.857970
1 2 179 13.532315 183 12.728069
2 2 161 19.529459 171 4.263858
3
0 2 160 5.981753 173 19.333620
1 2 176 2.981475 189 6.370092
2 2 161 13.172030 194 11.641299
3
0 2 160 7.623619 187 11.619110
1 2 183 13.894774 190 2.244888
2 2 195 16.766089 161 10.184142
3
0 2 160 10.656617 183 18.575309
1 2 167 16.542966 183 3.049404
2 2 188 14.761413 182 12.696429
3
0 2 160 13.493793 194 7.567764
1 2 167 13.232479 166 17.143836
2 2 199 3.933380 189 11.724218
3
0 2 160 7.448634 191 2.949798
1 2 189 15.846080 171 16.882488
2 2 176 19.664694 180 13.836435
3
0 2 160 19.601700 161 10.983447
1 2 193 12.912871 191 15.119892
2 2 187 17.339448 183 17.982879
3
0 2 160 19.542974 179 10.671168
1 2 165 4.713815 174 12.000916
2 2 183 7.597337 180 5.261222
3
0 2 160 18.818897 185 12.705024
1 2 194 12.600916 187 18.639219
2 2 179 2.174188 190 11.555248
3
0 2 160 2.066518 169 14.036127
1 2 192 7.543813 170 3.968599
2 2 186 3.520140 189 1.882973
3
0 2 160 14.950325 163 19.653030
1 2 189 19.589241 175 11.212860
2 2 162 11.687091 183 13.442129
3
0 2 160 14.153937 196 19.774626
1 2 172 10.771709 160 13.937418
2 2 188 15.953153 189 15.012174
3
0 2 160 18.233754 179 9.327169
1 2 160 16.083929 193 6.858114
2 2 186 6.847819 160 13.649288
3
0 2 180 14.662055 199 6.651748
1 2 196 14.312987 192 18.267640
2 2 197 17.086345 187 6.686025
3
0 2 180 10.381368 189 19.238220
1 2 186 2.614026 182 17.653308
2 2 198 19.480404 199 14.154849
3
0 2 180 19.732354 183 14.655921
1 2 199 19.982296 193 11.509824
2 2 189 18.894587 185 19.688196
3
0 2 180 3.059234 192 6.943739
1 2 186 2.126826 182 19.502050
2 2 189 9.184665 188 12.469698
3
0 2 180 12.115791 192 4.449550
1 2 199 19.021703 190 8.201621
2 2 184 6.795915 189 1.874301
3
0 2 180 3.377142 192 16.690984
1 2 192 12.793721 188 8.700219
2 2 195 17.798336 198 13.458358
3
0 2 180 8.149583 188 11.751223
1 2 188 17.248937 185 17.437323
2 2 186 2.482548 180 9.713116
3
0 2 180 7.721242 183 15.529357
1 2 191 12.116248 196 11.180578
2 2 189 8.856535 197 19.936166
3
0 2 180 12.932610 191 19.219755
1 2 198 6.516712 194 2.273580
2 2 191 8.752392 197 7.446085
3
0 2 180 5.156754 199 4.689592
1 2 196 6.582028 195 10.065549
2 2 192 18.508960 191 15.256108
3
0 2 180 17.317584 185 13.283363
1 2 192 16.697998 184 2.202375
2 2 182 5.223088 186 11.495962
3
0 2 180 11.627135 191 3.181356
1 2 181 1.856001 196 2.918218
2 2 194 11.592392 192 3.563931
3
0 2 180 3.203888 198 6.724742
1 2 187 17.819469 198 7.903808
2 2 184 16.913576 196 17.566938
3
0 2 180 11.399713 194 6.435933
1 2 197 1.487274 186 2.334148
2 2 193 18.244790 181 9.378488
3
0 2 180 12.750174 187 12.592239
1 2 195 11.377551 184 15.548860
2 2 182 17.250041 197 17.880246
3
0 2 180 19.288810 192 8.820005
1 2 199 1.451049 186 16.912153
2 2 193 19.145122 194 17.561075
3
0 2 180 17.934889 185 4.283183
1 2 199 3.789498 191 4.714081
2 2 192 4.830196 193 3.165021
3
0 2 180 2.079136 188 8.707129
1 2 199 16.263157 182 19.465269
2 2 189 10.241123 196 3.516437
3
0 2 180 3.349857 199 5.333601
1 2 189 7.276278 190 14.957841
2 2 195 16.546039 190 4.006387
3
0 2 180 9.216026 183 4.581022
1 2 181 13.050134 182 3.368419
2 2 180 6.364682 199 12.537054
3
0 2 199 19.423409 199 12.002821
1 2 199 14.512808 199 12.852985
2 2 199 16.384116 199 17.423720
3
0 2 199 13.107072 199 9.581861
1 2 199 5.211796 199 13.864644
2 2 199 12.027217 199 1.428931
3
0 2 199 16.273158 199 7.201227
1 2 199 4.104969 199 1.986704
2 2 199 4.274265 199 7.983511
3
0 2 199 9.303681 199 11.771313
1 2 199 3.803301 199 19.076439
2 2 199 9.315361 199 1.545678
3
0 2 199 15.618901 199 2.099240
1 2 199 17.997406 199 9.285376
2 2 199 12.330578 199 19.809604
3
0 2 199 16.015276 199 7.091283
1 2 199 17.394602 199 16.437858
2 2 199 15.038748 199 13.884905
3
0 2 199 17.213688 199 2.752130
1 2 199 2.896125 199 1.667459
2 2 199 15.036661 199 16.556464
3
0 2 199 16.285374 199 15.956393
1 2 199 13.752636 199 15.886185
2 2 199 14.490697 199 11.460077
3
0 2 199 11.883943 199 15.666812
1 2 199 18.282161 199 17.060314
2 2 199 15.567297 199 6.224331
3
0 2 199 6.692471 199 1.060527
1 2 199 11.161306 199 2.210541
2 2 199 5.410470 199 12.946297
3
0 2 199 10.822144 199 2.743219
1 2 199 7.513135 199 11.770866
2 2 199 6.863190 199 3.203527
3
0 2 199 12.923187 199 5.915809
1 2 199 11.537486 199 14.372239
2 2 199 4.241316 199 7.897000
3
0 2 199 5.024353 199 3.081063
1 2 199 14.940324 199 19.474694
2 2 199 3.404022 199 16.777477
3
0 2 199 5.122186 199 10.457101
1 2 199 3.663338 199 11.584936
2 2 199 14.697846 199 14.190290
3
0 2 199 18.391356 199 4.070991
1 2 199 5.974493 199 16.769888
2 2 199 18.457868 199 18.381703
3
0 2 199 2.433216 199 12.054871
1 2 199 7.904717 199 1.889442
2 2 199 16.175747 199 7.436810
3
0 2 199 2.164552 199 5.933390
1 2 199 5.436934 199 1.475976
2 2 199 9.979729 199 13.387122
3
0 2 199 2.205131 199 13.282809
1 2 199 14.339543 199 12.226759
2 2 199 2.188415 199 4.921834
3
0 2 199 8.057248 199 14.996243
1 2 199 10.849348 199 5.032670
2 2 199 16.131392 199 15.198130
0
