50 49
3
0 2 5 4.399258 13 2.187297
1 2 30 7.230471 8 1.758003
2 2 41 3.603410 33 8.367577
3
0 2 5 14.404534 13 5.226512
1 2 8 6.091161 12 12.105594
2 2 22 15.175656 27 14.833929
3
0 2 5 15.380605 13 4.634944
1 2 45 18.898505 29 18.828153
2 2 32 15.237569 9 1.239579
3
0 2 5 6.746751 21 2.958261
1 2 14 5.570058 25 18.876116
2 2 19 5.018363 17 19.166491
3
0 2 5 13.397246 40 15.876158
1 2 28 4.641519 20 19.514032
2 2 17 15.514512 10 15.639461
3
0 2 10 8.460971 44 19.919337
1 2 45 13.016131 37 14.480578
2 2 34 18.874606 46 8.993704
3
0 2 10 1.138364 30 5.520346
1 2 23 9.493726 47 6.702899
2 2 34 14.842655 38 2.112908
3
0 2 10 4.403699 36 16.057551
1 2 42 19.603081 31 1.449528
2 2 13 2.124952 45 3.624995
3
0 2 10 19.356336 27 15.787406
1 2 14 15.621300 28 12.369468
2 2 37 9.598123 14 17.943037
3
0 2 10 4.017850 28 16.325009
1 2 14 13.365491 13 6.739890
2 2 19 13.272456 28 6.253988
3
0 2 15 17.969286 37 15.133100
1 2 43 10.053139 46 1.020933
2 2 22 6.822430 27 6.135738
3
0 2 15 9.862651 16 11.490396
1 2 29 7.502087 17 10.926174
2 2 17 6.173601 16 12.945578
3
0 2 15 11.653836 35 5.993330
1 2 28 17.523797 22 1.336243
2 2 37 18.277493 39 6.870776
3
0 2 15 3.518134 30 1.643765
1 2 28 17.443988 31 16.690854
2 2 37 18.869155 42 12.667657
3
0 2 15 7.741970 22 13.240191
1 2 26 14.847477 17 12.669816
2 2 24 1.521996 26 13.865942
3
0 2 20 5.220644 41 14.303979
1 2 37 8.551245 35 14.782659
2 2 39 11.857413 24 1.825224
3
0 2 20 15.280854 28 8.598311
1 2 27 5.910124 38 8.667364
2 2 43 16.191418 49 5.605479
3
0 2 20 12.577902 37 17.647107
1 2 46 15.027160 37 16.054758
2 2 29 16.549436 41 18.487673
3
0 2 20 17.075673 24 10.249061
1 2 27 1.381993 37 8.619270
2 2 48 18.295563 38 18.352819
3
0 2 20 2.351599 37 4.244977
1 2 45 10.909626 26 8.185496
2 2 41 4.625157 27 15.763618
3
0 2 25 3.016748 36 6.131272
1 2 26 1.817739 43 11.832130
2 2 26 10.922826 47 18.339422
3
0 2 25 7.824041 26 15.192141
1 2 34 15.226535 27 9.835496
2 2 38 1.946877 47 3.495676
3
0 2 25 2.180386 28 19.955483
1 2 26 18.404913 33 9.659004
2 2 30 17.698695 48 3.439359
3
0 2 25 18.048827 44 15.516399
1 2 41 1.627803 31 4.983980
2 2 32 13.115374 36 19.232656
3
0 2 25 14.860801 34 9.998419
1 2 37 8.463893 38 2.613637
2 2 44 11.491941 39 9.562667
3
0 2 30 7.741349 36 12.194943
1 2 33 4.208352 40 17.779879
2 2 45 3.984938 40 15.784114
3
0 2 30 9.126827 49 9.731129
1 2 30 19.117531 48 8.350318
2 2 47 15.204474 35 15.713131
3
0 2 30 19.851322 33 4.808275
1 2 47 13.108657 48 14.253722
2 2 40 15.024216 39 9.094850
3
0 2 30 13.358407 39 18.620966
1 2 33 17.283929 32 16.208370
2 2 49 15.086781 44 5.212377
3
0 2 30 8.940155 33 17.628621
1 2 47 17.767456 40 18.978307
2 2 39 10.396288 40 16.537510
3
0 2 35 12.469710 45 11.384753
1 2 42 14.600498 36 5.588504
2 2 35 10.946219 41 17.347761
3
0 2 35 9.234250 46 8.071274
1 2 40 2.826775 44 10.297103
2 2 45 9.725562 36 2.169828
3
0 2 35 19.128036 41 18.880780
1 2 45 3.377263 38 18.239227
2 2 39 11.918741 36 4.544193
3
0 2 35 12.517303 36 1.506575
1 2 40 13.840761 35 18.892508
2 2 37 17.240613 41 17.082777
3
0 2 35 3.217551 39 15.443610
1 2 46 13.585404 48 4.414146
2 2 41 17.694951 40 15.558979
3
0 2 40 10.745130 49 6.012524
1 2 44 10.351095 46 4.521853
2 2 49 3.884018 42 10.173595
3
0 2 40 12.898526 48 7.725564
1 2 44 6.620736 49 3.051448
2 2 48 10.813257 47 9.818459
3
0 2 40 13.065843 46 10.288361
1 2 47 13.231636 44 4.131853
2 2 43 9.779465 41 12.668181
3
0 2 40 13.411808 45 17.560703
1 2 41 16.776927 48 4.418164
2 2 47 3.373508 46 14.671005
3
0 2 40 14.293012 45 12.545011
1 2 43 5.398567 48 12.078351
2 2 40 12.834121 48 7.092171
3
0 2 45 17.660610 47 9.688402
1 2 45 10.561295 48 9.583462
2 2 45 18.529532 48 14.847822
3
0 2 45 7.180345 47 18.764642
1 2 49 16.175122 48 19.413886
2 2 48 1.714112 47 2.537986
3
0 2 45 3.053494 48 1.888689
1 2 47 11.883363 48 7.511699
2 2 48 4.670206 45 11.375773
3
0 2 45 2.507756 46 13.804080
1 2 49 9.041595 48 11.358799
2 2 46 1.680130 49 19.587609
3
0 2 45 1.041433 49 5.125562
1 2 49 12.892667 48 16.583712
2 2 49 5.281211 47 1.868037
3
0 2 49 2.376640 49 7.343245
1 2 49 3.497629 49 11.719278
2 2 49 17.026071 49 17.065901
3
0 2 49 14.797270 49 14.030481
1 2 49 13.611063 49 1.544407
2 2 49 10.003080 49 5.862506
3
0 2 49 2.969970 49 15.030638
1 2 49 14.589653 49 16.477633
2 2 49 10.129494 49 16.608613
3
0 2 49 14.106622 49 13.363008
1 2 49 1.856157 49 18.559477
2 2 49 9.902813 49 2.572154
0
