200 199
3
0 2 20 2.325220 103 17.335664
1 2 44 7.797545 136 17.774635
2 2 164 4.511207 166 16.710659
3
0 2 20 1.321183 194 13.967116
1 2 176 1.797485 195 11.280532
2 2 164 11.812276 156 9.262279
3
0 2 20 18.025256 71 4.979312
1 2 123 12.623330 164 6.716323
2 2 103 18.506261 146 14.481358
3
0 2 20 5.937512 32 9.693659
1 2 166 13.906715 83 19.901073
2 2 57 2.104298 78 16.179372
3
0 2 20 6.453820 23 5.278371
1 2 89 5.884633 197 1.972810
2 2 113 19.074738 104 11.670583
3
0 2 20 5.629648 184 7.558622
1 2 150 12.750246 195 2.287090
2 2 95 9.504053 135 9.236128
3
0 2 20 11.518431 136 13.519194
1 2 109 10.095250 147 10.618867
2 2 160 11.300356 93 15.104529
3
0 2 20 13.810053 131 8.494690
1 2 96 6.641973 117 15.750238
2 2 193 17.960271 133 19.617416
3
0 2 20 6.872543 103 4.864549
1 2 105 8.060862 39 6.384380
2 2 89 16.802535 177 11.811638
3
0 2 20 8.737511 81 4.529830
1 2 158 18.734924 109 3.728114
2 2 191 13.346011 157 4.435046
3
0 2 20 15.072140 146 11.412132
1 2 96 11.904423 42 11.735899
2 2 165 5.037505 71 11.985530
3
0 2 20 13.695211 98 19.648706
1 2 75 10.933830 165 3.378667
2 2 22 8.561359 56 9.425004
3
0 2 20 19.555807 47 19.442856
1 2 143 8.459024 100 9.233150
2 2 121 15.075745 165 6.002861
3
0 2 20 16.425553 22 16.161582
1 2 29 16.371058 178 3.563711
2 2 186 9.856708 136 10.858023
3
0 2 20 7.098340 63 14.431563
1 2 147 15.765492 134 10.321504
2 2 156 12.818723 121 7.274622
3
0 2 20 3.371762 51 9.061415
1 2 80 7.795942 23 15.871350
2 2 61 8.350409 166 4.613783
3
0 2 20 2.149476 150 5.937790
1 2 101 12.760209 51 17.744678
2 2 66 13.106628 21 3.622591
3
0 2 20 15.036418 138 19.341437
1 2 159 5.661890 53 9.682185
2 2 84 9.981559 115 9.153737
3
0 2 20 10.015266 67 15.186554
1 2 175 4.865942 111 10.775005
2 2 167 17.096006 199 15.904217
3
0 2 20 7.337105 180 5.896353
1 2 65 17.360381 172 3.407330
2 2 55 5.704120 58 11.298604
3
0 2 40 12.862672 135 1.635513
1 2 184 3.985844 129 15.183024
2 2 62 6.855875 102 14.371469
3
0 2 40 6.517860 176 5.484011
1 2 180 6.641157 57 18.709450
2 2 91 5.337727 130 1.979526
3
0 2 40 5.903277 182 14.548682
1 2 131 19.697424 186 16.317948
2 2 177 9.684409 82 18.488164
3
0 2 40 14.773627 125 17.310552
1 2 104 8.969450 166 8.835766
2 2 131 10.571624 120 12.809364
3
0 2 40 12.797406 177 7.297852
1 2 127 4.115684 78 4.555249
2 2 138 16.414196 123 13.133575
3
0 2 40 1.906369 58 13.242015
1 2 110 5.447314 128 2.952790
2 2 101 10.255625 150 4.068172
3
0 2 40 13.173129 154 1.745449
1 2 175 10.991288 193 8.236361
2 2 88 8.636229 155 11.074810
3
0 2 40 7.768054 147 12.538056
1 2 142 4.364440 50 5.620963
2 2 147 10.592613 135 6.207255
3
0 2 40 7.471873 139 19.614888
1 2 94 8.546336 196 16.972752
2 2 59 5.409141 103 2.091147
3
0 2 40 17.435590 43 4.210963
1 2 191 14.726049 150 10.961489
2 2 78 18.695188 101 19.190920
3
0 2 40 7.942709 165 7.998334
1 2 99 5.290411 82 18.002047
2 2 51 7.344749 149 4.024563
3
0 2 40 17.073570 84 19.632696
1 2 142 3.394107 182 3.465654
2 2 107 18.382692 164 2.380494
3
0 2 40 10.662289 114 19.561759
1 2 181 8.074063 195 15.931369
2 2 50 14.771029 94 12.621064
3
0 2 40 15.860245 174 19.327641
1 2 166 2.959687 98 5.643804
2 2 124 4.157717 97 14.769746
3
0 2 40 7.321366 50 16.939913
1 2 186 5.990022 167 10.514921
2 2 192 13.662974 173 11.072705
3
0 2 40 17.438588 90 12.973245
1 2 168 19.910821 86 4.476187
2 2 157 14.451446 128 2.244229
3
0 2 40 11.751819 112 14.377438
1 2 55 2.042089 64 15.179354
2 2 45 6.147471 69 12.424918
3
0 2 40 5.951446 107 7.348178
1 2 124 1.165829 60 8.759117
2 2 64 18.765368 122 5.666168
3
0 2 40 3.805066 184 15.646600
1 2 135 17.406572 166 17.695399
2 2 184 7.443036 135 9.343463
3
0 2 40 2.764419 66 12.315933
1 2 86 15.554603 199 6.510858
2 2 141 16.084416 118 4.598484
3
0 2 60 2.763339 103 4.106752
1 2 127 16.483986 77 3.110710
2 2 73 18.031949 160 5.901383
3
0 2 60 3.368391 181 16.773608
1 2 61 15.686522 112 7.406209
2 2 185 6.940498 84 4.671861
3
0 2 60 16.396655 180 7.943033
1 2 194 9.501381 178 15.163768
2 2 80 2.505261 176 18.519971
3
0 2 60 6.815434 92 1.196961
1 2 97 13.494743 61 8.320549
2 2 64 10.201009 105 4.627880
3
0 2 60 19.416097 149 5.244311
1 2 192 14.863518 162 7.183583
2 2 184 14.646993 178 8.004820
3
0 2 60 2.580738 144 1.718222
1 2 176 6.519275 131 6.212371
2 2 108 12.458024 125 14.771433
3
0 2 60 15.739512 136 10.718754
1 2 145 18.888014 76 17.978578
2 2 96 13.842539 62 2.290919
3
0 2 60 7.012230 92 6.652120
1 2 155 5.870004 115 10.228420
2 2 119 5.659817 83 13.649222
3
0 2 60 5.776951 111 8.708984
1 2 158 2.381223 156 19.343844
2 2 148 7.221722 161 12.120723
3
0 2 60 6.825961 130 8.642195
1 2 118 4.524052 147 5.542945
2 2 195 3.987640 172 9.199586
3
0 2 60 15.828821 120 17.791683
1 2 96 4.109096 63 18.909641
2 2 68 2.176968 193 17.002068
3
0 2 60 3.991642 88 8.260403
1 2 182 5.946231 189 18.285602
2 2 87 19.704710 126 15.112342
3
0 2 60 17.657180 157 11.379571
1 2 171 11.705605 88 5.308041
2 2 95 11.346833 157 12.396011
3
0 2 60 1.665902 181 11.262651
1 2 176 15.239445 147 15.986782
2 2 147 18.030009 129 18.464792
3
0 2 60 2.913969 96 6.650050
1 2 139 4.769597 129 12.787067
2 2 181 12.432381 187 19.572359
3
0 2 60 14.403139 159 16.614438
1 2 89 17.063061 78 13.469416
2 2 65 1.950798 103 12.271636
3
0 2 60 9.282585 164 10.798081
1 2 124 17.354860 106 14.640180
2 2 63 1.183259 100 7.058444
3
0 2 60 8.603116 66 8.313685
1 2 132 10.825364 163 13.494095
2 2 77 17.250081 192 12.755062
3
0 2 60 17.158043 113 4.767216
1 2 181 6.529891 114 15.409490
2 2 98 14.857992 95 9.381143
3
0 2 60 19.419807 130 6.909706
1 2 62 3.495835 179 15.543206
2 2 136 18.290775 178 15.765938
3
0 2 80 19.776985 100 17.061361
1 2 145 7.631005 89 1.058122
2 2 140 19.792786 132 19.004945
3
0 2 80 4.942170 180 12.902688
1 2 122 7.167793 153 4.115641
2 2 178 14.821454 147 6.878119
3
0 2 80 16.747374 92 19.907433
1 2 94 3.220445 171 2.206989
2 2 91 8.937676 193 15.222938
3
0 2 80 15.754423 145 1.873047
1 2 165 11.975827 80 9.936060
2 2 120 18.249615 93 10.127964
3
0 2 80 2.417983 162 18.931324
1 2 135 14.748033 165 1.952523
2 2 134 8.375615 98 2.454396
3
0 2 80 13.408682 160 8.200205
1 2 166 10.716024 83 5.107854
2 2 119 5.310345 185 3.743314
3
0 2 80 7.029787 190 18.468099
1 2 140 18.545363 141 8.832354
2 2 138 16.396953 181 16.350624
3
0 2 80 17.306921 125 19.176202
1 2 147 18.683373 152 10.121298
2 2 114 6.339064 85 8.743182
3
0 2 80 15.799280 114 11.574391
1 2 103 7.287188 199 6.791469
2 2 93 14.684386 110 3.423230
3
0 2 80 16.773404 116 12.139395
1 2 101 7.130486 194 14.960902
2 2 132 15.101173 176 6.704491
3
0 2 80 2.815797 128 2.229760
1 2 149 3.391185 107 7.322825
2 2 112 4.653965 85 11.578824
3
0 2 80 8.501542 95 3.528185
1 2 85 19.423991 196 17.696563
2 2 179 13.564941 143 14.137905
3
0 2 80 3.698336 141 14.578554
1 2 158 2.579862 117 7.350726
2 2 182 6.141461 138 19.546348
3
0 2 80 15.655705 141 15.653130
1 2 95 8.711867 121 3.762832
2 2 124 8.298335 134 11.576386
3
0 2 80 14.801547 182 1.427802
1 2 114 9.221710 142 17.850403
2 2 139 15.827751 90 6.625065
3
0 2 80 8.380927 128 8.689675
1 2 122 8.347563 98 9.879200
2 2 178 14.513193 138 9.625983
3
0 2 80 9.793427 136 13.482939
1 2 104 4.401380 146 8.704878
2 2 156 13.481078 199 2.232455
3
0 2 80 6.624787 193 11.239409
1 2 165 10.311334 133 14.664254
2 2 190 12.828335 82 14.292554
3
0 2 80 3.498730 138 11.080523
1 2 177 13.445792 162 8.189367
2 2 168 15.245753 188 16.124271
3
0 2 80 11.736415 97 7.429766
1 2 150 14.127400 143 5.689929
2 2 108 11.615940 165 13.992522
3
0 2 100 3.056989 148 3.531953
1 2 118 18.268667 189 11.424709
2 2 178 18.697271 199 10.327622
3
0 2 100 10.572692 130 2.173049
1 2 143 14.514468 109 6.308830
2 2 156 6.428134 180 12.552663
3
0 2 100 16.860135 192 15.942006
1 2 161 7.990130 166 7.770045
2 2 117 13.256429 138 19.962619
3
0 2 100 7.305888 116 15.107612
1 2 136 6.518915 167 2.336907
2 2 142 15.085645 139 5.721579
3
0 2 100 15.052910 137 16.917447
1 2 159 6.184429 124 17.614584
2 2 195 15.074442 128 15.129635
3
0 2 100 6.230828 184 12.254956
1 2 186 15.590642 189 19.244158
2 2 118 10.284834 130 7.657839
3
0 2 100 5.408745 164 4.759597
1 2 182 7.562034 123 2.939604
2 2 125 5.679307 120 1.775373
3
0 2 100 10.988838 199 16.734276
1 2 101 6.870793 179 17.001458
2 2 172 14.073852 102 11.198371
3
0 2 100 2.524368 178 18.516772
1 2 188 13.732943 186 3.528165
2 2 169 19.604431 182 11.015637
3
0 2 100 1.349552 120 8.042232
1 2 122 7.960126 140 13.250919
2 2 120 5.176025 107 13.141332
3
0 2 100 13.457159 194 5.854857
1 2 199 8.764503 161 6.905352
2 2 176 14.911849 141 2.817093
3
0 2 100 11.673371 174 13.778358
1 2 143 5.765548 158 18.992519
2 2 121 1.065215 151 3.640259
3
0 2 100 14.045649 123 17.774513
1 2 186 16.687870 158 9.182280
2 2 172 6.165868 161 3.878475
3
0 2 100 9.454135 161 16.140685
1 2 134 8.512542 192 18.459780
2 2 188 3.582448 177 11.034604
3
0 2 100 12.702127 173 13.511589
1 2 103 7.993383 115 15.574430
2 2 191 16.772035 162 5.169824
3
0 2 100 1.877054 137 8.693737
1 2 131 5.173108 184 6.615127
2 2 194 14.891378 177 17.252329
3
0 2 100 12.943708 114 7.222897
1 2 163 11.989730 153 17.098211
2 2 179 5.482604 194 3.769503
3
0 2 100 6.084625 185 5.513990
1 2 133 10.056033 189 2.463512
2 2 193 3.735875 115 9.404733
3
0 2 100 3.890502 115 17.689764
1 2 143 5.295193 192 8.990240
2 2 198 7.857665 185 13.652566
3
0 2 100 3.828780 103 9.843929
1 2 119 12.167393 161 6.124238
2 2 129 10.088748 145 16.927537
3
0 2 120 19.999584 131 18.976061
1 2 145 8.852244 122 13.360503
2 2 152 12.215108 137 13.114461
3
0 2 120 14.059250 141 14.735454
1 2 169 19.081263 187 6.043744
2 2 142 10.175388 127 11.141242
3
0 2 120 13.641223 128 18.927024
1 2 178 6.702263 124 8.828298
2 2 162 2.186293 174 6.201796
3
0 2 120 14.145581 126 1.570622
1 2 185 9.578494 187 4.450631
2 2 143 13.087847 142 3.629940
3
0 2 120 19.446169 145 10.956218
1 2 199 16.376810 190 1.707036
2 2 176 2.437521 187 12.764270
3
0 2 120 15.844880 155 6.288008
1 2 138 11.792945 191 9.402633
2 2 164 11.495316 174 3.606392
3
0 2 120 14.677506 186 18.717816
1 2 183 12.368866 130 11.131214
2 2 132 12.260676 137 9.866301
3
0 2 120 6.382371 157 7.099204
1 2 166 2.408657 121 4.079261
2 2 193 6.577832 167 15.031530
3
0 2 120 2.422210 190 11.433992
1 2 145 15.478393 183 3.975674
2 2 141 1.464389 173 12.258506
3
0 2 120 12.754939 123 7.594757
1 2 144 11.072539 180 6.907165
2 2 178 12.686860 183 11.129296
3
0 2 120 5.569296 185 10.658011
1 2 199 4.630589 196 14.674916
2 2 124 13.286238 148 4.063772
3
0 2 120 12.420362 142 12.125379
1 2 125 13.334659 179 10.577483
2 2 158 12.190115 148 9.086129
3
0 2 120 13.701656 135 3.975883
1 2 178 10.147755 145 2.536113
2 2 172 12.601845 126 11.168549
3
0 2 120 9.399686 156 1.855626
1 2 169 8.551678 185 11.465243
2 2 198 18.390173 174 8.573943
3
0 2 120 13.431350 192 2.032396
1 2 122 8.746200 143 8.421636
2 2 148 15.222809 195 2.025755
3
0 2 120 16.982399 182 15.592784
1 2 149 3.943529 192 18.208612
2 2 189 15.099666 126 14.011219
3
0 2 120 3.075112 150 17.089478
1 2 139 15.146263 153 13.067734
2 2 183 8.881651 189 11.540622
3
0 2 120 5.465462 141 2.016079
1 2 161 15.639527 164 6.639245
2 2 137 13.555788 177 10.327018
3
0 2 120 10.943314 152 9.174565
1 2 184 7.960749 157 9.595374
2 2 151 16.918055 144 3.601520
3
0 2 120 6.326019 138 14.562830
1 2 182 3.248235 195 17.061158
2 2 138 12.072269 186 11.461510
3
0 2 140 3.431806 169 2.439779
1 2 160 13.472188 154 12.272577
2 2 155 7.885267 156 10.651374
3
0 2 140 17.734440 198 9.280622
1 2 158 4.226011 144 3.256883
2 2 161 9.510783 150 2.420700
3
0 2 140 13.853226 177 5.750435
1 2 199 11.245635 161 9.908963
2 2 144 4.241522 171 1.841693
3
0 2 140 2.425795 186 4.661681
1 2 169 18.724192 168 2.517875
2 2 145 10.566787 185 4.033971
3
0 2 140 9.280802 162 16.247352
1 2 180 11.118550 177 8.600753
2 2 145 19.514518 173 5.706710
3
0 2 140 15.903271 183 4.918792
1 2 178 15.165187 184 2.058182
2 2 149 13.505126 156 2.192982
3
0 2 140 7.155222 149 4.278896
1 2 176 10.577732 153 13.214335
2 2 147 15.441893 164 5.384536
3
0 2 140 9.244530 182 19.532082
1 2 155 15.882512 154 8.336548
2 2 171 2.975444 176 11.037373
3
0 2 140 7.195479 176 9.486720
1 2 185 5.224311 161 7.614881
2 2 184 8.581626 181 6.684760
3
0 2 140 4.848111 186 4.296334
1 2 144 3.949625 141 8.528174
2 2 191 1.570723 152 10.006037
3
0 2 140 4.029007 173 18.878303
1 2 196 8.743882 161 9.826081
2 2 146 9.548615 149 16.930210
3
0 2 140 6.285459 168 9.468593
1 2 188 15.029295 196 8.177297
2 2 166 14.030719 173 16.457688
3
0 2 140 17.742536 150 1.957990
1 2 190 1.133830 193 13.284836
2 2 199 6.227038 196 14.439170
3
0 2 140 6.211929 197 5.746014
1 2 175 15.517025 193 4.845138
2 2 150 6.586512 152 7.481610
3
0 2 140 13.592292 158 14.454029
1 2 154 10.308771 194 19.453769
2 2 197 9.038139 175 6.688950
3
0 2 140 17.243085 166 8.579575
1 2 178 19.872396 160 17.129366
2 2 162 19.373097 186 18.292307
3
0 2 140 18.622630 189 16.030116
1 2 143 5.402362 192 8.981817
2 2 195 8.315055 141 5.394627
3
0 2 140 6.641238 170 19.478583
1 2 149 18.612256 141 6.477408
2 2 150 6.480722 158 7.494429
3
0 2 140 6.302138 182 17.570241
1 2 155 1.284974 150 9.688706
2 2 173 19.318098 161 4.390066
3
0 2 140 16.397743 183 7.802286
1 2 193 12.262134 173 18.703613
2 2 183 17.069383 169 14.198963
3
0 2 160 4.220941 193 19.526674
1 2 175 9.104653 193 19.672472
2 2 182 6.740689 169 4.278443
3
0 2 160 8.623608 178 9.056832
1 2 164 18.595736 197 3.150710
2 2 172 18.074377 166 6.540955
3
0 2 160 9.259497 182 3.188911
1 2 177 14.288221 198 13.277381
2 2 184 3.438563 177 4.697853
3
0 2 160 11.446555 196 19.048114
1 2 182 1.368390 191 11.816193
2 2 185 2.912961 167 2.391611
3
0 2 160 6.312414 169 19.378717
1 2 190 18.661645 192 19.533576
2 2 168 15.039603 160 10.541527
3
0 2 160 13.579859 174 7.308689
1 2 181 15.040279 192 16.936504
2 2 169 14.194441 177 3.734311
3
0 2 160 15.253838 174 13.031749
1 2 175 16.373480 171 6.839656
2 2 176 6.845019 197 13.817129
3
0 2 160 1.568552 184 10.121268
1 2 197 1.936652 198 11.166894
2 2 184 19.495375 178 6.557154
3
0 2 160 19.250577 198 11.430981
1 2 183 8.195190 199 9.557556
2 2 199 2.924874 184 6.338814
3
0 2 160 17.474550 191 4.142446
1 2 192 10.088553 191 17.878479
2 2 174 11.660523 171 1.210234
3
0 2 160 11.444196 176 10.728760
1 2 160 2.640668 183 8.203082
2 2 171 5.910882 180 6.411397
3
0 2 160 18.258019 177 5.113088
1 2 180 15.611241 172 12.686732
2 2 185 11.609695 174 15.270841
3
0 2 160 15.410680 176 19.159162
1 2 177 11.718110 194 11.796845
2 2 169 18.864634 170 17.257130
3
0 2 160 12.859720 179 1.108748
1 2 161 10.868812 188 13.174257
2 2 199 13.437202 185 15.425248
3
0 2 160 18.502475 169 8.193388
1 2 162 10.920058 189 9.849895
2 2 161 12.973445 166 2.265745
3
0 2 160 16.748864 164 8.220011
1 2 171 7.371220 176 3.563921
2 2 179 16.142473 161 1.581487
3
0 2 160 14.576439 199 4.922995
1 2 183 1.974759 185 6.838525
2 2 198 18.951179 168 1.654903
3
0 2 160 5.695073 169 1.551863
1 2 197 7.624841 170 1.612440
2 2 198 14.887342 183 9.622044
3
0 2 160 3.323713 174 3.770366
1 2 167 19.509897 174 10.464226
2 2 199 19.660307 177 10.444600
3
0 2 160 13.265410 176 12.390756
1 2 194 12.949996 191 19.336659
2 2 177 15.151362 176 4.261649
3
0 2 180 9.968245 190 15.520154
1 2 180 12.807586 187 3.809400
2 2 192 13.254463 194 1.277860
3
0 2 180 18.498263 186 7.092718
1 2 197 7.241537 199 4.655119
2 2 192 18.655243 195 6.287165
3
0 2 180 5.313886 187 17.642196
1 2 187 8.816341 192 14.303095
2 2 183 9.701061 184 17.685439
3
0 2 180 19.154406 185 7.059230
1 2 181 2.362499 186 13.187884
2 2 199 2.773628 190 11.684479
3
0 2 180 1.753366 183 5.231178
1 2 198 6.242568 190 5.760427
2 2 182 11.750365 186 2.313713
3
0 2 180 15.773821 194 5.193816
1 2 197 5.731224 189 4.863501
2 2 192 10.976467 189 7.701057
3
0 2 180 18.129639 199 9.593616
1 2 187 5.619776 183 15.005243
2 2 184 17.725799 185 18.872154
3
0 2 180 9.916911 195 16.927000
1 2 193 7.668038 185 8.453521
2 2 197 6.259850 183 2.992487
3
0 2 180 10.662514 189 8.787018
1 2 190 6.304958 180 15.075472
2 2 191 10.254817 189 11.892441
3
0 2 180 7.689509 195 17.764412
1 2 193 19.942986 194 9.431825
2 2 186 13.188946 197 15.882504
3
0 2 180 13.097776 197 8.306465
1 2 193 5.882978 189 10.489304
2 2 187 13.662239 181 18.748501
3
0 2 180 4.179585 181 4.899686
1 2 198 12.073766 196 2.183392
2 2 187 17.393968 191 6.176841
3
0 2 180 1.809148 197 19.025601
1 2 188 12.288842 186 12.899936
2 2 198 16.994217 185 1.958386
3
0 2 180 11.577636 195 7.597879
1 2 197 10.231359 189 14.098674
2 2 197 1.686028 185 6.794536
3
0 2 180 10.355500 185 9.059274
1 2 196 19.001068 180 16.709643
2 2 192 4.552195 184 15.092033
3
0 2 180 1.065614 194 13.699257
1 2 189 3.967096 185 16.100029
2 2 194 7.872913 198 9.777399
3
0 2 180 12.026678 185 1.638101
1 2 192 15.872745 195 17.724680
2 2 182 19.460848 198 3.151248
3
0 2 180 12.789820 192 17.053174
1 2 190 9.520594 186 13.292406
2 2 197 13.769711 190 15.109249
3
0 2 180 7.386555 194 18.930889
1 2 180 6.852372 194 2.287570
2 2 197 13.056839 192 5.329118
3
0 2 180 2.487668 199 2.812230
1 2 196 18.843684 191 8.739853
2 2 186 1.184929 185 12.483698
3
0 1 199 5.449153
1 1 199 4.948487
2 1 199 3.731692
3
0 1 199 11.759774
1 1 199 14.972763
2 1 199 3.298236
3
0 1 199 9.520450
1 1 199 19.626274
2 1 199 14.170116
3
0 1 199 14.838511
1 1 199 8.330715
2 1 199 18.762712
3
0 1 199 8.537500
1 1 199 8.061796
2 1 199 14.123616
3
0 1 199 13.444353
1 1 199 2.699983
2 1 199 8.743403
3
0 1 199 1.497532
1 1 199 17.906188
2 1 199 3.094767
3
0 1 199 19.374656
1 1 199 5.436866
2 1 199 5.036299
3
0 1 199 12.880075
1 1 199 19.163605
2 1 199 12.243382
3
0 1 199 13.445432
1 1 199 13.508467
2 1 199 10.161468
3
0 1 199 12.061934
1 1 199 7.034498
2 1 199 7.919286
3
0 1 199 7.279526
1 1 199 13.230357
2 1 199 2.759158
3
0 1 199 6.484212
1 1 199 8.767060
2 1 199 19.261752
3
0 1 199 7.722452
1 1 199 15.781484
2 1 199 2.740518
3
0 1 199 5.682101
1 1 199 12.497659
2 1 199 3.445200
3
0 1 199 17.133010
1 1 199 14.133109
2 1 199 11.979026
3
0 1 199 2.747334
1 1 199 3.533543
2 1 199 7.646987
3
0 1 199 8.269672
1 1 199 1.436556
2 1 199 3.833965
3
0 1 199 8.443294
1 1 199 18.957855
2 1 199 7.717480
0
