100 99
3
0 2 10 5.610228 44 7.053544
1 2 25 16.347148 50 19.009503
2 2 87 14.731079 85 7.294661
3
0 2 10 11.618635 94 9.661551
1 2 92 1.874844 71 17.570426
2 2 42 14.402176 92 6.974919
3
0 2 10 5.745692 39 9.106548
1 2 77 9.784639 37 17.810708
2 2 18 12.333596 22 15.860409
3
0 2 10 1.671133 67 18.953022
1 2 88 8.982674 29 1.548106
2 2 83 19.560200 22 3.768283
3
0 2 10 19.203598 27 11.042821
1 2 30 11.343088 94 2.826673
2 2 15 1.251401 54 15.878035
3
0 2 10 12.848402 61 14.203870
1 2 81 2.075463 86 14.825186
2 2 51 6.027072 49 1.008221
3
0 2 10 8.967866 21 13.852793
1 2 90 6.743738 42 15.371930
2 2 26 17.030912 76 6.921404
3
0 2 10 10.137902 22 14.189031
1 2 53 10.034038 39 8.095413
2 2 19 13.208118 61 13.141701
3
0 2 10 18.804409 89 13.915190
1 2 39 16.633580 67 8.804909
2 2 91 5.342728 84 3.533956
3
0 2 10 2.030777 82 12.449753
1 2 44 3.389529 35 7.073037
2 2 72 1.433829 35 2.215461
3
0 2 20 17.708626 33 13.957714
1 2 47 6.183115 27 6.342653
2 2 77 13.775630 97 16.789913
3
0 2 20 11.828551 76 2.301249
1 2 26 17.881466 87 8.148743
2 2 45 15.748411 87 9.016712
3
0 2 20 6.558483 24 4.955668
1 2 57 10.652092 24 4.835297
2 2 57 9.464733 97 15.010476
3
0 2 20 3.449830 31 12.079344
1 2 92 17.013324 59 16.103762
2 2 66 6.780091 67 15.638221
3
0 2 20 12.779134 34 2.885343
1 2 81 16.239459 43 7.764768
2 2 33 4.978966 36 12.446628
3
0 2 20 14.620107 78 15.148677
1 2 31 15.360106 20 18.692066
2 2 30 11.479800 68 19.074853
3
0 2 20 6.484524 70 18.732285
1 2 58 6.240150 75 15.758056
2 2 60 4.484990 22 10.991237
3
0 2 20 4.975145 29 17.299486
1 2 21 4.636279 71 6.797822
2 2 98 7.358848 41 1.799371
3
0 2 20 1.896828 92 8.748093
1 2 30 9.999346 57 16.862944
2 2 55 11.779076 99 7.023856
3
0 2 20 4.012499 45 12.608783
1 2 94 14.731351 85 7.856692
2 2 88 11.260612 60 11.681360
3
0 2 30 9.711815 88 18.115576
1 2 85 10.114594 93 8.551234
2 2 39 19.516664 31 7.150694
3
0 2 30 18.306692 64 13.019626
1 2 36 7.252629 58 6.260380
2 2 41 4.625871 78 15.176864
3
0 2 30 12.658202 71 12.501032
1 2 46 8.704188 74 18.636431
2 2 55 7.289571 93 16.994146
3
0 2 30 18.457656 87 16.266488
1 2 88 12.486460 97 13.983962
2 2 79 11.645927 67 8.169650
3
0 2 30 6.541404 64 17.887594
1 2 48 4.946849 72 6.233167
2 2 72 16.485821 47 14.156837
3
0 2 30 5.917692 87 19.259160
1 2 99 13.684251 60 11.978564
2 2 33 9.542325 35 19.520910
3
0 2 30 1.545321 92 11.599700
1 2 53 2.756805 70 17.925221
2 2 70 5.102152 30 8.553920
3
0 2 30 1.370894 33 13.139970
1 2 50 19.636179 65 14.106336
2 2 36 9.566952 35 1.349379
3
0 2 30 18.731480 70 19.181583
1 2 90 9.352780 68 18.590864
2 2 46 16.279983 40 1.571402
3
0 2 30 12.984163 79 12.414502
1 2 88 17.710197 60 8.102408
2 2 98 17.137377 71 17.644980
3
0 2 40 3.233098 56 19.470251
1 2 56 19.106116 61 2.790722
2 2 78 8.749030 62 10.580999
3
0 2 40 4.004067 58 15.044930
1 2 70 8.199243 98 3.132957
2 2 46 10.090850 60 7.914790
3
0 2 40 1.424512 71 16.178960
1 2 70 11.846373 42 14.570095
2 2 59 5.794945 76 9.894179
3
0 2 40 14.368677 79 11.027283
1 2 67 6.296011 42 10.165665
2 2 85 3.997832 50 19.141174
3
0 2 40 16.692144 41 16.072733
1 2 70 16.632457 52 13.208334
2 2 97 8.985526 74 2.398447
3
0 2 40 12.076977 77 6.801146
1 2 93 4.686523 63 11.384370
2 2 43 4.443535 89 18.972900
3
0 2 40 19.605684 65 9.843445
1 2 57 19.963538 92 16.478799
2 2 40 5.259399 81 9.097629
3
0 2 40 6.427432 44 13.858205
1 2 92 18.218824 78 11.304402
2 2 94 14.821436 76 4.079044
3
0 2 40 12.068750 65 5.609758
1 2 74 10.658234 68 19.924613
2 2 98 2.262969 54 13.977392
3
0 2 40 4.034937 68 16.821464
1 2 61 2.571405 94 19.553934
2 2 68 18.461092 97 18.569855
3
0 2 50 11.750342 79 4.295559
1 2 88 19.464047 78 2.005572
2 2 88 10.853899 70 18.782016
3
0 2 50 11.978620 96 16.118171
1 2 62 16.614237 97 14.627912
2 2 51 16.401475 81 9.547954
3
0 2 50 4.114759 95 18.052557
1 2 62 9.730086 88 3.329908
2 2 75 6.300521 87 4.526558
3
0 2 50 13.997651 90 2.518179
1 2 91 14.323262 83 3.966123
2 2 66 3.408796 82 6.490931
3
0 2 50 18.655074 84 10.543483
1 2 57 8.397196 80 4.694800
2 2 63 12.722645 93 14.540260
3
0 2 50 12.000219 71 15.745316
1 2 60 11.381511 78 6.311893
2 2 55 9.640292 62 15.699287
3
0 2 50 5.701786 98 14.321205
1 2 55 3.791778 59 9.779198
2 2 93 18.815770 81 4.444125
3
0 2 50 3.396491 69 9.167341
1 2 78 17.536122 88 1.175534
2 2 60 7.151013 88 18.026130
3
0 2 50 8.693239 62 6.840041
1 2 77 3.380775 76 15.948661
2 2 83 6.664278 75 10.882616
3
0 2 50 10.961868 65 6.669222
1 2 97 16.376126 78 10.461935
2 2 98 9.220937 54 5.877907
3
0 2 60 19.690527 94 19.985928
1 2 71 6.841267 69 2.794503
2 2 62 1.729928 77 8.144136
3
0 2 60 7.984129 97 4.726329
1 2 72 9.995975 82 13.706216
2 2 81 17.875063 85 9.013335
3
0 2 60 18.647002 61 7.030441
1 2 74 3.344085 83 1.192992
2 2 87 19.502192 78 8.623975
3
0 2 60 15.951755 67 1.134591
1 2 91 1.908439 81 14.883223
2 2 89 7.099502 77 17.157787
3
0 2 60 7.713346 76 13.476087
1 2 91 17.406209 80 6.745492
2 2 87 1.461569 80 8.844735
3
0 2 60 16.753661 72 6.979604
1 2 80 8.925935 76 13.884175
2 2 67 14.146323 85 5.290888
3
0 2 60 19.572158 78 7.066040
1 2 76 7.445315 84 16.504563
2 2 89 5.345994 92 12.718143
3
0 2 60 14.349697 84 8.791535
1 2 85 8.891200 79 19.521611
2 2 70 13.973668 67 6.569554
3
0 2 60 8.690154 95 5.400575
1 2 96 12.926154 88 2.279161
2 2 92 7.923560 65 15.123517
3
0 2 60 18.000478 72 18.159085
1 2 93 5.904511 97 9.506503
2 2 62 8.223908 73 17.606210
3
0 2 70 7.520360 82 5.509917
1 2 95 2.327271 78 19.977630
2 2 83 19.885912 97 9.625675
3
0 2 70 13.997075 92 2.589062
1 2 91 6.699369 70 9.797520
2 2 78 19.602858 81 2.050216
3
0 2 70 18.432570 83 2.949563
1 2 87 13.675115 77 7.262269
2 2 96 16.130498 85 7.096063
3
0 2 70 16.526846 98 10.633057
1 2 81 9.200882 88 8.107620
2 2 88 8.722445 80 17.634837
3
0 2 70 4.457609 72 1.787550
1 2 82 15.988264 80 1.118766
2 2 78 14.208290 92 13.100444
3
0 2 70 4.205045 88 2.039525
1 2 95 10.447237 75 15.376651
2 2 99 8.034567 75 19.094708
3
0 2 70 14.503404 91 14.833234
1 2 98 19.693558 91 8.600422
2 2 78 1.935730 99 10.862648
3
0 2 70 2.594552 73 7.106066
1 2 73 16.093348 71 7.971594
2 2 96 10.776873 73 15.229475
3
0 2 70 7.172983 93 8.581558
1 2 87 1.998324 99 1.911690
2 2 76 13.291642 90 9.559256
3
0 2 70 11.861774 73 4.047249
1 2 84 16.808162 70 4.918855
2 2 92 16.700911 93 18.384296
3
0 2 80 8.176025 81 1.984887
1 2 83 12.164400 81 10.026319
2 2 99 18.382005 84 6.959451
3
0 2 80 2.850129 89 18.462059
1 2 84 17.522441 90 5.380757
2 2 91 14.721515 87 10.233866
3
0 2 80 7.130945 98 12.010377
1 2 95 19.851943 85 5.865127
2 2 95 2.310069 81 2.680333
3
0 2 80 15.715992 94 5.963001
1 2 83 1.074124 81 17.729899
2 2 87 10.499877 84 2.469666
3
0 2 80 7.557345 99 11.550387
1 2 99 1.858231 94 16.430645
2 2 89 13.911587 84 17.145480
3
0 2 80 16.510698 99 8.285858
1 2 97 19.427003 83 4.751380
2 2 86 7.899964 85 16.699373
3
0 2 80 16.958898 81 3.352947
1 2 80 9.745864 95 6.466046
2 2 99 18.212590 92 2.595554
3
0 2 80 10.122110 82 17.193343
1 2 99 15.830301 87 11.327117
2 2 88 7.611034 98 6.195695
3
0 2 80 9.383197 97 13.719775
1 2 98 16.091641 99 5.496984
2 2 86 12.983296 92 3.290108
3
0 2 80 5.835434 90 8.259476
1 2 98 7.912359 97 12.026061
2 2 96 16.548721 98 7.527744
3
0 2 90 6.501204 94 4.001493
1 2 94 9.138110 92 16.156292
2 2 92 4.556709 96 8.477016
3
0 2 90 2.420051 91 19.832107
1 2 99 5.629165 92 15.805829
2 2 96 19.772794 98 7.246638
3
0 2 90 9.249801 99 8.584564
1 2 96 15.223425 95 1.176487
2 2 94 3.283309 93 5.296119
3
0 2 90 15.045100 96 2.760358
1 2 91 1.789173 99 5.682257
2 2 99 7.108983 91 8.521876
3
0 2 90 5.961938 98 14.256992
1 2 91 14.160591 94 11.761651
2 2 92 2.510213 94 18.941491
3
0 2 90 3.037886 95 14.085895
1 2 90 16.044219 96 5.014397
2 2 96 15.873224 92 1.577326
3
0 2 90 8.701801 93 19.486801
1 2 93 3.445095 90 11.018020
2 2 92 3.399586 97 14.083043
3
0 2 90 11.493708 96 2.905291
1 2 95 7.856725 91 13.985766
2 2 94 4.289252 98 3.412651
3
0 2 90 10.249836 95 13.791873
1 2 98 9.870928 96 11.688014
2 2 90 12.182038 95 5.286701
3
0 2 90 2.593398 92 17.159344
1 2 92 7.307865 94 3.087154
2 2 91 5.525673 97 9.318290
3
0 2 99 2.657222 99 2.446262
1 2 99 4.068550 99 2.746907
2 2 99 19.308512 99 7.571316
3
0 2 99 13.714078 99 6.724208
1 2 99 12.250410 99 3.182127
2 2 99 9.746641 99 9.447367
3
0 2 99 18.493519 99 3.543195
1 2 99 1.571654 99 5.491858
2 2 99 14.644381 99 9.471269
3
0 2 99 11.946403 99 15.267331
1 2 99 10.143730 99 8.677663
2 2 99 18.858773 99 9.914992
3
0 2 99 18.997438 99 6.289809
1 2 99 17.672287 99 2.090042
2 2 99 11.898623 99 16.395650
3
0 2 99 11.840735 99 1.121949
1 2 99 11.232482 99 19.355062
2 2 99 16.847483 99 5.936900
3
0 2 99 2.291901 99 1.738919
1 2 99 7.392763 99 2.487728
2 2 99 14.838283 99 3.994958
3
0 2 99 4.701116 99 18.183566
1 2 99 4.383929 99 5.928201
2 2 99 16.900474 99 9.965675
3
0 2 99 14.519874 99 14.010105
1 2 99 11.886646 99 19.170130
2 2 99 18.629019 99 16.455551
0
