100 99
3
0 2 10 7.182958 17 17.921763
1 2 58 15.608038 99 3.608215
2 2 81 7.536201 89 11.787716
3
0 2 10 16.765962 38 6.991416
1 2 84 2.399495 69 13.798976
2 2 19 12.764140 85 12.534731
3
0 2 10 11.633845 90 5.282857
1 2 93 17.691512 15 19.318025
2 2 94 16.520832 18 18.578708
3
0 2 10 13.545831 29 7.075473
1 2 64 3.684159 49 2.471004
2 2 13 15.058100 84 3.545328
3
0 2 10 19.912588 23 9.603338
1 2 70 17.504889 82 7.234747
2 2 56 16.736945 67 18.189889
3
0 2 10 14.526062 88 10.948916
1 2 36 9.944243 26 7.120443
2 2 76 8.562733 34 13.553708
3
0 2 10 16.392766 45 19.097719
1 2 44 2.687048 83 16.781092
2 2 32 8.050590 24 14.429935
3
0 2 10 11.118943 16 14.249534
1 2 34 16.776756 26 5.997870
2 2 44 10.394996 29 16.997184
3
0 2 10 17.212120 72 12.974615
1 2 67 12.768072 39 4.659643
2 2 50 19.337915 56 12.432738
3
0 2 10 14.591353 97 16.819676
1 2 61 14.397523 72 15.212486
2 2 59 18.914916 42 19.461250
3
0 2 20 2.917365 53 16.407209
1 2 71 15.573521 29 6.678781
2 2 21 12.185787 59 19.462043
3
0 2 20 13.727097 82 1.568677
1 2 74 8.329763 30 10.764896
2 2 57 16.567584 51 19.533658
3
0 2 20 14.612311 35 8.998573
1 2 81 4.341989 80 11.032975
2 2 49 7.301037 72 14.832438
3
0 2 20 19.424778 91 16.639083
1 2 45 15.943252 58 18.631585
2 2 21 17.958744 94 19.193701
3
0 2 20 1.887660 33 12.062070
1 2 90 4.721174 68 19.227393
2 2 20 13.409952 32 14.323953
3
0 2 20 18.196206 23 1.399108
1 2 83 7.757567 97 3.417911
2 2 95 14.232733 94 3.078710
3
0 2 20 15.433068 91 9.772782
1 2 49 19.897294 20 17.540449
2 2 72 14.930970 60 7.603975
3
0 2 20 4.747011 89 10.096871
1 2 44 17.001756 71 15.054503
2 2 59 6.518974 49 3.063609
3
0 2 20 2.208884 95 11.498377
1 2 41 16.082750 83 9.439289
2 2 66 14.829684 24 13.999005
3
0 2 20 8.098056 49 12.187406
1 2 63 16.794637 29 2.644596
2 2 93 17.128233 44 17.915752
3
0 2 30 8.999250 63 19.415094
1 2 67 13.840342 80 13.968747
2 2 87 16.873576 89 14.369968
3
0 2 30 2.201796 74 2.760458
1 2 58 14.138427 92 14.596603
2 2 52 9.311830 73 2.158045
3
0 2 30 8.463830 62 17.463747
1 2 34 12.176016 99 14.039224
2 2 74 1.650098 53 2.994310
3
0 2 30 6.394748 68 16.276972
1 2 61 15.525004 63 9.686791
2 2 82 18.747305 95 1.986232
3
0 2 30 8.679080 84 19.668575
1 2 89 12.325585 38 11.229684
2 2 83 2.369552 78 10.323579
3
0 2 30 6.136628 47 2.503291
1 2 94 8.666458 62 16.537756
2 2 35 11.793316 68 2.769063
3
0 2 30 2.802876 73 8.254400
1 2 64 13.061908 84 9.344636
2 2 42 10.954751 80 1.262242
3
0 2 30 11.280123 34 15.725044
1 2 52 12.120375 33 2.143011
2 2 89 10.577792 52 4.296624
3
0 2 30 1.284291 44 12.884254
1 2 31 19.658292 38 1.948119
2 2 87 2.250046 90 4.982524
3
0 2 30 19.329077 84 19.262566
1 2 73 10.691788 93 9.146165
2 2 51 1.741436 80 12.996015
3
0 2 40 17.425530 58 10.585778
1 2 47 15.864844 69 4.808975
2 2 47 12.683057 79 13.039362
3
0 2 40 11.642504 54 14.558175
1 2 69 16.394908 51 6.170225
2 2 86 16.808269 65 12.361800
3
0 2 40 10.150624 49 19.931322
1 2 72 16.411062 86 13.485712
2 2 99 17.887711 93 13.671291
3
0 2 40 18.340672 81 9.115065
1 2 49 18.233733 52 9.771757
2 2 60 7.552416 47 9.116551
3
0 2 40 13.912026 96 10.682888
1 2 66 12.994487 93 17.666605
2 2 69 3.746704 80 10.605331
3
0 2 40 1.205257 50 15.268411
1 2 86 9.620859 52 3.418824
2 2 67 14.812771 64 12.696476
3
0 2 40 10.501062 91 18.963917
1 2 53 7.152791 78 7.325309
2 2 75 4.492462 94 15.623322
3
0 2 40 13.651615 43 19.443601
1 2 97 6.819069 74 17.972416
2 2 75 16.795596 64 3.082965
3
0 2 40 3.516478 97 14.307773
1 2 70 14.057026 97 9.507846
2 2 51 17.328422 80 1.357243
3
0 2 40 3.050674 76 8.155963
1 2 86 16.604403 94 12.826821
2 2 40 3.585872 58 6.096240
3
0 2 50 5.308836 54 12.179569
1 2 64 10.349984 91 8.444749
2 2 57 12.913795 80 4.236721
3
0 2 50 2.068220 89 10.691485
1 2 55 15.096466 80 8.021642
2 2 62 18.601573 92 13.348495
3
0 2 50 19.020914 98 17.484087
1 2 71 5.523675 58 3.532776
2 2 95 1.251968 59 19.623827
3
0 2 50 4.343735 83 11.080950
1 2 79 17.018531 70 2.540442
2 2 76 17.184593 93 6.908452
3
0 2 50 2.224242 85 9.175124
1 2 89 16.583117 55 6.805415
2 2 81 15.252110 77 18.456472
3
0 2 50 13.320765 52 11.785460
1 2 76 1.513143 68 19.971505
2 2 75 3.531957 58 14.922572
3
0 2 50 1.144444 55 3.362563
1 2 52 11.548534 53 10.880718
2 2 90 16.229530 88 1.084087
3
0 2 50 8.315147 57 8.620845
1 2 81 15.229071 85 19.234608
2 2 82 8.647616 74 12.675222
3
0 2 50 13.272507 87 18.954773
1 2 73 9.774949 81 8.705231
2 2 93 1.086895 65 5.557787
3
0 2 50 16.716975 94 5.815658
1 2 63 8.467194 69 5.316177
2 2 62 2.082157 82 5.682653
3
0 2 60 5.414855 74 3.479181
1 2 69 2.304549 81 19.453111
2 2 65 17.671677 71 11.267424
3
0 2 60 18.961792 94 6.361612
1 2 64 8.821040 96 19.612228
2 2 80 12.047547 77 12.663806
3
0 2 60 8.096318 85 12.764865
1 2 74 10.390539 61 1.689460
2 2 71 18.023704 99 5.247748
3
0 2 60 8.947742 69 16.559332
1 2 61 15.079270 88 4.753484
2 2 98 3.162086 80 6.466683
3
0 2 60 6.344922 73 1.594312
1 2 98 16.044188 92 3.702870
2 2 79 8.779362 84 2.926199
3
0 2 60 18.414963 99 2.285212
1 2 88 14.637389 70 8.813030
2 2 72 16.674299 89 9.101717
3
0 2 60 15.918676 89 5.888525
1 2 82 1.912564 66 12.428122
2 2 61 19.124496 97 12.223355
3
0 2 60 3.232519 84 10.856474
1 2 69 17.944840 92 18.231666
2 2 86 3.639549 66 16.061024
3
0 2 60 2.966942 76 17.778126
1 2 98 5.799699 70 11.457661
2 2 85 12.238691 60 3.376898
3
0 2 60 2.873002 92 19.122363
1 2 97 12.093350 90 12.808163
2 2 73 16.061350 92 19.844496
3
0 2 70 2.024691 77 4.599548
1 2 98 2.052864 75 11.990488
2 2 70 10.724986 74 4.184615
3
0 2 70 15.608896 82 7.791281
1 2 72 11.679925 77 12.856295
2 2 87 19.454416 72 15.098793
3
0 2 70 18.614116 74 7.030861
1 2 97 17.038584 79 15.002213
2 2 91 9.189939 81 10.528102
3
0 2 70 19.512996 84 13.990209
1 2 73 3.335255 78 14.855529
2 2 92 17.767728 83 12.381882
3
0 2 70 6.622184 72 18.180419
1 2 81 11.834952 88 5.845413
2 2 84 4.696366 89 18.751020
3
0 2 70 9.290927 86 4.101207
1 2 90 14.362550 94 7.287190
2 2 92 18.038063 95 16.527531
3
0 2 70 15.292226 74 3.261162
1 2 97 1.349419 99 1.252031
2 2 87 13.495717 76 17.644280
3
0 2 70 4.896173 90 16.445584
1 2 75 5.452561 86 1.458764
2 2 73 14.115881 84 11.681463
3
0 2 70 15.384305 90 6.537063
1 2 73 2.118233 93 7.556197
2 2 70 5.691366 79 15.882286
3
0 2 70 10.849995 73 17.476100
1 2 95 18.149228 92 13.458707
2 2 87 10.953528 92 15.829690
3
0 2 80 10.567462 91 11.324517
1 2 88 16.665864 97 16.702099
2 2 92 4.363237 87 13.108214
3
0 2 80 16.617749 88 15.907799
1 2 92 1.385042 90 12.193044
2 2 95 8.873035 82 11.391316
3
0 2 80 14.905298 83 10.689015
1 2 92 14.957184 82 1.051938
2 2 96 17.379436 90 18.699197
3
0 2 80 13.940126 98 16.576614
1 2 97 10.686642 81 19.048371
2 2 90 11.983365 94 17.376384
3
0 2 80 2.918959 94 9.758763
1 2 95 18.881463 87 11.138640
2 2 96 13.402602 88 4.300763
3
0 2 80 14.002031 94 13.089522
1 2 97 11.065200 92 13.451574
2 2 97 18.944474 88 1.330289
3
0 2 80 2.683784 85 5.075583
1 2 99 4.083385 85 16.497452
2 2 94 18.885715 90 13.985887
3
0 2 80 4.714145 99 18.243836
1 2 95 7.662062 98 7.464639
2 2 89 10.703897 94 15.113173
3
0 2 80 17.256605 96 7.739041
1 2 99 14.035556 81 17.113288
2 2 81 10.453369 95 1.540423
3
0 2 80 5.042434 95 12.104662
1 2 88 6.892757 90 15.169340
2 2 83 10.094109 80 12.171872
3
0 2 90 17.981735 97 15.866370
1 2 91 19.720234 99 1.257853
2 2 99 18.676546 92 10.845947
3
0 2 90 5.697502 96 11.769113
1 2 91 16.256777 93 9.918001
2 2 97 15.611217 95 17.376618
3
0 2 90 13.184619 94 1.003009
1 2 93 16.904202 94 2.397890
2 2 94 15.864371 99 14.640430
3
0 2 90 4.391507 91 8.388271
1 2 93 11.352510 96 8.883792
2 2 90 10.177352 93 3.705937
3
0 2 90 9.593317 95 3.275502
1 2 98 16.240194 95 16.915804
2 2 98 14.035852 92 16.186783
3
0 2 90 17.740192 94 14.835635
1 2 95 7.541051 92 19.963925
2 2 93 14.986476 97 4.658849
3
0 2 90 18.398657 92 3.153388
1 2 99 11.292261 97 6.660231
2 2 92 8.701981 95 1.256640
3
0 2 90 2.606437 94 5.712133
1 2 91 5.357467 90 11.679310
2 2 94 10.561231 91 14.364719
3
0 2 90 7.834113 99 13.068809
1 2 96 17.053788 98 8.947354
2 2 93 3.755174 90 1.657697
3
0 2 90 6.875300 94 10.454130
1 2 95 9.400002 93 15.226203
2 2 97 2.255827 91 9.397477
3
0 2 99 7.188825 99 16.535278
1 2 99 18.125236 99 12.017696
2 2 99 10.646373 99 13.850220
3
0 2 99 18.176801 99 7.142537
1 2 99 10.634673 99 13.797700
2 2 99 16.172475 99 16.042115
3
0 2 99 15.027002 99 17.835516
1 2 99 12.602431 99 4.595184
2 2 99 17.785986 99 5.900013
3
0 2 99 11.564000 99 9.245777
1 2 99 2.888992 99 14.986908
2 2 99 13.425041 99 18.751215
3
0 2 99 13.212604 99 8.545298
1 2 99 18.295200 99 11.636271
2 2 99 19.009445 99 5.318288
3
0 2 99 15.373812 99 18.752949
1 2 99 9.706200 99 5.590405
2 2 99 2.208972 99 14.344010
3
0 2 99 1.893696 99 19.235950
1 2 99 3.391507 99 12.538318
2 2 99 13.237593 99 18.729528
3
0 2 99 19.870705 99 6.506684
1 2 99 1.850309 99 2.035259
2 2 99 19.621252 99 16.646617
3
0 2 99 8.616228 99 4.216289
1 2 99 18.108201 99 12.121535
2 2 99 9.921026 99 1.782155
0
