50 49
3
0 2 5 11.058969 12 11.532005
1 2 43 14.703299 22 14.138123
2 2 25 19.217341 18 12.306265
3
0 2 5 2.108282 30 18.160572
1 2 44 17.495965 38 11.304342
2 2 40 3.597853 22 6.461318
3
0 2 5 5.944897 11 7.009645
1 2 40 15.082057 11 13.699132
2 2 6 9.575972 48 19.495331
3
0 2 5 10.071647 9 8.893773
1 2 47 1.895031 33 11.546137
2 2 34 14.769517 26 16.578657
3
0 2 5 14.211821 7 4.503408
1 2 17 9.525770 34 7.279482
2 2 37 4.453032 18 2.730396
3
0 2 10 19.921399 35 7.485977
1 2 38 18.991662 25 11.991961
2 2 23 6.048911 26 16.895707
3
0 2 10 4.947970 26 15.569035
1 2 41 7.889961 47 5.749185
2 2 21 18.148376 49 19.289509
3
0 2 10 6.876385 31 1.074557
1 2 43 11.103158 13 10.458811
2 2 45 4.011076 29 12.672480
3
0 2 10 1.875842 11 10.601122
1 2 35 12.409808 36 4.954950
2 2 15 14.958758 36 4.710609
3
0 2 10 5.780244 19 19.820149
1 2 26 4.518392 48 4.648446
2 2 26 11.080868 34 1.866685
3
0 2 15 2.471997 43 14.893581
1 2 30 12.224925 49 11.513659
2 2 41 4.902143 23 1.431024
3
0 2 15 1.495087 17 18.539349
1 2 23 17.444972 48 11.280436
2 2 49 2.217723 41 17.417001
3
0 2 15 17.649865 38 14.233950
1 2 42 6.048726 19 8.586276
2 2 34 10.553556 16 9.877542
3
0 2 15 3.834893 18 1.528458
1 2 49 6.392607 30 14.040433
2 2 44 14.679709 21 2.022388
3
0 2 15 4.127971 41 16.552230
1 2 22 12.417186 36 12.345894
2 2 29 2.291185 23 9.267862
3
0 2 20 5.118559 37 6.236179
1 2 41 16.136429 26 4.370356
2 2 20 5.920158 33 10.665447
3
0 2 20 17.395345 23 6.528904
1 2 47 7.617316 35 19.383357
2 2 24 15.793832 30 9.969905
3
0 2 20 9.037309 39 11.344770
1 2 23 14.622557 31 13.072862
2 2 36 12.198661 21 8.372154
3
0 2 20 18.904247 22 14.327096
1 2 46 14.865551 41 19.314878
2 2 22 14.022097 43 3.807874
3
0 2 20 14.621391 30 7.689445
1 2 26 16.655832 24 4.300784
2 2 22 9.413679 37 5.703047
3
0 2 25 15.088643 46 18.331899
1 2 40 10.243702 48 11.737937
2 2 33 6.476569 44 2.721629
3
0 2 25 12.563707 43 13.144010
1 2 30 16.485087 41 18.263350
2 2 40 11.542920 43 16.241526
3
0 2 25 4.374986 26 6.873667
1 2 29 9.071609 45 5.985243
2 2 32 3.565626 42 11.862801
3
0 2 25 1.814452 48 17.033450
1 2 46 14.755655 32 17.572647
2 2 43 12.187873 28 10.710411
3
0 2 25 13.905417 44 1.394060
1 2 37 10.349498 43 6.590635
2 2 35 17.354676 27 13.196604
3
0 2 30 6.435708 45 10.468959
1 2 48 8.797334 35 6.290641
2 2 46 2.418209 36 9.787985
3
0 2 30 1.069905 49 4.627961
1 2 48 10.481336 41 13.722197
2 2 43 14.276660 31 17.815643
3
0 2 30 13.490100 31 14.347857
1 2 44 13.803570 38 10.075119
2 2 39 18.914798 31 2.225015
3
0 2 30 17.903416 38 3.002156
1 2 49 3.494503 43 1.986893
2 2 39 14.690552 37 15.063358
3
0 2 30 19.170282 34 13.931151
1 2 31 13.509480 41 18.120887
2 2 45 18.241656 47 12.504635
3
0 2 35 5.303874 39 19.084007
1 2 37 16.178992 42 7.072496
2 2 36 14.495735 35 4.214051
3
0 2 35 17.967749 49 10.796565
1 2 40 18.500132 37 2.869198
2 2 49 4.588456 40 6.894000
3
0 2 35 3.632110 37 6.584481
1 2 48 15.943971 37 19.767614
2 2 41 13.601427 44 17.765304
3
0 2 35 10.917964 37 13.399641
1 2 36 7.472719 44 9.959507
2 2 38 10.945728 49 2.677224
3
0 2 35 15.733645 46 10.230815
1 2 35 9.258943 44 1.548139
2 2 42 15.278878 40 3.718462
3
0 2 40 5.486734 48 16.180825
1 2 48 4.073671 42 10.541678
2 2 48 11.678663 42 6.882439
3
0 2 40 17.523144 49 4.721138
1 2 41 8.166738 44 13.816723
2 2 48 11.823624 44 2.100196
3
0 2 40 5.687275 41 15.992439
1 2 44 1.124086 49 7.112508
2 2 41 18.352439 43 18.363750
3
0 2 40 10.594200 41 4.403393
1 2 41 2.695130 47 12.520416
2 2 48 8.998888 46 15.799964
3
0 2 40 8.884004 46 15.663632
1 2 43 2.121954 47 15.952760
2 2 40 17.833882 46 15.359786
3
0 2 45 18.432766 47 16.518734
1 2 46 7.738373 47 3.095820
2 2 47 15.748733 48 4.351502
3
0 2 45 13.936408 48 9.215777
1 2 45 19.355029 49 8.678209
2 2 49 8.719390 47 9.652141
3
0 2 45 12.325554 49 9.568555
1 2 47 11.228792 46 19.863729
2 2 45 8.037042 48 17.949128
3
0 2 45 3.694548 46 10.216814
1 2 49 3.317988 45 8.917530
2 2 46 14.049220 47 6.657171
3
0 2 45 18.993332 49 5.778170
1 2 48 14.211897 46 16.579600
2 2 46 17.536765 48 18.057950
3
0 1 49 9.244320
1 1 49 3.354363
2 1 49 14.942825
3
0 1 49 2.878829
1 1 49 17.625411
2 1 49 9.880143
3
0 1 49 15.126697
1 1 49 2.751059
2 1 49 5.688780
3
0 1 49 11.756459
1 1 49 15.906241
2 1 49 4.287048
0
