200 199
3
0 2 20 3.641928 35 12.149135
1 2 167 14.261958 84 11.820675
2 2 193 8.831041 52 7.140774
3
0 2 20 11.486034 26 9.989666
1 2 169 1.465288 77 6.935343
2 2 198 1.143539 132 19.428875
3
0 2 20 1.959335 70 10.482954
1 2 187 17.469438 135 4.019979
2 2 181 13.437418 127 2.000805
3
0 2 20 18.850625 186 8.485641
1 2 165 17.489689 47 7.677741
2 2 85 6.183518 71 17.212384
3
0 2 20 16.556892 23 14.847888
1 2 109 17.604684 95 12.890555
2 2 40 5.853414 95 10.844804
3
0 2 20 7.328465 50 15.340249
1 2 75 2.127771 46 1.156359
2 2 116 11.388053 28 19.781403
3
0 2 20 8.599726 182 16.383679
1 2 148 12.386141 116 7.369154
2 2 23 19.189962 139 10.838268
3
0 2 20 19.527859 165 13.709202
1 2 58 1.586278 169 11.052893
2 2 141 1.602018 146 2.251983
3
0 2 20 9.160803 43 3.967401
1 2 69 7.922932 157 3.567217
2 2 184 19.838884 172 8.808984
3
0 2 20 13.523086 158 18.010012
1 2 192 12.727255 94 15.998629
2 2 59 14.974348 52 15.567235
3
0 2 20 15.179010 129 12.411761
1 2 178 19.925880 158 3.047688
2 2 43 13.665932 132 6.027718
3
0 2 20 13.755269 138 14.250277
1 2 61 10.417859 176 18.346198
2 2 168 12.785552 20 2.918363
3
0 2 20 15.210485 128 12.379288
1 2 53 15.746052 153 18.058510
2 2 175 18.451556 129 2.963525
3
0 2 20 17.731808 196 14.813514
1 2 158 17.359362 175 8.085684
2 2 69 11.310428 99 4.846100
3
0 2 20 7.533840 151 6.099232
1 2 76 7.646760 104 11.759483
2 2 154 10.314419 168 18.590052
3
0 2 20 13.592048 124 19.269145
1 2 77 7.324032 110 4.334676
2 2 192 8.009504 182 15.649560
3
0 2 20 19.216420 101 10.074919
1 2 42 5.058712 67 17.573825
2 2 146 15.117225 32 2.550675
3
0 2 20 15.028315 27 19.776674
1 2 56 5.791777 171 13.182966
2 2 135 19.598143 130 15.712104
3
0 2 20 16.442240 113 18.329407
1 2 39 8.115478 82 3.917689
2 2 155 16.565269 119 17.410683
3
0 2 20 19.550629 92 6.880633
1 2 120 10.442775 96 7.918976
2 2 192 5.571315 48 15.644876
3
0 2 40 14.197940 139 6.827231
1 2 112 6.975602 164 15.139440
2 2 147 14.937395 185 11.369401
3
0 2 40 17.090815 76 11.354321
1 2 182 12.854460 63 18.734776
2 2 154 13.099561 62 12.658442
3
0 2 40 14.257552 135 6.239871
1 2 124 16.335349 121 13.809313
2 2 181 16.815283 169 12.336242
3
0 2 40 9.302288 124 3.296546
1 2 72 3.634575 79 3.359834
2 2 168 7.217716 154 3.288052
3
0 2 40 16.032390 142 14.145305
1 2 135 9.864376 91 16.272192
2 2 55 9.707550 78 12.579457
3
0 2 40 10.621535 129 15.200443
1 2 135 9.666333 67 8.751658
2 2 50 18.072043 45 6.588933
3
0 2 40 11.615673 158 9.427441
1 2 168 16.165950 145 9.393351
2 2 101 18.909443 52 6.081076
3
0 2 40 12.131300 190 4.941805
1 2 99 6.848905 124 14.889742
2 2 61 3.369223 52 19.477313
3
0 2 40 8.214799 58 5.037955
1 2 115 1.904297 176 1.905177
2 2 74 14.258143 75 7.973914
3
0 2 40 19.980204 82 4.554009
1 2 122 7.144123 55 18.550845
2 2 102 5.832515 61 15.713434
3
0 2 40 6.065293 196 12.471879
1 2 138 9.039701 162 4.062412
2 2 76 7.577327 155 7.149487
3
0 2 40 14.103312 59 3.752992
1 2 70 13.100259 170 11.989424
2 2 84 8.657876 117 1.110941
3
0 2 40 6.603293 179 4.239111
1 2 131 13.627035 139 1.544907
2 2 162 17.975207 104 12.978738
3
0 2 40 9.470575 172 5.214226
1 2 197 10.555137 162 6.487530
2 2 44 18.836536 191 8.986767
3
0 2 40 14.624335 171 11.500991
1 2 74 19.680627 66 14.452715
2 2 87 17.228130 96 8.346337
3
0 2 40 17.871468 195 5.651398
1 2 137 8.643569 84 10.331052
2 2 119 15.091963 170 6.165259
3
0 2 40 14.809311 154 16.686831
1 2 143 5.012360 156 16.710795
2 2 79 9.523769 112 17.562760
3
0 2 40 9.066177 146 17.266490
1 2 92 19.953918 95 17.184594
2 2 137 10.652938 172 6.395602
3
0 2 40 7.073976 130 15.638337
1 2 108 13.192513 103 1.254160
2 2 106 15.908725 162 4.054432
3
0 2 40 6.996688 127 18.373070
1 2 86 6.620309 75 9.807506
2 2 58 14.123299 194 15.449207
3
0 2 60 9.661296 63 12.450966
1 2 187 19.934308 164 4.808698
2 2 132 18.003977 198 18.015722
3
0 2 60 3.997249 156 8.525118
1 2 60 3.448181 86 7.784786
2 2 149 12.633571 139 10.105523
3
0 2 60 5.599057 184 4.882833
1 2 82 8.386768 145 1.861917
2 2 126 18.504084 142 9.073476
3
0 2 60 7.169153 112 12.311542
1 2 150 6.082764 161 19.445686
2 2 104 10.017745 121 17.090760
3
0 2 60 12.124848 90 8.898078
1 2 174 9.770127 198 14.033492
2 2 120 7.329016 169 14.215534
3
0 2 60 10.701205 63 3.120296
1 2 141 16.152828 145 8.200714
2 2 105 16.172436 133 17.742651
3
0 2 60 16.539420 187 2.622134
1 2 137 16.969445 90 3.986173
2 2 119 7.975399 98 13.819152
3
0 2 60 19.320997 102 9.024676
1 2 70 19.014942 87 1.815552
2 2 146 8.276994 153 9.794520
3
0 2 60 1.287958 194 17.715276
1 2 80 2.340928 191 11.418426
2 2 190 13.125159 150 9.811999
3
0 2 60 17.436993 173 16.062300
1 2 189 7.243121 195 19.348174
2 2 128 3.767148 116 4.084461
3
0 2 60 15.106036 173 12.896086
1 2 102 1.975844 141 15.489772
2 2 154 4.809249 131 16.033964
3
0 2 60 15.991648 98 18.910223
1 2 84 18.656087 153 10.019925
2 2 199 2.226469 103 17.186097
3
0 2 60 18.428096 98 17.799307
1 2 94 6.542745 183 19.683234
2 2 90 14.896519 192 7.958735
3
0 2 60 14.442325 182 15.087230
1 2 77 6.814944 167 16.395874
2 2 121 4.504067 124 14.813525
3
0 2 60 14.731670 192 4.294037
1 2 74 16.063347 182 4.287215
2 2 151 11.569360 140 5.835443
3
0 2 60 16.569162 155 19.315384
1 2 91 3.883222 143 19.599530
2 2 144 17.798812 178 13.311346
3
0 2 60 18.977507 61 14.918328
1 2 85 8.178281 97 9.317135
2 2 176 17.633793 99 11.538613
3
0 2 60 3.073935 69 1.948086
1 2 193 17.652347 159 13.433453
2 2 119 12.530460 140 19.635812
3
0 2 60 15.712712 92 13.805691
1 2 140 17.088761 77 13.963171
2 2 146 2.845971 98 9.125306
3
0 2 60 18.453372 96 12.942669
1 2 124 7.723459 146 1.831998
2 2 125 4.017886 95 9.812740
3
0 2 80 16.160560 150 17.739702
1 2 193 11.762098 175 10.686385
2 2 107 2.694664 83 18.423504
3
0 2 80 7.903915 193 15.680769
1 2 101 9.327838 179 10.348031
2 2 133 12.143685 134 8.314580
3
0 2 80 11.092498 187 12.958524
1 2 189 18.654392 89 16.771390
2 2 141 9.081095 144 13.081038
3
0 2 80 14.558934 129 6.357423
1 2 178 18.017201 169 12.075262
2 2 94 8.869874 139 2.555271
3
0 2 80 16.533066 135 18.946778
1 2 157 6.047346 184 8.467875
2 2 188 1.112885 158 18.434035
3
0 2 80 6.122841 131 11.179612
1 2 95 17.907527 199 10.323144
2 2 166 19.347904 121 1.001774
3
0 2 80 19.151103 135 9.087240
1 2 192 4.905913 168 4.588187
2 2 130 5.904611 117 9.283004
3
0 2 80 9.417945 177 9.383064
1 2 117 3.830117 88 13.207098
2 2 147 7.088972 84 15.019243
3
0 2 80 14.147265 176 4.415385
1 2 110 14.221151 100 15.366405
2 2 148 1.161723 138 12.819421
3
0 2 80 9.837633 96 3.753478
1 2 171 19.799426 162 1.664752
2 2 193 5.940799 149 14.603017
3
0 2 80 11.455684 157 16.793903
1 2 81 17.938862 168 8.459145
2 2 168 6.518473 87 12.637505
3
0 2 80 5.030059 153 5.520191
1 2 142 15.257021 140 3.183156
2 2 150 12.129129 115 10.651939
3
0 2 80 2.441632 187 12.591036
1 2 195 19.595265 192 9.471029
2 2 102 8.547379 186 18.696757
3
0 2 80 11.514634 138 16.265637
1 2 139 17.691964 109 9.417183
2 2 180 10.912703 99 9.496931
3
0 2 80 5.566144 136 7.948881
1 2 163 15.951003 161 12.284524
2 2 155 14.316317 188 2.934094
3
0 2 80 14.787517 159 1.262833
1 2 165 7.482990 194 3.051483
2 2 158 13.897702 164 19.462054
3
0 2 80 15.688122 187 13.689679
1 2 156 15.688340 171 19.099152
2 2 83 7.907887 115 19.505150
3
0 2 80 14.832113 147 14.300144
1 2 159 12.088396 182 13.132945
2 2 153 7.504869 86 3.780717
3
0 2 80 13.848283 166 14.691845
1 2 142 6.323867 139 8.098171
2 2 163 1.096511 108 17.750552
3
0 2 80 17.505323 140 8.384601
1 2 152 1.101053 173 11.797667
2 2 168 16.247248 129 4.805537
3
0 2 100 5.150563 158 14.517251
1 2 191 3.390298 151 17.436331
2 2 190 19.246914 103 18.851239
3
0 2 100 12.781057 117 17.186148
1 2 181 17.731178 102 13.870788
2 2 179 15.987219 198 15.317396
3
0 2 100 3.298655 111 5.054577
1 2 117 19.664128 135 14.369826
2 2 193 4.397018 135 9.946062
3
0 2 100 16.643692 194 7.006672
1 2 170 8.893095 161 9.990931
2 2 110 3.440945 140 17.542057
3
0 2 100 4.924553 171 16.965270
1 2 171 8.891462 117 6.680133
2 2 170 18.496148 174 18.399100
3
0 2 100 2.581611 158 3.621973
1 2 140 9.602270 198 1.213858
2 2 171 2.330463 137 7.483444
3
0 2 100 5.109626 185 10.075255
1 2 114 10.491702 173 13.459022
2 2 106 12.665610 134 2.917094
3
0 2 100 12.105416 108 7.290824
1 2 125 18.896214 179 12.793671
2 2 185 5.331740 188 16.101945
3
0 2 100 7.343096 198 13.350262
1 2 125 18.081072 185 6.246885
2 2 123 16.247595 117 14.861668
3
0 2 100 16.868281 157 4.320901
1 2 181 11.124521 183 5.503758
2 2 128 8.826016 148 11.309550
3
0 2 100 2.042271 121 2.880994
1 2 173 17.461863 175 12.843502
2 2 129 10.615088 123 6.816018
3
0 2 100 6.228042 102 14.092169
1 2 196 10.990517 173 6.068105
2 2 172 5.686050 166 14.371382
3
0 2 100 14.980578 173 9.892320
1 2 121 17.273196 129 9.052549
2 2 119 17.402298 187 7.736846
3
0 2 100 17.563270 109 14.493456
1 2 137 6.825299 143 10.282512
2 2 120 7.160748 116 15.414243
3
0 2 100 5.574818 133 10.059944
1 2 105 16.810128 163 19.199265
2 2 161 19.504145 190 17.760188
3
0 2 100 16.593630 178 1.844333
1 2 133 6.406217 106 12.968587
2 2 174 9.324860 188 15.294034
3
0 2 100 4.922072 149 9.696216
1 2 136 7.038227 179 19.741209
2 2 187 3.288712 185 7.635492
3
0 2 100 16.231363 136 15.417344
1 2 123 5.529685 142 18.601433
2 2 123 5.456028 168 9.711905
3
0 2 100 11.535195 106 8.106677
1 2 197 14.408385 145 15.239915
2 2 158 17.616134 177 7.868589
3
0 2 100 13.806435 181 1.718136
1 2 130 3.817595 117 12.596643
2 2 167 18.416757 130 18.076770
3
0 2 120 11.194806 132 19.487692
1 2 148 14.100654 190 9.323005
2 2 179 18.621391 123 2.238421
3
0 2 120 12.599053 125 1.696709
1 2 188 19.745945 165 1.248616
2 2 187 5.507493 170 4.512312
3
0 2 120 16.171006 185 14.279842
1 2 150 3.687233 172 16.519659
2 2 199 1.666309 120 4.336387
3
0 2 120 12.608225 148 19.656059
1 2 159 15.706122 143 9.133426
2 2 149 18.402779 131 13.190857
3
0 2 120 15.849896 128 11.020460
1 2 187 7.801619 153 5.661278
2 2 148 12.998787 147 14.881944
3
0 2 120 13.915823 192 15.504916
1 2 198 4.725116 141 19.656094
2 2 198 13.123907 147 8.729686
3
0 2 120 14.247334 172 4.714950
1 2 139 8.078794 143 3.232664
2 2 178 17.770976 181 13.517285
3
0 2 120 3.054601 192 8.823884
1 2 140 1.433873 142 15.641705
2 2 148 2.777488 192 13.480531
3
0 2 120 4.332489 166 18.909852
1 2 153 14.535653 177 4.755519
2 2 185 13.320470 175 9.249100
3
0 2 120 19.549391 165 15.135880
1 2 179 2.077773 164 6.929709
2 2 159 12.901744 168 19.373370
3
0 2 120 18.716203 133 6.702554
1 2 183 15.502596 129 16.571256
2 2 141 4.520605 148 10.376894
3
0 2 120 17.645058 197 6.533216
1 2 158 11.506011 169 16.069643
2 2 136 5.755433 183 7.185667
3
0 2 120 2.626128 148 10.204199
1 2 133 3.259004 123 12.957136
2 2 167 7.788840 142 12.454212
3
0 2 120 12.105983 160 6.894870
1 2 165 9.018844 163 8.353865
2 2 120 5.782671 181 7.771144
3
0 2 120 12.449698 179 1.412898
1 2 149 2.318945 193 17.773714
2 2 146 17.837752 178 15.263958
3
0 2 120 14.023621 188 3.065676
1 2 139 8.523106 138 12.046209
2 2 184 7.508412 148 8.831130
3
0 2 120 18.370985 130 15.872738
1 2 169 11.603032 176 5.022491
2 2 188 11.374497 187 3.810118
3
0 2 120 13.701516 141 17.692871
1 2 136 6.367651 172 19.292893
2 2 154 15.815575 171 11.217830
3
0 2 120 12.985183 155 16.248716
1 2 190 3.714374 152 13.930486
2 2 120 9.168063 150 16.463285
3
0 2 120 2.913497 167 3.455039
1 2 179 2.202230 124 1.309863
2 2 144 6.445330 187 18.718558
3
0 2 140 5.250324 164 6.135320
1 2 144 7.139800 152 2.326110
2 2 152 17.757672 180 10.369701
3
0 2 140 10.062340 192 2.408249
1 2 165 19.879854 184 3.201137
2 2 157 1.962246 179 14.416928
3
0 2 140 13.057475 175 19.158513
1 2 180 7.019649 166 4.159932
2 2 158 10.658252 151 15.846425
3
0 2 140 13.154851 172 17.763060
1 2 194 8.001982 197 8.769339
2 2 177 10.884384 198 16.806287
3
0 2 140 15.165580 182 4.897287
1 2 171 17.971538 161 3.499761
2 2 149 3.954987 173 2.058145
3
0 2 140 8.449397 166 16.107087
1 2 160 1.342481 151 10.352791
2 2 155 9.311778 144 11.546595
3
0 2 140 11.776925 182 19.976368
1 2 197 15.673335 156 18.070476
2 2 149 8.739394 169 11.400157
3
0 2 140 1.014694 170 12.843729
1 2 158 11.621927 183 14.765174
2 2 168 16.979739 178 6.177110
3
0 2 140 2.184149 149 8.651289
1 2 158 11.765124 161 2.881730
2 2 156 12.899232 145 13.660139
3
0 2 140 6.606959 171 13.397643
1 2 196 2.708337 199 3.520088
2 2 192 11.333070 156 11.337318
3
0 2 140 14.907950 159 18.770556
1 2 160 15.107770 182 14.038978
2 2 197 14.396248 143 11.335263
3
0 2 140 13.296405 148 17.480264
1 2 178 13.691174 152 13.244117
2 2 179 15.224731 162 5.567058
3
0 2 140 6.827575 193 9.898768
1 2 191 12.863452 173 3.336865
2 2 149 16.455142 185 13.595431
3
0 2 140 19.836596 192 9.416982
1 2 151 18.449703 168 16.967844
2 2 196 7.320312 171 12.011576
3
0 2 140 13.342330 151 16.668199
1 2 155 7.076283 197 10.126418
2 2 193 7.449061 181 13.087037
3
0 2 140 19.487177 152 4.684606
1 2 177 2.527433 162 7.757458
2 2 188 17.471715 180 6.616000
3
0 2 140 17.225948 189 7.765054
1 2 194 5.758860 149 17.878866
2 2 193 5.865130 169 19.556388
3
0 2 140 6.963691 193 9.165787
1 2 180 1.333891 145 15.690982
2 2 180 16.686940 178 14.576355
3
0 2 140 1.714563 145 4.618864
1 2 182 14.955959 152 10.068677
2 2 188 8.325907 161 10.945831
3
0 2 140 9.951622 145 16.899443
1 2 161 1.513178 162 18.604553
2 2 187 4.579268 163 12.934742
3
0 2 160 4.271776 172 6.420324
1 2 195 15.398550 184 14.446084
2 2 194 15.384656 199 17.137555
3
0 2 160 19.002336 177 10.218098
1 2 197 16.098112 166 12.274117
2 2 183 2.658461 178 7.445713
3
0 2 160 9.357845 190 11.622416
1 2 181 9.799326 172 14.352262
2 2 164 10.208921 196 11.240781
3
0 2 160 5.784588 173 11.832621
1 2 193 3.458710 190 16.251022
2 2 187 19.349010 198 4.765877
3
0 2 160 2.117345 176 1.802503
1 2 164 1.574667 180 17.326345
2 2 179 3.529333 198 10.185348
3
0 2 160 14.440883 161 12.277226
1 2 182 7.715628 164 10.851288
2 2 190 7.974078 182 5.035582
3
0 2 160 15.881011 179 18.394392
1 2 187 15.889238 173 10.421327
2 2 189 4.605695 177 6.041343
3
0 2 160 12.020997 168 4.205090
1 2 173 14.632127 184 12.543953
2 2 196 1.647712 187 9.857054
3
0 2 160 1.594832 168 14.141928
1 2 175 18.002272 171 17.378787
2 2 188 19.581290 180 4.455424
3
0 2 160 5.749583 184 4.053520
1 2 170 5.436428 195 5.692312
2 2 171 18.625319 169 1.879522
3
0 2 160 2.550494 173 18.305813
1 2 188 3.796818 196 6.186873
2 2 168 16.436498 163 4.547998
3
0 2 160 1.467796 176 19.670768
1 2 174 11.749171 187 4.022961
2 2 181 5.757915 167 4.261551
3
0 2 160 10.420752 164 8.390181
1 2 198 6.794149 190 12.486769
2 2 191 11.044247 187 12.068444
3
0 2 160 10.444845 184 16.413498
1 2 190 10.535152 163 5.829935
2 2 166 12.183035 164 19.786976
3
0 2 160 16.174123 165 9.700277
1 2 178 7.224167 190 4.700174
2 2 169 17.146693 166 2.863007
3
0 2 160 19.123870 193 1.143051
1 2 183 18.304366 166 1.482935
2 2 197 18.431327 168 4.544193
3
0 2 160 2.169919 169 6.254143
1 2 179 4.584837 192 1.086474
2 2 166 13.400025 164 19.413004
3
0 2 160 3.992796 182 10.677669
1 2 170 10.157789 188 4.907257
2 2 186 15.189177 177 5.330693
3
0 2 160 4.252325 190 2.654268
1 2 170 4.072839 187 10.775562
2 2 189 19.655867 193 2.833469
3
0 2 160 18.718586 176 2.088343
1 2 179 2.037360 162 17.800175
2 2 178 15.131450 161 17.898030
3
0 2 180 1.078498 181 11.349578
1 2 185 7.956042 195 11.162123
2 2 181 2.730076 184 4.100514
3
0 2 180 19.266695 199 16.048708
1 2 181 2.526250 184 17.721950
2 2 185 6.322419 183 15.212786
3
0 2 180 3.609037 187 11.362829
1 2 185 8.925468 194 7.367850
2 2 190 9.895676 183 8.341476
3
0 2 180 11.897169 189 8.289293
1 2 188 3.331312 189 2.672904
2 2 185 11.262048 180 2.043704
3
0 2 180 11.297582 188 10.845391
1 2 192 9.431260 191 1.155851
2 2 182 3.436809 190 9.602200
3
0 2 180 19.502942 187 12.890265
1 2 191 14.524065 190 17.145043
2 2 183 8.207058 184 13.048794
3
0 2 180 2.311745 189 18.945738
1 2 186 4.655075 187 9.325593
2 2 185 16.518888 198 12.080656
3
0 2 180 13.667408 191 8.201700
1 2 193 8.534337 190 8.202652
2 2 193 4.393160 194 17.729126
3
0 2 180 9.507174 186 5.761209
1 2 186 15.368273 194 16.032684
2 2 181 6.628282 192 1.127964
3
0 2 180 2.864159 181 15.113406
1 2 184 6.746905 186 16.140139
2 2 193 6.753527 194 11.867446
3
0 2 180 17.964244 185 4.531623
1 2 194 1.133214 185 17.331639
2 2 182 6.440677 184 11.181497
3
0 2 180 10.951703 190 7.554108
1 2 197 9.989515 186 13.290753
2 2 186 2.817289 197 1.045608
3
0 2 180 15.669050 194 14.983492
1 2 187 8.459667 181 8.599453
2 2 183 3.973142 190 15.327205
3
0 2 180 10.712880 199 18.325948
1 2 192 4.580478 186 13.264124
2 2 198 11.354502 196 8.799920
3
0 2 180 17.461230 193 3.437846
1 2 195 19.773002 190 5.534821
2 2 180 4.422313 184 15.187906
3
0 2 180 8.597167 181 4.161972
1 2 195 19.790410 184 19.947266
2 2 197 16.936982 180 4.347558
3
0 2 180 18.468144 187 4.178479
1 2 185 16.957968 198 5.873444
2 2 185 11.191569 188 6.690565
3
0 2 180 19.538854 190 18.991519
1 2 195 1.490915 183 9.637472
2 2 199 5.684866 189 19.004404
3
0 2 180 3.995547 197 5.747455
1 2 181 13.424653 186 5.299384
2 2 181 8.650291 198 15.555809
3
0 2 180 7.175445 198 16.656434
1 2 199 14.939549 197 11.278438
2 2 186 19.942860 182 4.083818
3
0 2 199 14.118830 199 18.467422
1 2 199 8.036355 199 15.445117
2 2 199 3.258573 199 15.149475
3
0 2 199 8.602818 199 4.383090
1 2 199 7.403312 199 19.253492
2 2 199 10.695770 199 13.445251
3
0 2 199 18.541847 199 11.254227
1 2 199 9.494808 199 7.257856
2 2 199 5.776820 199 9.156063
3
0 2 199 11.526875 199 5.751296
1 2 199 2.893715 199 17.886820
2 2 199 8.260710 199 2.468498
3
0 2 199 4.297200 199 14.613749
1 2 199 9.295135 199 16.587413
2 2 199 19.916317 199 16.777803
3
0 2 199 11.575534 199 4.040741
1 2 199 13.396891 199 14.269121
2 2 199 17.630199 199 6.731581
3
0 2 199 7.498388 199 17.441242
1 2 199 17.786981 199 2.049035
2 2 199 2.534101 199 14.500025
3
0 2 199 6.588396 199 7.615008
1 2 199 6.076095 199 10.993107
2 2 199 19.982918 199 1.746548
3
0 2 199 1.813683 199 8.224585
1 2 199 4.153377 199 3.395619
2 2 199 7.909358 199 8.419352
3
0 2 199 10.599680 199 14.058985
1 2 199 11.131582 199 10.916952
2 2 199 18.479812 199 18.691858
3
0 2 199 7.261684 199 18.758514
1 2 199 6.082137 199 5.637875
2 2 199 8.957571 199 17.741113
3
0 2 199 8.412741 199 14.923553
1 2 199 7.811795 199 10.375851
2 2 199 10.449405 199 5.013977
3
0 2 199 17.597768 199 13.676113
1 2 199 2.587197 199 19.916307
2 2 199 19.477228 199 4.331494
3
0 2 199 19.329822 199 14.919619
1 2 199 8.836839 199 17.152357
2 2 199 18.477801 199 14.484478
3
0 2 199 18.358782 199 9.045954
1 2 199 5.971601 199 3.948827
2 2 199 6.373205 199 1.007675
3
0 2 199 16.113493 199 7.416782
1 2 199 2.505587 199 2.586025
2 2 199 19.766790 199 9.364219
3
0 2 199 5.061070 199 15.847962
1 2 199 6.476795 199 14.859472
2 2 199 10.592346 199 12.448891
3
0 2 199 15.992530 199 7.002408
1 2 199 18.801234 199 5.476009
2 2 199 3.290090 199 12.996659
3
0 2 199 4.367521 199 17.010036
1 2 199 15.771178 199 15.881300
2 2 199 8.751633 199 11.335608
0
