20 19
3
0 2 5 5.455983 19 10.889144
1 2 15 10.641643 19 9.469863
2 2 16 8.146174 15 11.743643
3
0 2 5 14.481048 16 1.575539
1 2 6 13.603006 15 7.415855
2 2 12 4.230456 18 8.740764
3
0 2 5 15.996311 15 17.420832
1 2 14 17.727122 12 4.148780
2 2 11 16.562618 19 1.728334
3
0 2 5 10.992572 16 1.657186
1 2 19 17.095878 17 6.390075
2 2 17 18.186597 16 15.707416
3
0 2 5 7.618075 16 10.229331
1 2 16 12.420909 10 1.043691
2 2 11 1.977525 14 18.825248
3
0 2 10 5.484782 12 8.360627
1 2 10 2.008251 15 6.377312
2 2 10 16.925495 14 8.457636
3
0 2 10 15.617525 13 5.537441
1 2 15 19.862185 17 5.508725
2 2 14 15.468041 18 7.699565
3
0 2 10 10.301799 12 17.533639
1 2 10 4.522946 14 6.828565
2 2 11 10.048198 13 12.516235
3
0 2 10 1.102688 19 19.494607
1 2 19 19.033436 10 3.368996
2 2 11 15.418391 18 1.880702
3
0 2 10 9.284320 18 9.687194
1 2 13 7.076033 14 3.915134
2 2 19 11.322929 16 7.477996
3
0 2 15 9.243468 17 5.552367
1 2 15 4.594590 19 1.478031
2 2 18 1.541371 17 18.618524
3
0 2 15 11.683162 16 14.590726
1 2 16 3.358893 17 18.634149
2 2 19 19.662463 15 15.883363
3
0 2 15 10.961364 16 18.246505
1 2 18 2.070990 15 12.263222
2 2 18 3.249353 17 7.747881
3
0 2 15 6.851270 16 11.935026
1 2 15 15.821126 16 4.109834
2 2 17 3.665203 19 5.132022
3
0 2 15 9.354749 16 7.482928
1 2 16 10.334601 18 19.515945
2 2 18 11.063819 19 11.322622
3
0 2 19 17.956137 19 18.598041
1 2 19 5.773781 19 1.725597
2 2 19 5.940969 19 13.804452
3
0 2 19 15.645105 19 3.692150
1 2 19 5.983364 19 14.239311
2 2 19 12.715335 19 7.260779
3
0 2 19 3.371743 19 11.051399
1 2 19 18.400676 19 2.141510
2 2 19 3.108412 19 5.439771
3
0 2 19 11.701474 19 18.056600
1 2 19 10.322624 19 15.765110
2 2 19 16.874680 19 8.536577
0
