20 19
3
0 2 5 2.249983 11 3.989663
1 2 6 5.795009 17 3.803367
2 2 11 2.070446 10 4.453979
3
0 2 5 19.729658 12 13.058186
1 2 13 7.360859 5 14.259184
2 2 7 8.285492 8 10.249161
3
0 2 5 8.667953 14 14.306290
1 2 9 13.188791 10 11.843376
2 2 12 8.338564 14 4.147410
3
0 2 5 4.686370 14 10.008828
1 2 19 13.148459 12 14.610236
2 2 15 6.456574 17 16.410642
3
0 2 5 12.598936 9 7.003805
1 2 8 19.247958 11 19.907745
2 2 18 7.701854 7 17.668976
3
0 2 10 14.494784 18 16.636535
1 2 19 5.247508 16 11.184440
2 2 14 16.332752 17 17.107975
3
0 2 10 17.291458 18 16.898610
1 2 12 17.678520 19 12.330005
2 2 12 9.711705 17 14.682156
3
0 2 10 10.907232 18 13.018373
1 2 11 4.903294 19 12.244283
2 2 16 14.776194 14 14.317975
3
0 2 10 5.314536 18 18.629340
1 2 17 11.255410 15 3.455063
2 2 12 2.091897 17 14.076015
3
0 2 10 10.322205 17 6.618074
1 2 12 19.491731 14 3.631337
2 2 17 16.695383 10 15.135077
3
0 2 15 10.564287 19 10.082802
1 2 16 13.744680 18 18.823398
2 2 15 8.731866 17 16.094682
3
0 2 15 1.068746 18 4.064590
1 2 19 2.897003 18 5.103388
2 2 17 15.413989 19 13.573823
3
0 2 15 5.878522 18 14.015835
1 2 15 10.372765 16 6.252494
2 2 18 7.586033 16 14.177962
3
0 2 15 4.335849 17 17.183630
1 2 15 8.581124 17 6.746620
2 2 16 7.605391 19 6.726268
3
0 2 15 9.079842 18 14.546758
1 2 17 1.927654 15 5.258745
2 2 18 5.499765 15 4.595533
3
0 2 19 17.315689 19 14.687913
1 2 19 5.678772 19 7.147087
2 2 19 7.546548 19 14.537112
3
0 2 19 4.794842 19 6.175043
1 2 19 12.562982 19 13.400832
2 2 19 19.736505 19 5.469786
3
0 2 19 17.158375 19 3.006861
1 2 19 7.574801 19 16.979282
2 2 19 16.352635 19 15.543342
3
0 2 19 16.317206 19 12.232068
1 2 19 3.253440 19 18.622980
2 2 19 15.150858 19 13.608786
0
