200 199
3
0 2 20 3.584614 102 6.578514
1 2 110 6.921435 56 5.796023
2 2 144 10.698174 152 5.315725
3
0 2 20 12.526299 90 7.520651
1 2 163 11.541910 95 13.931801
2 2 126 5.070786 25 3.801493
3
0 2 20 13.782539 74 1.091986
1 2 159 15.038176 147 9.210984
2 2 100 3.553649 89 12.094950
3
0 2 20 3.879683 73 7.559042
1 2 65 6.762479 191 8.526511
2 2 45 14.860975 93 12.679236
3
0 2 20 14.961079 86 16.190323
1 2 22 7.384629 51 2.595321
2 2 63 15.964992 89 3.787670
3
0 2 20 11.223779 193 7.363985
1 2 28 18.141276 70 1.142821
2 2 59 1.373351 56 18.064142
3
0 2 20 5.143756 122 9.972537
1 2 175 14.223374 82 18.236636
2 2 104 10.208225 191 5.631640
3
0 2 20 14.221542 52 11.902802
1 2 117 9.982361 133 16.993533
2 2 86 2.021999 102 11.468500
3
0 2 20 9.230367 131 3.908903
1 2 50 11.344191 188 4.143275
2 2 38 10.572796 136 8.593473
3
0 2 20 8.798137 42 8.055442
1 2 197 17.296418 166 3.059330
2 2 84 18.925064 25 16.489413
3
0 2 20 4.735531 198 3.218721
1 2 45 9.806692 186 12.265377
2 2 62 6.096228 148 10.173920
3
0 2 20 16.088382 145 13.716137
1 2 172 8.022679 118 6.494424
2 2 196 6.129361 176 7.556469
3
0 2 20 12.432454 173 7.432358
1 2 62 1.806427 181 5.722380
2 2 169 12.605185 153 1.208448
3
0 2 20 18.022755 123 1.628018
1 2 93 7.470088 57 1.384526
2 2 159 2.936407 175 5.285006
3
0 2 20 3.375427 116 18.413220
1 2 86 14.670927 126 13.488711
2 2 161 18.883440 113 10.029867
3
0 2 20 13.072217 111 17.359140
1 2 128 3.486986 106 5.756323
2 2 75 7.950092 89 7.713164
3
0 2 20 6.511296 124 1.322218
1 2 145 1.220491 148 12.962154
2 2 77 1.959296 62 13.781817
3
0 2 20 4.405380 107 18.086908
1 2 196 8.039590 146 18.118589
2 2 150 5.056832 22 11.716080
3
0 2 20 10.119923 98 7.415239
1 2 145 18.605275 40 8.696067
2 2 20 11.915509 158 10.733698
3
0 2 20 5.103800 45 11.527834
1 2 50 16.872330 31 18.568382
2 2 162 3.316700 139 6.557018
3
0 2 40 14.580891 86 5.693713
1 2 177 2.483398 111 7.276118
2 2 192 11.518436 86 4.822456
3
0 2 40 16.523364 108 6.987496
1 2 76 9.070906 58 6.667207
2 2 50 18.863635 126 9.901799
3
0 2 40 5.454986 154 6.328736
1 2 96 7.548708 154 1.073159
2 2 73 18.067166 82 4.993174
3
0 2 40 10.793408 58 11.628963
1 2 152 18.609570 168 19.258472
2 2 51 3.041658 55 1.804477
3
0 2 40 7.268634 109 19.581686
1 2 89 4.804845 69 15.261287
2 2 55 14.272286 126 9.124197
3
0 2 40 19.728837 95 6.842801
1 2 41 17.109682 107 1.195751
2 2 80 14.240864 156 2.817898
3
0 2 40 12.574190 64 9.886307
1 2 141 4.328700 154 15.304174
2 2 49 9.135191 69 11.235035
3
0 2 40 11.795564 129 14.432225
1 2 143 11.040100 129 1.484577
2 2 149 10.013426 76 15.401611
3
0 2 40 7.952395 52 7.401451
1 2 194 12.774384 178 13.189828
2 2 179 3.516278 163 3.021163
3
0 2 40 13.388455 118 13.082007
1 2 193 17.104385 192 12.380800
2 2 172 14.120106 145 6.987452
3
0 2 40 15.194969 108 15.922084
1 2 197 8.964296 186 13.376516
2 2 64 5.598955 61 16.933835
3
0 2 40 13.966038 174 1.732190
1 2 169 15.623198 72 16.729188
2 2 93 1.492305 77 6.316700
3
0 2 40 2.925019 172 7.660707
1 2 112 15.231040 90 3.963460
2 2 77 1.158187 177 10.989541
3
0 2 40 2.023447 45 4.601230
1 2 77 9.779468 110 11.608248
2 2 80 16.143323 152 17.608845
3
0 2 40 11.088463 195 14.394705
1 2 184 3.412585 112 9.929068
2 2 168 2.436771 130 11.216338
3
0 2 40 17.350449 172 19.703998
1 2 69 8.142430 94 15.271809
2 2 138 7.149761 105 13.430366
3
0 2 40 8.482054 77 1.021699
1 2 191 4.535051 127 8.750037
2 2 52 9.201992 158 12.496554
3
0 2 40 13.830250 118 9.877936
1 2 148 7.488847 195 17.239702
2 2 45 13.993512 178 2.456673
3
0 2 40 2.485341 123 9.884857
1 2 66 10.191765 198 11.806957
2 2 138 16.056558 113 15.132127
3
0 2 40 5.085306 171 6.850657
1 2 129 2.775065 104 4.332936
2 2 96 4.669029 115 4.780638
3
0 2 60 1.979928 184 5.822612
1 2 178 4.347904 176 19.071192
2 2 110 17.766165 137 11.107268
3
0 2 60 7.705373 199 8.455923
1 2 179 2.540088 140 7.182813
2 2 127 3.024629 153 6.348822
3
0 2 60 16.021220 64 10.754085
1 2 134 17.151365 143 15.847446
2 2 60 14.572816 196 3.272211
3
0 2 60 11.617367 94 1.497970
1 2 110 2.319735 140 18.779525
2 2 70 4.464268 94 9.441736
3
0 2 60 19.560665 165 14.120131
1 2 97 11.372352 136 9.907755
2 2 186 17.170410 154 12.670819
3
0 2 60 19.662019 90 4.422593
1 2 72 11.830648 109 4.697479
2 2 62 19.833808 103 12.309093
3
0 2 60 13.997573 64 19.275257
1 2 176 17.068138 170 18.061019
2 2 107 2.446139 154 6.677244
3
0 2 60 2.422889 170 15.891005
1 2 68 19.684693 148 10.470188
2 2 197 12.206365 165 5.888914
3
0 2 60 2.806156 120 13.549939
1 2 159 7.997094 164 3.363227
2 2 184 8.551823 145 5.557745
3
0 2 60 19.470701 76 19.324788
1 2 175 10.184829 198 9.732641
2 2 174 17.449750 62 11.061420
3
0 2 60 14.224609 97 16.864890
1 2 91 15.186895 69 14.060529
2 2 124 6.585305 94 8.531588
3
0 2 60 3.763876 71 15.860995
1 2 132 11.890033 104 10.333536
2 2 61 17.978602 64 7.926790
3
0 2 60 7.652028 191 15.679087
1 2 109 18.589074 195 13.964786
2 2 91 11.832522 187 4.281226
3
0 2 60 1.299935 190 15.493378
1 2 100 18.812042 175 3.183194
2 2 168 1.883083 199 2.444045
3
0 2 60 5.604940 132 14.137224
1 2 91 17.468197 123 19.225175
2 2 84 11.053783 103 16.116930
3
0 2 60 9.008815 165 1.349605
1 2 67 18.369869 68 11.611885
2 2 81 9.688928 136 2.964161
3
0 2 60 18.632395 72 14.340289
1 2 172 18.706652 63 10.498915
2 2 181 5.961432 163 1.033467
3
0 2 60 19.652918 133 19.334785
1 2 186 5.725029 119 13.763187
2 2 167 11.533482 174 1.278002
3
0 2 60 7.540910 144 11.062231
1 2 196 9.315178 134 16.317215
2 2 177 12.835652 81 7.967625
3
0 2 60 7.691860 131 15.916346
1 2 104 16.967661 192 3.822111
2 2 161 15.882126 176 6.345579
3
0 2 80 4.375453 175 16.787005
1 2 170 15.116691 108 9.576769
2 2 164 19.896732 161 14.610602
3
0 2 80 12.674722 104 9.860539
1 2 157 1.368480 113 3.679169
2 2 174 7.682892 153 10.771147
3
0 2 80 1.984087 110 11.256176
1 2 85 7.403023 171 8.273764
2 2 179 12.750638 181 13.454246
3
0 2 80 10.025847 169 3.248024
1 2 120 19.219076 94 11.988631
2 2 100 2.254125 169 5.268462
3
0 2 80 14.743900 143 15.619181
1 2 159 4.518582 146 2.054487
2 2 101 6.553791 198 19.572950
3
0 2 80 13.461078 107 6.472310
1 2 118 11.651091 175 14.907383
2 2 114 17.082801 181 1.276267
3
0 2 80 17.598696 112 9.298752
1 2 140 18.334398 199 9.388721
2 2 165 10.686073 177 12.334917
3
0 2 80 19.639896 180 4.720886
1 2 144 4.087257 146 18.101790
2 2 88 14.316563 118 15.725881
3
0 2 80 5.470783 102 4.817905
1 2 115 10.816078 177 9.393516
2 2 168 9.397312 198 16.936666
3
0 2 80 6.817601 136 18.364622
1 2 193 6.106332 143 5.515262
2 2 119 9.319701 98 19.286373
3
0 2 80 17.231462 158 5.562080
1 2 177 10.803201 111 18.890506
2 2 150 4.758246 186 1.401729
3
0 2 80 1.731495 182 11.581502
1 2 171 2.897208 109 4.551365
2 2 185 5.428373 193 12.649283
3
0 2 80 4.777258 125 3.990650
1 2 152 15.213288 83 8.188522
2 2 131 15.679077 178 13.593010
3
0 2 80 9.890814 193 3.587179
1 2 158 7.866689 107 11.854580
2 2 130 8.552649 125 11.946472
3
0 2 80 12.946061 111 2.717349
1 2 140 11.433774 128 14.499769
2 2 146 2.141252 173 7.520485
3
0 2 80 11.419060 98 11.185820
1 2 92 17.318082 98 15.952545
2 2 126 15.756717 172 1.127439
3
0 2 80 14.722282 105 17.715636
1 2 147 1.840989 117 1.910194
2 2 192 4.751421 185 17.540555
3
0 2 80 12.657822 94 13.727469
1 2 198 5.273339 133 3.537215
2 2 189 1.645856 100 8.587197
3
0 2 80 11.553028 95 15.699469
1 2 124 2.529062 149 19.930224
2 2 192 16.200813 173 7.339300
3
0 2 80 14.890963 163 14.979729
1 2 88 14.954308 174 2.675008
2 2 153 6.872259 96 19.035872
3
0 2 100 11.422127 119 9.823819
1 2 199 4.963471 195 2.320523
2 2 123 11.809745 137 13.592302
3
0 2 100 12.408198 141 3.328432
1 2 183 15.568264 109 14.750087
2 2 198 5.930973 171 14.092007
3
0 2 100 7.869681 103 10.662013
1 2 106 8.680201 123 15.396520
2 2 146 19.734210 174 8.010522
3
0 2 100 7.002039 109 1.371251
1 2 142 16.302369 181 7.139898
2 2 155 17.703039 107 13.970726
3
0 2 100 6.264157 162 10.371765
1 2 145 13.178769 124 13.494018
2 2 185 4.056801 176 15.589162
3
0 2 100 4.071148 161 2.305425
1 2 114 11.851223 137 18.092283
2 2 184 11.191877 111 19.457323
3
0 2 100 14.538949 165 8.351173
1 2 103 6.156141 105 18.479172
2 2 133 15.403017 195 4.552086
3
0 2 100 4.761248 107 16.201271
1 2 188 10.416243 108 7.819853
2 2 130 13.556192 136 10.887775
3
0 2 100 3.817711 105 15.235117
1 2 128 1.234679 175 16.756595
2 2 111 3.612453 100 13.304624
3
0 2 100 8.090311 193 3.858633
1 2 118 2.859703 132 2.654188
2 2 132 11.574021 169 13.650388
3
0 2 100 9.581530 162 17.642784
1 2 132 15.700821 167 18.647643
2 2 169 7.580766 106 13.463554
3
0 2 100 3.775197 133 19.443077
1 2 160 7.888508 113 9.038636
2 2 109 16.769347 108 5.027635
3
0 2 100 17.343184 199 10.342385
1 2 169 18.954238 149 17.787660
2 2 195 15.798991 198 14.069619
3
0 2 100 10.920201 130 2.336456
1 2 135 15.976057 101 17.216239
2 2 158 4.824897 135 19.588187
3
0 2 100 8.992608 107 8.857642
1 2 150 5.506522 181 15.100519
2 2 116 3.093121 173 6.568028
3
0 2 100 18.999969 114 7.379400
1 2 183 16.839523 145 9.886197
2 2 110 3.666295 166 7.424478
3
0 2 100 1.423115 143 19.100273
1 2 125 16.815270 181 16.692685
2 2 131 9.195991 145 14.356589
3
0 2 100 17.996543 187 16.304898
1 2 173 17.447871 190 16.561241
2 2 173 2.628782 143 12.847555
3
0 2 100 8.587506 168 6.033157
1 2 148 4.352375 121 11.955474
2 2 153 10.978707 185 5.645215
3
0 2 100 11.893192 191 14.658432
1 2 152 19.936583 116 19.123184
2 2 167 6.410834 162 10.477009
3
0 2 120 16.180199 163 19.536443
1 2 139 11.615580 181 5.545867
2 2 146 11.976440 147 6.042538
3
0 2 120 1.856504 197 14.058672
1 2 165 9.286926 171 14.217810
2 2 163 7.836369 196 3.274259
3
0 2 120 1.609541 137 1.411661
1 2 133 5.611376 159 2.350910
2 2 136 2.533749 161 3.322739
3
0 2 120 12.781320 194 4.547604
1 2 176 12.256960 157 7.663681
2 2 183 14.195523 145 9.079717
3
0 2 120 13.291715 173 6.014650
1 2 142 16.940514 131 6.762506
2 2 128 18.389323 137 1.601546
3
0 2 120 9.661959 150 7.398030
1 2 135 4.685872 186 18.184596
2 2 192 9.698699 143 11.690757
3
0 2 120 16.508188 169 12.831735
1 2 198 6.784804 168 7.195652
2 2 146 5.706332 189 4.529923
3
0 2 120 13.049425 169 9.683823
1 2 188 2.266143 140 12.283281
2 2 126 14.917466 165 9.676834
3
0 2 120 13.909564 183 8.680015
1 2 179 17.943583 183 7.186077
2 2 169 16.451280 157 2.202547
3
0 2 120 17.578296 190 18.579943
1 2 130 3.971392 128 12.402018
2 2 184 14.159617 182 7.510394
3
0 2 120 14.049681 153 18.135682
1 2 133 11.898667 132 19.386513
2 2 149 1.717681 187 10.810411
3
0 2 120 16.291868 137 18.332599
1 2 147 16.569314 178 16.537692
2 2 165 17.831440 159 6.458589
3
0 2 120 16.982432 121 12.105125
1 2 126 12.051992 123 4.910774
2 2 174 1.698522 144 19.107307
3
0 2 120 17.183687 138 12.208482
1 2 190 14.135400 135 7.102255
2 2 163 16.625099 126 19.449768
3
0 2 120 1.241579 159 14.744039
1 2 170 3.593326 196 13.903149
2 2 123 9.112115 130 12.498867
3
0 2 120 7.883787 121 7.981100
1 2 121 18.179076 159 14.352321
2 2 171 17.194676 147 6.819036
3
0 2 120 7.050648 137 11.873791
1 2 185 8.646065 133 1.560544
2 2 162 2.631118 188 13.983196
3
0 2 120 12.835579 179 8.043553
1 2 144 2.339881 172 9.952326
2 2 182 7.181500 188 16.457494
3
0 2 120 8.290634 179 14.354532
1 2 192 16.546732 187 6.167812
2 2 178 4.112665 142 7.528741
3
0 2 120 17.464027 191 7.838152
1 2 163 11.552968 191 3.063516
2 2 170 5.678606 190 2.824238
3
0 2 140 13.572854 186 16.956110
1 2 157 7.189505 195 13.988441
2 2 187 19.943371 160 7.635223
3
0 2 140 19.389456 156 13.350860
1 2 164 5.113709 193 8.904578
2 2 196 12.333116 178 15.706703
3
0 2 140 17.234650 189 6.044325
1 2 178 18.138372 153 9.815331
2 2 187 19.666277 194 19.860227
3
0 2 140 14.188873 188 9.395489
1 2 195 5.860369 178 11.421440
2 2 152 14.116734 178 15.880125
3
0 2 140 10.845207 156 8.915454
1 2 168 11.977640 176 7.831967
2 2 154 1.685345 182 7.286586
3
0 2 140 19.601045 173 3.085527
1 2 147 15.733985 153 17.952874
2 2 186 1.443613 165 14.805471
3
0 2 140 11.878376 156 2.574234
1 2 198 8.516535 174 2.283548
2 2 167 7.951051 183 8.288116
3
0 2 140 13.797743 194 5.767990
1 2 170 2.286452 168 14.377149
2 2 161 11.180517 140 16.152277
3
0 2 140 12.675543 182 14.633906
1 2 198 7.291363 145 16.780499
2 2 156 16.841472 181 3.071295
3
0 2 140 18.960106 180 2.037301
1 2 178 2.089774 181 3.773962
2 2 195 17.639397 142 14.695451
3
0 2 140 2.578525 197 17.996337
1 2 145 13.263211 148 2.842126
2 2 147 9.197763 176 19.348980
3
0 2 140 2.506157 199 8.734523
1 2 161 10.159959 191 10.705093
2 2 140 12.859366 150 17.989409
3
0 2 140 17.948376 179 5.282264
1 2 179 6.159413 171 5.976229
2 2 196 6.272931 157 3.197725
3
0 2 140 12.039009 164 11.237007
1 2 165 18.594025 163 12.529413
2 2 166 18.889286 180 8.875401
3
0 2 140 17.944498 142 10.527871
1 2 162 17.482458 180 8.745230
2 2 179 6.079229 198 8.566002
3
0 2 140 19.265961 154 1.395918
1 2 140 16.002254 183 9.554542
2 2 159 1.284806 187 11.470961
3
0 2 140 10.199447 196 15.371840
1 2 149 5.096716 168 11.448959
2 2 140 1.437064 181 5.285604
3
0 2 140 5.262621 144 16.432646
1 2 147 12.921717 186 11.059593
2 2 165 17.971012 142 14.116037
3
0 2 140 19.101704 190 6.611764
1 2 142 15.659284 143 5.388582
2 2 177 4.758261 172 8.301544
3
0 2 140 8.999527 167 15.605152
1 2 156 19.332766 195 9.782771
2 2 151 15.594479 166 17.434977
3
0 2 160 4.706115 186 4.578384
1 2 185 6.237800 174 2.046906
2 2 170 18.697055 192 4.713415
3
0 2 160 8.820845 185 10.451659
1 2 196 19.197037 194 16.152431
2 2 163 1.200015 199 6.777695
3
0 2 160 15.144882 174 1.212170
1 2 172 7.997851 161 17.678220
2 2 183 14.252252 172 17.808387
3
0 2 160 5.930204 180 16.067262
1 2 195 19.358763 192 7.677766
2 2 175 8.801570 161 18.877577
3
0 2 160 5.723262 192 3.792682
1 2 175 12.860169 189 11.993441
2 2 174 9.625764 167 14.187492
3
0 2 160 6.348883 165 9.815429
1 2 195 13.046463 176 11.764036
2 2 199 3.619954 180 9.418000
3
0 2 160 6.263776 190 8.550027
1 2 197 1.423991 180 19.472623
2 2 186 13.978613 176 10.028103
3
0 2 160 8.185361 161 15.839166
1 2 167 19.944860 188 16.850260
2 2 162 1.032378 199 11.215450
3
0 2 160 1.581721 167 14.514427
1 2 192 12.808314 198 15.250795
2 2 164 7.912837 169 15.754606
3
0 2 160 9.274184 197 18.726099
1 2 166 1.432040 181 3.672722
2 2 189 1.436522 172 17.335404
3
0 2 160 13.907175 176 15.726880
1 2 181 3.988246 160 5.976650
2 2 165 16.447763 174 14.283687
3
0 2 160 4.366956 180 2.137542
1 2 191 1.248040 180 2.764427
2 2 193 8.933127 169 10.859273
3
0 2 160 10.564518 167 4.677026
1 2 173 15.802302 194 17.808684
2 2 170 12.149253 167 8.377272
3
0 2 160 2.741252 197 4.592262
1 2 180 19.384266 194 13.276950
2 2 191 14.086367 189 2.918563
3
0 2 160 17.821465 182 1.719603
1 2 190 17.474857 194 3.199190
2 2 186 14.264564 184 14.505211
3
0 2 160 4.673509 180 13.637414
1 2 188 1.331468 184 8.490127
2 2 179 1.083263 196 15.331942
3
0 2 160 9.814776 170 1.501256
1 2 163 18.077474 194 4.408725
2 2 190 3.165888 175 18.585710
3
0 2 160 10.942928 170 19.773713
1 2 186 2.987029 193 6.797779
2 2 165 14.704392 185 7.361531
3
0 2 160 1.430306 181 15.832563
1 2 160 5.483451 173 1.158880
2 2 176 13.593867 194 2.125810
3
0 2 160 18.402270 176 4.291853
1 2 163 4.583270 177 2.376841
2 2 174 10.214944 199 12.865734
3
0 2 180 14.363643 193 7.010562
1 2 193 7.856220 182 17.056477
2 2 199 10.205490 194 7.673499
3
0 2 180 10.375677 188 15.511629
1 2 180 6.248938 194 16.828947
2 2 181 7.156172 197 6.186906
3
0 2 180 12.464843 195 2.853869
1 2 184 14.822764 183 6.799011
2 2 199 16.794267 182 1.430775
3
0 2 180 4.622429 193 8.440243
1 2 181 16.313933 185 3.420297
2 2 197 16.661759 192 19.618914
3
0 2 180 7.263346 190 4.319451
1 2 192 1.171245 197 4.657093
2 2 186 18.551837 185 7.883349
3
0 2 180 4.951556 194 13.843480
1 2 188 9.771332 193 6.062435
2 2 189 10.285479 186 14.570311
3
0 2 180 18.469029 190 13.368315
1 2 183 14.618437 189 18.004939
2 2 198 10.816241 197 10.267022
3
0 2 180 6.012571 190 7.463491
1 2 194 4.372070 199 6.097376
2 2 197 6.082200 180 10.105212
3
0 2 180 3.650100 186 18.919473
1 2 194 5.430845 189 2.001105
2 2 189 17.383205 182 11.632304
3
0 2 180 10.846848 197 19.349359
1 2 186 12.105863 189 1.115747
2 2 196 8.689179 191 4.063204
3
0 2 180 15.127968 190 4.621262
1 2 186 16.957420 195 9.991223
2 2 194 10.107707 198 8.598451
3
0 2 180 4.439504 190 3.477502
1 2 180 8.828141 194 13.441689
2 2 194 14.824871 181 8.888655
3
0 2 180 6.231683 184 9.010486
1 2 195 11.392668 182 11.176635
2 2 182 13.487840 185 13.835562
3
0 2 180 2.759311 181 11.477487
1 2 187 8.997854 191 1.583415
2 2 191 13.678605 181 2.273707
3
0 2 180 17.400042 199 8.517091
1 2 181 15.145559 199 16.101039
2 2 192 11.177611 181 1.002953
3
0 2 180 16.969450 199 6.070959
1 2 180 11.195932 197 7.913783
2 2 187 19.914069 185 11.696025
3
0 2 180 15.782640 181 4.316281
1 2 185 5.809706 198 17.384891
2 2 191 6.407293 181 8.392252
3
0 2 180 4.244124 193 5.065261
1 2 197 13.479389 181 13.259967
2 2 180 7.558457 184 17.529650
3
0 2 180 11.774825 196 10.798011
1 2 194 17.132767 187 5.364360
2 2 198 11.850097 195 15.428264
3
0 2 180 10.078984 185 8.324384
1 2 187 17.693241 180 17.626893
2 2 190 9.949526 188 17.012454
3
0 1 199 5.508827
1 1 199 4.308099
2 1 199 18.143572
3
0 1 199 14.311237
1 1 199 8.739288
2 1 199 10.834542
3
0 1 199 13.312856
1 1 199 5.829528
2 1 199 11.060584
3
0 1 199 3.946345
1 1 199 17.421197
2 1 199 4.818453
3
0 1 199 13.479941
1 1 199 8.370335
2 1 199 9.369411
3
0 1 199 9.581676
1 1 199 15.886677
2 1 199 19.648749
3
0 1 199 6.399900
1 1 199 16.777678
2 1 199 12.842483
3
0 1 199 9.756250
1 1 199 18.388813
2 1 199 10.525258
3
0 1 199 2.533928
1 1 199 6.367327
2 1 199 7.278355
3
0 1 199 16.121389
1 1 199 8.656015
2 1 199 5.229794
3
0 1 199 9.990924
1 1 199 6.364907
2 1 199 18.921180
3
0 1 199 8.662126
1 1 199 9.082092
2 1 199 19.591106
3
0 1 199 6.959895
1 1 199 8.906754
2 1 199 15.997095
3
0 1 199 6.148999
1 1 199 7.650472
2 1 199 19.492972
3
0 1 199 4.520706
1 1 199 12.213289
2 1 199 11.476560
3
0 1 199 14.931452
1 1 199 3.222382
2 1 199 14.894637
3
0 1 199 6.771979
1 1 199 11.584009
2 1 199 1.595522
3
0 1 199 11.122539
1 1 199 19.983705
2 1 199 17.528403
3
0 1 199 9.513041
1 1 199 10.344336
2 1 199 5.011493
0
