200 199
3
0 2 20 6.931562 166 9.944900
1 2 50 14.300858 25 5.099810
2 2 158 2.943693 146 19.675626
3
0 2 20 9.709128 81 15.085690
1 2 134 12.591903 186 7.858607
2 2 168 7.153439 68 12.629629
3
0 2 20 7.222701 48 7.608760
1 2 187 7.447678 118 12.884735
2 2 191 18.529921 150 16.404502
3
0 2 20 13.178784 163 2.627430
1 2 174 9.087162 114 6.089825
2 2 186 9.873657 197 19.636224
3
0 2 20 13.899217 112 2.444749
1 2 141 8.314260 196 13.323087
2 2 150 6.185356 107 6.901185
3
0 2 20 4.621227 21 13.132151
1 2 50 8.417560 158 4.846022
2 2 179 17.271923 37 2.442329
3
0 2 20 5.253870 142 2.992429
1 2 25 9.852534 68 2.402125
2 2 98 8.864699 146 9.904615
3
0 2 20 17.262564 92 5.294602
1 2 173 12.745666 153 8.542530
2 2 181 10.320072 111 8.054921
3
0 2 20 6.022601 80 3.609345
1 2 83 18.194112 63 12.631190
2 2 96 15.622500 31 16.263990
3
0 2 20 15.225850 197 6.205413
1 2 147 18.516353 56 1.888491
2 2 192 12.623339 105 1.053239
3
0 2 20 10.720813 128 18.145701
1 2 176 19.462838 154 15.776102
2 2 182 4.881235 101 10.001856
3
0 2 20 9.289075 148 11.686604
1 2 192 15.905344 195 1.683331
2 2 20 9.909688 110 18.623789
3
0 2 20 15.858510 75 4.095138
1 2 173 6.616398 193 16.846838
2 2 192 10.958252 137 14.940273
3
0 2 20 7.986735 139 13.940832
1 2 42 6.395401 36 9.290202
2 2 113 9.471548 59 12.878122
3
0 2 20 7.232129 82 16.139900
1 2 77 11.164974 171 3.624254
2 2 99 15.844590 82 18.759022
3
0 2 20 18.162628 135 6.268681
1 2 33 13.720769 188 3.729392
2 2 180 16.339024 43 9.294086
3
0 2 20 4.918952 43 16.965155
1 2 152 8.452680 138 18.115119
2 2 128 19.389041 85 3.104764
3
0 2 20 15.067927 103 3.737619
1 2 36 2.921166 91 2.973533
2 2 86 6.160069 22 19.797994
3
0 2 20 14.440389 79 8.646740
1 2 55 9.862435 133 7.092926
2 2 148 19.720401 179 2.888115
3
0 2 20 17.023989 62 11.765993
1 2 39 2.823099 58 7.624168
2 2 87 4.618374 56 16.721779
3
0 2 40 6.107901 187 18.169529
1 2 47 10.891598 120 11.196593
2 2 120 18.538661 69 7.128212
3
0 2 40 10.102775 112 13.927635
1 2 193 10.824840 89 3.714104
2 2 130 16.661152 197 10.727161
3
0 2 40 3.086770 159 10.610671
1 2 58 6.831501 101 10.545253
2 2 149 19.584266 111 4.155494
3
0 2 40 8.367927 100 8.672422
1 2 134 11.136965 44 12.425458
2 2 184 8.496154 182 11.580261
3
0 2 40 15.773402 176 4.999376
1 2 195 8.205914 122 15.877821
2 2 179 6.288598 196 3.648662
3
0 2 40 2.896710 54 3.616027
1 2 171 3.436050 154 14.421316
2 2 167 12.086969 175 1.926783
3
0 2 40 12.295066 75 5.185964
1 2 154 6.109038 93 14.173976
2 2 64 14.818431 114 3.541171
3
0 2 40 11.104277 138 9.019471
1 2 80 2.210253 74 1.443482
2 2 174 17.780721 45 10.752816
3
0 2 40 8.890722 192 3.673228
1 2 184 9.659837 108 1.555921
2 2 190 12.512625 126 12.752496
3
0 2 40 12.661150 198 17.314736
1 2 113 17.047275 108 16.241242
2 2 108 17.873259 124 6.413321
3
0 2 40 16.023519 64 1.933047
1 2 130 14.438877 192 3.038209
2 2 130 14.458513 163 6.905605
3
0 2 40 15.715450 112 3.834413
1 2 77 14.599637 112 17.012934
2 2 196 13.582162 106 17.058804
3
0 2 40 4.922767 84 9.101639
1 2 138 11.419386 71 11.492408
2 2 59 15.811877 123 16.158027
3
0 2 40 6.538412 98 11.079271
1 2 180 15.785336 178 15.295291
2 2 145 14.451513 47 11.139504
3
0 2 40 6.203282 87 2.771127
1 2 69 18.576787 192 14.217380
2 2 81 3.582416 90 9.570998
3
0 2 40 6.884739 173 6.243481
1 2 55 15.819977 72 2.672788
2 2 167 1.268081 76 2.110944
3
0 2 40 10.556115 96 6.621297
1 2 56 5.942973 178 11.917537
2 2 60 4.247748 61 17.344330
3
0 2 40 11.658511 62 11.164719
1 2 156 5.693160 88 1.499197
2 2 61 8.481006 168 1.220378
3
0 2 40 5.111629 173 1.869782
1 2 186 17.742552 86 19.105619
2 2 151 10.122638 153 17.485885
3
0 2 40 2.702539 177 6.511535
1 2 171 7.387086 147 18.325650
2 2 197 4.552262 169 15.897817
3
0 2 60 6.603636 118 11.477588
1 2 185 7.620628 141 5.833610
2 2 135 12.090965 81 2.053927
3
0 2 60 10.877883 71 16.037196
1 2 118 18.821579 181 13.810665
2 2 166 3.825817 170 10.175894
3
0 2 60 3.073545 164 17.597415
1 2 72 11.257168 63 17.372668
2 2 66 11.758995 192 13.423409
3
0 2 60 5.903617 108 5.966355
1 2 154 10.755436 182 5.076938
2 2 173 8.603579 103 5.795828
3
0 2 60 11.021335 195 7.055607
1 2 124 6.099784 101 16.482084
2 2 155 3.343582 152 5.571140
3
0 2 60 2.153635 108 1.637375
1 2 99 12.288495 163 19.285505
2 2 156 4.157633 125 17.194314
3
0 2 60 4.825511 158 10.122289
1 2 131 12.863221 120 14.813565
2 2 188 19.529753 158 13.418218
3
0 2 60 11.639943 70 9.413089
1 2 97 2.576838 94 5.707928
2 2 122 12.396911 183 12.534270
3
0 2 60 13.291422 112 10.668824
1 2 147 7.056193 121 18.407810
2 2 167 12.031605 121 10.822914
3
0 2 60 1.781659 117 17.937310
1 2 98 6.919836 100 14.524780
2 2 112 9.190397 107 17.065957
3
0 2 60 3.170841 92 6.039722
1 2 146 18.893207 68 9.730200
2 2 195 3.262324 79 15.526267
3
0 2 60 6.182324 89 12.668140
1 2 97 19.701536 167 6.501594
2 2 183 7.314993 137 16.914065
3
0 2 60 18.101115 164 14.717306
1 2 84 7.060945 184 7.532029
2 2 190 9.925156 113 10.296524
3
0 2 60 7.313191 73 14.768981
1 2 67 7.387433 64 2.434857
2 2 115 1.109287 183 12.386743
3
0 2 60 12.259355 127 19.396738
1 2 83 10.721119 169 13.950233
2 2 184 1.229522 129 7.835126
3
0 2 60 17.427555 153 3.150303
1 2 199 4.696851 112 7.933841
2 2 171 2.059803 184 19.333261
3
0 2 60 16.928059 132 13.369242
1 2 187 3.712307 151 2.008395
2 2 147 13.562328 80 4.267621
3
0 2 60 17.363759 76 8.522453
1 2 120 1.879507 161 18.176852
2 2 71 2.812142 94 10.463050
3
0 2 60 5.304062 182 8.719254
1 2 128 12.452994 190 16.336541
2 2 82 6.527709 89 16.616536
3
0 2 60 8.192783 81 14.446142
1 2 154 18.415717 114 13.089686
2 2 93 16.719804 165 4.887365
3
0 2 80 13.625886 130 13.878009
1 2 192 15.172329 170 15.982278
2 2 100 17.101989 142 9.636845
3
0 2 80 17.735893 123 13.128300
1 2 87 13.399352 81 7.798162
2 2 154 18.731666 94 9.139067
3
0 2 80 2.719187 157 6.393124
1 2 176 5.557042 197 14.565069
2 2 179 7.553106 106 14.190075
3
0 2 80 2.661632 107 2.320519
1 2 197 7.784569 191 16.980852
2 2 149 2.720137 96 9.112097
3
0 2 80 9.035206 183 14.971573
1 2 154 12.393304 153 5.162911
2 2 166 19.856272 171 2.182336
3
0 2 80 18.165358 128 10.889210
1 2 138 8.583647 176 1.474524
2 2 101 11.261932 143 1.009540
3
0 2 80 1.476017 161 6.479139
1 2 110 2.238976 81 11.005498
2 2 136 17.276298 85 16.279814
3
0 2 80 1.437871 137 15.002868
1 2 127 19.932458 106 5.571192
2 2 185 6.719983 113 5.095101
3
0 2 80 13.281831 122 3.425306
1 2 173 3.692552 100 9.527642
2 2 135 11.735059 146 16.596181
3
0 2 80 18.583766 108 2.229233
1 2 113 16.199790 172 4.250852
2 2 138 4.361432 193 18.972028
3
0 2 80 1.939071 113 18.808571
1 2 178 5.721155 181 15.646828
2 2 172 13.446123 85 11.042974
3
0 2 80 19.298170 183 13.236592
1 2 158 11.439495 129 9.482155
2 2 112 17.000973 187 11.163510
3
0 2 80 6.055543 154 5.588147
1 2 150 18.911629 117 15.472927
2 2 99 13.686516 116 13.145437
3
0 2 80 13.490644 147 18.736231
1 2 177 12.764682 139 7.493006
2 2 178 5.035963 96 17.183472
3
0 2 80 12.183146 172 13.406443
1 2 152 10.459309 101 4.518301
2 2 102 8.042669 159 1.433499
3
0 2 80 13.314604 155 3.871511
1 2 129 14.384385 197 13.887677
2 2 87 19.260778 140 5.053112
3
0 2 80 9.807461 117 15.303358
1 2 162 14.367598 198 15.757713
2 2 120 7.140891 174 9.354243
3
0 2 80 11.131375 126 5.400803
1 2 169 8.064622 102 11.697205
2 2 99 8.587513 143 14.874653
3
0 2 80 4.169057 184 19.328926
1 2 126 18.976984 181 8.469822
2 2 151 10.842962 194 13.735702
3
0 2 80 8.628727 126 16.342769
1 2 116 11.626479 115 8.092004
2 2 181 7.500770 103 14.816856
3
0 2 100 14.739940 196 4.888205
1 2 195 6.588127 114 12.815082
2 2 134 1.175702 119 7.471841
3
0 2 100 3.127101 158 9.726306
1 2 178 13.250183 113 17.494743
2 2 125 19.155928 182 5.713936
3
0 2 100 17.322978 150 3.405484
1 2 101 15.535598 135 12.827432
2 2 194 17.147182 128 16.349406
3
0 2 100 14.484238 133 9.527029
1 2 131 11.881467 158 2.384019
2 2 110 6.893748 166 7.934508
3
0 2 100 12.064040 157 17.355151
1 2 166 11.841727 131 1.406226
2 2 126 8.242417 156 18.130352
3
0 2 100 14.130606 145 6.033226
1 2 111 14.153462 169 15.736389
2 2 188 19.363576 154 2.382889
3
0 2 100 12.283745 169 16.408710
1 2 181 11.359662 112 14.678601
2 2 134 9.712233 179 11.749484
3
0 2 100 12.351337 124 18.158027
1 2 154 17.333862 128 12.836142
2 2 106 6.573725 154 12.213847
3
0 2 100 14.745141 119 8.630524
1 2 142 9.903997 140 9.327538
2 2 104 13.804734 122 6.326873
3
0 2 100 15.462969 151 2.975531
1 2 196 3.502013 152 9.062445
2 2 196 11.192153 165 7.575430
3
0 2 100 2.007538 140 19.981724
1 2 121 12.281189 106 19.718730
2 2 119 8.546896 137 6.740606
3
0 2 100 12.343421 170 4.594330
1 2 143 19.177685 164 16.893626
2 2 168 13.466239 198 16.119038
3
0 2 100 10.583262 136 4.331651
1 2 194 5.266074 169 13.702334
2 2 129 6.540723 152 10.283167
3
0 2 100 4.897931 102 5.573338
1 2 184 4.354151 159 14.554158
2 2 177 11.599627 155 13.394559
3
0 2 100 5.774843 149 6.488794
1 2 142 6.989656 154 12.771986
2 2 155 16.118542 158 9.393369
3
0 2 100 11.340107 141 10.991806
1 2 125 8.199529 102 1.554768
2 2 118 13.938549 148 13.959688
3
0 2 100 14.756604 121 14.806286
1 2 155 1.296952 151 17.828616
2 2 102 9.762739 153 7.961785
3
0 2 100 8.291707 101 13.055059
1 2 188 17.510537 131 12.489764
2 2 191 9.001689 110 9.960733
3
0 2 100 4.842046 197 4.401339
1 2 118 1.658744 168 12.478952
2 2 110 3.997693 190 10.295769
3
0 2 100 12.207713 156 4.410879
1 2 103 17.303064 176 18.072583
2 2 114 6.464338 137 4.127755
3
0 2 120 6.671194 159 8.443469
1 2 191 15.137540 177 14.111086
2 2 143 16.810296 168 13.153704
3
0 2 120 14.812913 183 8.488327
1 2 149 5.759626 191 19.148109
2 2 187 3.155106 161 2.697891
3
0 2 120 16.074607 148 14.569574
1 2 180 15.258360 146 5.984121
2 2 184 10.052761 182 13.095679
3
0 2 120 7.336618 185 18.473779
1 2 199 2.558452 195 6.647697
2 2 199 2.485444 123 8.338392
3
0 2 120 12.579508 153 1.063590
1 2 126 19.843399 156 3.766186
2 2 146 10.593310 172 6.456416
3
0 2 120 17.456085 151 15.552471
1 2 193 8.153716 178 19.219640
2 2 175 1.594467 187 3.662465
3
0 2 120 8.166350 154 1.730014
1 2 184 12.154638 186 10.018296
2 2 128 10.127523 164 14.926513
3
0 2 120 11.818542 174 8.602612
1 2 175 18.669549 155 4.068185
2 2 142 5.048794 181 10.928910
3
0 2 120 3.504765 181 11.055153
1 2 171 19.017155 143 7.835395
2 2 120 11.180890 186 9.475319
3
0 2 120 10.730925 151 9.139153
1 2 171 1.384561 143 13.280844
2 2 135 18.271530 155 7.012294
3
0 2 120 10.167401 179 2.673046
1 2 126 4.613692 154 19.760794
2 2 192 4.631109 129 9.836608
3
0 2 120 2.334479 165 3.359072
1 2 197 12.305128 186 1.522552
2 2 121 8.337993 186 11.096448
3
0 2 120 14.053237 130 4.491390
1 2 163 18.385676 166 19.455273
2 2 193 17.639188 158 5.995760
3
0 2 120 6.400480 135 8.271179
1 2 178 6.253904 191 13.640411
2 2 179 3.071505 181 1.077585
3
0 2 120 17.655061 121 5.063205
1 2 180 11.559826 128 18.984698
2 2 194 9.975722 121 19.581352
3
0 2 120 5.764596 143 6.801991
1 2 135 13.195227 159 17.601826
2 2 194 18.259390 125 18.396285
3
0 2 120 8.698573 170 15.057527
1 2 199 14.424333 164 3.735811
2 2 161 8.603057 168 7.899336
3
0 2 120 11.339917 146 13.734568
1 2 129 1.637920 165 4.537477
2 2 134 15.542859 185 8.124690
3
0 2 120 8.882725 164 14.981404
1 2 175 5.242085 179 16.685645
2 2 124 5.807351 135 11.981269
3
0 2 120 19.267383 150 13.140343
1 2 132 16.716662 188 11.761726
2 2 150 6.511484 180 6.828324
3
0 2 140 11.323485 176 10.800768
1 2 175 13.416608 170 2.059262
2 2 170 9.217063 166 7.885365
3
0 2 140 2.507540 162 9.689463
1 2 153 7.289015 189 6.936327
2 2 163 15.900559 196 2.631074
3
0 2 140 6.049813 164 11.837476
1 2 197 17.535486 141 3.711059
2 2 187 10.684862 186 14.194554
3
0 2 140 11.420376 143 13.568745
1 2 147 3.246218 165 14.611526
2 2 146 7.689215 161 7.447683
3
0 2 140 2.127716 162 9.371138
1 2 148 10.965859 185 16.830818
2 2 187 16.553978 161 2.878159
3
0 2 140 4.792354 180 19.444272
1 2 169 1.596861 154 9.591911
2 2 152 5.975182 185 1.641454
3
0 2 140 15.657751 194 15.210443
1 2 144 1.082581 149 19.753960
2 2 197 4.764441 160 14.451904
3
0 2 140 10.141697 141 18.719299
1 2 193 16.762409 154 19.424468
2 2 146 12.249928 188 15.753180
3
0 2 140 13.120652 191 15.851290
1 2 199 4.782188 167 11.182557
2 2 197 9.438042 162 13.268142
3
0 2 140 9.297319 195 6.798333
1 2 186 7.323777 164 2.491558
2 2 188 19.728886 197 6.184248
3
0 2 140 3.793087 187 13.557293
1 2 157 11.775950 160 11.148345
2 2 148 5.726787 161 2.772525
3
0 2 140 19.642569 159 11.981777
1 2 192 18.177747 184 10.091672
2 2 146 14.658959 174 9.544999
3
0 2 140 1.923693 164 13.296685
1 2 175 10.762275 173 2.779402
2 2 159 5.807656 143 1.914779
3
0 2 140 13.257073 156 8.990545
1 2 161 12.778457 151 13.027966
2 2 197 3.885402 169 1.128774
3
0 2 140 18.519028 197 15.851381
1 2 159 5.982561 154 9.151614
2 2 170 15.869792 183 18.046597
3
0 2 140 8.329120 162 1.828239
1 2 172 5.296566 152 16.138855
2 2 189 10.031120 192 1.200443
3
0 2 140 16.292656 198 2.809104
1 2 149 17.178856 185 16.423604
2 2 149 13.922716 188 6.732380
3
0 2 140 4.972003 188 19.630673
1 2 172 18.861746 145 10.395423
2 2 172 17.446928 186 4.296886
3
0 2 140 1.209745 171 2.961800
1 2 189 8.824724 155 19.206478
2 2 164 11.452883 179 16.001737
3
0 2 140 7.836548 143 10.658176
1 2 149 2.548118 165 1.272957
2 2 193 1.465091 141 11.041235
3
0 2 160 18.688843 180 19.408155
1 2 160 17.847060 171 8.727939
2 2 185 19.494145 187 14.947279
3
0 2 160 14.249309 170 6.465564
1 2 189 1.209995 161 1.310096
2 2 191 13.084922 176 10.344448
3
0 2 160 4.794326 173 4.213782
1 2 178 4.709114 181 3.363764
2 2 161 14.827118 163 7.500988
3
0 2 160 4.562030 181 13.403367
1 2 175 3.205325 177 2.732040
2 2 178 13.149200 187 5.141583
3
0 2 160 18.575001 190 3.095787
1 2 170 19.142919 185 18.123396
2 2 171 16.307526 172 8.549728
3
0 2 160 2.870145 185 11.062554
1 2 164 1.411888 170 15.947688
2 2 175 7.665448 166 4.538536
3
0 2 160 16.465589 188 12.262040
1 2 173 15.767884 164 13.725871
2 2 169 1.451111 186 12.730492
3
0 2 160 8.515277 196 14.154339
1 2 194 18.766862 163 1.454201
2 2 163 7.470741 191 4.006359
3
0 2 160 10.239469 184 7.905986
1 2 169 14.150756 191 19.633916
2 2 161 5.109827 170 12.508175
3
0 2 160 9.447215 169 6.586353
1 2 161 5.499347 184 4.145351
2 2 175 10.331339 173 1.567070
3
0 2 160 6.448359 181 17.307704
1 2 182 6.161286 168 19.566945
2 2 190 5.395882 197 11.713983
3
0 2 160 12.276568 190 3.730515
1 2 191 10.057166 186 4.194575
2 2 166 17.561428 198 5.513628
3
0 2 160 4.168822 196 9.309495
1 2 197 13.013875 176 3.628131
2 2 188 12.114062 162 18.674049
3
0 2 160 6.067967 192 12.667770
1 2 168 16.866348 170 13.273321
2 2 177 4.061907 198 7.913575
3
0 2 160 14.815967 177 10.778275
1 2 197 7.640537 162 15.772629
2 2 164 10.819206 167 11.219010
3
0 2 160 2.962696 173 15.896402
1 2 170 1.487890 182 4.338091
2 2 171 12.070207 174 19.986674
3
0 2 160 12.256081 169 4.447238
1 2 186 14.157991 174 6.528906
2 2 181 10.563175 182 16.129455
3
0 2 160 13.500735 165 10.770223
1 2 183 4.476081 170 18.382373
2 2 166 13.353188 161 16.499725
3
0 2 160 18.584030 191 6.320091
1 2 186 17.920037 170 1.160455
2 2 184 1.629951 162 4.883821
3
0 2 160 5.837711 190 14.289340
1 2 173 14.485076 197 15.648939
2 2 199 18.294336 196 4.056788
3
0 2 180 12.014533 183 15.725918
1 2 182 8.983567 193 1.312139
2 2 193 13.331678 192 11.661892
3
0 2 180 19.755245 182 18.490586
1 2 193 8.314793 180 16.655512
2 2 196 6.258695 195 16.166746
3
0 2 180 14.632311 181 17.218761
1 2 198 16.468181 181 16.689137
2 2 196 5.374619 184 11.852132
3
0 2 180 10.901417 193 4.636368
1 2 191 11.996597 192 18.537587
2 2 188 16.252148 192 11.201661
3
0 2 180 14.174452 192 2.456022
1 2 196 3.939450 191 1.605757
2 2 192 18.924273 180 7.315040
3
0 2 180 17.474592 187 18.146699
1 2 196 1.256492 188 8.507869
2 2 186 2.571702 199 19.600902
3
0 2 180 4.959320 198 7.382195
1 2 180 8.867004 184 18.983093
2 2 183 13.233723 193 14.550603
3
0 2 180 2.114461 194 6.529231
1 2 183 7.775657 180 8.285464
2 2 180 2.905992 196 8.200249
3
0 2 180 14.994113 196 6.700997
1 2 185 8.225861 190 18.776017
2 2 191 7.839216 181 4.269806
3
0 2 180 16.725948 194 18.638810
1 2 189 6.825791 182 18.637633
2 2 197 15.447060 183 2.567082
3
0 2 180 2.461998 190 14.754927
1 2 182 14.950424 199 17.971307
2 2 183 10.918822 182 6.850924
3
0 2 180 2.260998 191 2.756141
1 2 185 12.621820 194 7.456922
2 2 198 13.198468 195 11.839073
3
0 2 180 15.866869 186 17.396376
1 2 180 19.805497 185 14.495215
2 2 184 17.757178 190 19.703085
3
0 2 180 9.287168 195 18.742769
1 2 197 6.613859 198 13.611920
2 2 183 9.717839 180 4.053640
3
0 2 180 14.219946 187 15.798920
1 2 180 7.595392 181 8.386353
2 2 185 9.159060 193 17.359162
3
0 2 180 13.372283 185 15.686158
1 2 192 14.203882 185 6.234426
2 2 192 6.168999 197 17.175899
3
0 2 180 15.257852 195 12.084365
1 2 195 18.202902 184 15.090421
2 2 188 12.286752 185 3.230181
3
0 2 180 6.841255 181 9.251853
1 2 182 16.888623 183 16.814781
2 2 193 16.870517 185 8.255838
3
0 2 180 11.461391 181 6.624171
1 2 193 6.314909 190 10.389106
2 2 187 17.411561 191 7.261448
3
0 2 180 17.045502 198 17.494236
1 2 192 9.520471 191 9.633560
2 2 192 12.017641 191 6.427864
3
0 1 199 16.539651
1 1 199 13.811826
2 1 199 15.959221
3
0 1 199 1.784109
1 1 199 15.332655
2 1 199 3.997878
3
0 1 199 4.606039
1 1 199 3.114003
2 1 199 12.766463
3
0 1 199 9.152209
1 1 199 5.342092
2 1 199 19.818760
3
0 1 199 16.849852
1 1 199 4.078974
2 1 199 1.724824
3
0 1 199 17.005574
1 1 199 11.991496
2 1 199 14.635489
3
0 1 199 19.109440
1 1 199 13.016523
2 1 199 1.192681
3
0 1 199 1.240491
1 1 199 12.552042
2 1 199 11.951049
3
0 1 199 9.363777
1 1 199 3.866298
2 1 199 6.485820
3
0 1 199 8.732622
1 1 199 3.154758
2 1 199 17.092748
3
0 1 199 8.414294
1 1 199 4.777671
2 1 199 13.782389
3
0 1 199 16.198284
1 1 199 8.565578
2 1 199 19.877456
3
0 1 199 18.615278
1 1 199 16.647496
2 1 199 15.697283
3
0 1 199 2.079168
1 1 199 13.269874
2 1 199 9.949248
3
0 1 199 19.934098
1 1 199 9.998893
2 1 199 6.153184
3
0 1 199 10.112667
1 1 199 7.661053
2 1 199 18.906162
3
0 1 199 16.860595
1 1 199 17.185808
2 1 199 8.855306
3
0 1 199 13.168316
1 1 199 19.517755
2 1 199 17.287580
3
0 1 199 8.014310
1 1 199 14.836721
2 1 199 18.085288
0
