100 99
3
0 2 10 18.642688 28 9.484600
1 2 23 11.804106 44 16.675119
2 2 29 6.912733 25 14.276971
3
0 2 10 1.114291 60 3.483833
1 2 44 6.159170 28 13.511654
2 2 18 11.349948 41 16.342256
3
0 2 10 3.077809 84 12.125467
1 2 47 13.853564 11 15.209710
2 2 30 19.156366 99 3.842617
3
0 2 10 15.987455 98 16.672415
1 2 54 8.314811 77 16.581751
2 2 99 9.529484 86 17.188492
3
0 2 10 16.449561 25 10.188543
1 2 85 11.923952 12 17.202313
2 2 22 1.479622 89 13.656016
3
0 2 10 6.670427 75 1.161541
1 2 16 16.820054 44 10.706677
2 2 92 6.316042 20 3.174767
3
0 2 10 13.131148 62 17.326130
1 2 91 16.887441 15 18.379166
2 2 36 16.626254 30 13.468416
3
0 2 10 14.411200 29 15.522746
1 2 40 8.732557 39 14.958324
2 2 25 18.414393 14 7.066451
3
0 2 10 16.184431 50 3.034485
1 2 24 3.262443 64 13.224044
2 2 19 7.022898 62 9.100431
3
0 2 10 13.063074 75 19.252655
1 2 40 8.828083 87 6.832051
2 2 34 3.881001 22 1.658493
3
0 2 20 4.957091 33 10.827702
1 2 57 5.792998 46 15.617800
2 2 30 8.432893 47 13.676255
3
0 2 20 4.973561 73 16.885019
1 2 92 10.568135 35 16.318255
2 2 80 4.323085 35 16.394868
3
0 2 20 3.390023 91 14.720444
1 2 96 3.131611 92 14.389914
2 2 51 16.729119 41 14.296437
3
0 2 20 12.577050 88 6.420980
1 2 56 11.573586 35 5.335174
2 2 99 4.627388 36 9.218515
3
0 2 20 14.589531 57 1.497512
1 2 97 19.438350 38 10.643606
2 2 40 15.002260 67 17.614307
3
0 2 20 9.157202 58 5.775765
1 2 43 11.230767 34 9.187760
2 2 33 12.334862 84 3.820819
3
0 2 20 1.201127 91 19.345965
1 2 23 17.868865 86 12.995556
2 2 53 15.005502 58 5.046595
3
0 2 20 6.154744 51 19.949955
1 2 87 5.776501 26 15.376058
2 2 75 10.259571 46 2.023937
3
0 2 20 11.032420 25 4.421212
1 2 51 8.971969 59 6.883634
2 2 91 1.042246 77 16.108045
3
0 2 20 3.599691 94 10.436075
1 2 71 4.058543 59 10.774642
2 2 81 11.076798 89 19.115960
3
0 2 30 9.081621 68 7.341794
1 2 81 10.014331 94 7.912132
2 2 77 17.766037 49 16.631480
3
0 2 30 15.973811 58 9.823196
1 2 56 15.760069 33 5.965718
2 2 65 13.034181 77 3.909578
3
0 2 30 17.076841 52 1.664330
1 2 76 16.769439 34 14.163627
2 2 77 1.557035 70 15.203112
3
0 2 30 4.818360 61 5.849432
1 2 90 10.885250 97 13.003348
2 2 85 8.586418 68 2.948227
3
0 2 30 14.359277 65 4.203237
1 2 98 9.605978 62 3.451954
2 2 91 7.232334 42 12.090009
3
0 2 30 2.514147 72 14.106795
1 2 38 17.622652 32 14.710486
2 2 55 10.904344 97 4.387534
3
0 2 30 10.607187 34 16.692465
1 2 65 4.245282 56 15.281006
2 2 88 14.827677 63 9.024876
3
0 2 30 7.977715 94 14.501771
1 2 98 18.358658 62 11.864783
2 2 70 2.129240 80 16.987371
3
0 2 30 5.913764 62 17.015123
1 2 80 15.001479 55 12.472772
2 2 92 3.949249 54 5.764216
3
0 2 30 7.336534 73 15.481270
1 2 82 6.562704 86 10.390646
2 2 96 4.821303 43 11.551570
3
0 2 40 2.079940 68 11.550788
1 2 51 10.053770 80 14.375157
2 2 90 15.454133 68 11.515886
3
0 2 40 9.359946 98 5.588755
1 2 48 15.330558 95 16.091969
2 2 50 8.695306 76 12.795068
3
0 2 40 11.813061 87 10.514210
1 2 74 15.733893 92 18.874352
2 2 48 9.423692 65 15.527213
3
0 2 40 3.609299 97 16.219920
1 2 45 1.022781 57 8.574197
2 2 97 19.990919 92 2.180211
3
0 2 40 15.144887 78 2.666260
1 2 72 10.271934 81 8.855194
2 2 40 14.809006 93 14.432302
3
0 2 40 3.661823 72 16.057293
1 2 82 8.025227 90 18.422650
2 2 65 9.185003 80 6.712955
3
0 2 40 16.530938 88 10.175172
1 2 84 13.547496 42 10.200059
2 2 47 5.243378 86 9.153142
3
0 2 40 15.895452 59 10.049815
1 2 75 3.888555 56 6.418053
2 2 68 11.742856 66 19.583242
3
0 2 40 5.486350 92 19.602413
1 2 49 15.624676 74 13.296846
2 2 53 12.255841 58 4.247764
3
0 2 40 10.935271 84 17.585977
1 2 69 10.891715 40 11.777570
2 2 60 17.445315 50 1.921678
3
0 2 50 14.287645 60 5.250731
1 2 60 2.924841 51 17.170318
2 2 83 14.982785 99 8.562613
3
0 2 50 10.768845 69 17.965182
1 2 95 6.430378 62 14.722978
2 2 52 16.325064 84 17.294468
3
0 2 50 18.201125 74 3.544490
1 2 99 3.700010 78 18.123155
2 2 85 8.880346 82 1.786401
3
0 2 50 15.222575 76 4.092074
1 2 98 4.097770 71 18.906884
2 2 94 1.540954 61 17.001285
3
0 2 50 2.378635 84 10.962630
1 2 70 1.393208 66 9.004958
2 2 74 3.736667 82 15.491808
3
0 2 50 16.304413 89 6.912289
1 2 78 8.414879 85 18.003917
2 2 88 4.331735 70 19.710550
3
0 2 50 18.097304 74 17.076496
1 2 84 1.675326 65 18.550061
2 2 81 10.283655 73 12.613955
3
0 2 50 4.523338 72 8.749507
1 2 82 6.454879 88 17.911133
2 2 85 15.934216 81 12.992197
3
0 2 50 9.116189 85 8.281838
1 2 83 2.914597 86 9.961953
2 2 97 18.953201 85 4.935857
3
0 2 50 1.309137 88 5.306999
1 2 58 17.206528 68 13.989730
2 2 62 5.118917 80 3.951778
3
0 2 60 5.728231 85 16.488138
1 2 76 2.501283 92 18.464965
2 2 77 10.497999 93 12.056612
3
0 2 60 11.943610 67 6.671084
1 2 82 2.114327 62 15.706564
2 2 83 18.938031 78 1.070718
3
0 2 60 13.126760 94 13.293794
1 2 62 17.121109 73 11.407123
2 2 69 4.887803 95 18.692385
3
0 2 60 5.150690 84 7.122313
1 2 99 2.599880 60 2.725068
2 2 78 3.965156 92 1.885173
3
0 2 60 15.129166 88 4.206248
1 2 63 15.656846 93 11.096636
2 2 66 2.528586 60 8.653893
3
0 2 60 14.706117 83 9.945517
1 2 83 18.816097 60 2.624567
2 2 65 4.973472 75 16.260966
3
0 2 60 5.597267 66 2.637784
1 2 77 5.593727 87 19.363552
2 2 99 3.716627 87 15.716728
3
0 2 60 16.858599 97 2.169757
1 2 71 1.817971 92 9.577646
2 2 82 4.336022 84 17.795333
3
0 2 60 2.879498 68 19.149155
1 2 82 19.029814 99 6.561301
2 2 65 5.999509 67 8.747918
3
0 2 60 19.040428 80 14.068194
1 2 74 19.886979 70 15.204763
2 2 65 18.597875 85 12.966157
3
0 2 70 3.896983 84 9.158679
1 2 79 8.082805 94 6.709030
2 2 71 17.243988 97 1.600327
3
0 2 70 12.258786 73 19.319799
1 2 72 8.930597 77 11.258762
2 2 92 7.522649 91 3.084716
3
0 2 70 17.264129 76 19.224966
1 2 90 17.076312 79 19.750618
2 2 99 18.219933 86 15.791581
3
0 2 70 10.466687 98 5.639429
1 2 84 19.879805 73 4.504196
2 2 72 8.335739 91 7.596229
3
0 2 70 1.733037 85 19.241663
1 2 72 6.317492 97 19.283838
2 2 85 12.790442 96 7.286385
3
0 2 70 16.454731 74 3.642538
1 2 86 18.860448 98 13.781266
2 2 71 6.682757 82 11.456569
3
0 2 70 19.907526 72 15.812130
1 2 87 11.349279 77 7.256044
2 2 73 17.982231 70 9.932117
3
0 2 70 16.360334 91 14.191798
1 2 87 15.860694 72 14.807655
2 2 71 19.933244 87 14.537108
3
0 2 70 10.281484 99 19.808130
1 2 97 17.483368 77 9.483295
2 2 78 16.063336 91 8.029576
3
0 2 70 16.516724 83 19.361029
1 2 93 3.258394 95 1.848616
2 2 90 19.747321 99 11.659494
3
0 2 80 3.082073 97 15.558796
1 2 89 8.754064 90 4.597127
2 2 85 2.832432 84 19.149266
3
0 2 80 10.263794 82 1.532431
1 2 82 11.233639 97 15.536539
2 2 94 19.700587 86 6.177502
3
0 2 80 15.906511 86 17.520778
1 2 91 1.656131 83 10.216499
2 2 89 13.461670 83 10.941974
3
0 2 80 1.605844 97 16.588924
1 2 89 14.686890 96 17.563835
2 2 85 8.870589 89 13.035536
3
0 2 80 5.996614 90 17.321807
1 2 83 12.131114 93 4.278798
2 2 82 7.573211 84 14.411555
3
0 2 80 15.700929 87 7.608232
1 2 91 5.394924 95 6.940287
2 2 82 4.129931 90 18.459256
3
0 2 80 15.729787 96 2.590206
1 2 89 12.580726 88 13.312772
2 2 88 14.283002 82 2.638806
3
0 2 80 12.717484 84 16.869043
1 2 96 8.940565 92 16.652406
2 2 86 5.138142 97 10.370444
3
0 2 80 4.508048 88 8.853903
1 2 88 16.056709 94 1.092474
2 2 95 12.331148 99 12.708119
3
0 2 80 12.338590 82 6.409948
1 2 92 2.182404 91 13.365531
2 2 93 15.914205 87 7.189663
3
0 2 90 12.600229 91 17.901731
1 2 98 10.140142 91 11.172175
2 2 93 9.569428 91 13.193398
3
0 2 90 7.287882 93 16.150967
1 2 91 9.719557 93 3.659694
2 2 91 15.664067 99 1.899875
3
0 2 90 3.096737 98 8.671843
1 2 96 17.070864 99 3.159372
2 2 92 12.667093 93 1.248176
3
0 2 90 1.049101 99 17.111714
1 2 94 2.379754 91 7.502531
2 2 95 16.698736 99 15.762387
3
0 2 90 1.607651 95 19.132674
1 2 97 11.501065 98 3.059510
2 2 99 2.527182 91 13.069021
3
0 2 90 18.299700 99 18.910778
1 2 99 7.677831 96 17.263678
2 2 93 9.199395 94 14.332171
3
0 2 90 7.797196 97 3.479798
1 2 92 2.644925 93 1.921374
2 2 99 4.489436 90 17.195286
3
0 2 90 16.621595 99 12.050946
1 2 90 9.810045 98 19.324595
2 2 97 1.025811 96 1.608106
3
0 2 90 2.440724 94 3.527581
1 2 99 13.365157 92 2.826920
2 2 95 16.146197 96 11.186728
3
0 2 90 7.508565 93 19.635496
1 2 90 2.905246 95 11.134877
2 2 98 14.540371 96 16.633578
3
0 2 99 9.121877 99 13.570837
1 2 99 19.069792 99 15.611722
2 2 99 14.471945 99 18.734374
3
0 2 99 7.314063 99 19.543949
1 2 99 4.882572 99 3.849692
2 2 99 2.296498 99 18.770639
3
0 2 99 19.437963 99 16.468581
1 2 99 4.406542 99 15.814994
2 2 99 6.914100 99 6.813395
3
0 2 99 10.897679 99 3.926357
1 2 99 1.193246 99 3.596831
2 2 99 17.332772 99 17.975863
3
0 2 99 17.574832 99 16.751233
1 2 99 6.281681 99 10.182807
2 2 99 7.764467 99 19.984933
3
0 2 99 19.679018 99 9.328342
1 2 99 16.686630 99 6.232668
2 2 99 2.589570 99 3.163492
3
0 2 99 7.076354 99 16.101969
1 2 99 1.761448 99 14.948136
2 2 99 5.723466 99 6.623304
3
0 2 99 17.627311 99 19.634606
1 2 99 14.118746 99 5.134080
2 2 99 13.977072 99 11.327510
3
0 2 99 6.034737 99 2.723860
1 2 99 5.821147 99 14.699114
2 2 99 14.655357 99 18.876568
0
