200 199
3
0 2 20 10.636418 135 7.160263
1 2 135 11.522933 51 8.254407
2 2 177 17.732352 68 19.886268
3
0 2 20 5.409443 48 18.464110
1 2 95 16.277002 65 9.773042
2 2 182 11.879795 148 14.347402
3
0 2 20 8.952696 122 2.327823
1 2 167 11.214967 84 8.364122
2 2 60 5.390392 51 7.885213
3
0 2 20 3.790266 79 4.243711
1 2 121 15.755977 196 8.902871
2 2 92 18.937045 139 3.009440
3
0 2 20 3.205678 76 9.630077
1 2 131 9.680348 101 5.561426
2 2 145 14.996331 91 2.586340
3
0 2 20 3.041074 103 2.895313
1 2 130 5.834057 162 19.248508
2 2 187 7.652564 82 5.227138
3
0 2 20 12.792018 132 9.607870
1 2 159 3.418567 73 8.582989
2 2 108 11.807728 129 19.205238
3
0 2 20 11.124262 158 16.752966
1 2 194 12.873458 172 18.896133
2 2 114 13.267583 149 19.974881
3
0 2 20 18.999085 138 19.964639
1 2 90 14.437005 186 2.491270
2 2 70 4.089405 137 19.149375
3
0 2 20 1.971651 144 4.654125
1 2 63 7.174672 74 3.222188
2 2 41 7.638644 148 16.435360
3
0 2 20 2.541472 166 10.390895
1 2 170 1.914695 57 15.023814
2 2 89 4.852327 130 7.944094
3
0 2 20 6.800356 35 14.166672
1 2 112 3.667044 108 7.322534
2 2 58 4.053531 172 3.504764
3
0 2 20 9.796527 129 7.282918
1 2 154 4.009616 115 11.520306
2 2 103 7.032946 141 4.123052
3
0 2 20 7.563064 104 12.631617
1 2 67 11.094712 95 3.800906
2 2 133 8.510212 185 4.859464
3
0 2 20 18.910834 78 8.618852
1 2 86 10.269480 156 3.845730
2 2 124 4.659112 100 13.490859
3
0 2 20 2.480376 137 2.633757
1 2 58 13.385261 44 3.563775
2 2 66 12.956280 125 6.545622
3
0 2 20 9.041185 139 12.040968
1 2 197 2.542768 179 9.580656
2 2 156 11.058805 124 17.227803
3
0 2 20 2.255327 160 5.098327
1 2 124 17.904354 165 14.506264
2 2 176 2.065814 160 12.985436
3
0 2 20 16.705829 61 1.741140
1 2 79 4.669722 29 12.698330
2 2 35 18.804418 133 16.764205
3
0 2 20 16.238512 30 15.645429
1 2 84 15.876795 194 19.170048
2 2 169 11.651819 161 14.227870
3
0 2 40 1.547296 53 17.631919
1 2 100 1.123050 191 7.519442
2 2 63 9.276755 138 12.056319
3
0 2 40 10.678847 115 1.018134
1 2 79 10.322793 185 11.418265
2 2 122 11.528866 129 9.215260
3
0 2 40 3.049580 63 5.666677
1 2 192 2.690244 51 13.613664
2 2 172 14.052046 145 6.811503
3
0 2 40 16.815587 82 16.654824
1 2 79 16.730171 113 18.018939
2 2 102 8.887833 184 10.124198
3
0 2 40 7.454789 116 8.465097
1 2 139 19.619924 150 13.408995
2 2 129 1.100983 78 12.004850
3
0 2 40 18.883946 130 5.542110
1 2 187 4.769926 136 11.910497
2 2 155 9.073483 168 15.131210
3
0 2 40 10.798363 112 8.719430
1 2 152 19.225183 54 8.239244
2 2 174 4.284037 178 7.540350
3
0 2 40 12.412494 112 11.749570
1 2 101 7.482788 167 15.475199
2 2 175 17.788432 114 3.836418
3
0 2 40 11.871225 124 2.929127
1 2 109 13.789859 76 8.008182
2 2 49 12.051967 68 10.487496
3
0 2 40 19.855219 167 12.011473
1 2 194 9.650443 119 5.812752
2 2 105 6.718404 56 8.114044
3
0 2 40 6.052131 103 14.429505
1 2 102 9.155773 106 11.876011
2 2 195 11.141509 137 17.174016
3
0 2 40 10.445999 49 9.311376
1 2 188 19.952030 123 1.744691
2 2 193 17.020912 77 19.468367
3
0 2 40 17.908771 198 8.712897
1 2 73 13.756928 75 9.513569
2 2 92 3.544649 173 9.361950
3
0 2 40 18.993958 169 4.676390
1 2 62 16.885986 194 16.897854
2 2 136 13.755230 196 14.504709
3
0 2 40 11.396446 41 3.342841
1 2 53 9.331806 105 4.059214
2 2 62 2.505281 152 19.162347
3
0 2 40 18.031215 192 4.416650
1 2 82 3.620135 137 4.341348
2 2 152 15.871081 173 18.350813
3
0 2 40 19.796602 79 9.904475
1 2 60 14.111949 55 1.395163
2 2 45 6.335824 194 16.075295
3
0 2 40 3.712868 77 8.259646
1 2 87 10.021539 192 13.377640
2 2 88 19.249138 58 11.777883
3
0 2 40 8.587470 50 2.579119
1 2 62 7.272762 184 3.159568
2 2 80 12.483166 141 17.663525
3
0 2 40 4.838899 165 17.990019
1 2 72 6.760620 192 11.001366
2 2 52 6.869501 89 8.943036
3
0 2 60 3.725684 72 2.070701
1 2 166 8.651578 158 15.497262
2 2 86 14.514308 193 6.441230
3
0 2 60 4.373363 149 6.737977
1 2 114 15.375360 166 6.457974
2 2 110 15.073382 103 10.572395
3
0 2 60 11.391481 137 16.600792
1 2 82 5.286804 153 19.704005
2 2 101 13.632789 160 18.184662
3
0 2 60 17.432399 153 1.385603
1 2 169 4.934253 133 14.073633
2 2 122 17.259868 165 19.184729
3
0 2 60 6.200309 113 18.531851
1 2 165 12.329161 118 18.854795
2 2 158 11.488446 77 1.683012
3
0 2 60 13.096022 173 5.182764
1 2 73 14.075614 94 5.184381
2 2 133 4.309072 126 7.947736
3
0 2 60 15.457657 140 8.098732
1 2 121 3.946524 132 5.055835
2 2 192 9.448024 171 1.976334
3
0 2 60 13.605775 73 17.460589
1 2 149 19.234214 155 19.974968
2 2 63 15.153312 114 17.669618
3
0 2 60 10.395631 115 2.873349
1 2 139 6.876362 69 3.728617
2 2 86 3.842514 151 2.212519
3
0 2 60 11.548367 129 7.829470
1 2 161 5.645875 92 4.986742
2 2 183 18.572710 105 6.832405
3
0 2 60 4.901454 177 17.820227
1 2 177 3.116874 76 12.730711
2 2 106 1.168069 173 7.442973
3
0 2 60 4.081357 122 9.249061
1 2 105 2.247483 139 11.581697
2 2 197 11.706786 190 16.958712
3
0 2 60 19.934871 192 14.411929
1 2 123 13.898282 95 4.599532
2 2 106 3.708205 77 10.856070
3
0 2 60 10.257567 129 15.507993
1 2 91 16.190682 147 9.404203
2 2 95 17.638723 106 17.429628
3
0 2 60 3.538254 160 3.183178
1 2 189 3.152097 86 13.220217
2 2 94 14.936731 76 19.792457
3
0 2 60 12.716726 106 18.580881
1 2 170 5.173949 82 5.383597
2 2 97 17.717023 76 1.767325
3
0 2 60 7.722838 152 15.883969
1 2 165 10.439185 80 15.744532
2 2 181 1.410650 152 18.625459
3
0 2 60 18.368795 188 15.094920
1 2 104 19.344844 161 9.397826
2 2 138 6.948282 191 12.984990
3
0 2 60 3.123080 160 5.870593
1 2 164 16.418150 147 11.330873
2 2 80 6.733569 152 13.747043
3
0 2 60 4.520193 65 6.943692
1 2 188 18.147382 150 17.538707
2 2 146 8.196442 117 18.859512
3
0 2 80 19.464932 174 1.433628
1 2 120 19.481043 87 4.792208
2 2 137 10.344545 109 12.207451
3
0 2 80 12.030885 165 15.774216
1 2 136 8.943433 176 13.970340
2 2 190 19.415391 132 14.636771
3
0 2 80 9.837762 117 15.727059
1 2 84 11.295621 120 7.581973
2 2 177 6.838333 118 14.317501
3
0 2 80 17.141410 151 18.771926
1 2 135 4.964455 112 12.193762
2 2 169 11.454462 116 17.528231
3
0 2 80 13.112054 130 2.068312
1 2 168 13.016969 146 7.454907
2 2 118 1.967931 172 1.146208
3
0 2 80 16.028939 145 15.520720
1 2 156 4.451508 172 14.119825
2 2 183 15.011843 83 19.537892
3
0 2 80 8.239171 143 16.867676
1 2 98 16.247560 87 14.486093
2 2 184 14.067875 81 2.644177
3
0 2 80 5.752954 144 17.440111
1 2 137 7.644454 151 18.797940
2 2 114 3.392290 123 4.052012
3
0 2 80 19.226404 177 9.055382
1 2 130 17.891187 169 11.443023
2 2 98 7.946221 193 5.858625
3
0 2 80 9.128482 182 16.794790
1 2 154 18.818313 137 4.592311
2 2 149 8.568262 96 11.470861
3
0 2 80 17.704331 193 4.589700
1 2 186 5.143780 121 13.320399
2 2 98 13.251800 114 5.727779
3
0 2 80 16.597703 96 13.444073
1 2 115 15.273730 86 17.333596
2 2 98 13.340687 111 9.533372
3
0 2 80 12.795833 109 5.324214
1 2 180 5.588769 80 3.597760
2 2 124 19.766208 192 19.309816
3
0 2 80 5.242507 106 17.130495
1 2 175 14.710142 105 9.881588
2 2 124 6.590720 148 4.701806
3
0 2 80 5.870990 129 18.619306
1 2 103 12.787957 199 13.691642
2 2 164 12.709767 95 3.879533
3
0 2 80 3.401907 185 13.168882
1 2 144 5.900029 122 3.386354
2 2 86 18.311961 106 2.345893
3
0 2 80 18.019903 112 15.471300
1 2 128 19.806520 92 13.554768
2 2 174 19.400467 183 8.551012
3
0 2 80 12.384175 151 19.858221
1 2 144 9.748156 178 15.854058
2 2 100 8.622036 181 14.375493
3
0 2 80 1.155231 169 18.729538
1 2 109 12.846594 195 14.509373
2 2 114 18.341498 195 13.692100
3
0 2 80 13.906981 175 11.776207
1 2 156 12.281503 91 2.783072
2 2 123 7.596257 94 11.912615
3
0 2 100 17.851543 199 19.520216
1 2 115 10.879142 165 12.878271
2 2 119 1.057763 180 17.648203
3
0 2 100 18.781359 105 18.480167
1 2 102 7.049246 153 3.839798
2 2 101 3.725174 131 15.027973
3
0 2 100 18.141771 133 3.652354
1 2 147 12.752346 145 2.657524
2 2 183 4.748521 138 6.677201
3
0 2 100 14.288641 156 12.582043
1 2 182 16.661522 172 4.973068
2 2 121 16.929695 170 3.697283
3
0 2 100 9.860312 184 2.874672
1 2 113 4.002697 107 3.895944
2 2 145 15.149416 150 18.518184
3
0 2 100 7.780991 158 8.347602
1 2 131 17.678601 170 5.480666
2 2 110 19.957040 125 16.295261
3
0 2 100 5.341667 117 4.295984
1 2 152 6.320335 191 1.471052
2 2 118 9.032194 150 17.930575
3
0 2 100 7.269420 172 18.686632
1 2 100 14.993174 142 1.854398
2 2 158 2.920785 141 19.901753
3
0 2 100 5.203582 173 9.031150
1 2 164 5.570734 158 19.922098
2 2 186 6.885864 118 10.430487
3
0 2 100 13.050245 146 3.846627
1 2 172 4.711461 157 17.289474
2 2 193 6.477645 171 5.512811
3
0 2 100 15.128440 114 14.547070
1 2 165 15.816291 172 1.562859
2 2 185 10.982289 163 1.547147
3
0 2 100 13.285102 109 10.673986
1 2 146 12.476850 105 5.750653
2 2 149 15.096195 185 15.400949
3
0 2 100 8.848904 157 1.622024
1 2 115 13.047085 138 14.243885
2 2 142 16.329239 153 1.721094
3
0 2 100 5.641346 122 16.838622
1 2 177 6.826629 179 8.846727
2 2 153 8.197463 146 6.165090
3
0 2 100 3.522952 120 12.125347
1 2 161 12.764773 128 5.216013
2 2 127 3.016126 100 19.207725
3
0 2 100 1.350997 172 10.092303
1 2 112 5.412039 129 8.551219
2 2 167 9.647438 197 3.003873
3
0 2 100 18.075266 101 7.256475
1 2 136 9.465536 102 2.620543
2 2 168 16.701479 155 9.067745
3
0 2 100 9.525592 175 7.850732
1 2 101 4.386543 105 8.410275
2 2 193 10.351102 161 7.858495
3
0 2 100 18.911679 147 4.090530
1 2 135 6.573812 194 3.656003
2 2 109 16.965071 131 12.818642
3
0 2 100 10.250975 115 15.177154
1 2 101 16.978755 109 1.888199
2 2 165 2.054699 178 3.878015
3
0 2 120 19.172462 163 16.241106
1 2 156 13.951325 185 14.966800
2 2 131 6.945953 167 13.575623
3
0 2 120 3.229581 131 6.843898
1 2 153 15.551484 190 5.952019
2 2 147 7.488321 133 5.914934
3
0 2 120 10.712550 173 3.267957
1 2 185 12.433316 198 4.377095
2 2 192 7.179829 156 13.639902
3
0 2 120 9.884399 157 6.875625
1 2 192 13.898944 174 8.548201
2 2 147 10.010839 181 19.921092
3
0 2 120 15.962283 144 8.483737
1 2 184 9.116855 123 16.738765
2 2 159 16.816959 156 12.388553
3
0 2 120 11.564998 170 1.423560
1 2 136 8.241593 130 11.014301
2 2 144 17.899882 196 7.107734
3
0 2 120 6.762179 139 6.728006
1 2 184 8.011363 168 2.409576
2 2 161 13.368556 154 7.006868
3
0 2 120 16.377195 177 13.847186
1 2 198 10.114357 143 15.209344
2 2 196 2.203589 159 1.994261
3
0 2 120 7.176645 139 9.934394
1 2 192 13.547300 128 6.147923
2 2 129 8.331232 161 16.096344
3
0 2 120 8.969735 190 11.589323
1 2 133 10.086539 149 1.535536
2 2 142 8.229039 181 6.019143
3
0 2 120 5.617266 176 6.758027
1 2 121 15.384088 192 8.781366
2 2 139 15.662930 157 15.464223
3
0 2 120 2.925364 126 5.819689
1 2 191 10.270654 167 1.766746
2 2 164 18.586126 142 6.236712
3
0 2 120 3.421132 154 6.780759
1 2 122 12.463481 153 13.309757
2 2 160 5.855760 191 6.020830
3
0 2 120 12.852450 175 15.049962
1 2 151 16.018457 188 1.021660
2 2 139 8.219781 156 18.371624
3
0 2 120 10.695289 156 7.427402
1 2 178 6.242828 142 11.532587
2 2 186 13.224490 177 15.068020
3
0 2 120 15.772319 147 12.364963
1 2 161 1.252326 169 7.166062
2 2 161 12.037615 171 9.271935
3
0 2 120 9.787390 143 1.099353
1 2 126 9.335073 134 11.252355
2 2 170 10.162300 150 4.033924
3
0 2 120 11.815418 183 8.339039
1 2 140 8.213366 137 11.164172
2 2 152 19.179666 123 9.406000
3
0 2 120 18.161169 195 11.077146
1 2 178 17.376066 151 19.192139
2 2 181 5.635908 170 4.158016
3
0 2 120 13.179051 189 6.144569
1 2 121 5.686433 193 16.400274
2 2 147 17.235571 176 16.496813
3
0 2 140 5.306813 183 16.824976
1 2 163 7.657272 181 7.725651
2 2 149 17.113090 150 17.802503
3
0 2 140 16.886491 144 6.419291
1 2 162 19.059749 188 16.964847
2 2 151 16.916686 179 1.617214
3
0 2 140 11.462041 179 13.997190
1 2 161 12.345173 184 17.197090
2 2 140 5.120215 198 9.640550
3
0 2 140 10.532781 196 2.775688
1 2 163 15.131564 178 4.741908
2 2 198 3.241792 175 7.692366
3
0 2 140 16.181629 162 8.118885
1 2 175 12.075235 190 19.168112
2 2 180 1.582254 179 11.525117
3
0 2 140 3.630782 163 12.003277
1 2 142 9.866970 167 16.888104
2 2 140 12.549055 174 13.764647
3
0 2 140 6.007797 195 9.364201
1 2 176 1.743001 181 10.966916
2 2 191 11.574113 151 3.483080
3
0 2 140 6.166676 192 1.776154
1 2 143 6.416027 192 9.579386
2 2 194 18.348954 166 19.577084
3
0 2 140 10.045776 195 4.798025
1 2 150 16.583598 176 17.656004
2 2 169 4.293921 183 9.054125
3
0 2 140 3.314568 143 17.030990
1 2 154 13.751275 170 17.896574
2 2 146 2.031338 160 3.947230
3
0 2 140 3.877876 149 5.132478
1 2 166 4.607562 163 17.150632
2 2 143 16.168963 155 14.188184
3
0 2 140 13.886008 177 9.530697
1 2 190 17.328731 180 6.201358
2 2 173 18.959480 179 10.919921
3
0 2 140 6.619875 143 12.535811
1 2 176 11.720191 189 8.101108
2 2 154 1.925854 160 1.240685
3
0 2 140 12.545395 143 19.296979
1 2 179 3.839364 156 18.307303
2 2 159 11.407309 186 1.839629
3
0 2 140 16.377516 154 9.496694
1 2 148 10.826478 167 3.222856
2 2 142 6.222086 178 11.578668
3
0 2 140 3.894092 149 8.827219
1 2 146 14.414336 194 8.548796
2 2 164 4.787438 194 10.516078
3
0 2 140 7.566433 172 5.314893
1 2 179 9.403001 142 16.887999
2 2 176 19.071119 188 11.113190
3
0 2 140 15.917529 171 18.031137
1 2 141 9.717605 166 3.370979
2 2 191 1.415322 163 19.451871
3
0 2 140 15.394529 169 11.123242
1 2 184 13.664559 183 12.236519
2 2 150 12.146970 187 14.666895
3
0 2 140 3.865236 189 15.117868
1 2 148 3.964102 154 6.565412
2 2 178 8.975736 156 9.935208
3
0 2 160 12.605212 182 17.134470
1 2 186 7.850749 191 17.470900
2 2 182 3.950796 193 3.202083
3
0 2 160 13.370142 197 13.842296
1 2 173 15.781846 174 13.852494
2 2 180 19.313070 198 9.402025
3
0 2 160 13.596762 197 16.245031
1 2 184 9.151625 163 4.080275
2 2 179 18.601769 186 17.965092
3
0 2 160 9.611149 172 4.130203
1 2 198 7.657789 167 3.555983
2 2 166 4.780509 160 17.253919
3
0 2 160 15.986002 171 19.706327
1 2 178 2.540524 171 14.285853
2 2 191 16.899165 194 9.844448
3
0 2 160 14.838834 181 19.545951
1 2 194 11.948456 190 14.466231
2 2 194 10.964016 191 9.322327
3
0 2 160 5.794992 198 8.073380
1 2 166 18.497594 187 2.185136
2 2 175 2.638442 160 2.561758
3
0 2 160 12.772645 173 13.903008
1 2 173 11.606138 197 10.705613
2 2 168 8.226518 187 5.230439
3
0 2 160 10.504105 166 6.105976
1 2 190 1.807762 177 8.550372
2 2 173 12.536171 183 17.104848
3
0 2 160 8.021306 198 17.105410
1 2 193 8.344131 175 19.059086
2 2 166 12.048434 171 5.827811
3
0 2 160 8.015464 164 6.550269
1 2 181 8.199441 173 4.975613
2 2 197 11.220592 161 1.028582
3
0 2 160 9.200339 162 8.836011
1 2 191 10.880643 194 2.159493
2 2 171 13.084838 175 7.626872
3
0 2 160 7.366990 161 13.341382
1 2 177 12.351384 161 8.619420
2 2 182 19.135406 162 7.320726
3
0 2 160 4.436564 190 11.326642
1 2 197 2.766975 171 15.839106
2 2 180 19.444915 193 12.272443
3
0 2 160 7.416772 180 5.961643
1 2 180 3.504953 187 12.294376
2 2 177 19.118840 196 13.194963
3
0 2 160 2.285382 194 5.203749
1 2 193 8.813204 168 18.074521
2 2 171 8.810738 173 15.699123
3
0 2 160 7.092119 169 17.011222
1 2 184 2.943451 189 7.694523
2 2 179 11.253047 163 12.350256
3
0 2 160 9.471559 199 2.180051
1 2 180 19.395347 197 17.418282
2 2 180 9.590133 194 8.632672
3
0 2 160 16.418777 196 2.951621
1 2 194 2.512508 165 6.639081
2 2 178 17.885924 168 13.359707
3
0 2 160 17.301026 164 2.996864
1 2 181 11.096225 164 16.871324
2 2 198 6.528606 175 6.370860
3
0 2 180 5.995402 190 17.968727
1 2 190 5.998269 187 1.803211
2 2 180 3.359267 188 15.170270
3
0 2 180 4.090564 182 4.414071
1 2 190 6.249783 194 18.436479
2 2 186 16.173532 182 10.152967
3
0 2 180 19.193430 196 12.559932
1 2 189 15.957133 198 16.079048
2 2 191 6.166844 181 2.762986
3
0 2 180 13.897470 194 4.735569
1 2 187 16.190724 190 14.181672
2 2 198 17.417426 191 16.140709
3
0 2 180 1.695474 190 17.922944
1 2 183 11.453747 181 7.067442
2 2 197 19.364467 181 5.568793
3
0 2 180 15.760999 192 6.113289
1 2 187 2.150900 192 19.164086
2 2 198 12.263552 194 9.433126
3
0 2 180 19.792988 196 4.101294
1 2 183 1.251308 188 15.361996
2 2 180 4.551208 190 14.740711
3
0 2 180 2.836747 188 2.746400
1 2 184 18.993401 187 6.954626
2 2 189 10.934940 194 12.753932
3
0 2 180 12.197691 196 6.477891
1 2 191 2.209906 195 6.214716
2 2 185 18.225791 192 18.996340
3
0 2 180 8.981012 195 14.825529
1 2 186 14.746495 199 9.322798
2 2 199 1.115797 192 7.094704
3
0 2 180 14.788941 190 17.180408
1 2 188 15.204164 191 8.326331
2 2 182 18.873317 188 6.519696
3
0 2 180 13.913994 186 15.532375
1 2 197 12.365052 190 14.114616
2 2 196 8.323841 188 14.887278
3
0 2 180 8.407250 193 2.449767
1 2 180 13.715968 197 19.286050
2 2 182 5.393720 181 4.532465
3
0 2 180 8.728091 199 13.358355
1 2 194 2.972833 199 13.499894
2 2 192 2.243638 185 4.317069
3
0 2 180 6.978526 183 9.526672
1 2 188 10.524430 181 11.484215
2 2 195 9.176452 183 8.999617
3
0 2 180 3.055559 196 1.875496
1 2 193 2.228834 185 14.367600
2 2 182 4.306708 181 3.582254
3
0 2 180 18.179518 183 10.306201
1 2 184 14.587616 191 5.122418
2 2 188 5.332453 180 8.648633
3
0 2 180 6.854990 193 3.040319
1 2 186 2.732552 195 13.250224
2 2 185 19.954208 182 6.232978
3
0 2 180 5.153725 196 19.322921
1 2 188 16.264962 184 16.069025
2 2 196 7.447691 198 13.270250
3
0 2 180 15.105949 185 12.076878
1 2 191 13.690567 196 6.001010
2 2 189 16.891655 184 16.975948
3
0 2 199 13.519916 199 16.059468
1 2 199 13.338494 199 12.674990
2 2 199 18.237584 199 13.894543
3
0 2 199 11.301521 199 14.432935
1 2 199 10.033953 199 9.106512
2 2 199 18.211143 199 12.399593
3
0 2 199 8.585991 199 10.883842
1 2 199 13.215399 199 13.045876
2 2 199 13.611950 199 17.970935
3
0 2 199 14.151565 199 5.893256
1 2 199 6.817657 199 1.364215
2 2 199 3.936334 199 3.240403
3
0 2 199 16.068530 199 12.996938
1 2 199 7.814639 199 18.139993
2 2 199 14.002674 199 5.260278
3
0 2 199 10.208189 199 9.005269
1 2 199 6.731071 199 9.510481
2 2 199 1.919528 199 18.823611
3
0 2 199 7.162013 199 15.518909
1 2 199 14.954934 199 4.501231
2 2 199 13.201458 199 1.379738
3
0 2 199 16.704053 199 14.488986
1 2 199 2.633625 199 12.816020
2 2 199 18.835010 199 5.525196
3
0 2 199 8.164064 199 15.301271
1 2 199 14.624341 199 12.434424
2 2 199 10.881250 199 13.062881
3
0 2 199 9.011956 199 11.874162
1 2 199 10.492081 199 19.037556
2 2 199 7.382765 199 19.029531
3
0 2 199 3.551336 199 15.519629
1 2 199 16.311309 199 6.578162
2 2 199 2.354505 199 13.597259
3
0 2 199 7.415554 199 12.981999
1 2 199 5.669183 199 7.236612
2 2 199 17.792737 199 9.145060
3
0 2 199 13.601176 199 7.808673
1 2 199 16.501952 199 5.770006
2 2 199 5.057498 199 9.137679
3
0 2 199 12.649527 199 12.864976
1 2 199 14.249494 199 3.527157
2 2 199 1.658527 199 17.683072
3
0 2 199 4.444318 199 13.878462
1 2 199 17.263338 199 1.983491
2 2 199 9.842338 199 15.170703
3
0 2 199 17.191890 199 11.717585
1 2 199 11.973778 199 15.483668
2 2 199 11.865380 199 18.671297
3
0 2 199 2.571308 199 1.051760
1 2 199 18.364278 199 19.976912
2 2 199 17.788879 199 17.581793
3
0 2 199 10.149400 199 10.268278
1 2 199 18.104596 199 18.499313
2 2 199 4.180926 199 16.291297
3
0 2 199 19.819139 199 1.459728
1 2 199 17.754707 199 9.382697
2 2 199 11.715190 199 10.336589
0
