100 99
3
0 2 10 7.337869 28 11.031819
1 2 67 5.801166 33 3.909541
2 2 62 13.067214 92 7.692280
3
0 2 10 9.638279 70 9.960274
1 2 61 12.810731 37 1.473912
2 2 84 8.899884 27 8.191557
3
0 2 10 17.146728 44 9.768612
1 2 65 14.379045 49 1.645685
2 2 86 15.848117 54 13.178690
3
0 2 10 3.979755 92 7.222048
1 2 39 11.869108 81 13.846880
2 2 23 3.303095 53 18.915938
3
0 2 10 5.419818 35 2.217248
1 2 45 15.331344 37 6.510943
2 2 82 16.966429 60 3.541238
3
0 2 10 7.056036 33 18.116690
1 2 49 17.280400 60 8.370334
2 2 96 1.081271 73 8.492786
3
0 2 10 4.411176 86 15.968394
1 2 67 6.866167 91 1.701208
2 2 90 2.201532 44 9.240166
3
0 2 10 9.852465 88 19.352192
1 2 94 14.988711 34 18.991534
2 2 86 9.189128 30 14.707511
3
0 2 10 15.810105 13 14.943852
1 2 90 7.602265 98 9.492142
2 2 32 13.480818 47 15.338124
3
0 2 10 10.600943 71 8.851495
1 2 29 8.432805 42 17.172847
2 2 81 6.047034 15 3.267060
3
0 2 20 18.300620 47 8.503355
1 2 26 4.947439 25 7.812843
2 2 24 1.294042 33 2.910714
3
0 2 20 19.632716 87 3.053125
1 2 70 1.302135 66 12.608686
2 2 27 16.255975 82 8.256430
3
0 2 20 9.016211 38 13.541269
1 2 97 1.186504 20 3.362730
2 2 76 17.256118 80 10.747826
3
0 2 20 14.067461 41 10.279064
1 2 68 14.389933 65 16.606630
2 2 55 13.403162 76 11.935335
3
0 2 20 10.448468 97 5.404277
1 2 34 14.261491 69 10.998876
2 2 57 16.374727 73 2.624632
3
0 2 20 4.164196 89 3.923835
1 2 22 4.146465 24 17.617161
2 2 22 15.712261 84 14.734550
3
0 2 20 7.749901 37 15.158909
1 2 46 8.901927 50 13.923639
2 2 93 10.153803 34 12.808311
3
0 2 20 4.533375 59 5.638358
1 2 56 15.722481 68 13.629049
2 2 67 6.906704 60 15.182380
3
0 2 20 10.173759 31 3.010395
1 2 82 8.887784 22 3.779751
2 2 94 4.731203 78 19.792247
3
0 2 20 13.543707 96 8.351874
1 2 74 14.922806 94 10.547623
2 2 78 1.527559 26 16.541702
3
0 2 30 12.524445 94 2.424590
1 2 39 15.639929 52 16.515690
2 2 53 4.610472 89 5.417895
3
0 2 30 8.375506 42 1.465809
1 2 60 4.009873 56 16.778021
2 2 63 10.294081 64 6.669944
3
0 2 30 15.668317 94 1.258090
1 2 85 16.679286 94 9.679819
2 2 97 15.547769 42 13.482165
3
0 2 30 17.712690 64 19.605186
1 2 96 12.459250 55 4.768400
2 2 42 13.293751 64 14.127117
3
0 2 30 8.247886 74 19.010281
1 2 37 8.255092 34 17.725256
2 2 51 14.815697 66 9.111750
3
0 2 30 5.618238 61 18.069474
1 2 88 9.942366 93 6.463931
2 2 53 3.365017 51 19.301967
3
0 2 30 6.240360 83 4.705700
1 2 33 16.867636 84 2.259192
2 2 76 16.228231 83 12.274701
3
0 2 30 10.305214 89 19.224435
1 2 93 9.609395 60 5.859577
2 2 35 9.176441 45 8.293986
3
0 2 30 17.718632 72 6.043409
1 2 66 4.110069 65 19.892989
2 2 87 16.495555 31 5.829041
3
0 2 30 6.322518 76 9.745130
1 2 99 4.458873 79 14.052857
2 2 49 10.238201 83 2.553396
3
0 2 40 14.552051 67 12.203216
1 2 61 14.671395 86 6.280467
2 2 79 19.832636 96 4.251055
3
0 2 40 12.410678 56 17.093941
1 2 55 1.783290 91 5.222643
2 2 81 3.219112 87 15.064477
3
0 2 40 8.325509 72 5.879650
1 2 56 13.636410 47 1.266812
2 2 96 13.378819 45 13.916524
3
0 2 40 7.599616 69 3.707842
1 2 40 15.612642 89 9.775196
2 2 79 18.707173 59 11.996498
3
0 2 40 14.247805 59 17.648400
1 2 67 8.400624 88 5.428225
2 2 49 3.579560 61 7.925417
3
0 2 40 14.860705 90 12.999528
1 2 61 19.165309 85 9.979079
2 2 82 19.812402 76 15.099289
3
0 2 40 10.199166 95 6.893839
1 2 95 18.373401 50 3.435170
2 2 82 1.616103 67 5.035881
3
0 2 40 4.548809 74 10.156209
1 2 81 17.398613 52 4.020441
2 2 42 2.976479 73 13.903834
3
0 2 40 17.195499 98 14.789386
1 2 51 18.137364 59 3.649833
2 2 40 8.724740 89 8.608459
3
0 2 40 17.696009 89 10.993115
1 2 95 13.957101 64 18.857005
2 2 64 15.363765 99 13.369396
3
0 2 50 17.716610 81 15.286392
1 2 88 15.162601 70 12.895436
2 2 81 8.210578 90 18.031936
3
0 2 50 17.583840 72 2.952897
1 2 70 16.754857 66 7.486359
2 2 84 17.805152 64 1.258509
3
0 2 50 11.705472 72 11.143724
1 2 66 19.218843 73 14.674654
2 2 75 11.965842 84 14.293739
3
0 2 50 5.726360 82 17.589900
1 2 57 8.563407 97 2.031429
2 2 57 14.702277 73 16.466230
3
0 2 50 4.703083 90 17.628553
1 2 63 11.903051 92 12.801566
2 2 95 16.861396 70 18.642588
3
0 2 50 12.091193 98 1.409037
1 2 51 2.092215 59 15.169633
2 2 81 9.470559 62 5.834339
3
0 2 50 8.380400 73 2.157732
1 2 74 5.218720 56 8.714172
2 2 91 3.052958 96 13.819526
3
0 2 50 17.233562 86 9.501611
1 2 78 8.712570 65 7.240520
2 2 68 2.958770 59 11.774951
3
0 2 50 14.534696 96 19.114424
1 2 58 13.797149 97 15.650330
2 2 50 5.724719 77 17.366096
3
0 2 50 8.527664 97 16.137966
1 2 99 6.414301 67 9.029630
2 2 71 11.328022 79 14.009514
3
0 2 60 14.659156 67 19.055384
1 2 71 4.558881 94 16.969912
2 2 97 2.315260 81 7.813954
3
0 2 60 4.636029 84 9.006439
1 2 61 14.499130 98 5.788286
2 2 98 8.575986 93 9.472084
3
0 2 60 13.436933 61 18.062240
1 2 79 7.881687 95 9.921599
2 2 96 7.386363 67 13.325653
3
0 2 60 4.090622 64 15.072509
1 2 97 17.636790 80 12.482578
2 2 64 8.823663 77 1.377250
3
0 2 60 2.162047 74 1.491262
1 2 91 2.318197 99 15.582284
2 2 72 13.276681 85 6.926912
3
0 2 60 18.984260 78 2.520990
1 2 67 10.256781 85 6.573701
2 2 60 9.500911 79 9.962810
3
0 2 60 16.402701 77 19.046157
1 2 86 9.952148 96 17.597029
2 2 66 3.767043 70 2.704386
3
0 2 60 3.418412 93 17.102043
1 2 65 9.210799 68 4.433163
2 2 79 18.593038 72 3.394841
3
0 2 60 9.549654 70 2.959120
1 2 87 12.444829 63 19.406025
2 2 60 8.136847 94 7.163832
3
0 2 60 12.291795 99 4.860015
1 2 89 19.329217 75 8.299881
2 2 87 18.494595 82 16.137652
3
0 2 70 2.511186 76 19.186780
1 2 94 19.168175 71 11.105289
2 2 89 5.104330 82 4.799009
3
0 2 70 12.955571 89 9.916528
1 2 75 18.886229 89 3.622570
2 2 90 17.983523 87 10.613009
3
0 2 70 1.171160 98 18.183947
1 2 83 1.889939 78 3.301469
2 2 81 10.917893 76 3.275566
3
0 2 70 11.270177 99 6.702263
1 2 85 10.971214 72 18.732976
2 2 97 14.139410 86 10.255594
3
0 2 70 16.755389 73 8.668894
1 2 84 8.778954 95 12.479999
2 2 80 2.077998 83 12.626403
3
0 2 70 16.861628 76 1.200265
1 2 77 3.588430 91 13.024939
2 2 76 17.327848 96 8.558860
3
0 2 70 8.777001 88 15.425071
1 2 70 9.314983 78 12.170691
2 2 92 17.895638 71 10.682700
3
0 2 70 9.033170 84 14.434511
1 2 96 15.765394 93 19.619637
2 2 80 9.531652 72 13.951705
3
0 2 70 15.102253 85 12.964012
1 2 91 17.480410 93 5.570488
2 2 70 15.806125 88 13.247804
3
0 2 70 10.199161 73 13.172319
1 2 93 10.498300 84 10.654164
2 2 79 5.523066 95 11.715365
3
0 2 80 5.775553 93 8.753353
1 2 92 10.593457 82 13.400421
2 2 85 8.366863 95 3.876029
3
0 2 80 18.417980 89 3.675083
1 2 94 13.630573 90 4.068861
2 2 81 19.114001 82 7.076093
3
0 2 80 12.239304 82 9.676689
1 2 90 12.169991 88 14.131640
2 2 98 16.247690 82 11.846843
3
0 2 80 14.176120 91 4.048376
1 2 92 8.383203 98 3.061833
2 2 99 15.912036 80 17.276156
3
0 2 80 12.338598 83 19.464017
1 2 95 11.548338 89 14.153855
2 2 81 19.330690 95 7.023981
3
0 2 80 12.087393 91 9.862957
1 2 83 10.444589 82 18.064121
2 2 80 4.022313 85 10.551379
3
0 2 80 10.715841 95 19.195304
1 2 82 19.556446 84 10.878371
2 2 80 19.467943 92 11.271892
3
0 2 80 17.569611 86 16.672483
1 2 95 17.383777 86 3.431247
2 2 93 16.586674 95 10.103124
3
0 2 80 7.507404 92 1.100090
1 2 95 11.081525 86 5.211733
2 2 97 13.333984 91 4.187324
3
0 2 80 7.480055 96 2.421736
1 2 87 14.279859 93 17.996642
2 2 86 13.061162 93 3.529953
3
0 2 90 9.011668 94 13.233918
1 2 93 16.729511 90 9.901089
2 2 90 17.417278 91 19.380120
3
0 2 90 9.943755 94 12.762828
1 2 91 19.264286 99 13.765633
2 2 92 18.127389 94 14.409199
3
0 2 90 11.066924 94 12.352837
1 2 92 5.871348 97 3.999730
2 2 92 14.313073 96 5.388304
3
0 2 90 13.863569 93 13.786592
1 2 95 12.548414 90 11.638281
2 2 99 2.658924 91 14.066189
3
0 2 90 9.661857 97 16.697912
1 2 90 19.494469 98 13.579590
2 2 92 2.111460 94 15.581829
3
0 2 90 11.476333 97 4.791725
1 2 91 19.840837 96 7.560662
2 2 95 10.162056 93 16.153941
3
0 2 90 11.121797 97 15.803875
1 2 98 13.454954 96 3.423524
2 2 93 11.558039 95 3.881363
3
0 2 90 13.399625 98 9.369134
1 2 97 12.483779 96 13.863862
2 2 90 4.074983 92 15.434367
3
0 2 90 7.218124 92 4.286543
1 2 97 13.693561 92 3.799820
2 2 95 4.987593 90 15.646029
3
0 2 90 16.470395 95 13.677682
1 2 99 10.874596 93 12.837863
2 2 99 16.114520 94 1.179559
3
0 2 99 4.039178 99 15.419857
1 2 99 14.993008 99 11.905487
2 2 99 16.347510 99 17.912479
3
0 2 99 6.133951 99 8.239660
1 2 99 17.986662 99 6.519993
2 2 99 1.238042 99 15.689756
3
0 2 99 10.972121 99 2.376578
1 2 99 19.736094 99 13.845338
2 2 99 3.453750 99 16.193192
3
0 2 99 2.668776 99 3.627920
1 2 99 1.429207 99 6.412448
2 2 99 2.935722 99 12.183289
3
0 2 99 13.231761 99 10.731490
1 2 99 12.863747 99 19.612745
2 2 99 15.420456 99 3.441336
3
0 2 99 9.380485 99 2.235270
1 2 99 18.977545 99 8.343449
2 2 99 14.826838 99 18.145434
3
0 2 99 2.549879 99 11.972127
1 2 99 13.073798 99 4.132848
2 2 99 3.266763 99 7.261982
3
0 2 99 9.160201 99 11.594325
1 2 99 13.463171 99 2.198194
2 2 99 10.137063 99 13.750997
3
0 2 99 19.233127 99 2.168785
1 2 99 7.772715 99 15.695661
2 2 99 12.688404 99 9.738121
0
