50 49
3
0 2 5 13.751140 19 18.660990
1 2 11 4.796662 18 2.082354
2 2 46 4.681203 14 4.350680
3
0 2 5 10.136499 12 1.870011
1 2 17 10.558963 33 4.348875
2 2 42 9.854372 29 15.593705
3
0 2 5 7.264148 30 9.930480
1 2 8 14.161301 25 2.036378
2 2 23 19.015910 11 10.560166
3
0 2 5 2.511638 21 12.888497
1 2 42 15.949680 40 6.304450
2 2 11 19.564399 19 5.878979
3
0 2 5 10.888513 11 8.756917
1 2 40 18.221725 35 8.314479
2 2 47 7.552208 25 11.257861
3
0 2 10 13.015716 15 19.213847
1 2 10 5.750703 26 4.287288
2 2 25 7.315153 44 5.645531
3
0 2 10 7.189514 15 5.480042
1 2 23 5.862824 41 13.022785
2 2 14 8.552830 24 10.490714
3
0 2 10 13.519187 35 16.205934
1 2 43 19.272812 35 19.217937
2 2 38 6.119993 40 5.990070
3
0 2 10 13.563706 11 6.540182
1 2 45 9.193302 13 8.092982
2 2 36 1.777894 24 15.073250
3
0 2 10 10.016458 42 8.582397
1 2 16 4.168182 35 10.367385
2 2 10 7.691517 25 10.309544
3
0 2 15 4.368253 39 8.766793
1 2 33 13.911394 20 5.664357
2 2 49 6.552289 16 15.152939
3
0 2 15 11.303130 38 13.170405
1 2 24 18.920707 29 19.982222
2 2 35 12.985135 44 6.013266
3
0 2 15 17.840772 26 17.850086
1 2 43 14.444094 36 2.327333
2 2 37 15.595804 18 5.314544
3
0 2 15 10.329611 24 3.914112
1 2 45 3.995417 28 16.544224
2 2 15 1.114474 30 17.647163
3
0 2 15 5.245114 41 3.872923
1 2 49 15.357137 27 17.422408
2 2 42 10.505035 22 11.582880
3
0 2 20 15.607024 35 6.873230
1 2 36 12.303913 43 3.384701
2 2 41 3.384186 25 14.090294
3
0 2 20 19.485898 43 5.640368
1 2 28 2.254146 48 18.397492
2 2 20 16.276834 42 9.037800
3
0 2 20 10.808155 36 1.401224
1 2 33 16.351857 30 15.778211
2 2 40 19.836379 26 2.668077
3
0 2 20 9.446856 36 14.940718
1 2 35 3.243708 38 6.181659
2 2 40 14.640833 38 5.020711
3
0 2 20 16.993731 42 19.388695
1 2 35 7.979925 34 10.765500
2 2 40 14.292345 49 10.888694
3
0 2 25 18.791383 49 19.703571
1 2 48 16.296770 44 7.920457
2 2 30 1.573730 32 9.736653
3
0 2 25 5.393220 43 16.009476
1 2 40 4.172396 36 11.663176
2 2 36 10.526318 34 18.219791
3
0 2 25 2.252608 39 12.538593
1 2 35 13.103580 40 4.659928
2 2 28 15.279131 48 10.175476
3
0 2 25 2.870680 45 4.128304
1 2 42 2.666787 46 17.867381
2 2 31 17.939567 33 8.852577
3
0 2 25 5.927593 47 16.949660
1 2 29 3.396079 41 1.326550
2 2 39 19.350589 41 18.860551
3
0 2 30 7.279389 40 10.243674
1 2 30 12.201912 48 3.611367
2 2 48 17.629037 33 8.885894
3
0 2 30 1.109120 31 10.839181
1 2 45 8.111453 40 16.026576
2 2 40 7.201962 36 6.800465
3
0 2 30 17.179518 42 18.453869
1 2 38 8.324172 36 11.799228
2 2 43 8.483821 31 4.761355
3
0 2 30 17.419761 47 8.980705
1 2 38 17.238592 47 6.915103
2 2 42 12.833547 49 7.218287
3
0 2 30 9.326010 33 2.227176
1 2 30 17.259271 46 9.551271
2 2 32 9.279197 38 15.029632
3
0 2 35 7.829516 41 1.366971
1 2 45 15.079136 41 8.312784
2 2 38 11.403490 43 4.441821
3
0 2 35 10.625930 42 8.825408
1 2 47 19.745427 38 2.293041
2 2 36 1.382143 40 17.734673
3
0 2 35 19.378676 37 5.509987
1 2 46 18.135268 38 18.149284
2 2 46 8.771661 35 16.844305
3
0 2 35 16.665824 46 7.097822
1 2 39 3.746585 44 2.351422
2 2 40 7.382110 36 9.176540
3
0 2 35 15.010256 48 3.819777
1 2 43 19.437166 35 5.023452
2 2 36 9.930618 43 7.508929
3
0 2 40 18.844148 42 9.845174
1 2 40 15.928368 47 6.365007
2 2 42 3.247394 46 5.651487
3
0 2 40 19.772607 44 8.657780
1 2 41 5.259642 47 8.283761
2 2 48 4.061554 43 11.532874
3
0 2 40 10.489221 47 17.956003
1 2 43 15.160868 46 9.005269
2 2 41 11.868363 46 19.557584
3
0 2 40 13.871198 47 12.666577
1 2 47 1.566345 41 17.704274
2 2 46 9.983228 48 15.028229
3
0 2 40 16.945558 48 19.009486
1 2 44 9.210245 42 14.201203
2 2 44 3.277610 43 18.189380
3
0 2 45 9.686928 46 13.103642
1 2 46 13.863413 45 17.806292
2 2 48 9.396974 47 18.450439
3
0 2 45 10.782743 49 11.995643
1 2 49 5.174348 48 11.114473
2 2 45 3.788523 47 18.831084
3
0 2 45 18.845364 47 1.721622
1 2 47 13.201167 45 18.632970
2 2 49 18.197768 48 17.924574
3
0 2 45 17.038680 47 19.115923
1 2 46 8.845618 48 1.528793
2 2 45 2.025847 48 7.659125
3
0 2 45 11.179253 46 18.674058
1 2 46 18.793610 47 8.734706
2 2 48 8.375925 46 2.228864
3
0 1 49 2.521564
1 1 49 9.154403
2 1 49 6.442229
3
0 1 49 13.436149
1 1 49 8.690279
2 1 49 8.489407
3
0 1 49 2.543808
1 1 49 13.642640
2 1 49 15.744445
3
0 1 49 7.735214
1 1 49 12.787214
2 1 49 16.688889
0
