50 49
3
0 2 5 1.783505 12 14.935308
1 2 22 17.679812 39 3.280293
2 2 39 2.638582 46 10.836041
3
0 2 5 15.500055 30 3.748746
1 2 40 18.437655 27 7.762624
2 2 46 11.434055 40 19.255281
3
0 2 5 16.664318 25 16.435719
1 2 21 5.478525 7 8.022741
2 2 5 12.497873 31 4.995021
3
0 2 5 16.590460 22 15.424874
1 2 49 11.984843 17 12.129043
2 2 33 10.590930 29 15.102676
3
0 2 5 12.023430 35 3.539226
1 2 40 17.090714 37 12.153240
2 2 13 9.163213 48 8.624764
3
0 2 10 5.705824 33 17.383351
1 2 28 15.479652 24 8.144137
2 2 17 13.968128 23 13.678119
3
0 2 10 8.916061 13 17.960487
1 2 41 18.929139 34 8.180336
2 2 22 6.402682 34 7.519550
3
0 2 10 5.474547 18 7.778317
1 2 46 4.746931 29 13.517917
2 2 16 8.448186 27 7.801508
3
0 2 10 17.781958 31 13.587839
1 2 22 6.239696 21 2.484589
2 2 28 11.815452 47 4.213434
3
0 2 10 12.557426 40 3.668243
1 2 27 3.479923 36 2.778690
2 2 36 6.058546 45 8.969844
3
0 2 15 7.486901 37 18.143530
1 2 17 2.371447 40 19.179156
2 2 20 14.085023 31 4.075047
3
0 2 15 3.537231 18 4.986655
1 2 37 10.086264 36 19.839519
2 2 41 4.397828 44 1.799129
3
0 2 15 13.802684 22 4.563784
1 2 23 5.273200 46 10.142215
2 2 43 15.966153 34 2.275013
3
0 2 15 11.274497 29 19.683264
1 2 41 17.981013 20 1.575975
2 2 26 13.238492 39 17.884614
3
0 2 15 4.751955 44 18.617365
1 2 44 7.303648 28 14.741145
2 2 46 13.226363 35 10.898723
3
0 2 20 13.474338 44 17.708742
1 2 35 3.990214 34 14.737411
2 2 23 8.062327 28 9.357664
3
0 2 20 15.911346 23 15.745415
1 2 25 8.295265 32 5.355534
2 2 35 5.194151 36 19.133901
3
0 2 20 9.478859 26 11.644827
1 2 35 17.707751 22 15.383332
2 2 27 8.955501 43 1.884551
3
0 2 20 6.964701 40 19.820917
1 2 20 17.573585 45 4.718643
2 2 38 8.045219 28 15.563308
3
0 2 20 12.578094 33 1.199643
1 2 41 8.502456 24 14.468825
2 2 26 19.945449 45 10.634717
3
0 2 25 8.811231 41 10.933377
1 2 25 6.839342 36 13.219804
2 2 48 18.219346 47 17.862876
3
0 2 25 17.807266 40 3.562211
1 2 25 10.232313 47 10.782009
2 2 43 18.407987 39 8.828092
3
0 2 25 16.150636 30 14.707593
1 2 32 1.007468 49 7.908802
2 2 32 2.547947 36 16.410305
3
0 2 25 4.424944 41 11.399176
1 2 28 16.766757 45 11.689574
2 2 49 4.493004 41 16.090249
3
0 2 25 4.233660 30 1.902328
1 2 46 19.132621 40 14.225245
2 2 47 18.019427 29 19.381987
3
0 2 30 2.635266 40 5.264744
1 2 47 3.045299 35 7.813561
2 2 40 3.842496 37 6.619099
3
0 2 30 15.134403 38 5.128081
1 2 43 4.780231 36 9.403505
2 2 41 13.266642 35 13.062514
3
0 2 30 17.144178 35 15.854100
1 2 47 19.767597 40 3.391208
2 2 49 12.750768 37 4.987203
3
0 2 30 5.552520 42 14.797142
1 2 38 4.369973 40 1.306715
2 2 46 10.176743 38 9.885510
3
0 2 30 3.188510 33 19.788301
1 2 37 19.090663 44 14.162032
2 2 36 9.366856 42 10.202712
3
0 2 35 8.268223 48 17.752639
1 2 47 15.490409 43 15.211531
2 2 35 8.950861 37 14.522138
3
0 2 35 4.693661 47 4.147317
1 2 35 15.134942 40 9.933707
2 2 43 7.074608 40 19.782821
3
0 2 35 6.675134 47 16.412169
1 2 47 12.355782 42 4.375264
2 2 35 19.039589 37 7.073685
3
0 2 35 13.327271 47 10.606556
1 2 45 11.832665 43 8.850563
2 2 37 19.187300 49 15.507150
3
0 2 35 14.936297 45 6.775199
1 2 47 16.247839 38 11.249984
2 2 38 11.116650 37 10.267054
3
0 2 40 3.416870 41 12.539591
1 2 43 16.265747 44 16.439779
2 2 44 13.803265 40 1.896465
3
0 2 40 11.634505 42 7.790303
1 2 43 3.399626 45 8.331625
2 2 40 15.921780 43 17.017478
3
0 2 40 5.001656 42 15.306939
1 2 48 11.511481 43 15.419625
2 2 41 5.993416 47 16.484661
3
0 2 40 5.129228 46 1.302237
1 2 49 14.878043 44 1.151340
2 2 47 11.774225 44 19.066901
3
0 2 40 7.815362 46 9.824788
1 2 40 3.930982 49 12.761693
2 2 46 11.195146 45 13.431269
3
0 2 45 13.334421 48 12.876415
1 2 47 8.790193 45 9.158840
2 2 48 13.500810 47 6.352448
3
0 2 45 5.715153 47 18.114556
1 2 48 5.266902 46 5.795766
2 2 49 7.905635 46 6.242747
3
0 2 45 19.270651 47 16.505802
1 2 47 13.957991 48 18.186604
2 2 47 6.247783 49 14.217751
3
0 2 45 2.154680 47 10.329553
1 2 45 11.150282 49 12.237573
2 2 45 7.691189 47 2.922988
3
0 2 45 18.422435 49 17.544161
1 2 48 9.010592 46 1.272504
2 2 47 15.731856 45 1.873102
3
0 2 49 15.825283 49 15.229679
1 2 49 3.169115 49 15.404415
2 2 49 2.150731 49 3.576032
3
0 2 49 11.538282 49 1.057598
1 2 49 4.183209 49 2.017051
2 2 49 6.911273 49 3.907224
3
0 2 49 16.697679 49 13.613890
1 2 49 13.908932 49 19.569898
2 2 49 15.676273 49 1.170311
3
0 2 49 5.085264 49 18.272052
1 2 49 2.630143 49 17.263663
2 2 49 12.892146 49 1.319047
0
