200 199
3
0 2 20 13.086667 95 9.223738
1 2 47 6.392805 25 13.585089
2 2 134 9.880920 170 16.320167
3
0 2 20 19.469666 30 19.915200
1 2 178 4.546274 58 17.850770
2 2 97 14.396109 31 14.154850
3
0 2 20 19.209367 81 12.475065
1 2 64 13.655698 185 11.033611
2 2 142 16.464273 32 11.658037
3
0 2 20 10.895130 30 8.472022
1 2 52 4.765156 154 16.057949
2 2 70 10.718922 89 18.414112
3
0 2 20 15.217385 25 5.411614
1 2 55 10.088923 73 10.950776
2 2 112 18.459461 188 19.517828
3
0 2 20 14.957801 97 8.843601
1 2 34 16.452244 180 7.370618
2 2 85 16.982395 44 11.478583
3
0 2 20 7.962282 35 5.621145
1 2 121 12.721990 65 8.298194
2 2 74 5.754757 196 7.591815
3
0 2 20 12.102048 25 16.299973
1 2 70 3.810473 32 4.890505
2 2 188 19.192095 66 5.001914
3
0 2 20 2.519396 26 3.929195
1 2 32 13.015863 161 12.918288
2 2 20 4.437455 53 9.116030
3
0 2 20 10.292024 198 15.366077
1 2 104 2.986818 23 17.103546
2 2 75 19.648022 173 16.750523
3
0 2 20 12.778784 148 16.431274
1 2 70 13.960203 150 14.894271
2 2 88 19.458401 151 18.235905
3
0 2 20 5.445945 64 19.512812
1 2 97 9.241133 155 7.238669
2 2 51 8.945487 198 2.743783
3
0 2 20 19.144117 178 18.767956
1 2 160 18.691190 175 9.911606
2 2 44 6.488606 125 10.603483
3
0 2 20 14.516779 40 14.154082
1 2 71 2.105863 95 2.625852
2 2 112 15.385271 44 8.671658
3
0 2 20 18.089919 46 9.395831
1 2 108 8.978295 48 14.955968
2 2 64 12.392157 133 1.644342
3
0 2 20 5.978508 33 10.726012
1 2 88 8.379461 22 6.184588
2 2 149 18.794350 80 6.897323
3
0 2 20 6.439967 185 7.884513
1 2 134 13.664639 41 3.971622
2 2 50 8.010945 47 4.502789
3
0 2 20 8.738458 179 13.679741
1 2 87 19.255618 35 15.757471
2 2 162 7.287049 179 13.191904
3
0 2 20 17.617096 58 19.773564
1 2 104 5.980416 21 11.168871
2 2 135 8.120169 154 1.569042
3
0 2 20 4.098584 26 17.291140
1 2 198 3.922948 138 19.472927
2 2 186 9.822340 199 12.992820
3
0 2 40 19.748062 180 13.148655
1 2 154 4.406550 194 5.818844
2 2 172 7.714948 99 3.377944
3
0 2 40 4.401838 96 6.890928
1 2 176 9.552331 129 1.353839
2 2 47 5.820256 62 5.657301
3
0 2 40 15.514677 157 12.131853
1 2 128 13.191998 41 8.962654
2 2 74 4.716916 196 13.601157
3
0 2 40 14.323043 71 5.935915
1 2 183 17.941814 104 16.517410
2 2 90 5.157605 162 4.770408
3
0 2 40 10.794904 59 5.923821
1 2 141 9.997627 161 2.888140
2 2 134 19.238812 119 16.557841
3
0 2 40 13.876916 79 8.031095
1 2 131 9.572627 88 1.165128
2 2 79 16.505249 53 18.456102
3
0 2 40 11.744435 90 15.448623
1 2 140 5.099150 77 3.789614
2 2 57 11.702236 180 11.513846
3
0 2 40 15.340062 132 14.754437
1 2 45 2.706892 184 15.056937
2 2 86 17.742954 61 6.422127
3
0 2 40 8.741618 124 19.210167
1 2 137 2.733001 191 8.828567
2 2 191 8.910937 113 14.890024
3
0 2 40 18.684972 186 10.741165
1 2 167 7.648444 169 6.096951
2 2 61 18.656805 158 6.156846
3
0 2 40 2.289286 156 5.126998
1 2 79 3.453560 197 5.566997
2 2 45 6.927957 65 14.115057
3
0 2 40 18.146223 176 14.799087
1 2 93 17.456434 138 19.753941
2 2 165 16.276575 59 5.709755
3
0 2 40 1.970108 145 7.945266
1 2 192 14.038265 67 15.503745
2 2 64 19.763650 135 16.515543
3
0 2 40 18.218042 156 11.590418
1 2 140 12.887431 108 19.096584
2 2 88 7.949631 193 8.882079
3
0 2 40 5.889997 45 15.322225
1 2 67 17.655044 149 2.353269
2 2 157 2.920592 83 10.336935
3
0 2 40 3.890820 54 11.247237
1 2 43 10.913888 148 3.109642
2 2 128 19.144579 82 7.408387
3
0 2 40 5.761902 97 15.470625
1 2 183 9.249751 46 3.816100
2 2 72 12.874900 169 10.790395
3
0 2 40 3.476425 127 10.511014
1 2 176 19.408498 99 7.998403
2 2 66 18.244079 181 10.869924
3
0 2 40 8.982022 45 18.320478
1 2 129 10.748306 53 7.918433
2 2 121 5.570413 58 4.459084
3
0 2 40 12.733523 111 7.286796
1 2 54 8.391187 142 19.455162
2 2 167 5.997384 76 11.537066
3
0 2 60 11.622583 94 15.929887
1 2 179 18.244708 172 7.982189
2 2 162 5.621905 65 3.657779
3
0 2 60 7.264832 121 8.173871
1 2 116 11.104317 115 7.171687
2 2 110 17.841260 76 9.861143
3
0 2 60 8.612363 195 9.205783
1 2 130 17.110430 136 14.791551
2 2 199 8.752871 83 6.944744
3
0 2 60 15.251531 154 16.432287
1 2 150 5.998486 106 4.165759
2 2 111 7.120793 136 10.261459
3
0 2 60 4.144919 170 11.799620
1 2 110 4.420527 101 17.251602
2 2 182 19.659440 156 12.900357
3
0 2 60 2.826151 109 6.330508
1 2 124 10.262386 140 17.024628
2 2 61 17.551288 170 11.373452
3
0 2 60 9.446647 111 19.099749
1 2 188 16.157873 154 2.618406
2 2 184 15.169175 106 8.281373
3
0 2 60 2.758686 121 4.633025
1 2 166 12.838842 151 14.565907
2 2 79 14.660460 157 16.782049
3
0 2 60 3.043334 163 14.925124
1 2 187 5.850231 99 15.855120
2 2 83 7.677391 138 2.160302
3
0 2 60 16.187315 68 5.131045
1 2 187 2.091434 148 5.063861
2 2 90 15.418536 95 6.300661
3
0 2 60 1.674259 138 19.282087
1 2 128 14.465972 69 12.429589
2 2 88 1.758493 199 3.447559
3
0 2 60 17.189079 115 4.556846
1 2 182 17.836945 112 2.127441
2 2 173 11.016759 125 19.418876
3
0 2 60 4.765808 86 9.182263
1 2 179 6.261400 117 11.712124
2 2 167 16.411007 105 11.708246
3
0 2 60 15.239491 195 12.131590
1 2 73 7.007767 120 1.843850
2 2 177 14.528958 174 17.174052
3
0 2 60 15.566229 106 9.512028
1 2 172 16.438432 124 17.586093
2 2 191 9.253554 75 15.400312
3
0 2 60 13.266027 188 4.092835
1 2 166 1.990028 97 7.897317
2 2 157 12.885916 106 10.695990
3
0 2 60 10.489978 106 13.537017
1 2 75 1.146353 182 17.430392
2 2 62 2.530472 182 16.356267
3
0 2 60 6.435982 66 10.121764
1 2 92 11.348266 74 13.017031
2 2 185 12.595914 139 10.345166
3
0 2 60 19.428489 195 5.179637
1 2 119 17.951895 105 18.149783
2 2 171 2.680256 129 16.659025
3
0 2 60 11.193503 171 8.439704
1 2 78 15.885419 159 5.447321
2 2 88 2.114880 138 15.260025
3
0 2 80 12.761156 162 1.669702
1 2 188 9.699822 187 19.220453
2 2 148 10.332125 156 1.812935
3
0 2 80 12.332738 81 8.126486
1 2 174 19.815205 156 18.267888
2 2 184 15.845761 97 10.719563
3
0 2 80 3.495533 171 18.334165
1 2 109 6.905688 148 16.452785
2 2 81 14.849504 121 16.579509
3
0 2 80 15.956531 151 3.421366
1 2 172 15.943547 160 7.509576
2 2 147 3.550052 94 18.762886
3
0 2 80 9.771578 138 5.651409
1 2 122 2.690168 137 6.434223
2 2 195 3.956418 84 8.565618
3
0 2 80 10.208396 113 3.012052
1 2 139 14.382826 170 3.319440
2 2 183 7.201962 104 7.948801
3
0 2 80 1.357548 189 5.564020
1 2 139 13.160014 129 9.087031
2 2 101 16.517789 198 12.076575
3
0 2 80 4.335002 147 3.122877
1 2 139 1.370049 175 11.147739
2 2 180 9.282058 142 17.214060
3
0 2 80 13.872148 129 17.906098
1 2 165 19.860527 108 2.279783
2 2 187 18.726672 132 18.219619
3
0 2 80 8.486735 120 4.443048
1 2 117 10.997605 150 4.708306
2 2 124 16.295945 165 4.785158
3
0 2 80 19.868432 156 17.292515
1 2 102 6.467890 159 9.396709
2 2 117 5.381769 161 18.353981
3
0 2 80 6.255681 84 17.907697
1 2 143 19.520757 102 3.024365
2 2 169 3.349357 118 8.455854
3
0 2 80 16.938193 123 9.529318
1 2 86 16.010435 139 12.065419
2 2 151 4.649865 186 14.702142
3
0 2 80 3.448825 103 12.656560
1 2 184 15.117040 190 1.295175
2 2 197 3.344565 130 2.169219
3
0 2 80 5.412379 172 15.104985
1 2 113 18.013501 171 17.889752
2 2 172 10.651047 187 12.719894
3
0 2 80 11.574386 116 11.764638
1 2 123 8.631102 191 3.672092
2 2 93 11.117547 180 10.547679
3
0 2 80 11.800288 90 17.486541
1 2 161 2.115855 195 16.101415
2 2 177 3.605081 119 14.057725
3
0 2 80 18.224492 188 10.219668
1 2 153 7.278269 163 8.954429
2 2 86 11.386383 84 16.742720
3
0 2 80 12.151238 103 9.718158
1 2 122 8.566713 163 6.620911
2 2 194 11.993197 174 18.760275
3
0 2 80 12.194247 155 16.888436
1 2 181 6.290156 109 7.095955
2 2 169 8.888662 134 10.446999
3
0 2 100 17.136384 174 14.932880
1 2 174 14.577977 173 7.921381
2 2 161 1.880745 179 11.495000
3
0 2 100 1.305622 117 11.571014
1 2 192 13.930669 133 5.763752
2 2 145 4.738658 190 16.844549
3
0 2 100 10.641539 182 10.993240
1 2 162 4.255120 124 9.950999
2 2 151 11.815774 185 10.239590
3
0 2 100 14.683507 119 18.844524
1 2 151 19.486080 128 13.597817
2 2 154 2.880600 106 2.258640
3
0 2 100 6.639597 158 9.099562
1 2 128 14.302012 108 9.040472
2 2 162 8.224842 189 3.924522
3
0 2 100 15.323072 138 4.313592
1 2 144 13.152560 143 16.034397
2 2 121 14.277697 110 15.286815
3
0 2 100 14.077271 148 17.404418
1 2 195 3.638254 142 19.134785
2 2 111 9.928546 156 17.920522
3
0 2 100 18.868971 184 16.281572
1 2 111 15.683362 194 11.379885
2 2 117 1.919599 100 19.927543
3
0 2 100 5.469142 141 12.109939
1 2 154 5.127667 131 15.028544
2 2 191 16.020634 199 4.354631
3
0 2 100 2.184572 155 13.172172
1 2 118 14.056822 156 16.371832
2 2 166 5.247724 130 12.167168
3
0 2 100 1.870797 187 7.041130
1 2 137 12.773284 156 14.167900
2 2 104 15.687255 151 16.559536
3
0 2 100 7.701208 121 17.320594
1 2 134 11.337896 110 13.254789
2 2 183 12.606122 134 18.633278
3
0 2 100 5.641212 134 18.773352
1 2 184 15.775499 149 4.262449
2 2 136 5.047525 116 2.934261
3
0 2 100 13.731758 178 18.026285
1 2 149 8.223497 189 7.784931
2 2 105 16.398678 145 9.196243
3
0 2 100 3.771429 194 15.806571
1 2 194 9.583261 152 19.900720
2 2 138 1.920415 198 8.435461
3
0 2 100 14.930931 173 14.714048
1 2 106 17.710730 118 10.758341
2 2 194 5.783454 172 2.315004
3
0 2 100 5.776590 141 6.044013
1 2 154 3.324974 131 16.416134
2 2 132 12.211158 177 2.963353
3
0 2 100 17.456473 175 19.422858
1 2 192 14.950097 193 14.849432
2 2 122 7.063331 124 10.269752
3
0 2 100 1.414080 186 9.752124
1 2 187 8.925780 198 14.263843
2 2 176 3.980041 123 8.808777
3
0 2 100 15.404062 191 9.677232
1 2 119 16.344082 192 18.319776
2 2 196 6.583530 133 12.630802
3
0 2 120 3.025653 164 3.516814
1 2 167 3.107678 188 8.160306
2 2 170 13.144504 175 16.120650
3
0 2 120 1.701564 133 9.427940
1 2 157 16.173070 121 17.433772
2 2 161 6.619994 188 5.546154
3
0 2 120 7.854779 133 7.316815
1 2 186 3.371729 139 11.005018
2 2 153 19.424486 126 19.956523
3
0 2 120 10.889714 169 5.007841
1 2 163 18.475720 122 16.910684
2 2 170 2.937918 153 8.390838
3
0 2 120 13.672953 123 9.299389
1 2 127 19.848449 128 13.069626
2 2 169 8.283490 129 19.162408
3
0 2 120 19.446594 162 9.181076
1 2 149 17.960655 179 8.287867
2 2 135 4.416712 159 15.467971
3
0 2 120 8.246534 146 16.468448
1 2 192 5.796818 151 5.220052
2 2 137 7.921566 139 3.426319
3
0 2 120 9.670976 141 14.743480
1 2 172 7.983115 132 12.665694
2 2 154 18.185896 141 16.595016
3
0 2 120 14.459239 151 6.673214
1 2 162 14.891889 154 11.104574
2 2 174 18.123167 188 19.421124
3
0 2 120 4.515990 135 11.088343
1 2 173 7.595560 171 10.760907
2 2 163 11.748796 178 9.143728
3
0 2 120 18.103212 171 18.805620
1 2 197 14.624739 182 5.433396
2 2 130 19.765908 176 18.550013
3
0 2 120 5.315011 134 2.749664
1 2 175 16.957534 138 5.649820
2 2 135 13.291184 137 8.288984
3
0 2 120 2.853604 189 7.091392
1 2 178 1.133099 157 6.436868
2 2 149 12.958257 180 9.594756
3
0 2 120 7.347690 159 13.128706
1 2 184 3.655797 176 11.228478
2 2 190 14.284782 166 6.974479
3
0 2 120 15.920826 158 7.022467
1 2 149 4.728859 169 18.201471
2 2 172 6.513180 198 5.279695
3
0 2 120 5.369834 147 3.840937
1 2 121 3.146952 126 10.991959
2 2 141 6.642717 186 19.889735
3
0 2 120 16.558937 195 7.043025
1 2 137 13.148646 174 1.359558
2 2 175 2.520839 149 13.264149
3
0 2 120 3.577176 124 2.975151
1 2 174 19.753133 127 16.710887
2 2 165 4.692994 136 17.325074
3
0 2 120 14.110579 153 16.733215
1 2 122 11.923717 148 15.659004
2 2 195 17.438738 125 15.305488
3
0 2 120 16.780825 193 6.070247
1 2 190 17.540380 169 13.081221
2 2 175 11.146217 196 12.743484
3
0 2 140 6.167988 186 18.483184
1 2 158 5.312564 182 13.593234
2 2 156 3.411452 146 10.680582
3
0 2 140 7.815967 186 19.983823
1 2 198 12.935909 186 11.646356
2 2 149 15.547525 143 2.922160
3
0 2 140 5.105807 169 1.561620
1 2 147 8.564812 150 10.071120
2 2 171 18.847163 192 17.056659
3
0 2 140 18.985660 176 2.150371
1 2 164 14.466149 184 16.629188
2 2 183 1.634206 164 18.350050
3
0 2 140 7.210393 169 2.961947
1 2 140 6.461024 168 5.857935
2 2 151 19.278312 171 17.058452
3
0 2 140 7.875803 174 8.676584
1 2 182 9.659454 183 9.254588
2 2 192 7.989766 159 10.167914
3
0 2 140 2.220370 143 14.569794
1 2 165 8.127105 163 3.910999
2 2 177 13.228584 153 12.278187
3
0 2 140 16.270607 195 4.618082
1 2 168 9.424245 164 14.444864
2 2 140 18.964103 188 17.696918
3
0 2 140 19.576762 146 18.799852
1 2 182 8.362524 155 16.966688
2 2 150 5.434521 188 7.339892
3
0 2 140 5.346023 142 11.244073
1 2 149 12.099958 142 3.552278
2 2 155 10.035127 185 7.980743
3
0 2 140 5.081616 193 10.669852
1 2 177 8.567927 160 15.827992
2 2 171 3.432580 190 14.945080
3
0 2 140 7.238230 148 11.766026
1 2 150 12.349531 190 14.235137
2 2 191 17.591503 158 13.918511
3
0 2 140 10.686252 197 15.849431
1 2 196 1.199329 171 14.462437
2 2 154 10.821483 184 12.937878
3
0 2 140 8.297076 188 15.505870
1 2 193 12.143584 183 5.014291
2 2 173 14.825603 194 17.010571
3
0 2 140 13.920856 187 9.499151
1 2 152 16.135047 173 16.151804
2 2 164 16.024774 198 10.246262
3
0 2 140 1.112609 146 6.089909
1 2 153 18.347345 192 3.750117
2 2 177 6.620509 167 12.642468
3
0 2 140 4.669419 143 19.043753
1 2 141 13.218780 175 1.311242
2 2 192 7.559447 156 14.847881
3
0 2 140 12.879213 167 3.273482
1 2 151 8.613414 170 5.631032
2 2 193 19.056353 164 14.491170
3
0 2 140 18.409663 156 8.118869
1 2 144 6.526384 180 17.491311
2 2 148 11.978618 151 12.857854
3
0 2 140 10.353271 158 12.906269
1 2 162 19.954441 140 9.108232
2 2 157 3.816936 173 7.078477
3
0 2 160 19.801909 166 3.914504
1 2 181 17.412825 190 4.906266
2 2 180 19.303339 173 9.578184
3
0 2 160 17.439290 183 2.012794
1 2 191 17.140474 197 12.521245
2 2 182 14.366581 162 19.519003
3
0 2 160 2.155936 187 14.051652
1 2 180 12.356265 172 7.803184
2 2 182 7.805897 196 12.532122
3
0 2 160 4.067517 188 13.779182
1 2 186 2.380781 170 2.683129
2 2 163 18.955813 182 7.632200
3
0 2 160 19.338137 194 17.397254
1 2 164 12.860147 196 13.953618
2 2 183 8.251065 174 11.953694
3
0 2 160 11.305586 184 9.054924
1 2 165 18.224332 182 13.904683
2 2 186 14.325342 178 7.579065
3
0 2 160 8.355095 164 14.001164
1 2 188 2.274458 162 3.408491
2 2 188 19.392856 161 1.941094
3
0 2 160 10.192213 187 3.269578
1 2 169 13.551449 186 14.399381
2 2 172 15.083588 166 16.598099
3
0 2 160 17.100848 171 17.585394
1 2 163 16.140222 181 5.050227
2 2 174 19.118816 188 18.819345
3
0 2 160 18.998567 181 19.280345
1 2 194 16.017947 176 15.477948
2 2 195 6.453876 190 4.767764
3
0 2 160 5.486916 194 10.030347
1 2 164 19.304473 197 3.439620
2 2 176 3.898193 194 15.930604
3
0 2 160 9.666810 184 16.764461
1 2 185 7.838194 180 12.621188
2 2 191 10.487878 183 18.576473
3
0 2 160 6.958652 196 9.519574
1 2 179 12.416662 165 5.909416
2 2 186 8.041885 179 10.660282
3
0 2 160 1.328497 195 18.612818
1 2 164 3.025743 185 11.265136
2 2 176 2.146341 180 2.666212
3
0 2 160 2.283816 183 8.597090
1 2 187 1.380283 181 13.529571
2 2 168 15.856091 170 10.930294
3
0 2 160 14.533340 172 3.169207
1 2 193 17.717543 180 15.330901
2 2 181 11.959106 173 19.316467
3
0 2 160 2.283262 168 2.618220
1 2 179 3.597254 176 1.871387
2 2 174 11.223348 189 3.197990
3
0 2 160 6.309604 199 13.868447
1 2 169 13.539158 189 12.501181
2 2 183 8.406386 193 19.771197
3
0 2 160 17.625962 183 10.817753
1 2 188 14.467328 195 19.267264
2 2 179 5.616266 163 7.940368
3
0 2 160 1.731856 175 1.232182
1 2 192 10.263115 195 1.835601
2 2 184 9.364374 193 2.718372
3
0 2 180 6.392886 186 13.350660
1 2 195 17.188548 199 1.907743
2 2 188 12.264233 198 18.056471
3
0 2 180 8.238054 191 14.157516
1 2 193 19.266860 199 17.911479
2 2 184 7.809939 180 8.227503
3
0 2 180 18.001614 187 9.804357
1 2 188 1.923833 198 6.949456
2 2 189 8.726630 192 8.022065
3
0 2 180 14.591988 196 10.961651
1 2 195 7.012551 191 19.382295
2 2 186 9.974015 184 3.093501
3
0 2 180 4.233816 188 16.962804
1 2 199 6.217231 189 9.498445
2 2 197 10.249518 185 12.032255
3
0 2 180 18.860696 182 12.972864
1 2 188 12.478721 190 18.205955
2 2 185 1.331597 181 6.726397
3
0 2 180 14.296431 182 17.958739
1 2 188 13.707347 196 3.220535
2 2 194 10.163918 181 1.575356
3
0 2 180 12.642491 187 14.659622
1 2 190 8.089381 194 17.161020
2 2 189 13.486790 184 11.518253
3
0 2 180 14.850774 195 3.744669
1 2 182 3.637959 194 7.089483
2 2 188 8.541330 182 13.220330
3
0 2 180 12.986138 189 13.536055
1 2 197 18.188119 193 17.144502
2 2 184 9.927008 183 16.389674
3
0 2 180 3.312197 197 11.027385
1 2 183 11.892521 193 8.872372
2 2 188 7.992729 184 2.815772
3
0 2 180 7.017053 185 18.577117
1 2 182 5.032878 184 16.022622
2 2 196 1.422863 198 19.076133
3
0 2 180 6.168503 189 8.703639
1 2 190 1.765584 194 17.606296
2 2 185 16.713038 182 2.376842
3
0 2 180 4.216779 193 14.597193
1 2 194 6.876260 186 15.551799
2 2 186 3.543748 190 1.042327
3
0 2 180 16.025373 186 15.468623
1 2 182 3.624417 197 19.786202
2 2 195 12.642336 194 6.648944
3
0 2 180 2.872992 186 7.527929
1 2 195 15.159583 193 10.580394
2 2 195 12.923556 188 6.276826
3
0 2 180 3.190681 198 11.981857
1 2 193 18.809717 185 4.281727
2 2 195 11.931323 181 12.587055
3
0 2 180 5.343014 184 9.940840
1 2 194 8.778464 180 5.410975
2 2 180 7.498571 191 14.469125
3
0 2 180 8.711956 184 18.289029
1 2 186 3.898691 188 18.590924
2 2 185 16.062117 196 2.427590
3
0 2 180 13.215148 194 8.479304
1 2 196 10.306144 188 8.166900
2 2 182 11.157377 185 17.759985
3
0 2 199 9.762739 199 17.820101
1 2 199 12.016574 199 13.885179
2 2 199 10.748407 199 11.221474
3
0 2 199 11.681365 199 19.735517
1 2 199 11.233538 199 6.925490
2 2 199 17.245199 199 4.283134
3
0 2 199 8.047945 199 15.719265
1 2 199 11.341628 199 8.539159
2 2 199 17.227307 199 6.280930
3
0 2 199 11.335121 199 7.241396
1 2 199 2.686467 199 2.268478
2 2 199 5.776805 199 10.957980
3
0 2 199 12.065500 199 19.988101
1 2 199 16.653281 199 12.240084
2 2 199 12.523659 199 7.191140
3
0 2 199 5.660808 199 13.384759
1 2 199 4.719956 199 7.592756
2 2 199 2.026025 199 3.679829
3
0 2 199 7.250410 199 13.305784
1 2 199 17.203548 199 15.221201
2 2 199 12.702909 199 6.256765
3
0 2 199 7.136211 199 4.870407
1 2 199 10.202085 199 1.799599
2 2 199 14.968378 199 10.574773
3
0 2 199 17.341445 199 9.106474
1 2 199 8.713144 199 6.971440
2 2 199 14.917506 199 13.590086
3
0 2 199 10.889846 199 1.564008
1 2 199 4.051190 199 3.489541
2 2 199 14.984166 199 4.730842
3
0 2 199 19.927785 199 18.731371
1 2 199 18.888045 199 5.895282
2 2 199 18.587863 199 7.072160
3
0 2 199 19.748849 199 18.394508
1 2 199 17.371616 199 1.438345
2 2 199 7.467997 199 11.723150
3
0 2 199 5.212481 199 10.658650
1 2 199 3.608024 199 1.376880
2 2 199 13.447255 199 7.658935
3
0 2 199 3.031295 199 11.570136
1 2 199 10.210330 199 16.328670
2 2 199 3.089185 199 15.448544
3
0 2 199 1.553908 199 14.261821
1 2 199 2.494025 199 10.623420
2 2 199 9.146672 199 3.473725
3
0 2 199 9.155645 199 16.431637
1 2 199 8.867597 199 13.752542
2 2 199 3.354994 199 3.574222
3
0 2 199 3.262504 199 7.965833
1 2 199 7.214848 199 16.956772
2 2 199 4.714307 199 4.325555
3
0 2 199 13.265295 199 7.305250
1 2 199 19.571098 199 6.779293
2 2 199 9.078755 199 17.914135
3
0 2 199 14.730630 199 7.792025
1 2 199 12.676180 199 7.679022
2 2 199 3.591594 199 4.129377
0
