20 19
3
0 2 5 17.092149 8 14.173683
1 2 8 13.956960 14 1.876928
2 2 10 8.468036 18 12.446194
3
0 2 5 19.334283 9 16.970732
1 2 19 16.949586 18 11.765623
2 2 14 3.174866 19 9.263902
3
0 2 5 6.133555 16 14.891766
1 2 9 9.451585 12 2.062873
2 2 14 2.534885 10 14.911134
3
0 2 5 12.698398 18 9.336801
1 2 5 10.105256 6 10.977695
2 2 11 12.008958 9 4.370412
3
0 2 5 4.593162 13 10.709368
1 2 10 10.790788 19 3.548956
2 2 17 7.967146 12 1.624112
3
0 2 10 19.334505 12 3.325862
1 2 19 2.485438 13 1.285529
2 2 17 2.051445 18 3.456018
3
0 2 10 14.967198 14 11.366019
1 2 13 12.966735 18 3.745957
2 2 15 2.602632 13 17.131290
3
0 2 10 2.723095 13 18.871593
1 2 18 10.805355 13 18.074750
2 2 11 3.760458 15 1.995606
3
0 2 10 12.069297 12 6.504366
1 2 12 4.577052 10 5.143864
2 2 16 1.516460 17 7.955281
3
0 2 10 8.761834 14 9.109395
1 2 10 17.870311 13 17.263628
2 2 19 14.657427 15 16.763233
3
0 2 15 8.091736 17 7.387176
1 2 18 4.985726 15 6.299330
2 2 19 1.142304 17 1.639234
3
0 2 15 14.018112 18 11.299550
1 2 15 10.508106 18 12.691342
2 2 15 11.868888 18 18.098651
3
0 2 15 6.351220 17 12.048870
1 2 15 1.216849 18 6.615753
2 2 19 7.221313 15 4.273019
3
0 2 15 12.634358 19 15.426066
1 2 15 18.579565 17 18.070316
2 2 16 5.628750 17 6.001304
3
0 2 15 1.027792 19 12.815049
1 2 15 12.998015 16 15.788959
2 2 18 17.891824 19 12.077997
3
0 1 19 2.418677
1 1 19 17.244691
2 1 19 10.745487
3
0 1 19 6.158046
1 1 19 14.277434
2 1 19 15.062774
3
0 1 19 15.261042
1 1 19 2.833966
2 1 19 9.943426
3
0 1 19 16.626126
1 1 19 1.702741
2 1 19 3.723672
0
