50 49
3
0 2 5 10.241816 40 13.429394
1 2 10 6.650536 38 2.198457
2 2 42 19.576029 35 18.490353
3
0 2 5 3.245130 20 7.744440
1 2 47 1.187978 44 15.554846
2 2 16 17.915077 14 2.031370
3
0 2 5 18.981706 23 4.754995
1 2 39 7.833318 44 17.553509
2 2 33 15.215306 12 12.306009
3
0 2 5 5.138188 35 9.022285
1 2 25 11.648648 12 14.899612
2 2 32 15.944726 26 19.478429
3
0 2 5 7.691576 13 4.152038
1 2 20 12.903957 24 17.299605
2 2 13 3.074990 22 2.543059
3
0 2 10 7.744295 24 6.771449
1 2 39 18.300663 20 8.794948
2 2 44 6.396152 35 4.576323
3
0 2 10 7.625533 46 8.374177
1 2 15 15.718497 18 9.096482
2 2 45 15.335298 16 11.912230
3
0 2 10 9.508728 37 1.639499
1 2 38 2.042458 27 4.868730
2 2 11 2.904554 19 6.469748
3
0 2 10 19.949069 37 17.626792
1 2 14 10.613062 26 7.131200
2 2 21 16.835422 29 9.540077
3
0 2 10 5.395710 43 12.171563
1 2 25 3.231002 13 18.571426
2 2 32 11.454265 31 9.923534
3
0 2 15 7.380908 41 14.289698
1 2 29 17.252737 34 9.353167
2 2 22 10.042770 26 17.091831
3
0 2 15 18.825679 39 3.387329
1 2 16 14.765997 29 10.499156
2 2 31 11.275434 23 2.472319
3
0 2 15 7.914878 26 17.972877
1 2 23 8.092192 41 16.714657
2 2 17 10.605655 18 10.819802
3
0 2 15 1.022790 35 17.975998
1 2 42 4.109449 36 16.400617
2 2 31 13.218533 48 10.190001
3
0 2 15 17.146544 25 2.156973
1 2 31 19.589076 24 10.670688
2 2 33 8.410005 18 19.551822
3
0 2 20 13.143381 40 11.849089
1 2 35 2.854562 21 4.927166
2 2 33 16.260326 41 4.161840
3
0 2 20 11.987634 24 11.133187
1 2 37 4.237820 28 12.203483
2 2 42 11.645493 22 14.307582
3
0 2 20 18.581823 25 2.702307
1 2 20 11.044323 22 17.958746
2 2 23 11.767235 31 12.910616
3
0 2 20 18.746886 31 19.693970
1 2 24 12.552001 33 6.075164
2 2 35 19.911536 37 4.329981
3
0 2 20 11.819413 29 9.885115
1 2 22 8.608546 20 1.479101
2 2 22 17.748384 29 4.247732
3
0 2 25 19.507851 29 5.453200
1 2 45 11.826409 30 5.619821
2 2 27 4.892435 47 16.743463
3
0 2 25 1.968034 28 9.079089
1 2 35 17.467722 33 16.074341
2 2 45 8.230087 43 16.335006
3
0 2 25 14.135042 47 5.951295
1 2 39 8.278104 27 1.301651
2 2 37 16.261417 49 9.200499
3
0 2 25 16.096748 41 5.548205
1 2 26 13.241946 45 1.671135
2 2 38 18.703884 37 18.787644
3
0 2 25 1.194492 36 6.533951
1 2 30 3.497751 48 7.517607
2 2 45 4.094666 39 2.779532
3
0 2 30 16.709443 46 18.323550
1 2 38 19.050227 45 19.047556
2 2 31 15.617246 43 14.935850
3
0 2 30 11.284507 46 17.149243
1 2 43 1.703998 42 16.372195
2 2 42 9.480187 39 14.058261
3
0 2 30 13.638906 36 9.143836
1 2 48 18.341015 31 14.057040
2 2 42 6.907750 35 6.774084
3
0 2 30 4.757028 44 16.298770
1 2 37 1.169802 46 4.740666
2 2 37 19.368225 47 15.104916
3
0 2 30 17.519359 41 5.530991
1 2 41 5.176740 44 6.675047
2 2 47 16.311613 32 9.623398
3
0 2 35 17.532791 38 5.529285
1 2 45 17.253358 41 4.224478
2 2 40 2.359171 42 13.955246
3
0 2 35 17.094807 45 10.965675
1 2 41 13.089353 44 10.305544
2 2 36 16.173171 40 14.081770
3
0 2 35 1.494067 49 12.255531
1 2 41 10.161148 36 1.774747
2 2 39 5.222112 49 2.743103
3
0 2 35 6.337895 49 1.932234
1 2 46 18.863275 37 18.869488
2 2 43 13.387020 35 11.447305
3
0 2 35 17.482498 47 15.877826
1 2 43 17.057809 37 2.766516
2 2 40 2.707423 38 12.818262
3
0 2 40 9.692234 45 8.179513
1 2 42 6.345051 48 13.094267
2 2 48 5.806551 49 4.569908
3
0 2 40 5.787262 48 3.153621
1 2 48 8.643598 42 11.709765
2 2 42 10.953207 48 16.727171
3
0 2 40 6.980326 46 14.585417
1 2 43 7.361486 40 5.290132
2 2 48 12.257056 47 17.749036
3
0 2 40 17.242733 46 13.022561
1 2 43 13.041538 49 2.879101
2 2 43 16.993604 48 1.180286
3
0 2 40 12.262396 44 19.379473
1 2 48 13.061551 40 11.723572
2 2 48 16.150799 41 3.206561
3
0 2 45 16.013246 47 18.530952
1 2 46 13.836697 47 9.366021
2 2 48 18.551254 46 12.476056
3
0 2 45 6.675499 47 8.873050
1 2 46 19.272013 49 10.909948
2 2 46 13.154483 45 11.429877
3
0 2 45 13.643416 49 16.471435
1 2 46 13.023102 49 8.514668
2 2 49 17.360239 45 14.089992
3
0 2 45 17.849955 49 12.633269
1 2 49 7.582835 48 17.324772
2 2 46 9.333759 45 11.256903
3
0 2 45 5.890107 46 18.880671
1 2 47 6.214839 46 5.266124
2 2 49 13.893801 45 8.996987
3
0 2 49 18.710946 49 12.017709
1 2 49 1.255714 49 18.123231
2 2 49 12.821101 49 19.893426
3
0 2 49 15.781485 49 9.860072
1 2 49 14.800390 49 18.086248
2 2 49 3.723648 49 15.087017
3
0 2 49 10.856433 49 15.604541
1 2 49 15.066173 49 10.532117
2 2 49 1.136045 49 13.747729
3
0 2 49 7.016841 49 17.838179
1 2 49 13.437135 49 8.220723
2 2 49 6.986581 49 16.844947
0
