50 49
3
0 2 5 7.738230 20 2.690517
1 2 31 2.658278 15 1.571137
2 2 44 1.003032 14 5.077324
3
0 2 5 6.272000 7 6.897629
1 2 21 4.345549 46 11.001798
2 2 27 4.331647 24 15.245537
3
0 2 5 12.879187 25 4.239149
1 2 42 1.569642 5 2.617018
2 2 33 7.486369 24 3.015085
3
0 2 5 11.700323 49 9.891947
1 2 9 8.901646 41 12.128560
2 2 37 12.436596 42 1.965982
3
0 2 5 11.131981 22 12.830186
1 2 10 16.466928 33 4.507465
2 2 20 2.169459 36 11.885326
3
0 2 10 1.880687 23 18.011216
1 2 10 10.490652 17 15.178638
2 2 44 13.854509 35 4.521435
3
0 2 10 17.182186 42 12.083764
1 2 20 11.364612 11 7.365779
2 2 39 10.850160 47 18.549063
3
0 2 10 4.550964 16 9.670522
1 2 23 1.305565 40 3.034299
2 2 15 5.640900 30 9.347476
3
0 2 10 13.775699 24 10.228681
1 2 49 11.124728 24 15.362281
2 2 29 12.383939 15 8.822490
3
0 2 10 7.991615 31 2.537673
1 2 20 15.455230 37 14.714717
2 2 13 14.709319 28 4.652631
3
0 2 15 13.588075 17 11.282211
1 2 37 10.809682 43 19.401447
2 2 27 17.403873 21 6.524095
3
0 2 15 8.416140 26 17.511407
1 2 44 12.077060 33 18.068915
2 2 32 5.149118 43 13.172983
3
0 2 15 8.393507 48 5.187715
1 2 44 16.437839 43 5.918856
2 2 38 2.813640 17 4.149892
3
0 2 15 11.298293 36 18.020033
1 2 31 17.116112 29 12.295755
2 2 35 4.805797 26 14.458536
3
0 2 15 11.842260 35 1.906642
1 2 15 7.945463 28 8.262559
2 2 17 2.313237 44 14.025467
3
0 2 20 17.215797 41 18.030715
1 2 38 18.750100 35 8.614281
2 2 45 3.233371 28 3.306345
3
0 2 20 18.338935 30 5.380446
1 2 29 1.610345 32 3.580432
2 2 22 11.108353 36 3.154746
3
0 2 20 10.051389 30 4.443859
1 2 23 13.562444 34 14.258427
2 2 33 19.371142 30 19.961892
3
0 2 20 11.215306 23 10.015969
1 2 24 10.417651 41 15.080305
2 2 44 13.089662 42 11.122951
3
0 2 20 16.009836 45 7.235328
1 2 45 15.771130 49 4.169173
2 2 49 4.197524 38 3.453185
3
0 2 25 5.655901 27 3.056741
1 2 32 5.490287 47 3.089359
2 2 45 2.246721 36 16.283463
3
0 2 25 8.161222 47 16.618531
1 2 33 15.929578 37 2.537523
2 2 47 14.716643 49 1.753763
3
0 2 25 5.471603 48 2.980738
1 2 47 18.621144 29 5.374515
2 2 42 1.662207 32 3.828481
3
0 2 25 12.219714 28 19.786919
1 2 34 19.809313 31 5.226681
2 2 47 9.972111 42 15.548248
3
0 2 25 3.701261 26 5.436025
1 2 47 6.263926 32 9.542259
2 2 37 11.571138 35 3.993590
3
0 2 30 7.739525 31 13.099564
1 2 33 13.617547 34 13.774903
2 2 30 9.239991 34 1.191930
3
0 2 30 8.538035 42 11.871778
1 2 39 1.167331 40 12.381022
2 2 46 7.791236 33 16.394032
3
0 2 30 1.253305 43 17.096571
1 2 31 6.152612 48 14.714417
2 2 42 15.635023 48 8.510777
3
0 2 30 18.329745 33 17.476311
1 2 42 13.544671 35 3.975773
2 2 49 6.516953 39 10.979446
3
0 2 30 15.423833 45 3.833148
1 2 37 9.552972 41 5.041114
2 2 45 5.970038 37 2.885388
3
0 2 35 2.260239 49 8.980750
1 2 38 7.954470 37 15.193298
2 2 44 11.716457 37 11.202815
3
0 2 35 2.473146 41 3.107873
1 2 38 1.208961 40 10.615033
2 2 35 6.489316 43 2.615801
3
0 2 35 11.990991 44 19.833602
1 2 48 4.005652 45 13.795669
2 2 39 16.116301 37 18.018867
3
0 2 35 14.956353 49 17.113662
1 2 44 18.131739 46 8.579556
2 2 43 18.291559 48 9.702723
3
0 2 35 18.992673 41 11.212490
1 2 45 19.499141 48 6.166463
2 2 38 19.065076 36 8.484627
3
0 2 40 14.413596 42 15.453225
1 2 40 10.137721 43 15.196341
2 2 46 14.672745 40 4.934845
3
0 2 40 6.335475 45 13.407742
1 2 43 11.440477 45 4.993346
2 2 41 17.940339 42 19.475663
3
0 2 40 11.319567 42 3.772786
1 2 41 1.382945 42 19.447471
2 2 48 19.603247 42 9.990494
3
0 2 40 5.571214 48 14.757352
1 2 47 3.124313 41 10.754437
2 2 48 6.704534 46 19.177019
3
0 2 40 8.584769 47 19.695625
1 2 45 3.853051 41 16.796933
2 2 47 17.037307 45 6.898336
3
0 2 45 16.847721 47 1.358511
1 2 46 1.438619 48 13.038903
2 2 46 5.038771 45 14.035640
3
0 2 45 13.946203 47 1.094620
1 2 45 19.258421 48 12.987335
2 2 47 17.388871 46 4.383247
3
0 2 45 19.532972 47 14.266079
1 2 47 12.218756 48 9.816164
2 2 47 17.981976 49 2.991426
3
0 2 45 1.821106 47 4.291313
1 2 47 8.346328 46 3.704084
2 2 46 3.413006 48 3.906910
3
0 2 45 2.042248 47 19.937855
1 2 49 16.682896 45 15.593486
2 2 46 8.032247 48 7.953951
3
0 2 49 11.754814 49 13.231986
1 2 49 17.525662 49 6.547904
2 2 49 12.993739 49 19.391548
3
0 2 49 3.149137 49 5.582582
1 2 49 2.790057 49 8.128351
2 2 49 8.032628 49 13.682237
3
0 2 49 14.166385 49 12.036255
1 2 49 19.093909 49 12.313451
2 2 49 6.638248 49 2.288221
3
0 2 49 8.413470 49 1.721976
1 2 49 17.304651 49 10.351745
2 2 49 14.299380 49 4.273151
0
