20 19
3
0 2 5 12.271859 7 6.991651
1 2 14 10.383088 10 13.581111
2 2 5 10.730938 10 13.131130
3
0 2 5 18.341488 19 8.551454
1 2 9 4.869734 6 1.222370
2 2 19 9.696456 13 10.946399
3
0 2 5 6.487515 9 14.543151
1 2 12 13.086976 9 19.739263
2 2 9 2.307841 17 16.925465
3
0 2 5 3.035339 14 14.628458
1 2 14 14.149210 8 2.830589
2 2 9 16.072248 11 18.683357
3
0 2 5 18.065557 11 9.063250
1 2 9 14.719104 14 11.918388
2 2 14 4.828984 13 17.124114
3
0 2 10 8.768771 17 16.316675
1 2 16 6.784488 17 14.350784
2 2 18 9.045190 14 13.767622
3
0 2 10 9.943833 17 13.012561
1 2 18 12.991533 11 17.394472
2 2 11 18.312042 17 17.667510
3
0 2 10 8.538808 13 16.101094
1 2 13 10.804287 15 18.595498
2 2 14 3.120844 13 19.268486
3
0 2 10 6.721025 19 2.523344
1 2 11 18.613609 10 10.334508
2 2 11 4.568570 19 18.679586
3
0 2 10 10.603844 18 11.961771
1 2 19 13.840643 13 11.331324
2 2 10 8.395822 12 4.437722
3
0 2 15 19.558733 17 2.457018
1 2 18 2.002287 17 15.950930
2 2 18 7.561261 17 18.264271
3
0 2 15 16.682301 17 6.697783
1 2 17 19.049455 16 2.905543
2 2 15 4.217882 16 17.705730
3
0 2 15 1.587343 18 15.273588
1 2 19 8.283360 16 7.197512
2 2 17 5.565288 19 13.906553
3
0 2 15 4.233940 17 3.858322
1 2 18 19.050310 15 11.235524
2 2 19 1.308891 18 12.006942
3
0 2 15 1.054535 17 18.717807
1 2 15 10.308011 16 10.021815
2 2 18 7.650482 15 18.158475
3
0 1 19 5.065342
1 1 19 8.000130
2 1 19 16.165702
3
0 1 19 3.996679
1 1 19 8.828742
2 1 19 2.680247
3
0 1 19 8.586003
1 1 19 18.306305
2 1 19 18.590890
3
0 1 19 19.568591
1 1 19 4.072394
2 1 19 13.070799
0
