20 19
3
0 2 5 1.692921 8 18.855276
1 2 12 9.153496 11 7.767518
2 2 12 13.316242 16 3.490693
3
0 2 5 2.887454 18 9.987729
1 2 11 14.078895 17 3.901733
2 2 5 19.505633 6 13.013789
3
0 2 5 11.046531 17 8.014023
1 2 16 12.515083 17 4.622219
2 2 11 10.891122 6 5.685471
3
0 2 5 14.237257 7 19.047076
1 2 16 2.118117 10 17.721379
2 2 17 16.488951 5 1.095757
3
0 2 5 6.701529 12 18.571518
1 2 11 16.451755 15 13.962398
2 2 10 18.457617 6 19.465846
3
0 2 10 7.030507 14 14.090948
1 2 15 11.849766 10 15.169260
2 2 19 4.866917 12 2.796859
3
0 2 10 18.039820 14 19.205263
1 2 12 19.128141 18 7.686605
2 2 15 13.257765 14 12.708843
3
0 2 10 12.583626 18 16.620259
1 2 19 7.410368 12 4.218066
2 2 18 18.812025 11 14.891382
3
0 2 10 7.879635 13 11.593896
1 2 12 12.685582 17 6.069683
2 2 15 10.053127 16 18.277024
3
0 2 10 8.418286 14 16.834528
1 2 14 16.658633 15 3.864583
2 2 18 12.354810 10 19.879402
3
0 2 15 15.537254 19 5.739327
1 2 16 7.775312 15 13.682799
2 2 18 3.952397 16 16.510626
3
0 2 15 15.805007 17 16.955522
1 2 18 16.260825 16 1.714690
2 2 18 12.807386 19 10.718892
3
0 2 15 5.972550 19 19.340694
1 2 15 5.622444 17 1.911507
2 2 15 4.558291 19 7.951237
3
0 2 15 4.432768 19 17.439946
1 2 15 8.540281 18 4.277311
2 2 15 2.657070 19 1.800602
3
0 2 15 2.053797 19 8.572567
1 2 16 18.395764 15 1.907881
2 2 15 15.596453 18 19.695436
3
0 2 19 18.287941 19 2.866885
1 2 19 10.806542 19 14.191280
2 2 19 12.708772 19 13.886858
3
0 2 19 15.279314 19 2.958694
1 2 19 4.542803 19 14.174603
2 2 19 15.552694 19 8.762664
3
0 2 19 10.532997 19 6.461963
1 2 19 16.091544 19 11.380352
2 2 19 13.100326 19 5.301547
3
0 2 19 7.675872 19 1.698924
1 2 19 2.975919 19 18.906309
2 2 19 9.930478 19 13.791639
0
