200 199
3
0 2 20 7.093022 118 1.142104
1 2 142 17.096623 72 3.197717
2 2 155 2.876404 68 18.756057
3
0 2 20 12.073170 53 1.348847
1 2 147 1.302442 142 14.247697
2 2 76 3.611446 194 13.690301
3
0 2 20 8.851014 80 12.904090
1 2 148 17.622279 119 8.871717
2 2 129 16.172118 73 3.768733
3
0 2 20 16.793490 131 16.248270
1 2 22 2.706833 48 6.248908
2 2 171 4.274322 26 16.964976
3
0 2 20 14.627691 56 17.659781
1 2 171 17.578485 153 11.105379
2 2 88 18.695294 101 17.540057
3
0 2 20 6.962097 24 12.597033
1 2 93 11.160810 82 1.990121
2 2 144 12.619583 174 7.084484
3
0 2 20 2.193470 112 7.060069
1 2 181 7.077335 92 17.154822
2 2 144 12.456953 36 3.700020
3
0 2 20 8.362612 83 17.429598
1 2 42 8.484200 146 14.124397
2 2 130 9.132976 139 18.130734
3
0 2 20 17.535913 147 17.763747
1 2 123 18.655556 89 14.269884
2 2 108 10.287109 82 11.973032
3
0 2 20 7.027166 60 7.989031
1 2 20 16.360030 26 15.909728
2 2 146 8.124918 136 4.560777
3
0 2 20 10.294547 189 7.369049
1 2 89 16.630346 95 10.795002
2 2 43 16.616879 145 6.173075
3
0 2 20 18.854060 163 14.007892
1 2 72 13.620374 195 13.163543
2 2 74 15.537239 137 14.216976
3
0 2 20 13.480943 174 19.291429
1 2 110 18.498107 146 3.530223
2 2 50 13.228977 67 13.608273
3
0 2 20 19.159710 113 2.706999
1 2 167 12.917890 124 17.278441
2 2 198 10.931170 51 2.914906
3
0 2 20 2.473810 82 16.034395
1 2 188 10.313324 130 18.766299
2 2 94 8.452049 190 18.448173
3
0 2 20 11.974178 170 11.798678
1 2 100 14.020325 61 4.268795
2 2 148 9.948246 92 16.729059
3
0 2 20 14.614006 129 17.447116
1 2 199 17.893984 134 15.948313
2 2 112 1.790631 113 8.594285
3
0 2 20 2.418427 159 3.987398
1 2 50 7.875435 56 8.871241
2 2 35 11.078498 63 8.321261
3
0 2 20 18.831626 141 13.741782
1 2 53 11.499967 149 2.400859
2 2 143 2.411713 74 15.420270
3
0 2 20 12.238463 87 15.717346
1 2 128 6.179909 44 16.152721
2 2 62 9.543033 29 14.164967
3
0 2 40 4.895802 187 3.631292
1 2 177 19.043729 195 9.194703
2 2 168 13.206498 43 18.807047
3
0 2 40 16.805204 57 10.738039
1 2 44 10.957951 148 1.626804
2 2 108 17.756194 112 7.686606
3
0 2 40 9.810293 136 10.630835
1 2 65 12.898437 187 13.567660
2 2 194 11.170516 186 13.925516
3
0 2 40 16.550710 55 5.807544
1 2 176 9.946379 63 16.782880
2 2 107 1.191265 143 4.417857
3
0 2 40 15.671269 125 1.432047
1 2 108 14.097029 100 6.895518
2 2 165 5.341176 62 15.001082
3
0 2 40 6.642537 137 1.548902
1 2 164 17.232140 194 16.977453
2 2 85 13.559369 150 7.294663
3
0 2 40 16.853744 64 14.392993
1 2 158 10.597602 180 9.970352
2 2 173 10.113969 159 10.785114
3
0 2 40 6.597193 127 2.816513
1 2 182 4.581096 80 6.129416
2 2 91 2.013174 191 3.080689
3
0 2 40 10.012013 184 15.873581
1 2 172 6.370740 186 6.564362
2 2 133 8.508114 131 18.348468
3
0 2 40 14.525118 110 6.135124
1 2 148 2.247855 60 9.480577
2 2 94 1.393665 133 14.837551
3
0 2 40 17.917356 77 10.737002
1 2 85 18.597572 81 12.571376
2 2 112 7.140474 104 12.927026
3
0 2 40 16.602229 171 6.604653
1 2 155 3.254597 138 2.154737
2 2 95 16.783307 178 10.918840
3
0 2 40 4.345774 77 13.448953
1 2 136 6.921423 74 1.649182
2 2 125 13.385576 80 3.789070
3
0 2 40 16.225638 59 14.527584
1 2 187 1.435204 41 6.986060
2 2 194 3.699537 177 13.346184
3
0 2 40 13.603094 147 1.320899
1 2 55 18.080932 172 16.114990
2 2 188 5.560344 187 7.623971
3
0 2 40 7.488239 104 18.845274
1 2 133 15.990753 194 17.181907
2 2 118 17.849977 67 5.066578
3
0 2 40 10.251750 167 10.314816
1 2 182 10.368131 59 15.150486
2 2 92 14.204822 98 4.610853
3
0 2 40 17.882170 91 9.659969
1 2 59 9.684780 45 19.216624
2 2 45 10.705979 52 16.466402
3
0 2 40 12.748778 196 8.158329
1 2 73 4.790073 93 1.752846
2 2 101 3.083316 110 9.160158
3
0 2 40 9.875800 98 5.238478
1 2 168 5.623094 48 7.488761
2 2 167 16.349730 178 15.207925
3
0 2 60 10.257779 178 5.283020
1 2 115 1.578929 64 2.334474
2 2 181 12.824928 154 15.043097
3
0 2 60 4.859948 65 18.547080
1 2 166 9.278776 152 9.188654
2 2 185 11.951493 143 1.686524
3
0 2 60 3.448114 68 18.806693
1 2 118 14.654699 192 19.720378
2 2 191 7.842478 117 16.626271
3
0 2 60 17.100122 114 7.514177
1 2 150 15.643687 181 2.286775
2 2 193 12.235309 192 4.625929
3
0 2 60 11.880953 192 11.923758
1 2 178 16.201703 153 16.338577
2 2 88 6.158996 92 4.661863
3
0 2 60 5.969677 183 14.760726
1 2 144 7.392452 192 6.198131
2 2 191 18.234412 101 4.580294
3
0 2 60 16.054003 72 12.876352
1 2 122 16.937082 121 11.546424
2 2 152 3.057173 87 7.678023
3
0 2 60 12.056050 88 13.494135
1 2 101 10.973115 104 16.150381
2 2 175 13.238576 118 12.248542
3
0 2 60 8.655104 157 3.432583
1 2 193 9.608068 124 6.585684
2 2 100 5.613677 93 12.525451
3
0 2 60 2.640425 78 7.741236
1 2 160 16.166008 186 10.294924
2 2 88 4.617564 130 10.694774
3
0 2 60 11.767948 122 17.354402
1 2 122 11.623740 160 10.303917
2 2 136 1.688535 107 17.523796
3
0 2 60 17.380405 155 2.380269
1 2 68 2.227012 192 16.819902
2 2 172 12.020031 145 14.940780
3
0 2 60 10.916137 142 15.971798
1 2 195 7.314600 154 12.140159
2 2 128 3.195568 115 8.714205
3
0 2 60 19.577872 76 4.438226
1 2 125 18.864819 128 4.418818
2 2 166 9.571414 147 10.654843
3
0 2 60 1.189599 136 13.263676
1 2 97 8.573855 130 15.783925
2 2 73 16.226722 140 3.988288
3
0 2 60 13.214048 104 6.049670
1 2 161 7.498837 84 14.565059
2 2 136 3.109441 71 12.063765
3
0 2 60 13.465944 104 9.655087
1 2 158 7.227509 94 15.104235
2 2 172 1.853158 83 3.970597
3
0 2 60 6.502437 185 6.955518
1 2 96 3.228810 62 9.302417
2 2 177 1.352730 168 8.472068
3
0 2 60 10.870974 139 13.055363
1 2 153 19.380975 118 19.378302
2 2 65 14.604504 180 12.249272
3
0 2 60 9.356427 182 12.277646
1 2 159 17.570863 81 7.219565
2 2 147 13.009052 180 12.501976
3
0 2 80 8.933752 115 5.709937
1 2 102 19.746523 88 6.840391
2 2 112 6.417322 98 2.220601
3
0 2 80 18.918671 137 3.459883
1 2 90 15.511736 167 7.192473
2 2 199 1.202770 183 11.034835
3
0 2 80 8.245739 171 6.361109
1 2 100 4.389707 96 15.664633
2 2 163 7.862874 132 11.875936
3
0 2 80 16.900245 165 9.438385
1 2 131 1.294445 108 7.129364
2 2 170 16.846275 106 7.576089
3
0 2 80 11.828240 99 8.149059
1 2 104 2.700698 152 8.729836
2 2 142 3.280113 114 11.163519
3
0 2 80 8.135673 180 12.288247
1 2 132 4.391918 82 3.959551
2 2 128 11.615930 109 6.910028
3
0 2 80 12.127181 157 7.402556
1 2 184 7.745253 183 9.124320
2 2 137 15.236222 104 18.709561
3
0 2 80 18.514205 116 1.921500
1 2 184 3.883556 120 7.920123
2 2 192 19.580511 166 13.144289
3
0 2 80 18.539546 181 8.466560
1 2 141 3.355506 147 5.036586
2 2 163 14.273036 155 5.667139
3
0 2 80 8.412049 123 1.455390
1 2 139 4.072380 107 4.622671
2 2 178 18.842070 84 5.575047
3
0 2 80 9.015258 100 3.641673
1 2 102 13.035698 184 12.242992
2 2 146 6.899830 118 8.653141
3
0 2 80 1.000135 118 19.043804
1 2 144 12.253179 109 2.764295
2 2 86 17.750446 161 1.622542
3
0 2 80 7.856263 81 16.991534
1 2 156 6.165322 170 3.400657
2 2 145 15.012957 179 7.898060
3
0 2 80 1.115633 81 11.611463
1 2 97 12.517540 118 8.147679
2 2 141 6.649040 88 14.665636
3
0 2 80 5.243180 170 5.104742
1 2 192 4.456715 189 4.433652
2 2 145 17.220140 100 2.308362
3
0 2 80 2.872061 175 5.354220
1 2 140 19.508323 183 6.669703
2 2 140 1.930081 129 16.844311
3
0 2 80 16.430755 147 18.361028
1 2 127 7.994874 109 1.033998
2 2 152 12.124329 126 17.827328
3
0 2 80 16.086058 81 2.275117
1 2 162 2.505916 103 4.861113
2 2 115 18.181176 117 12.036786
3
0 2 80 13.180573 100 9.533350
1 2 152 17.829832 165 17.229778
2 2 97 12.117334 187 16.701909
3
0 2 80 7.446962 95 1.994193
1 2 85 2.683276 135 15.915055
2 2 115 13.552099 196 14.217245
3
0 2 100 11.058129 193 8.800662
1 2 139 7.638639 176 3.243178
2 2 141 17.736197 170 16.860207
3
0 2 100 12.601074 182 17.977361
1 2 186 8.297955 165 8.275000
2 2 127 17.903545 150 12.271543
3
0 2 100 10.061400 164 16.509558
1 2 131 6.510600 134 7.135559
2 2 107 6.384474 196 1.145035
3
0 2 100 3.202090 195 1.164116
1 2 136 13.995966 117 15.933639
2 2 155 12.613900 124 8.095602
3
0 2 100 5.406549 131 11.168053
1 2 142 10.091016 174 8.266718
2 2 106 14.220996 172 11.832119
3
0 2 100 3.737292 170 16.247210
1 2 196 18.334890 177 17.073711
2 2 141 1.188830 112 1.267459
3
0 2 100 3.699082 111 1.901585
1 2 188 1.431910 121 3.679238
2 2 107 3.317040 125 7.226410
3
0 2 100 7.675718 129 14.486911
1 2 163 16.628347 169 1.604786
2 2 148 8.402829 134 12.832056
3
0 2 100 5.522471 113 12.523017
1 2 129 5.417641 157 4.221084
2 2 110 19.734182 109 10.807227
3
0 2 100 4.675078 171 5.757670
1 2 158 17.908407 152 19.024995
2 2 153 18.347374 172 15.980056
3
0 2 100 9.310399 156 5.609450
1 2 192 2.807545 163 8.067024
2 2 157 6.325346 111 7.924321
3
0 2 100 4.524970 178 5.144957
1 2 130 11.715409 115 18.373651
2 2 117 13.292689 140 13.689807
3
0 2 100 7.460126 101 2.657952
1 2 187 3.707217 186 19.273480
2 2 169 15.223250 183 6.492856
3
0 2 100 2.387354 156 19.819106
1 2 198 18.253329 191 18.962152
2 2 158 19.662958 119 4.065690
3
0 2 100 4.125858 127 5.870145
1 2 187 18.516041 180 19.160775
2 2 145 4.471330 155 12.139530
3
0 2 100 7.576282 153 7.879099
1 2 141 2.580469 106 13.311197
2 2 139 16.004235 137 19.938405
3
0 2 100 4.690472 104 13.174980
1 2 127 18.622640 110 12.480845
2 2 177 15.703862 112 13.372288
3
0 2 100 4.490380 179 7.729661
1 2 193 12.322327 136 10.208095
2 2 191 18.527786 163 13.521541
3
0 2 100 3.938727 128 10.290007
1 2 125 16.596116 105 9.745243
2 2 144 9.207033 103 9.079235
3
0 2 100 8.039499 102 17.189336
1 2 103 5.413447 192 8.430830
2 2 178 13.848510 169 14.526091
3
0 2 120 14.583460 122 6.053454
1 2 178 8.303835 171 10.035928
2 2 167 17.686236 121 12.339897
3
0 2 120 13.651974 151 1.732779
1 2 174 13.522456 147 3.846637
2 2 133 19.522955 189 15.846854
3
0 2 120 19.436924 121 5.487510
1 2 134 15.950225 172 9.702152
2 2 149 11.410728 173 18.777121
3
0 2 120 12.955888 141 2.403417
1 2 133 7.237636 122 5.745218
2 2 147 18.428543 194 10.423100
3
0 2 120 3.964739 126 5.063387
1 2 188 11.801885 174 13.121131
2 2 125 16.640352 175 2.112159
3
0 2 120 11.629696 135 13.931910
1 2 135 16.355684 136 18.365977
2 2 171 4.702368 176 6.015058
3
0 2 120 3.484676 123 12.093741
1 2 180 2.759846 131 10.905100
2 2 177 5.070531 179 11.640216
3
0 2 120 16.894317 129 5.865710
1 2 123 1.357161 132 3.303576
2 2 183 14.499267 195 9.216943
3
0 2 120 1.910961 158 12.680793
1 2 198 3.928631 148 19.292277
2 2 162 14.663712 143 5.267672
3
0 2 120 4.965679 139 9.564736
1 2 139 1.225005 144 2.718721
2 2 125 14.513883 143 7.156844
3
0 2 120 14.672598 150 1.972254
1 2 157 2.067138 162 1.084564
2 2 127 1.680427 191 13.310106
3
0 2 120 14.080712 153 18.980714
1 2 134 2.155648 170 15.965956
2 2 159 5.638779 124 12.020235
3
0 2 120 16.337646 182 17.282286
1 2 152 3.833331 168 13.184961
2 2 163 1.492750 126 1.684857
3
0 2 120 2.594633 166 19.114439
1 2 120 17.446512 168 16.997361
2 2 166 15.690784 145 1.536805
3
0 2 120 12.467229 182 17.843815
1 2 178 3.734641 149 16.671895
2 2 195 18.678691 197 7.297844
3
0 2 120 9.863236 154 11.513206
1 2 160 6.016264 185 12.308381
2 2 135 9.949727 175 2.350214
3
0 2 120 7.951867 147 3.762595
1 2 125 16.439273 183 15.228483
2 2 135 7.174045 151 12.645644
3
0 2 120 9.234738 127 5.894266
1 2 141 6.909116 177 19.894671
2 2 126 16.182657 175 4.676603
3
0 2 120 19.308575 158 19.656167
1 2 160 5.431836 179 11.208759
2 2 148 10.042933 191 17.226464
3
0 2 120 14.566617 140 16.288403
1 2 128 13.735677 173 17.533599
2 2 151 18.438924 185 10.127313
3
0 2 140 19.227924 143 17.117123
1 2 171 9.100740 180 9.633412
2 2 167 12.196949 184 9.597629
3
0 2 140 16.486997 147 11.845277
1 2 143 16.025069 175 15.752528
2 2 160 3.731309 143 16.501353
3
0 2 140 13.044706 180 1.909711
1 2 170 19.814305 157 11.769772
2 2 189 12.437206 180 11.529789
3
0 2 140 16.432636 187 7.713941
1 2 189 18.814282 147 9.210603
2 2 186 17.372848 179 6.673054
3
0 2 140 5.701625 156 19.835657
1 2 169 13.455443 190 13.779428
2 2 140 12.520947 158 2.404393
3
0 2 140 15.847369 169 10.916194
1 2 169 17.111754 149 2.154977
2 2 173 5.352049 158 8.746329
3
0 2 140 19.182349 198 13.078303
1 2 174 15.229693 186 4.808013
2 2 173 7.108029 143 17.176252
3
0 2 140 14.336912 199 10.037303
1 2 177 7.322037 179 7.686349
2 2 199 8.278110 181 9.704473
3
0 2 140 17.786918 169 4.737762
1 2 197 9.426235 154 6.031125
2 2 170 17.499886 184 3.838611
3
0 2 140 1.636189 159 11.654706
1 2 140 16.010772 188 10.702791
2 2 198 2.502028 182 2.177364
3
0 2 140 16.415868 161 18.184292
1 2 175 18.261080 164 3.424555
2 2 176 6.139420 145 12.392301
3
0 2 140 19.628310 158 16.145955
1 2 183 14.532276 166 17.752834
2 2 199 1.553329 169 2.612847
3
0 2 140 5.025753 171 18.577673
1 2 199 11.589768 160 5.225743
2 2 149 5.794326 188 11.566053
3
0 2 140 7.675054 188 4.747944
1 2 188 5.201682 153 12.224047
2 2 152 10.903926 179 18.646503
3
0 2 140 9.033730 176 13.770995
1 2 172 10.131651 170 10.352605
2 2 195 5.081433 179 15.276511
3
0 2 140 12.869202 165 8.940661
1 2 169 1.720855 180 5.401088
2 2 172 4.659336 146 7.372887
3
0 2 140 17.078912 196 11.645966
1 2 147 10.987041 157 4.735798
2 2 149 11.241180 186 8.520223
3
0 2 140 6.877506 181 14.636036
1 2 199 17.498396 184 16.281943
2 2 160 14.939748 181 5.195457
3
0 2 140 16.494705 144 4.699700
1 2 175 15.095583 176 7.530191
2 2 170 11.365684 181 13.223881
3
0 2 140 2.918932 164 17.038204
1 2 190 3.177111 182 9.059525
2 2 144 8.859475 189 9.724215
3
0 2 160 4.040622 164 5.725795
1 2 181 5.974247 185 10.588584
2 2 161 14.630478 166 16.455205
3
0 2 160 3.875551 172 18.356133
1 2 170 19.306896 162 9.740635
2 2 189 18.195532 169 11.994625
3
0 2 160 2.036786 167 9.001517
1 2 172 5.793930 181 9.836712
2 2 173 7.056692 193 10.195260
3
0 2 160 10.504175 178 5.020049
1 2 199 9.293572 183 12.534698
2 2 176 14.923435 166 17.600376
3
0 2 160 17.309071 163 4.068052
1 2 168 15.330732 163 17.216617
2 2 177 18.530605 170 17.987206
3
0 2 160 15.255892 175 3.858513
1 2 184 13.423527 179 19.170800
2 2 186 4.987608 190 5.913432
3
0 2 160 16.412265 173 9.800209
1 2 173 15.128168 191 9.059699
2 2 197 8.559892 168 1.790213
3
0 2 160 16.917154 161 4.494702
1 2 187 1.327350 181 8.912999
2 2 178 5.355157 195 17.843168
3
0 2 160 10.407114 162 9.719378
1 2 179 17.996652 193 16.434557
2 2 170 10.374341 199 12.197826
3
0 2 160 12.559694 196 15.058177
1 2 174 1.674684 187 18.249494
2 2 170 14.120412 198 11.731160
3
0 2 160 11.701464 180 10.591626
1 2 176 2.360853 171 18.291441
2 2 196 16.457083 173 13.877981
3
0 2 160 13.110090 180 17.456836
1 2 166 12.614700 192 16.647611
2 2 195 18.735373 196 5.022096
3
0 2 160 1.316694 196 2.298664
1 2 184 17.942276 188 18.231739
2 2 163 15.979877 192 17.184435
3
0 2 160 15.218258 186 16.879984
1 2 176 16.093989 185 3.228960
2 2 197 7.114582 189 7.943886
3
0 2 160 16.096423 168 11.095748
1 2 185 8.651023 164 14.632817
2 2 172 7.486831 167 5.878090
3
0 2 160 3.540724 178 13.683433
1 2 194 13.173696 190 5.628552
2 2 169 5.469782 198 16.814236
3
0 2 160 17.644617 198 19.136156
1 2 171 6.841938 170 8.669794
2 2 171 18.503001 190 8.151226
3
0 2 160 10.804264 187 11.192229
1 2 196 8.240869 167 16.984416
2 2 162 13.161769 161 15.254405
3
0 2 160 14.386445 186 17.835186
1 2 191 1.058547 180 11.216485
2 2 187 17.609336 181 16.575257
3
0 2 160 17.929210 179 9.237435
1 2 172 5.511734 182 11.738739
2 2 162 6.278834 183 2.283251
3
0 2 180 14.188951 196 10.005304
1 2 199 18.663759 192 4.869552
2 2 196 14.003847 192 12.880547
3
0 2 180 18.543514 181 13.078664
1 2 191 14.216903 182 13.745740
2 2 194 3.598669 190 19.328036
3
0 2 180 9.037177 197 2.712014
1 2 182 8.315748 194 3.823403
2 2 191 3.242614 195 7.446962
3
0 2 180 8.687925 190 17.746831
1 2 196 19.484966 186 19.402269
2 2 194 17.675512 184 19.501999
3
0 2 180 6.489610 189 5.109221
1 2 195 6.330101 186 16.399317
2 2 187 11.934001 198 3.115444
3
0 2 180 18.130740 188 8.125147
1 2 182 4.414944 199 9.419296
2 2 190 1.642171 188 13.594241
3
0 2 180 7.081214 186 11.602411
1 2 194 3.091080 183 3.030241
2 2 186 16.678732 183 3.542378
3
0 2 180 7.111154 189 17.238174
1 2 188 16.132068 184 6.831062
2 2 192 10.885379 196 17.918730
3
0 2 180 5.067465 185 4.521633
1 2 193 5.844655 187 4.317631
2 2 187 10.800233 197 15.062400
3
0 2 180 10.461304 182 7.865967
1 2 194 7.292526 193 9.154533
2 2 189 3.613033 191 19.186624
3
0 2 180 11.861073 193 11.597460
1 2 198 17.276527 185 15.500008
2 2 194 19.359975 192 18.473909
3
0 2 180 8.133495 194 11.078754
1 2 184 6.429063 192 16.056104
2 2 193 15.046573 195 18.202258
3
0 2 180 5.911220 192 1.483837
1 2 194 1.694295 185 17.504349
2 2 189 12.703540 195 9.080752
3
0 2 180 17.012306 196 1.850812
1 2 192 9.696379 194 3.380795
2 2 189 11.171238 187 11.349315
3
0 2 180 17.609819 192 11.539204
1 2 186 1.845735 182 2.821239
2 2 194 10.363222 196 7.175816
3
0 2 180 1.523891 195 1.037095
1 2 191 2.454000 197 14.840288
2 2 183 3.769701 181 11.651993
3
0 2 180 12.183812 192 1.925690
1 2 189 1.554729 195 6.959137
2 2 186 15.909866 183 17.226513
3
0 2 180 15.426032 198 19.584242
1 2 186 4.226434 182 15.966645
2 2 196 2.399455 182 10.503204
3
0 2 180 11.686388 188 14.224693
1 2 192 19.200699 187 11.884414
2 2 193 13.327310 181 7.719305
3
0 2 180 13.624550 188 11.645665
1 2 182 16.290669 181 4.659771
2 2 193 11.615065 184 11.976588
3
0 2 199 15.937099 199 19.888699
1 2 199 14.492493 199 17.201696
2 2 199 6.136267 199 16.559674
3
0 2 199 12.008004 199 13.294712
1 2 199 13.121663 199 17.420184
2 2 199 2.576064 199 11.350700
3
0 2 199 5.146111 199 16.122686
1 2 199 18.124760 199 9.499630
2 2 199 17.163728 199 5.863501
3
0 2 199 15.184222 199 9.694749
1 2 199 12.046011 199 1.880620
2 2 199 17.255528 199 14.567168
3
0 2 199 5.455198 199 7.575286
1 2 199 19.467529 199 2.267301
2 2 199 17.865462 199 7.902004
3
0 2 199 6.734711 199 2.463220
1 2 199 18.540749 199 13.187491
2 2 199 17.481727 199 10.754427
3
0 2 199 8.251351 199 19.364599
1 2 199 14.514029 199 16.302281
2 2 199 12.804109 199 7.941934
3
0 2 199 4.866890 199 7.795154
1 2 199 19.907061 199 2.896567
2 2 199 17.034528 199 19.102641
3
0 2 199 17.409422 199 10.690733
1 2 199 13.613857 199 13.554122
2 2 199 13.149556 199 6.506637
3
0 2 199 9.532605 199 8.343809
1 2 199 9.347382 199 6.642690
2 2 199 4.705817 199 19.608919
3
0 2 199 12.771823 199 4.432890
1 2 199 16.868036 199 7.480398
2 2 199 11.163552 199 15.995770
3
0 2 199 2.085481 199 4.679055
1 2 199 6.352830 199 4.783534
2 2 199 17.523039 199 14.753667
3
0 2 199 7.826874 199 3.680356
1 2 199 14.198967 199 6.272787
2 2 199 7.409734 199 4.295396
3
0 2 199 19.578479 199 12.917798
1 2 199 14.671851 199 9.875328
2 2 199 9.510525 199 3.599237
3
0 2 199 15.327999 199 5.113346
1 2 199 13.315438 199 14.302091
2 2 199 13.731474 199 16.798331
3
0 2 199 13.877647 199 18.215494
1 2 199 11.149555 199 3.677099
2 2 199 8.652956 199 16.421065
3
0 2 199 7.785372 199 12.630852
1 2 199 9.734804 199 10.141762
2 2 199 9.121362 199 14.244662
3
0 2 199 16.971127 199 3.480549
1 2 199 17.408480 199 19.150857
2 2 199 7.346209 199 6.223848
3
0 2 199 10.231222 199 19.543068
1 2 199 4.054864 199 17.294809
2 2 199 14.921404 199 2.409565
0
