200 199
3
0 2 20 18.523607 68 1.991585
1 2 148 13.221858 47 8.555447
2 2 85 3.769749 52 16.992179
3
0 2 20 18.241918 23 11.272855
1 2 132 4.156230 168 12.037926
2 2 180 10.540624 88 10.382134
3
0 2 20 18.475337 40 1.407192
1 2 148 17.395708 53 6.402630
2 2 92 17.841498 60 13.261020
3
0 2 20 18.316796 91 1.013849
1 2 95 10.124713 67 19.791778
2 2 42 18.412809 109 10.973804
3
0 2 20 12.784296 118 2.861067
1 2 66 8.302131 153 13.954251
2 2 128 10.447128 104 4.946171
3
0 2 20 17.677806 38 13.196892
1 2 153 14.344592 113 17.003661
2 2 194 6.471135 176 3.981456
3
0 2 20 4.607601 67 18.863210
1 2 41 4.844951 125 9.945176
2 2 76 13.857210 134 17.311385
3
0 2 20 6.920168 163 4.688161
1 2 144 7.751374 51 8.842311
2 2 65 3.599535 153 14.719013
3
0 2 20 8.766518 31 13.317621
1 2 29 15.079491 27 3.643425
2 2 145 10.606729 164 15.162612
3
0 2 20 12.089276 75 12.377908
1 2 29 11.464309 65 9.595859
2 2 132 10.356495 199 11.084905
3
0 2 20 1.775988 28 2.287272
1 2 71 7.409555 108 11.954692
2 2 162 2.730446 156 12.399773
3
0 2 20 15.717555 71 11.001596
1 2 167 11.003436 51 7.745786
2 2 189 6.833020 63 5.499501
3
0 2 20 9.856678 61 14.982870
1 2 73 2.126669 138 19.740901
2 2 181 12.601879 195 17.051295
3
0 2 20 14.556821 144 3.750175
1 2 35 12.687351 23 17.317782
2 2 51 15.542937 70 15.664977
3
0 2 20 2.144196 67 4.252809
1 2 188 6.385856 79 7.821273
2 2 144 2.938665 77 6.305870
3
0 2 20 4.856773 64 9.764703
1 2 76 6.997648 104 19.838576
2 2 137 8.809680 46 19.784883
3
0 2 20 4.580032 167 16.479590
1 2 98 7.797924 37 17.299944
2 2 24 14.757482 157 4.681262
3
0 2 20 11.542902 118 11.020963
1 2 125 7.715547 53 16.993834
2 2 142 11.584544 157 19.314575
3
0 2 20 3.124846 125 5.775667
1 2 125 16.515417 99 5.314873
2 2 153 11.487768 175 17.466446
3
0 2 20 16.410653 84 19.294412
1 2 55 6.534341 124 19.946220
2 2 129 2.701523 83 16.220949
3
0 2 40 4.899119 169 19.934916
1 2 97 14.700052 60 9.648344
2 2 184 14.513130 175 12.178509
3
0 2 40 17.306770 95 8.864791
1 2 54 3.145310 113 6.999382
2 2 60 11.603674 145 4.864215
3
0 2 40 11.984892 170 18.275443
1 2 79 1.506890 168 15.465214
2 2 164 9.540295 90 10.389203
3
0 2 40 10.853475 171 1.883731
1 2 74 1.069251 120 5.207649
2 2 56 11.019311 139 13.381700
3
0 2 40 15.768837 161 14.111247
1 2 184 11.269833 43 9.158174
2 2 53 2.410501 121 5.585833
3
0 2 40 6.320757 136 7.249161
1 2 69 3.743996 148 14.585774
2 2 173 12.472941 68 8.551336
3
0 2 40 16.759107 193 17.914175
1 2 105 15.331076 86 9.313798
2 2 116 10.737088 90 18.119641
3
0 2 40 14.165552 67 13.558526
1 2 124 10.273724 195 5.772334
2 2 98 13.795724 182 2.922438
3
0 2 40 8.358576 41 6.658068
1 2 180 16.824273 144 11.105252
2 2 61 10.371809 120 4.762345
3
0 2 40 10.112637 173 14.221077
1 2 77 13.072945 103 2.347946
2 2 136 9.532214 72 14.879743
3
0 2 40 14.344784 189 19.030470
1 2 90 7.349898 155 16.373951
2 2 59 4.902609 71 5.605987
3
0 2 40 7.912319 196 2.295082
1 2 103 16.616655 43 15.221284
2 2 164 7.356052 198 13.744223
3
0 2 40 14.262291 133 8.991786
1 2 68 2.950230 146 11.527976
2 2 154 16.225400 98 15.010175
3
0 2 40 10.776973 93 12.274679
1 2 167 7.514309 130 8.860671
2 2 102 19.536338 187 5.070018
3
0 2 40 1.988562 147 2.194831
1 2 153 5.218818 118 18.424139
2 2 131 3.536718 137 15.962278
3
0 2 40 7.225306 96 19.449555
1 2 110 15.272525 120 12.600848
2 2 165 12.130371 168 16.892385
3
0 2 40 11.148672 91 15.633476
1 2 46 19.532751 53 6.362819
2 2 132 12.177065 141 7.695717
3
0 2 40 1.710372 122 6.434163
1 2 125 15.351921 191 18.772823
2 2 146 11.786903 48 1.160179
3
0 2 40 15.923872 112 8.912832
1 2 166 15.837413 152 1.885648
2 2 191 9.869465 165 9.336746
3
0 2 40 3.538112 189 2.468654
1 2 196 19.134917 187 2.859804
2 2 101 7.776521 166 16.473679
3
0 2 60 17.357430 188 3.280427
1 2 79 7.128120 123 5.908540
2 2 153 6.653394 187 19.709214
3
0 2 60 19.235766 189 10.386190
1 2 67 14.930907 180 9.455782
2 2 67 9.227206 188 11.675040
3
0 2 60 13.372929 175 19.559086
1 2 125 5.702140 185 7.656732
2 2 165 10.590520 194 19.945635
3
0 2 60 16.959537 109 13.263959
1 2 145 16.582122 121 4.400422
2 2 113 6.116151 63 4.129974
3
0 2 60 11.986232 173 7.909595
1 2 199 18.689042 103 3.494224
2 2 151 19.308990 177 4.031547
3
0 2 60 14.438435 184 18.571500
1 2 114 15.723993 188 19.677016
2 2 125 6.709206 184 9.788451
3
0 2 60 2.937179 99 12.603163
1 2 140 9.548003 139 15.629930
2 2 93 4.860112 94 19.652962
3
0 2 60 14.739707 171 8.931778
1 2 168 6.918104 65 13.622279
2 2 104 5.259092 96 5.199070
3
0 2 60 11.052901 99 7.985594
1 2 183 19.773023 114 8.380552
2 2 79 11.715843 180 16.994926
3
0 2 60 4.869986 71 10.429903
1 2 104 17.123985 152 10.244330
2 2 123 12.230978 106 9.045384
3
0 2 60 1.027632 157 19.123292
1 2 191 4.959597 78 7.464612
2 2 188 7.549346 116 14.039968
3
0 2 60 7.047558 176 10.862487
1 2 100 9.287907 96 4.865888
2 2 92 8.173221 198 7.621278
3
0 2 60 15.845932 179 6.846224
1 2 69 6.362801 199 14.697573
2 2 126 4.632134 67 11.839224
3
0 2 60 8.784524 145 14.484575
1 2 65 1.817975 146 3.465058
2 2 102 6.031479 126 5.807168
3
0 2 60 12.181078 194 16.005977
1 2 115 9.198694 151 11.720124
2 2 158 5.728786 135 18.706330
3
0 2 60 19.101135 164 7.247425
1 2 174 10.825058 77 16.252202
2 2 197 19.940618 107 9.414696
3
0 2 60 4.403786 193 7.701434
1 2 175 4.918640 104 14.045989
2 2 110 1.922320 182 9.196602
3
0 2 60 17.186237 176 10.604200
1 2 116 2.433840 92 16.954473
2 2 70 15.244002 67 9.106870
3
0 2 60 14.262601 74 17.407624
1 2 78 8.618784 111 9.707292
2 2 142 16.567181 110 19.147881
3
0 2 60 5.199567 198 7.269439
1 2 147 4.316371 117 13.099740
2 2 72 6.484083 120 9.591096
3
0 2 80 12.070450 185 4.635453
1 2 172 17.978816 192 18.762032
2 2 198 16.708642 91 6.317599
3
0 2 80 14.614255 101 4.695246
1 2 132 2.860704 119 3.301468
2 2 118 8.712315 84 6.793730
3
0 2 80 17.027980 172 15.005614
1 2 85 11.737183 168 6.904458
2 2 125 3.086364 104 6.540719
3
0 2 80 13.307812 136 5.967532
1 2 109 1.585805 151 2.511484
2 2 166 18.199959 144 9.748508
3
0 2 80 14.574261 136 18.193112
1 2 180 6.867505 183 7.007541
2 2 164 2.322756 137 7.657475
3
0 2 80 5.271695 116 3.865083
1 2 88 19.600769 136 14.015041
2 2 183 12.281128 174 17.038837
3
0 2 80 2.002816 160 3.799940
1 2 186 17.109949 120 3.935974
2 2 183 1.011206 95 14.991072
3
0 2 80 10.144925 97 12.620224
1 2 156 9.973465 181 6.642308
2 2 90 13.004653 131 3.398896
3
0 2 80 11.268259 139 18.679537
1 2 127 12.204435 179 13.495985
2 2 124 16.515124 138 10.252214
3
0 2 80 3.901419 143 19.912325
1 2 97 9.943478 139 13.765680
2 2 100 4.869807 187 11.373880
3
0 2 80 17.404149 175 6.508178
1 2 157 1.783005 117 2.266482
2 2 92 18.444445 171 3.037658
3
0 2 80 6.008651 150 19.578614
1 2 85 8.210094 193 8.895801
2 2 103 3.247599 172 17.488321
3
0 2 80 11.852332 139 9.195156
1 2 106 7.629768 96 2.865748
2 2 168 7.788609 183 17.724598
3
0 2 80 11.042443 95 10.225575
1 2 126 16.768831 103 2.804832
2 2 135 6.914003 148 7.855319
3
0 2 80 12.570474 187 10.025190
1 2 121 4.979301 165 5.535224
2 2 153 14.491140 156 14.328281
3
0 2 80 6.676489 178 5.210928
1 2 181 4.419973 185 13.392711
2 2 131 9.174051 134 12.597205
3
0 2 80 17.722451 196 18.880210
1 2 86 12.310140 135 10.755293
2 2 181 3.170889 153 11.310555
3
0 2 80 3.774023 133 4.157991
1 2 89 1.742632 142 3.855137
2 2 111 10.626153 82 13.337053
3
0 2 80 8.019218 104 6.402393
1 2 118 16.943472 167 11.568552
2 2 141 5.650613 153 17.183319
3
0 2 80 11.249512 170 17.558361
1 2 159 7.434608 107 12.416923
2 2 90 12.868501 139 3.087690
3
0 2 100 5.321987 156 3.606345
1 2 160 13.660218 173 15.883206
2 2 172 7.216120 190 5.856094
3
0 2 100 11.885259 145 15.395705
1 2 179 1.982649 194 6.976293
2 2 132 15.625764 105 10.422096
3
0 2 100 15.097199 140 5.504440
1 2 197 17.673091 148 4.036498
2 2 160 14.104343 189 6.056548
3
0 2 100 1.003141 107 5.508849
1 2 122 19.564126 172 8.067865
2 2 134 2.886672 163 5.316580
3
0 2 100 11.701235 174 6.195474
1 2 106 8.593587 141 6.104325
2 2 115 18.374292 163 11.533708
3
0 2 100 8.788357 145 7.492239
1 2 148 9.805606 119 4.889908
2 2 109 10.270172 101 6.505562
3
0 2 100 7.615624 120 1.698395
1 2 145 14.501058 134 5.720820
2 2 188 2.668062 138 6.545947
3
0 2 100 4.004497 165 5.116341
1 2 110 9.840380 119 14.484388
2 2 136 11.362297 111 14.879287
3
0 2 100 19.948235 146 11.829370
1 2 173 17.463230 144 16.350750
2 2 176 17.069731 185 14.496026
3
0 2 100 18.975270 137 9.324281
1 2 178 1.619129 102 2.531544
2 2 150 2.138057 171 4.040826
3
0 2 100 16.484202 154 14.153273
1 2 106 7.873157 165 11.995704
2 2 106 19.562447 176 16.552499
3
0 2 100 19.206780 191 9.953953
1 2 163 14.471151 102 5.609369
2 2 147 1.826760 198 11.361655
3
0 2 100 8.905546 167 8.425193
1 2 156 4.915982 181 6.318613
2 2 193 5.523020 198 14.234971
3
0 2 100 18.189957 181 2.901879
1 2 153 11.153756 155 1.409820
2 2 160 7.526641 188 3.741247
3
0 2 100 16.759012 186 9.774841
1 2 181 2.806584 144 19.283220
2 2 179 1.300145 192 17.754408
3
0 2 100 11.315191 119 16.033326
1 2 156 8.392872 145 16.141230
2 2 120 7.896056 136 19.420865
3
0 2 100 7.691642 147 7.673020
1 2 109 5.168056 167 6.897796
2 2 185 15.928194 194 7.803697
3
0 2 100 7.602197 123 17.242679
1 2 160 15.934615 149 5.170682
2 2 164 1.504142 146 8.485101
3
0 2 100 13.521581 158 4.285186
1 2 110 16.532289 188 9.475107
2 2 149 5.862406 157 19.598070
3
0 2 100 5.165275 109 6.002615
1 2 143 18.821070 183 1.738737
2 2 105 13.317246 127 9.436582
3
0 2 120 9.831845 143 16.913492
1 2 188 15.232977 169 1.600633
2 2 135 10.834246 143 6.533005
3
0 2 120 11.534826 146 8.093602
1 2 122 15.385470 157 9.941339
2 2 133 5.925244 129 2.679836
3
0 2 120 19.061729 195 9.797473
1 2 158 15.141231 188 16.070520
2 2 126 1.531186 194 9.797064
3
0 2 120 3.365663 138 6.481520
1 2 133 11.093337 155 10.238945
2 2 144 6.142121 152 4.346527
3
0 2 120 7.673904 181 16.720100
1 2 163 10.470666 142 6.108272
2 2 175 7.591792 169 17.294121
3
0 2 120 8.193814 174 11.097037
1 2 120 13.775732 121 8.175971
2 2 145 19.252759 196 14.258535
3
0 2 120 16.563340 143 10.487500
1 2 172 16.637609 194 12.683088
2 2 131 3.030284 189 16.058719
3
0 2 120 2.486802 147 12.223408
1 2 187 3.982402 193 4.986547
2 2 182 10.548413 172 5.449408
3
0 2 120 18.642106 180 15.709454
1 2 175 18.561958 176 13.556795
2 2 195 13.975825 140 17.406971
3
0 2 120 11.999589 176 17.994610
1 2 140 7.433280 197 6.697491
2 2 149 7.149493 158 10.796968
3
0 2 120 16.675862 188 11.578075
1 2 147 15.910816 134 18.992410
2 2 145 2.581117 172 10.821289
3
0 2 120 2.753871 121 6.957053
1 2 178 4.762031 145 18.146537
2 2 175 8.284126 191 4.613778
3
0 2 120 14.864842 154 16.166288
1 2 197 16.509287 148 8.803651
2 2 158 14.125280 149 15.143058
3
0 2 120 7.897858 133 16.324322
1 2 150 6.952910 163 8.357665
2 2 163 13.616429 184 16.097140
3
0 2 120 1.633595 197 9.696841
1 2 199 16.704457 155 11.502927
2 2 187 1.397999 146 9.099208
3
0 2 120 5.520176 140 2.848457
1 2 162 11.624193 181 13.108614
2 2 189 10.334692 120 17.146836
3
0 2 120 9.744089 134 14.791071
1 2 156 12.856781 155 1.145752
2 2 192 8.513952 137 12.805700
3
0 2 120 19.765664 198 12.460780
1 2 147 12.204339 181 6.186878
2 2 195 2.873131 198 19.277305
3
0 2 120 15.614079 188 5.672869
1 2 165 12.013192 122 2.036918
2 2 149 6.172975 193 7.122482
3
0 2 120 7.976106 161 1.182862
1 2 130 11.719345 169 16.907314
2 2 126 18.843831 153 13.129912
3
0 2 140 7.296905 197 11.245607
1 2 143 10.700621 173 1.813290
2 2 192 12.009505 195 9.934085
3
0 2 140 17.473465 164 14.110909
1 2 180 14.064189 151 18.049953
2 2 181 2.863753 198 11.043024
3
0 2 140 3.228817 174 17.781594
1 2 196 10.176670 171 2.439338
2 2 192 15.064000 197 6.851133
3
0 2 140 12.384683 142 9.987982
1 2 146 19.826367 180 18.739188
2 2 175 4.809999 178 19.819651
3
0 2 140 9.887473 192 4.451584
1 2 172 6.300288 142 3.125746
2 2 184 17.939881 157 11.016757
3
0 2 140 5.071926 146 14.383286
1 2 163 18.545213 152 11.792637
2 2 180 16.553160 199 8.809885
3
0 2 140 11.117385 183 5.347817
1 2 180 15.122299 154 7.942459
2 2 159 12.939711 140 10.966924
3
0 2 140 11.293678 167 2.504577
1 2 144 11.000531 161 11.942365
2 2 189 9.903324 184 1.498305
3
0 2 140 5.740503 162 4.885418
1 2 183 4.988605 161 1.055969
2 2 181 14.773538 183 15.162401
3
0 2 140 18.746477 195 13.375121
1 2 183 8.973771 167 19.749862
2 2 155 15.309287 153 5.372367
3
0 2 140 8.796166 144 2.060792
1 2 194 8.356208 187 8.481654
2 2 192 5.080724 142 4.781693
3
0 2 140 11.916806 165 19.712225
1 2 147 7.444311 172 6.267011
2 2 162 17.672913 193 13.441488
3
0 2 140 3.842983 156 18.910065
1 2 178 7.182970 181 5.569933
2 2 182 6.407973 172 17.730012
3
0 2 140 12.734360 152 12.808594
1 2 198 10.280742 175 15.200209
2 2 148 4.639766 166 19.446068
3
0 2 140 5.768938 191 19.524668
1 2 144 10.943174 179 15.031878
2 2 192 14.609243 150 18.532141
3
0 2 140 16.426295 152 2.745313
1 2 148 5.537224 189 5.705351
2 2 189 11.013166 174 16.686606
3
0 2 140 12.015969 164 18.600458
1 2 179 9.379673 160 11.235591
2 2 197 2.375777 158 4.215351
3
0 2 140 3.948152 198 14.923035
1 2 192 3.830024 194 16.781176
2 2 196 16.344905 144 2.357158
3
0 2 140 1.615105 176 19.686310
1 2 158 10.606532 196 5.421906
2 2 159 16.460361 145 4.724002
3
0 2 140 12.263478 190 6.008589
1 2 142 15.325600 190 8.674255
2 2 163 10.159110 195 7.343357
3
0 2 160 12.149098 178 15.545319
1 2 178 7.783540 189 11.510242
2 2 169 5.763766 181 13.234042
3
0 2 160 5.973305 192 16.561324
1 2 199 15.739373 186 10.752962
2 2 165 5.237021 182 19.098353
3
0 2 160 1.202701 192 6.805923
1 2 189 16.155033 193 5.165598
2 2 168 19.558345 171 9.989754
3
0 2 160 11.902074 190 2.522744
1 2 176 9.989658 178 11.312115
2 2 189 16.222016 170 17.364826
3
0 2 160 1.281518 192 7.061796
1 2 164 17.518614 196 15.576658
2 2 164 14.927867 185 18.286736
3
0 2 160 11.307516 187 15.289004
1 2 197 10.503226 178 12.229185
2 2 184 2.989244 193 7.102205
3
0 2 160 9.806351 163 18.366597
1 2 182 11.070407 164 12.044735
2 2 170 3.587699 164 11.517060
3
0 2 160 17.725755 184 2.718361
1 2 195 15.994915 182 12.426771
2 2 163 9.748435 180 18.421883
3
0 2 160 14.465575 182 11.641378
1 2 184 15.970628 177 19.146962
2 2 168 10.913088 175 10.426875
3
0 2 160 14.571874 165 7.737143
1 2 165 4.704346 162 2.612210
2 2 195 17.644525 162 2.974686
3
0 2 160 18.028391 171 11.127071
1 2 166 11.086278 191 4.238563
2 2 189 12.640590 182 17.690836
3
0 2 160 2.761159 176 9.206971
1 2 176 15.944584 190 16.955436
2 2 179 1.330573 160 9.005052
3
0 2 160 19.686781 179 5.681620
1 2 185 17.364723 197 6.407880
2 2 185 19.637507 181 10.494276
3
0 2 160 13.377065 169 8.788901
1 2 166 4.982376 192 17.256120
2 2 168 1.559429 172 11.192426
3
0 2 160 13.572763 181 18.802272
1 2 161 1.569206 194 7.948833
2 2 198 17.430034 172 8.166239
3
0 2 160 1.059470 197 11.139759
1 2 170 15.190292 176 5.641762
2 2 165 14.091485 197 13.477074
3
0 2 160 10.357737 183 14.499946
1 2 183 15.667423 198 4.347632
2 2 166 3.763632 183 8.691250
3
0 2 160 18.254246 184 8.029237
1 2 167 19.468839 180 12.736066
2 2 191 1.007621 160 2.245555
3
0 2 160 19.046155 189 13.513785
1 2 170 7.520729 168 7.069781
2 2 175 11.241859 177 10.130966
3
0 2 160 11.795126 188 16.959021
1 2 177 10.267520 183 19.877556
2 2 180 4.170859 187 9.004413
3
0 2 180 8.826842 193 19.251042
1 2 191 1.556952 186 4.450649
2 2 191 5.706634 180 12.594631
3
0 2 180 19.026361 189 3.264793
1 2 196 18.614425 188 11.237180
2 2 195 11.548447 182 5.659236
3
0 2 180 10.697399 185 18.838103
1 2 192 1.591065 182 11.057438
2 2 191 5.807526 185 3.508670
3
0 2 180 18.884498 194 1.487111
1 2 186 12.610554 196 3.146042
2 2 195 3.943717 194 15.024875
3
0 2 180 5.764740 193 12.630825
1 2 188 19.117907 196 6.152372
2 2 181 3.992720 184 11.185049
3
0 2 180 5.406833 186 6.925700
1 2 183 11.434086 198 17.530031
2 2 191 4.272884 187 13.012112
3
0 2 180 1.300811 183 16.233958
1 2 186 5.017569 185 12.920638
2 2 186 2.803094 187 16.047210
3
0 2 180 17.500505 198 7.234587
1 2 196 13.932992 199 1.480883
2 2 181 6.643189 199 18.690170
3
0 2 180 3.887627 199 1.928550
1 2 183 18.907826 192 16.491570
2 2 181 2.325893 182 1.414829
3
0 2 180 11.664926 182 3.018220
1 2 184 14.936319 183 9.036739
2 2 194 18.596898 190 8.021248
3
0 2 180 1.091823 192 8.021872
1 2 194 15.387796 193 1.255409
2 2 197 14.373863 186 9.558197
3
0 2 180 19.371935 190 14.021393
1 2 180 3.193412 188 13.506489
2 2 194 2.068209 190 11.225511
3
0 2 180 10.016737 198 13.689818
1 2 196 17.703549 193 2.049523
2 2 190 4.617464 186 1.387507
3
0 2 180 8.519174 183 4.628474
1 2 182 17.680780 190 13.932268
2 2 196 5.498268 195 17.937852
3
0 2 180 4.705375 192 1.971278
1 2 191 4.247473 196 8.822489
2 2 197 8.894288 195 3.419657
3
0 2 180 18.198415 197 3.528186
1 2 190 7.691913 184 3.020622
2 2 187 14.201405 186 7.827175
3
0 2 180 6.910401 182 18.026028
1 2 183 12.100106 185 7.210979
2 2 193 7.445338 185 5.951635
3
0 2 180 18.113526 182 6.253718
1 2 183 13.980682 196 13.330582
2 2 193 11.279240 190 19.246933
3
0 2 180 6.049317 182 4.405406
1 2 186 2.741725 193 12.100760
2 2 191 7.049784 182 3.138559
3
0 2 180 12.211328 195 9.136371
1 2 183 13.179472 186 17.380699
2 2 191 1.144840 189 10.902956
3
0 2 199 18.588296 199 8.950731
1 2 199 15.978227 199 1.339479
2 2 199 2.453177 199 18.665676
3
0 2 199 12.763415 199 16.791714
1 2 199 19.980901 199 12.845656
2 2 199 9.767215 199 8.075461
3
0 2 199 19.465354 199 1.030144
1 2 199 14.301359 199 4.218606
2 2 199 6.513029 199 16.435806
3
0 2 199 7.834588 199 13.683636
1 2 199 12.587208 199 10.679844
2 2 199 10.557763 199 16.357718
3
0 2 199 12.509747 199 16.652582
1 2 199 9.254397 199 12.490013
2 2 199 9.708628 199 4.594393
3
0 2 199 7.821222 199 13.216076
1 2 199 14.916171 199 5.232164
2 2 199 9.616267 199 14.272726
3
0 2 199 16.699782 199 14.891781
1 2 199 7.404710 199 18.048437
2 2 199 1.094880 199 8.482189
3
0 2 199 16.614278 199 1.078993
1 2 199 4.445442 199 7.303500
2 2 199 10.154392 199 4.544894
3
0 2 199 18.849924 199 12.417406
1 2 199 7.610925 199 7.304642
2 2 199 1.786703 199 16.031324
3
0 2 199 5.130082 199 4.576051
1 2 199 11.700561 199 12.030252
2 2 199 11.862961 199 3.494585
3
0 2 199 13.173813 199 15.175357
1 2 199 16.334385 199 9.040341
2 2 199 8.775742 199 15.552640
3
0 2 199 14.107472 199 10.500978
1 2 199 6.224498 199 1.523275
2 2 199 16.491986 199 8.994012
3
0 2 199 13.266492 199 19.794254
1 2 199 1.347509 199 1.602787
2 2 199 9.263592 199 1.125982
3
0 2 199 15.932555 199 18.714438
1 2 199 12.283340 199 1.380416
2 2 199 11.007045 199 4.129356
3
0 2 199 13.303202 199 3.963917
1 2 199 3.644042 199 15.056639
2 2 199 11.730337 199 5.341158
3
0 2 199 2.041483 199 11.575011
1 2 199 17.235819 199 17.112861
2 2 199 12.208876 199 13.821866
3
0 2 199 12.315603 199 2.040613
1 2 199 14.404599 199 8.471717
2 2 199 11.842545 199 14.236388
3
0 2 199 3.712282 199 2.985069
1 2 199 9.026933 199 4.641096
2 2 199 14.504689 199 17.453918
3
0 2 199 3.298744 199 2.305424
1 2 199 4.017230 199 6.761193
2 2 199 8.441490 199 10.756029
0
