200 199
3
0 2 20 7.750427 33 8.823517
1 2 116 4.315412 86 15.903578
2 2 101 3.235307 190 12.830600
3
0 2 20 12.587903 100 4.918480
1 2 57 16.234358 147 8.855167
2 2 198 15.761650 22 19.503871
3
0 2 20 2.522317 128 3.738627
1 2 184 15.614334 44 15.994266
2 2 102 4.956811 91 12.033039
3
0 2 20 9.365194 145 12.258727
1 2 190 3.351606 159 7.843227
2 2 33 10.027880 147 4.199574
3
0 2 20 19.670187 24 1.037084
1 2 107 1.391415 133 19.685512
2 2 86 12.523819 110 16.028464
3
0 2 20 8.559886 143 12.208730
1 2 27 7.651238 74 4.805007
2 2 162 7.379622 190 16.393312
3
0 2 20 8.519356 38 1.970142
1 2 103 8.485660 178 8.051877
2 2 192 11.365983 23 17.036147
3
0 2 20 12.773911 76 16.308373
1 2 147 9.202226 154 18.416097
2 2 35 15.579421 193 12.662783
3
0 2 20 3.598427 168 12.874212
1 2 158 9.105193 70 2.498313
2 2 40 2.300338 98 15.250103
3
0 2 20 18.216709 176 14.195397
1 2 143 18.521591 176 14.445922
2 2 42 14.046536 57 10.343193
3
0 2 20 10.673624 62 3.738673
1 2 172 18.669142 100 6.563569
2 2 84 8.454085 153 11.382891
3
0 2 20 17.715585 58 15.427348
1 2 137 9.722416 32 2.984553
2 2 118 7.497863 68 15.678479
3
0 2 20 5.442407 111 8.420901
1 2 115 5.289707 148 15.328663
2 2 148 1.963983 110 19.460677
3
0 2 20 10.449897 134 17.462039
1 2 59 4.928082 125 18.895676
2 2 52 19.093663 87 19.402203
3
0 2 20 7.009523 32 18.520063
1 2 153 2.260683 172 19.783257
2 2 188 1.278059 130 13.188074
3
0 2 20 12.972028 139 5.569263
1 2 139 11.860242 111 6.678712
2 2 116 17.020376 69 15.853841
3
0 2 20 10.240839 101 12.058621
1 2 47 13.784569 144 15.573349
2 2 97 19.846665 82 18.744767
3
0 2 20 12.226360 60 15.518492
1 2 132 12.830470 188 12.769546
2 2 180 2.078906 128 9.259535
3
0 2 20 8.930103 106 1.846880
1 2 181 17.112648 125 3.681900
2 2 130 17.977688 69 16.213286
3
0 2 20 16.816857 146 18.712329
1 2 97 9.748199 159 2.137713
2 2 51 5.419621 188 11.432096
3
0 2 40 1.682444 170 11.925313
1 2 106 1.665308 90 10.137387
2 2 127 16.138178 139 6.541253
3
0 2 40 15.688521 87 7.213193
1 2 165 8.274989 187 15.504603
2 2 104 14.698199 109 2.958166
3
0 2 40 16.661867 52 7.128325
1 2 195 7.641516 79 19.092494
2 2 112 17.576196 64 14.070250
3
0 2 40 2.742329 181 6.438725
1 2 182 3.906885 135 16.508635
2 2 191 1.319939 188 19.996801
3
0 2 40 15.955023 84 2.068832
1 2 53 2.365423 102 12.287972
2 2 114 11.926972 124 9.231501
3
0 2 40 5.529657 41 1.544908
1 2 93 18.028796 51 18.225646
2 2 101 16.528794 198 7.247141
3
0 2 40 18.713836 75 1.229163
1 2 126 15.265228 194 11.844772
2 2 104 2.068123 162 9.188917
3
0 2 40 15.908941 81 1.693191
1 2 160 6.337949 196 17.811431
2 2 69 15.749791 70 1.612754
3
0 2 40 15.342710 132 10.251436
1 2 72 15.282491 159 1.661943
2 2 136 17.783143 87 18.031899
3
0 2 40 11.512200 92 6.914043
1 2 147 12.666017 91 3.085680
2 2 126 5.895973 128 1.420433
3
0 2 40 13.787839 99 12.043780
1 2 44 7.588240 175 14.073190
2 2 141 16.154597 111 13.920529
3
0 2 40 12.776106 56 10.387602
1 2 54 16.638310 67 16.103930
2 2 169 16.953088 191 9.716974
3
0 2 40 17.973960 164 5.511933
1 2 117 3.340378 120 4.725566
2 2 72 17.832901 197 2.694850
3
0 2 40 5.908785 189 14.113871
1 2 76 16.295620 41 9.073850
2 2 55 6.367534 57 1.530423
3
0 2 40 9.768170 48 14.788476
1 2 104 6.151210 116 7.395465
2 2 62 8.891588 172 19.874992
3
0 2 40 7.563034 65 12.253532
1 2 137 3.605078 182 14.410219
2 2 149 12.278156 74 16.263713
3
0 2 40 11.447812 64 6.242490
1 2 115 15.416885 47 11.348605
2 2 170 13.593086 118 1.193558
3
0 2 40 18.165269 163 4.019302
1 2 103 2.647100 74 17.642887
2 2 53 14.278390 155 5.405606
3
0 2 40 14.680306 125 1.477802
1 2 185 18.106755 196 17.895025
2 2 149 19.613828 90 17.958497
3
0 2 40 13.157497 74 16.528905
1 2 95 11.163208 199 17.263089
2 2 194 6.672859 116 19.043310
3
0 2 60 8.359289 125 6.501619
1 2 61 15.091465 107 13.078725
2 2 133 8.669525 95 15.061509
3
0 2 60 12.533984 154 14.530801
1 2 177 3.113293 173 8.692385
2 2 110 11.294031 148 18.936618
3
0 2 60 1.181982 157 8.955661
1 2 144 13.208770 120 3.112757
2 2 150 19.314299 90 8.695389
3
0 2 60 14.080666 170 15.252259
1 2 165 6.941217 118 10.253961
2 2 68 15.652584 162 4.237074
3
0 2 60 5.195161 91 13.684558
1 2 168 6.217578 104 1.510312
2 2 67 3.333495 119 13.278557
3
0 2 60 15.152684 148 1.711978
1 2 171 15.881530 115 17.460745
2 2 72 14.317120 156 4.016200
3
0 2 60 2.546107 145 3.544007
1 2 62 17.079120 173 13.144251
2 2 192 18.896945 87 12.312048
3
0 2 60 2.804430 185 9.096944
1 2 174 19.743675 78 7.762152
2 2 81 11.519249 195 12.468337
3
0 2 60 14.380354 88 4.230846
1 2 87 10.440274 102 15.459085
2 2 157 2.044353 97 5.944339
3
0 2 60 5.644081 188 18.446900
1 2 102 16.859018 62 12.967142
2 2 138 12.632292 165 6.258765
3
0 2 60 3.506845 108 4.305732
1 2 185 14.055307 99 16.188508
2 2 185 16.519955 184 10.081175
3
0 2 60 14.615661 140 9.411501
1 2 76 2.105984 180 13.233763
2 2 60 9.719215 139 2.559624
3
0 2 60 6.471104 157 8.139701
1 2 76 12.080726 100 19.540866
2 2 187 17.496487 178 5.138712
3
0 2 60 7.637355 133 19.761227
1 2 88 11.906751 71 15.023923
2 2 134 4.622011 85 7.509361
3
0 2 60 6.406242 198 14.159015
1 2 178 11.727442 183 3.533849
2 2 177 18.887661 94 13.161915
3
0 2 60 3.268788 196 17.837324
1 2 92 18.263145 137 9.909890
2 2 120 11.592286 115 14.875599
3
0 2 60 1.404099 194 16.170986
1 2 185 15.011491 103 10.649413
2 2 86 18.546665 144 17.909715
3
0 2 60 10.950534 145 14.985612
1 2 171 10.870852 76 7.180258
2 2 106 12.268282 169 4.674459
3
0 2 60 11.019427 120 19.126051
1 2 88 3.070416 178 15.309468
2 2 174 10.639705 189 4.655703
3
0 2 60 6.286266 187 2.425692
1 2 194 15.909585 75 2.866767
2 2 62 11.607266 188 17.144140
3
0 2 80 19.728598 89 14.893815
1 2 182 15.757905 91 5.813929
2 2 195 10.940822 97 7.411466
3
0 2 80 2.912502 195 11.207165
1 2 124 18.999866 167 15.453413
2 2 150 3.650189 83 3.457373
3
0 2 80 12.577693 185 15.007121
1 2 155 6.775497 83 12.367077
2 2 80 19.756445 109 2.520880
3
0 2 80 9.245269 87 18.395054
1 2 81 2.705988 110 10.127437
2 2 165 8.557306 151 13.511180
3
0 2 80 3.805671 160 8.011091
1 2 172 9.544042 190 6.266902
2 2 121 5.728091 176 2.658192
3
0 2 80 18.573484 85 3.969254
1 2 149 13.617885 124 3.692971
2 2 156 7.922313 110 1.819735
3
0 2 80 2.989546 93 5.380333
1 2 190 16.184164 80 2.551997
2 2 91 3.427809 191 5.738026
3
0 2 80 8.773046 144 18.320217
1 2 138 15.367106 132 9.462611
2 2 129 19.052253 82 12.189477
3
0 2 80 18.089347 195 16.110064
1 2 126 14.266152 111 7.229063
2 2 172 18.405222 156 4.491031
3
0 2 80 19.183187 162 8.738643
1 2 117 3.110273 106 12.532540
2 2 154 18.237147 153 10.296853
3
0 2 80 5.992870 173 16.724043
1 2 138 19.090725 181 1.187586
2 2 176 14.796590 170 15.320439
3
0 2 80 14.330340 193 4.608907
1 2 149 8.284763 116 19.823518
2 2 177 10.189832 127 7.046618
3
0 2 80 7.518004 114 13.476316
1 2 183 15.735092 192 5.049164
2 2 103 13.239903 178 18.898033
3
0 2 80 16.600520 88 2.306267
1 2 145 11.058434 105 15.689888
2 2 150 8.459413 143 2.537168
3
0 2 80 16.913412 116 17.355431
1 2 121 4.308989 139 4.166857
2 2 156 13.746661 115 18.124825
3
0 2 80 16.767803 196 9.245099
1 2 168 8.362372 148 10.770849
2 2 108 9.122031 111 10.651302
3
0 2 80 3.010403 91 14.006481
1 2 185 12.744317 92 5.149883
2 2 119 16.520945 80 12.274199
3
0 2 80 1.211264 154 6.674466
1 2 85 10.916455 140 12.765596
2 2 184 15.738819 179 9.200838
3
0 2 80 3.975075 131 7.717337
1 2 174 1.867426 120 16.215722
2 2 167 13.671730 178 3.107954
3
0 2 80 19.311667 159 7.661237
1 2 81 15.181164 178 10.079126
2 2 98 9.747279 127 4.040448
3
0 2 100 15.001962 155 18.677840
1 2 151 5.295081 164 10.956641
2 2 151 7.689070 146 9.345586
3
0 2 100 15.437378 175 6.815924
1 2 193 11.419408 119 7.672274
2 2 111 10.657590 109 12.031101
3
0 2 100 7.776857 148 14.252560
1 2 133 8.609456 195 9.176199
2 2 177 3.007275 159 13.560033
3
0 2 100 11.528807 135 10.195566
1 2 177 17.143428 142 1.863351
2 2 190 9.067612 128 15.835368
3
0 2 100 1.210565 198 16.078313
1 2 122 12.818726 141 13.877311
2 2 147 19.587897 135 7.031902
3
0 2 100 13.400704 152 3.723490
1 2 146 11.014776 161 6.331569
2 2 188 16.966639 134 10.298796
3
0 2 100 8.356498 169 14.877637
1 2 187 7.157349 159 4.325492
2 2 166 5.121192 168 11.899762
3
0 2 100 2.325143 183 6.255866
1 2 113 17.261779 184 3.635092
2 2 122 4.153565 125 5.609859
3
0 2 100 2.124781 106 2.243038
1 2 197 7.435223 102 2.946063
2 2 195 2.299819 187 13.185205
3
0 2 100 13.858409 111 5.541970
1 2 167 17.201210 194 4.475583
2 2 144 11.046240 126 12.358890
3
0 2 100 10.750323 135 15.770928
1 2 194 11.927587 104 19.385397
2 2 186 13.529741 197 4.116159
3
0 2 100 2.050227 145 13.400055
1 2 150 17.372055 192 17.325859
2 2 177 9.187216 121 5.719523
3
0 2 100 5.600988 193 17.245176
1 2 147 19.981653 181 18.818804
2 2 157 17.825210 172 18.232118
3
0 2 100 13.693654 182 19.499243
1 2 120 7.830445 130 19.865152
2 2 112 4.672371 177 12.705550
3
0 2 100 4.391136 152 18.059108
1 2 172 10.550489 160 4.539119
2 2 145 15.847356 185 19.319276
3
0 2 100 9.557970 135 11.375486
1 2 136 17.093661 118 16.749487
2 2 107 8.184780 199 10.805519
3
0 2 100 3.471527 134 17.499130
1 2 102 6.941892 162 1.489308
2 2 139 1.813484 116 9.399352
3
0 2 100 7.926543 118 5.889245
1 2 132 19.882977 175 3.455430
2 2 124 2.514967 125 4.463765
3
0 2 100 11.679614 135 2.471522
1 2 174 19.514105 142 11.026655
2 2 155 9.988682 168 7.166104
3
0 2 100 11.251146 186 9.791139
1 2 187 7.216902 177 18.006651
2 2 108 8.617568 118 5.118397
3
0 2 120 5.466995 173 11.439562
1 2 145 11.366931 183 18.990936
2 2 124 7.145115 181 15.042025
3
0 2 120 6.155277 131 18.360064
1 2 138 14.395683 150 7.108364
2 2 156 15.508683 162 5.429733
3
0 2 120 11.910870 178 14.665244
1 2 140 12.390661 194 19.947819
2 2 138 16.710549 176 7.671445
3
0 2 120 1.834513 176 16.320076
1 2 138 8.014826 144 1.341358
2 2 173 19.948151 145 8.979579
3
0 2 120 18.270496 146 16.762295
1 2 192 17.578402 152 12.105667
2 2 165 19.419087 162 1.431017
3
0 2 120 14.876446 143 15.543468
1 2 188 13.514888 173 11.037177
2 2 126 7.189571 172 10.842376
3
0 2 120 17.410637 191 7.475856
1 2 160 15.935671 173 7.802999
2 2 185 11.880106 189 13.687532
3
0 2 120 13.577772 179 12.905165
1 2 131 14.315076 194 8.924968
2 2 152 7.397921 145 16.695495
3
0 2 120 3.458283 139 10.467680
1 2 187 8.156880 179 10.790380
2 2 193 14.192160 158 14.771961
3
0 2 120 1.819348 155 5.533739
1 2 125 7.276599 143 1.881360
2 2 148 17.412563 151 2.285868
3
0 2 120 3.967281 190 5.419333
1 2 161 10.063516 193 17.458168
2 2 173 13.878645 193 18.834337
3
0 2 120 11.944760 126 15.227964
1 2 127 18.000355 153 15.267364
2 2 134 5.561211 196 1.941040
3
0 2 120 10.113070 130 2.514424
1 2 146 5.891047 172 6.850725
2 2 145 14.689815 185 1.608805
3
0 2 120 13.002983 151 8.134686
1 2 156 10.305041 158 14.065689
2 2 190 19.375140 149 3.088058
3
0 2 120 5.852338 136 1.456032
1 2 147 16.666971 144 18.570789
2 2 150 18.253833 139 17.871891
3
0 2 120 2.176512 148 14.996301
1 2 172 13.484212 126 7.768245
2 2 151 16.882594 125 11.132764
3
0 2 120 12.917245 150 10.289292
1 2 134 6.660594 168 13.594678
2 2 163 13.564561 134 19.358717
3
0 2 120 12.705190 158 18.574949
1 2 158 6.627812 145 5.760130
2 2 185 3.233212 124 8.155257
3
0 2 120 1.506813 121 2.053649
1 2 133 19.334573 180 6.436208
2 2 157 7.599841 153 14.318689
3
0 2 120 3.638190 121 8.118749
1 2 149 9.850002 177 8.279853
2 2 173 19.894243 124 8.683168
3
0 2 140 11.596295 169 1.918469
1 2 158 15.584601 153 11.678104
2 2 145 8.080845 174 19.143597
3
0 2 140 3.437923 150 16.936267
1 2 155 8.764532 197 10.294199
2 2 149 4.780851 189 14.572087
3
0 2 140 11.564407 191 13.593046
1 2 198 13.459647 165 15.660531
2 2 175 1.493776 161 19.656789
3
0 2 140 2.420397 151 10.605923
1 2 164 16.676352 169 1.727780
2 2 172 19.270080 153 3.015452
3
0 2 140 8.372196 170 10.032643
1 2 192 2.392030 154 5.537925
2 2 155 13.765580 186 3.008272
3
0 2 140 3.311905 166 1.856865
1 2 151 2.074640 155 14.273967
2 2 162 8.911721 185 1.218337
3
0 2 140 8.226363 187 18.100250
1 2 172 19.208954 166 14.158545
2 2 160 10.960109 175 7.012822
3
0 2 140 14.987992 146 8.412883
1 2 146 10.205843 151 3.141995
2 2 146 9.681562 162 14.579597
3
0 2 140 10.489102 166 13.978622
1 2 147 4.491678 199 3.748735
2 2 146 5.849628 147 4.434773
3
0 2 140 18.047001 195 13.323549
1 2 163 3.662216 189 15.915612
2 2 151 6.852422 142 11.221232
3
0 2 140 19.977240 150 18.591971
1 2 182 9.433741 169 4.316758
2 2 199 19.206349 143 3.955875
3
0 2 140 19.088452 192 9.380137
1 2 160 12.140999 157 13.839092
2 2 140 10.008450 159 15.821980
3
0 2 140 15.962457 147 19.747150
1 2 158 6.773687 164 3.195888
2 2 161 17.197679 193 6.908976
3
0 2 140 14.051326 197 8.574925
1 2 182 11.360480 180 16.347750
2 2 153 1.199446 189 11.163224
3
0 2 140 19.684860 145 16.658863
1 2 197 10.689336 145 14.425869
2 2 160 7.448280 198 10.529171
3
0 2 140 1.476353 189 10.533213
1 2 164 7.772327 150 4.843448
2 2 159 15.661373 181 14.961343
3
0 2 140 17.975511 147 13.967987
1 2 181 12.408524 164 9.214954
2 2 185 8.778610 165 14.583468
3
0 2 140 1.337848 177 7.931993
1 2 198 10.985555 168 2.111460
2 2 140 4.269978 146 11.155121
3
0 2 140 3.943106 157 3.233677
1 2 145 10.988276 157 17.056873
2 2 154 19.973798 170 15.526801
3
0 2 140 18.904262 187 3.452451
1 2 142 16.960860 161 9.322083
2 2 142 1.238974 170 8.338872
3
0 2 160 8.587097 182 6.675913
1 2 192 5.115117 175 19.109695
2 2 162 1.819764 182 16.424675
3
0 2 160 12.857314 175 2.634390
1 2 167 7.182430 194 15.635352
2 2 161 15.294892 198 5.272300
3
0 2 160 12.749735 168 9.231451
1 2 165 16.644364 163 7.254267
2 2 189 17.312154 196 15.730100
3
0 2 160 11.026878 178 4.253766
1 2 171 10.997699 182 5.858764
2 2 187 12.667404 182 6.960120
3
0 2 160 17.304899 177 13.149410
1 2 181 14.324571 194 4.291147
2 2 196 13.814203 181 18.195170
3
0 2 160 3.572999 167 16.528922
1 2 176 14.028708 183 10.894106
2 2 186 11.369887 160 7.840108
3
0 2 160 9.837545 178 13.258545
1 2 183 9.805194 185 13.427934
2 2 166 9.593817 177 12.931596
3
0 2 160 15.175966 183 17.025674
1 2 180 6.862095 162 17.450215
2 2 177 17.527103 197 13.616690
3
0 2 160 17.851047 190 6.615441
1 2 181 2.084634 174 2.185762
2 2 199 19.848857 193 7.122688
3
0 2 160 9.944246 181 10.299482
1 2 170 12.712388 180 9.765955
2 2 196 4.525043 171 7.594933
3
0 2 160 9.687012 167 15.113402
1 2 184 4.544194 174 5.916068
2 2 185 6.116036 191 2.546299
3
0 2 160 19.035136 187 1.511817
1 2 177 7.022597 182 18.964837
2 2 197 17.515594 167 2.110904
3
0 2 160 10.665894 189 10.640821
1 2 190 6.790518 164 18.851758
2 2 184 8.731412 174 12.899459
3
0 2 160 14.426998 168 5.179200
1 2 194 8.943029 186 9.358992
2 2 173 18.248114 197 13.715242
3
0 2 160 13.080845 183 11.270762
1 2 160 9.673775 196 9.857307
2 2 174 19.013146 167 10.067154
3
0 2 160 2.054509 190 17.857840
1 2 191 5.833719 178 13.939053
2 2 184 12.977821 197 5.823986
3
0 2 160 14.843502 199 6.363744
1 2 185 6.262183 198 3.409982
2 2 178 7.731686 193 3.856190
3
0 2 160 10.284477 164 10.611102
1 2 167 6.476336 188 1.260988
2 2 186 4.952590 199 18.125568
3
0 2 160 11.035914 197 1.743362
1 2 179 1.945725 186 6.640102
2 2 188 12.771674 182 7.799716
3
0 2 160 5.616428 168 12.164780
1 2 178 13.602865 171 8.771638
2 2 178 7.436142 173 3.730669
3
0 2 180 9.462801 182 17.358795
1 2 182 18.889745 186 15.910054
2 2 187 4.285669 183 1.459955
3
0 2 180 8.561985 190 13.524125
1 2 194 6.546922 188 4.661981
2 2 198 15.066450 196 3.884027
3
0 2 180 12.133701 185 8.087930
1 2 198 4.715104 180 1.255645
2 2 195 8.844440 183 4.423107
3
0 2 180 9.235857 191 7.245257
1 2 182 8.331381 187 12.235447
2 2 187 1.658554 197 4.973533
3
0 2 180 9.013863 196 5.433482
1 2 196 7.945334 185 3.197741
2 2 186 4.362311 193 10.161262
3
0 2 180 7.277209 183 12.769385
1 2 197 17.530486 190 17.391424
2 2 199 3.409672 185 14.556758
3
0 2 180 8.873287 184 4.109343
1 2 196 15.540028 199 11.628345
2 2 194 8.577649 192 3.634732
3
0 2 180 10.514681 186 7.009544
1 2 192 19.081223 198 11.599767
2 2 187 3.706941 193 15.119729
3
0 2 180 2.060245 182 2.743218
1 2 182 12.690954 197 5.443560
2 2 191 19.424102 196 10.624790
3
0 2 180 16.882913 199 4.260806
1 2 199 7.440480 188 14.074438
2 2 182 11.511306 190 1.801427
3
0 2 180 12.819188 194 18.556870
1 2 182 4.921928 199 10.037173
2 2 188 3.498215 192 11.978244
3
0 2 180 15.874516 199 5.608858
1 2 189 8.571587 183 18.484626
2 2 181 1.424616 199 3.555220
3
0 2 180 3.498146 197 6.106122
1 2 185 8.156199 194 6.017666
2 2 193 10.230789 186 10.735338
3
0 2 180 18.825448 198 13.634147
1 2 196 18.297898 190 5.629494
2 2 189 9.197866 188 2.701940
3
0 2 180 2.774919 183 14.287506
1 2 191 16.131783 181 3.308435
2 2 188 1.414563 184 18.181326
3
0 2 180 3.224156 190 11.429722
1 2 196 3.909173 181 12.587758
2 2 186 6.980083 190 5.997408
3
0 2 180 10.194023 187 4.002132
1 2 185 14.388092 184 8.726662
2 2 196 4.832928 188 8.978732
3
0 2 180 3.526811 194 16.412476
1 2 184 17.348259 186 11.419228
2 2 184 4.945930 185 15.279381
3
0 2 180 3.156708 194 11.215863
1 2 181 2.069985 197 14.622054
2 2 182 7.839204 185 12.636106
3
0 2 180 1.689670 196 1.587743
1 2 183 3.972572 189 19.442570
2 2 188 7.986817 199 14.884688
3
0 2 199 1.242224 199 9.798751
1 2 199 10.020051 199 7.406709
2 2 199 9.691626 199 15.847239
3
0 2 199 8.755021 199 17.470450
1 2 199 10.767556 199 8.081894
2 2 199 15.043066 199 5.973474
3
0 2 199 12.019930 199 19.028124
1 2 199 4.238322 199 13.838582
2 2 199 18.787781 199 1.190682
3
0 2 199 8.154001 199 13.346319
1 2 199 17.269021 199 19.032077
2 2 199 10.417526 199 13.198121
3
0 2 199 14.640652 199 16.827739
1 2 199 2.974725 199 4.673911
2 2 199 7.810824 199 14.569006
3
0 2 199 18.460365 199 3.155458
1 2 199 13.735332 199 1.492068
2 2 199 16.600772 199 17.723923
3
0 2 199 15.312447 199 10.197400
1 2 199 6.506966 199 11.015514
2 2 199 10.810359 199 2.416304
3
0 2 199 10.346320 199 16.505538
1 2 199 4.283440 199 19.625732
2 2 199 16.238395 199 18.149600
3
0 2 199 16.510750 199 5.320115
1 2 199 11.007946 199 19.015236
2 2 199 17.709785 199 16.879820
3
0 2 199 12.005292 199 13.797183
1 2 199 14.138563 199 19.114038
2 2 199 14.165992 199 17.564769
3
0 2 199 5.987461 199 7.012970
1 2 199 2.271867 199 17.183952
2 2 199 1.417297 199 14.027728
3
0 2 199 7.642793 199 4.942326
1 2 199 6.392202 199 17.964395
2 2 199 13.171505 199 8.427321
3
0 2 199 17.330970 199 2.584055
1 2 199 10.913341 199 15.855450
2 2 199 3.109034 199 5.034987
3
0 2 199 11.102432 199 19.254566
1 2 199 18.702160 199 4.330730
2 2 199 1.591548 199 9.275517
3
0 2 199 7.415028 199 11.182568
1 2 199 3.530490 199 18.444776
2 2 199 1.969748 199 11.765944
3
0 2 199 10.832709 199 9.916254
1 2 199 3.475629 199 13.601700
2 2 199 18.706672 199 17.311729
3
0 2 199 3.555122 199 5.178770
1 2 199 4.079290 199 9.222196
2 2 199 16.475152 199 8.900583
3
0 2 199 15.127812 199 10.372873
1 2 199 13.713419 199 19.541599
2 2 199 5.468969 199 10.025991
3
0 2 199 11.562543 199 15.093308
1 2 199 8.832345 199 11.085450
2 2 199 12.343588 199 10.882182
0
