200 199
3
0 2 20 4.856368 65 6.097935
1 2 176 8.629573 145 19.233294
2 2 80 12.091913 151 15.422920
3
0 2 20 10.750332 153 2.836780
1 2 109 19.139116 139 13.230096
2 2 111 7.684320 115 18.747699
3
0 2 20 6.567332 159 11.918929
1 2 190 14.541785 85 6.879917
2 2 24 8.141083 83 8.101660
3
0 2 20 10.402995 158 6.514314
1 2 104 15.772704 113 9.644681
2 2 46 7.802221 51 7.128226
3
0 2 20 1.931206 181 6.613006
1 2 26 17.648199 35 3.484877
2 2 160 18.304306 110 18.619417
3
0 2 20 4.725364 172 5.528295
1 2 62 14.717025 164 17.059839
2 2 109 8.263017 107 14.567570
3
0 2 20 8.372330 140 12.533044
1 2 90 7.236759 48 2.112364
2 2 148 18.029921 133 11.389513
3
0 2 20 1.716510 190 1.026515
1 2 178 18.586712 26 15.628904
2 2 24 2.359108 146 14.602049
3
0 2 20 17.983942 104 11.864927
1 2 174 5.108788 25 8.602492
2 2 138 15.820062 47 7.043144
3
0 2 20 10.137493 154 18.216640
1 2 196 19.251536 104 8.273927
2 2 114 1.455799 186 9.573224
3
0 2 20 6.712053 78 6.516232
1 2 86 3.860773 129 15.426965
2 2 130 7.436198 66 15.838469
3
0 2 20 3.657703 67 7.795521
1 2 136 13.440941 99 9.692442
2 2 22 1.331860 113 6.313778
3
0 2 20 3.532085 183 3.346640
1 2 21 15.262268 39 16.400684
2 2 196 7.420870 32 8.275559
3
0 2 20 10.751505 165 18.492913
1 2 138 6.257784 38 7.232502
2 2 177 12.503085 156 1.273217
3
0 2 20 4.158039 118 7.373387
1 2 117 16.134206 124 6.669561
2 2 103 18.502557 197 5.943761
3
0 2 20 9.285150 116 8.349052
1 2 121 14.427283 159 11.733764
2 2 110 9.840011 34 5.826679
3
0 2 20 15.469098 35 2.714937
1 2 193 18.699698 151 14.947134
2 2 151 7.009942 24 4.738687
3
0 2 20 2.299371 60 9.084189
1 2 163 9.150124 27 8.049574
2 2 26 1.204986 24 13.104119
3
0 2 20 14.690382 173 6.357036
1 2 95 14.245409 113 18.429487
2 2 147 7.969074 101 17.111636
3
0 2 20 16.434012 50 19.892477
1 2 97 11.776050 79 15.138079
2 2 165 2.597420 78 14.638047
3
0 2 40 6.999970 74 9.935307
1 2 62 3.358681 125 15.187514
2 2 113 16.727627 147 9.318325
3
0 2 40 8.891341 117 18.836145
1 2 101 7.920092 62 12.043759
2 2 138 6.568154 129 17.779313
3
0 2 40 10.553180 159 12.589956
1 2 75 3.090390 52 16.662344
2 2 81 6.047248 121 5.529669
3
0 2 40 17.553851 120 7.196768
1 2 183 5.784923 192 17.854809
2 2 71 14.456005 176 5.654978
3
0 2 40 7.556753 146 10.324001
1 2 88 15.919661 69 15.793197
2 2 104 7.150724 143 13.313947
3
0 2 40 4.434547 172 6.030914
1 2 99 14.832079 189 8.235600
2 2 139 7.384383 45 1.012273
3
0 2 40 12.410107 170 14.917243
1 2 99 6.733478 108 8.131176
2 2 156 8.131148 178 1.752344
3
0 2 40 17.175318 167 18.084956
1 2 166 12.889924 151 2.927014
2 2 125 17.881853 70 3.979277
3
0 2 40 15.382635 129 7.432388
1 2 60 4.284476 163 3.519652
2 2 56 17.174722 62 17.274040
3
0 2 40 1.879386 50 8.111748
1 2 191 6.224443 144 7.381261
2 2 116 8.853952 48 12.241579
3
0 2 40 4.518993 69 1.256462
1 2 173 12.365078 58 15.287910
2 2 170 3.249954 173 8.217002
3
0 2 40 1.179970 64 10.718256
1 2 127 16.769973 152 11.377437
2 2 177 19.537337 114 16.695238
3
0 2 40 12.342135 123 8.352263
1 2 131 18.963089 133 5.366965
2 2 57 7.674464 61 1.936164
3
0 2 40 1.598549 53 6.381082
1 2 77 1.938746 74 19.531735
2 2 68 17.042524 162 5.126200
3
0 2 40 14.344823 107 8.080289
1 2 91 19.578149 136 15.421136
2 2 146 12.437283 140 9.309747
3
0 2 40 14.597706 155 17.333071
1 2 48 12.547696 44 10.788967
2 2 108 11.325944 80 11.096793
3
0 2 40 1.758274 94 2.750722
1 2 116 19.111254 117 19.519773
2 2 190 18.379057 91 2.976664
3
0 2 40 18.285915 116 7.485433
1 2 79 10.698822 135 5.064882
2 2 190 15.892398 50 2.541720
3
0 2 40 3.836668 153 14.426149
1 2 47 15.518733 104 9.553300
2 2 126 5.930928 183 10.387943
3
0 2 40 13.957187 196 1.689240
1 2 148 7.981187 113 3.378526
2 2 65 17.692035 156 7.787052
3
0 2 60 10.668722 159 10.320067
1 2 101 16.112888 188 17.593749
2 2 191 10.382178 104 7.698520
3
0 2 60 17.041618 89 18.133400
1 2 108 19.879941 104 19.921381
2 2 177 3.261932 126 19.160588
3
0 2 60 10.576386 120 14.537400
1 2 85 19.259496 89 16.598506
2 2 102 4.572855 190 6.906653
3
0 2 60 3.058686 189 12.023694
1 2 149 18.797980 166 17.585209
2 2 97 8.276108 196 11.790522
3
0 2 60 18.637171 152 16.263661
1 2 146 15.831671 154 7.036228
2 2 67 13.123942 187 17.872727
3
0 2 60 1.691629 141 13.830221
1 2 181 10.328493 183 16.540363
2 2 167 10.652461 176 6.307126
3
0 2 60 19.656801 194 7.430433
1 2 103 9.785349 172 19.561252
2 2 172 4.886456 198 15.354556
3
0 2 60 10.419622 122 10.488934
1 2 188 12.517915 196 12.629801
2 2 192 15.230004 135 1.288270
3
0 2 60 8.617626 178 5.252921
1 2 87 15.663056 102 4.399024
2 2 118 1.754575 186 4.553842
3
0 2 60 16.556644 122 7.764196
1 2 135 5.302125 149 14.681171
2 2 130 18.507025 197 18.646680
3
0 2 60 11.935809 176 5.215711
1 2 103 11.488086 73 17.625828
2 2 92 13.683191 167 5.939689
3
0 2 60 2.260249 150 19.700346
1 2 143 14.042589 97 15.443147
2 2 147 3.137409 121 18.821238
3
0 2 60 5.329339 173 13.249666
1 2 191 1.867530 180 4.887083
2 2 172 10.096496 189 12.009926
3
0 2 60 1.125219 173 16.761752
1 2 81 4.077684 192 15.930013
2 2 69 17.228221 160 1.538118
3
0 2 60 2.236221 130 2.006476
1 2 97 7.251386 84 10.079867
2 2 94 5.432828 133 19.919722
3
0 2 60 17.469688 96 8.202913
1 2 127 4.845916 64 14.131170
2 2 117 3.557624 70 8.251317
3
0 2 60 8.726584 112 18.092501
1 2 64 7.104277 193 3.528181
2 2 182 3.951206 155 12.800349
3
0 2 60 18.184222 124 7.109206
1 2 194 4.313618 146 5.475913
2 2 154 12.823324 129 13.539744
3
0 2 60 13.530177 184 4.253282
1 2 154 6.539020 90 10.567799
2 2 145 15.218824 180 11.091108
3
0 2 60 8.171196 104 3.376800
1 2 70 8.454690 67 7.190017
2 2 62 18.998373 153 14.411016
3
0 2 80 16.159806 95 4.307703
1 2 177 8.991101 147 19.302542
2 2 107 17.248424 170 18.007656
3
0 2 80 3.241380 195 19.565167
1 2 91 12.514552 140 7.903777
2 2 94 5.397002 143 5.264966
3
0 2 80 13.607842 150 18.469100
1 2 144 2.314995 90 13.441165
2 2 133 7.627929 159 17.928459
3
0 2 80 18.677194 84 2.007453
1 2 89 14.397672 107 7.513276
2 2 129 18.067149 152 13.095194
3
0 2 80 10.390034 143 16.909661
1 2 198 6.519132 118 18.695552
2 2 150 8.448332 178 10.751019
3
0 2 80 6.433431 95 8.791578
1 2 130 15.600957 173 1.426211
2 2 92 12.224478 148 18.596291
3
0 2 80 19.659441 173 3.037424
1 2 172 10.587178 141 1.564186
2 2 177 8.238858 160 5.423809
3
0 2 80 17.606677 142 11.156435
1 2 90 15.378927 196 4.713865
2 2 196 17.934022 179 6.331225
3
0 2 80 11.879153 109 15.371484
1 2 198 16.941012 117 3.422878
2 2 101 17.772227 116 15.229679
3
0 2 80 11.010360 165 12.981720
1 2 123 17.430365 143 2.162087
2 2 154 17.686021 197 18.831084
3
0 2 80 16.891161 136 1.120906
1 2 173 8.053879 141 16.430368
2 2 146 13.427328 92 7.873915
3
0 2 80 16.487283 163 6.701457
1 2 189 17.935816 171 5.648338
2 2 188 12.575262 192 15.451558
3
0 2 80 13.905138 157 14.782345
1 2 99 5.987533 91 11.481289
2 2 127 19.050066 121 19.226013
3
0 2 80 11.895151 114 1.978680
1 2 192 16.370240 97 8.789340
2 2 197 14.712819 183 7.105930
3
0 2 80 3.009432 190 17.626073
1 2 97 13.769512 181 4.229312
2 2 188 2.382483 84 19.753661
3
0 2 80 4.187370 149 13.868603
1 2 170 5.588198 183 10.257499
2 2 107 1.892595 125 6.967107
3
0 2 80 11.789478 120 18.511464
1 2 93 14.588686 111 2.415675
2 2 195 1.874419 123 19.649053
3
0 2 80 19.438654 107 14.997264
1 2 165 4.125811 167 1.618414
2 2 80 9.306048 132 13.092700
3
0 2 80 11.746111 175 16.423746
1 2 191 14.995545 126 15.832715
2 2 184 16.796042 126 14.622470
3
0 2 80 16.220636 108 12.542724
1 2 199 8.697763 80 8.400161
2 2 155 9.089612 122 5.379867
3
0 2 100 18.402390 161 6.389693
1 2 144 16.060295 152 17.048004
2 2 101 5.263875 171 12.597999
3
0 2 100 16.118417 197 10.921437
1 2 133 17.379237 136 9.885988
2 2 131 3.251285 166 6.690454
3
0 2 100 17.577907 139 6.655548
1 2 139 4.163078 115 3.888847
2 2 167 17.444962 143 8.450528
3
0 2 100 19.985772 182 7.333415
1 2 192 6.379896 145 9.327912
2 2 131 5.708490 199 16.856306
3
0 2 100 7.832836 144 3.028479
1 2 196 8.269624 153 8.445781
2 2 130 4.105506 170 19.672999
3
0 2 100 12.962118 108 10.123747
1 2 105 18.172893 171 7.378830
2 2 127 14.015243 155 10.148263
3
0 2 100 14.332283 123 3.544545
1 2 152 15.354431 118 1.702317
2 2 162 16.324941 150 16.914281
3
0 2 100 9.149838 157 4.678658
1 2 166 16.342424 125 18.865209
2 2 134 5.044271 146 7.323528
3
0 2 100 7.148434 171 8.531657
1 2 110 1.719568 114 8.105480
2 2 100 2.421427 106 7.809111
3
0 2 100 2.979164 198 16.399342
1 2 148 6.747307 152 9.000030
2 2 114 6.753680 152 1.088633
3
0 2 100 18.495279 189 13.934164
1 2 102 11.310140 194 5.937162
2 2 177 19.201121 180 6.463224
3
0 2 100 17.387790 186 13.077913
1 2 105 18.498964 198 1.151471
2 2 150 12.443577 162 11.754721
3
0 2 100 16.175582 191 6.419146
1 2 181 14.921232 144 12.437762
2 2 130 19.450967 103 17.794125
3
0 2 100 17.598570 174 3.330097
1 2 132 6.851344 199 15.438651
2 2 180 12.162411 184 4.023866
3
0 2 100 12.574211 149 19.483573
1 2 134 2.690825 177 10.460842
2 2 135 13.278241 110 2.191223
3
0 2 100 17.757298 179 11.311214
1 2 108 6.633563 175 17.978616
2 2 113 12.856039 101 13.264316
3
0 2 100 11.842737 195 15.991834
1 2 111 18.427556 191 13.521200
2 2 106 6.478551 186 3.249428
3
0 2 100 7.110453 115 3.370196
1 2 185 15.652827 186 2.409691
2 2 126 18.554673 103 4.999683
3
0 2 100 15.357853 158 2.812318
1 2 142 19.618563 195 9.469605
2 2 159 1.867656 152 13.111259
3
0 2 100 4.546821 157 1.586412
1 2 137 16.039380 157 15.789331
2 2 129 9.079878 136 4.702033
3
0 2 120 8.968109 155 2.009898
1 2 137 7.159244 126 17.814894
2 2 150 8.318787 127 11.213420
3
0 2 120 15.020133 160 18.371985
1 2 174 6.145644 132 19.124157
2 2 181 11.029655 133 2.611352
3
0 2 120 15.015461 159 7.422681
1 2 164 14.871458 150 12.792739
2 2 129 19.905915 128 14.945561
3
0 2 120 3.927069 177 5.071591
1 2 149 5.173681 155 9.611080
2 2 143 1.998465 169 11.755275
3
0 2 120 6.714560 166 16.926225
1 2 167 4.837586 194 18.394296
2 2 122 8.278250 128 13.176319
3
0 2 120 12.602029 141 9.180820
1 2 142 6.675368 128 5.921580
2 2 132 9.645988 196 8.903376
3
0 2 120 16.222852 199 14.645171
1 2 146 1.883044 135 11.019202
2 2 123 14.641870 194 2.370475
3
0 2 120 13.099656 195 2.765826
1 2 151 4.895349 140 2.237391
2 2 182 2.072595 147 1.810349
3
0 2 120 3.113434 179 2.778972
1 2 181 12.449345 148 8.445097
2 2 122 17.872923 156 2.415624
3
0 2 120 11.856223 198 15.978010
1 2 133 15.504075 169 4.479247
2 2 161 4.277660 147 2.238506
3
0 2 120 17.741746 194 7.593517
1 2 159 11.535016 181 8.347640
2 2 192 19.698932 142 9.702938
3
0 2 120 11.163720 136 8.137561
1 2 164 4.083400 137 4.002333
2 2 191 16.418766 128 17.525660
3
0 2 120 9.966994 163 4.890586
1 2 182 12.107899 188 1.559107
2 2 130 4.289293 124 5.002337
3
0 2 120 7.245932 189 7.039879
1 2 140 2.952504 186 1.242524
2 2 126 15.904750 123 14.176249
3
0 2 120 1.209824 187 16.269376
1 2 163 19.135770 178 13.913278
2 2 183 18.746831 169 11.285193
3
0 2 120 14.298170 144 9.136061
1 2 123 8.167338 146 7.975732
2 2 130 17.964309 151 19.766163
3
0 2 120 18.270795 188 19.926825
1 2 161 11.923984 150 2.029986
2 2 165 13.840744 179 19.110884
3
0 2 120 11.613498 121 17.954926
1 2 157 3.653720 178 11.972283
2 2 160 6.766728 179 17.163368
3
0 2 120 6.265916 193 14.636425
1 2 169 6.194699 180 4.640729
2 2 197 12.052051 126 19.609110
3
0 2 120 10.076680 126 8.448839
1 2 130 15.405119 124 15.940066
2 2 169 9.942929 183 7.120193
3
0 2 140 13.684550 184 11.812302
1 2 152 14.537017 174 15.823712
2 2 199 15.729820 189 10.671568
3
0 2 140 14.783124 162 18.334735
1 2 187 12.095894 149 11.925952
2 2 144 5.826201 173 18.436579
3
0 2 140 1.853577 173 16.321419
1 2 166 5.210119 155 16.117869
2 2 187 14.257168 168 12.733303
3
0 2 140 13.183688 155 3.827047
1 2 178 12.853773 185 1.689767
2 2 142 7.475901 189 10.438541
3
0 2 140 8.418059 165 2.273633
1 2 141 17.805437 151 18.359578
2 2 194 18.458749 150 13.950670
3
0 2 140 1.808236 199 17.967207
1 2 191 11.129138 147 10.357699
2 2 176 5.671298 142 9.665027
3
0 2 140 11.045448 180 3.451968
1 2 184 17.356670 146 6.837513
2 2 149 18.829437 153 8.600645
3
0 2 140 18.040197 162 10.024048
1 2 140 15.668178 153 1.719845
2 2 164 15.171123 198 3.467527
3
0 2 140 16.868822 199 11.563448
1 2 174 19.949285 177 8.003810
2 2 180 17.029374 186 13.635573
3
0 2 140 8.400524 181 16.251914
1 2 190 15.213411 186 3.332405
2 2 190 19.271600 183 10.586968
3
0 2 140 13.200818 162 12.522361
1 2 172 2.241568 193 4.434464
2 2 195 4.085284 199 19.796633
3
0 2 140 3.549807 154 2.021048
1 2 156 7.659667 163 2.007833
2 2 177 9.455209 172 4.800155
3
0 2 140 15.400282 184 8.772846
1 2 188 9.701572 172 1.657230
2 2 179 2.468620 159 7.476614
3
0 2 140 1.950691 149 12.609647
1 2 153 6.916614 172 8.812904
2 2 177 13.537211 172 4.846782
3
0 2 140 15.125690 153 4.118276
1 2 170 11.047628 143 4.506559
2 2 177 8.525825 171 10.161935
3
0 2 140 16.951863 194 17.228987
1 2 187 12.641099 197 12.793581
2 2 175 15.275140 196 7.486978
3
0 2 140 3.439692 166 1.445371
1 2 140 18.577632 171 2.198044
2 2 149 2.674042 173 7.535643
3
0 2 140 10.650654 156 13.079587
1 2 160 10.364927 163 4.615079
2 2 159 5.985428 142 10.962346
3
0 2 140 5.635242 186 1.932173
1 2 154 8.940761 178 19.546072
2 2 184 10.315093 155 6.454116
3
0 2 140 15.654116 163 13.396670
1 2 191 9.097682 150 8.433281
2 2 197 16.618175 175 16.505001
3
0 2 160 1.639309 184 7.977966
1 2 186 2.727882 177 3.722556
2 2 177 5.772184 179 17.531820
3
0 2 160 3.848388 193 15.869353
1 2 199 1.367672 182 5.144610
2 2 178 8.956143 190 19.617042
3
0 2 160 16.389742 193 18.053011
1 2 163 11.990863 199 9.106409
2 2 180 2.689269 175 12.989721
3
0 2 160 19.992312 199 4.549909
1 2 161 19.195051 163 5.719231
2 2 196 13.565803 181 19.017482
3
0 2 160 9.877234 187 4.238448
1 2 196 15.954057 184 8.619911
2 2 197 11.653155 161 9.468706
3
0 2 160 17.233578 161 18.664713
1 2 168 16.028942 175 15.241203
2 2 187 5.010757 192 4.830032
3
0 2 160 5.736407 188 7.034573
1 2 184 7.282946 176 12.311410
2 2 197 8.646455 173 19.924882
3
0 2 160 2.489649 182 18.053227
1 2 166 1.458267 178 12.492589
2 2 184 12.884715 173 8.069835
3
0 2 160 17.019258 189 3.624611
1 2 169 3.662926 193 7.141879
2 2 176 1.428376 170 13.785776
3
0 2 160 16.020810 164 15.006955
1 2 174 7.261629 170 14.776603
2 2 161 4.000046 178 5.862786
3
0 2 160 15.713112 181 19.028323
1 2 168 19.224669 162 19.762693
2 2 194 4.228029 190 16.129574
3
0 2 160 2.459264 173 7.511186
1 2 185 18.667729 173 19.987170
2 2 175 11.047931 178 17.670312
3
0 2 160 13.374041 178 15.830064
1 2 162 16.691180 186 8.390471
2 2 179 12.099756 183 16.917682
3
0 2 160 14.510417 183 10.750956
1 2 190 8.731512 160 15.615742
2 2 175 8.397319 186 11.061455
3
0 2 160 4.771756 170 11.216500
1 2 162 17.611280 164 7.025454
2 2 163 17.802691 173 2.041257
3
0 2 160 5.503789 162 18.194628
1 2 198 5.126398 178 10.207957
2 2 187 8.689087 172 10.883835
3
0 2 160 16.349493 183 13.315895
1 2 187 13.585441 183 3.017453
2 2 175 15.925442 174 1.070008
3
0 2 160 1.224447 172 13.733476
1 2 196 2.965794 194 11.809358
2 2 170 9.393106 177 16.836028
3
0 2 160 12.446480 166 2.078104
1 2 184 4.028523 168 19.642998
2 2 197 12.236515 185 3.435690
3
0 2 160 5.602786 185 5.219781
1 2 185 6.615315 186 1.193799
2 2 182 9.895197 161 13.250661
3
0 2 180 19.125161 199 3.557560
1 2 186 14.181742 190 14.252206
2 2 194 17.208496 182 4.830116
3
0 2 180 18.785896 187 4.507778
1 2 199 9.389757 190 5.113935
2 2 197 19.912882 199 15.010039
3
0 2 180 3.052883 181 13.024153
1 2 193 19.287985 197 15.069175
2 2 196 11.930756 186 1.529663
3
0 2 180 7.192041 186 1.112457
1 2 183 9.169654 189 9.626405
2 2 181 12.835034 199 18.067313
3
0 2 180 4.616951 181 8.549167
1 2 197 3.094716 198 7.007535
2 2 191 1.029595 181 14.078451
3
0 2 180 9.524412 193 11.078297
1 2 187 11.830331 199 2.886114
2 2 192 5.986381 188 17.431038
3
0 2 180 3.583796 188 11.611219
1 2 192 2.098197 191 16.438178
2 2 199 7.916735 196 3.809642
3
0 2 180 8.657776 187 2.658111
1 2 182 5.772016 196 17.343926
2 2 198 3.258785 186 11.110695
3
0 2 180 4.700505 192 8.660718
1 2 196 9.868110 186 12.798235
2 2 189 3.762501 194 16.179649
3
0 2 180 15.298294 183 13.636811
1 2 194 12.926668 199 1.642213
2 2 190 1.942480 198 17.041944
3
0 2 180 15.445556 199 6.327028
1 2 198 6.691948 197 10.059242
2 2 181 5.052564 188 15.529856
3
0 2 180 12.117586 183 4.378630
1 2 190 14.569796 188 13.655954
2 2 184 12.303690 191 13.668031
3
0 2 180 3.361939 199 18.422828
1 2 197 13.815473 196 10.665961
2 2 195 12.752544 185 10.777057
3
0 2 180 19.852933 189 15.438325
1 2 181 16.422275 189 9.492017
2 2 199 6.798048 189 6.258329
3
0 2 180 19.080499 185 4.673618
1 2 188 10.728199 183 11.299455
2 2 190 8.551945 198 7.411882
3
0 2 180 1.802189 199 15.383809
1 2 197 12.910583 185 6.433267
2 2 192 10.717064 194 9.837268
3
0 2 180 15.646530 189 15.364311
1 2 183 4.579714 198 3.959847
2 2 190 14.507859 180 7.299645
3
0 2 180 7.370308 185 12.398684
1 2 190 17.440564 191 9.722016
2 2 181 3.724838 199 16.885705
3
0 2 180 6.978225 181 15.194572
1 2 193 16.143858 198 18.171259
2 2 182 17.296799 194 15.299999
3
0 2 180 13.092920 189 16.527917
1 2 196 13.657267 197 2.490036
2 2 196 14.551516 192 15.314382
3
0 2 199 12.252730 199 1.624537
1 2 199 13.353632 199 9.440081
2 2 199 5.969902 199 4.904401
3
0 2 199 14.105600 199 8.461101
1 2 199 10.019274 199 8.255893
2 2 199 15.621084 199 10.454577
3
0 2 199 18.549108 199 6.205132
1 2 199 11.983357 199 12.228188
2 2 199 8.775013 199 5.825387
3
0 2 199 9.154128 199 4.612741
1 2 199 3.091999 199 5.140828
2 2 199 1.858103 199 2.947579
3
0 2 199 18.897509 199 11.399026
1 2 199 1.193773 199 8.314432
2 2 199 2.500280 199 14.599659
3
0 2 199 18.739585 199 8.661412
1 2 199 7.604536 199 6.844781
2 2 199 14.537432 199 14.027366
3
0 2 199 18.383304 199 16.431973
1 2 199 14.109691 199 3.789011
2 2 199 10.376242 199 7.778040
3
0 2 199 1.284704 199 16.385553
1 2 199 11.135943 199 18.280125
2 2 199 17.536154 199 13.940928
3
0 2 199 9.172445 199 14.244211
1 2 199 2.457190 199 10.482244
2 2 199 19.147222 199 15.836552
3
0 2 199 1.344599 199 12.484773
1 2 199 6.936188 199 19.849275
2 2 199 7.821309 199 1.360031
3
0 2 199 2.141628 199 9.345932
1 2 199 15.186944 199 12.460819
2 2 199 7.676800 199 14.439649
3
0 2 199 4.644532 199 16.470740
1 2 199 16.080581 199 4.360367
2 2 199 8.099454 199 16.804532
3
0 2 199 15.362791 199 10.452108
1 2 199 1.835673 199 18.067378
2 2 199 4.793921 199 10.905963
3
0 2 199 9.631005 199 10.265165
1 2 199 1.701463 199 11.334167
2 2 199 3.114239 199 6.362598
3
0 2 199 1.661442 199 10.382852
1 2 199 11.900970 199 8.573554
2 2 199 15.502483 199 12.546186
3
0 2 199 8.676419 199 2.440064
1 2 199 11.043576 199 16.956013
2 2 199 6.735883 199 5.098467
3
0 2 199 14.831756 199 16.569681
1 2 199 7.803015 199 6.304044
2 2 199 17.205389 199 14.691797
3
0 2 199 17.660255 199 4.937264
1 2 199 18.339213 199 10.676813
2 2 199 19.684783 199 9.978817
3
0 2 199 16.481810 199 3.974961
1 2 199 17.861825 199 6.695642
2 2 199 13.598944 199 3.642832
0
