100 99
3
0 2 10 1.712901 19 15.745495
1 2 94 10.011460 56 14.257470
2 2 34 4.644993 13 4.596636
3
0 2 10 15.222042 54 5.831659
1 2 22 10.535131 55 12.714430
2 2 97 7.237230 36 12.827864
3
0 2 10 19.345562 87 12.213636
1 2 83 13.806631 93 14.979407
2 2 81 1.091996 17 7.591820
3
0 2 10 13.691286 87 19.262219
1 2 38 3.859101 11 17.536821
2 2 69 9.358045 71 11.166031
3
0 2 10 17.159689 43 8.981131
1 2 93 8.166139 19 19.892921
2 2 68 12.303693 60 12.649119
3
0 2 10 13.286119 78 13.408857
1 2 30 10.669066 67 15.826647
2 2 44 19.222720 77 18.263651
3
0 2 10 13.260274 86 11.947654
1 2 55 13.097504 49 13.888977
2 2 11 7.069934 42 19.636685
3
0 2 10 2.835506 17 4.937042
1 2 18 18.737846 34 15.113472
2 2 42 5.467808 58 6.566394
3
0 2 10 9.103214 78 14.121008
1 2 77 10.178965 51 13.397757
2 2 34 15.115012 75 11.231825
3
0 2 10 18.022788 74 14.923709
1 2 12 13.633463 48 18.326935
2 2 38 13.876407 19 13.951376
3
0 2 20 15.439995 99 11.861659
1 2 28 11.614807 91 11.680213
2 2 85 18.256326 26 2.529385
3
0 2 20 17.300105 77 16.426506
1 2 35 14.192503 30 7.446990
2 2 70 11.680670 27 1.131066
3
0 2 20 8.952075 53 3.694124
1 2 42 3.413778 61 5.296935
2 2 48 8.391357 73 8.398665
3
0 2 20 13.025650 52 10.919212
1 2 93 15.598757 55 17.978988
2 2 95 8.206456 99 4.477763
3
0 2 20 16.143823 41 12.933761
1 2 94 10.855302 46 10.767092
2 2 88 5.239956 61 14.799453
3
0 2 20 19.492519 32 6.157887
1 2 57 4.996059 75 14.169506
2 2 74 9.831830 41 1.543799
3
0 2 20 3.174492 60 3.173721
1 2 46 5.505969 63 16.429542
2 2 76 9.860753 45 17.580538
3
0 2 20 2.943926 79 7.044922
1 2 22 2.593806 79 8.795846
2 2 34 12.909959 41 17.672577
3
0 2 20 1.269484 89 2.941594
1 2 68 18.234840 53 12.178520
2 2 36 15.028762 93 3.099632
3
0 2 20 13.940230 66 7.840781
1 2 63 6.017268 82 11.898979
2 2 55 11.297787 89 13.248260
3
0 2 30 18.899618 54 11.372617
1 2 42 5.031930 64 10.437352
2 2 75 2.970431 97 7.441105
3
0 2 30 12.409602 76 9.424158
1 2 87 7.031555 52 18.808629
2 2 48 5.449196 52 3.899649
3
0 2 30 12.531786 76 7.621567
1 2 70 5.406504 82 4.033404
2 2 75 9.120036 64 6.359527
3
0 2 30 13.567106 53 9.603910
1 2 72 3.965935 31 12.840615
2 2 80 9.454028 64 2.909795
3
0 2 30 13.470609 78 16.781134
1 2 95 13.483677 79 11.461859
2 2 49 2.576548 98 8.197396
3
0 2 30 10.909406 83 15.222771
1 2 30 11.117798 64 9.036087
2 2 69 13.826377 84 13.415420
3
0 2 30 7.478001 36 10.570388
1 2 69 19.784096 96 15.951040
2 2 61 18.132857 78 19.293625
3
0 2 30 10.124103 95 6.143251
1 2 49 10.383781 46 6.627969
2 2 49 17.028837 95 8.510712
3
0 2 30 14.008385 93 16.639957
1 2 86 18.400998 49 14.709824
2 2 44 13.436208 81 7.443587
3
0 2 30 7.850973 79 9.577258
1 2 61 19.981621 42 18.773283
2 2 61 16.811914 96 14.950439
3
0 2 40 13.511042 73 16.829528
1 2 46 18.264514 96 7.541724
2 2 63 17.468121 94 12.833878
3
0 2 40 4.826968 66 16.437806
1 2 52 8.802744 58 5.557834
2 2 76 8.980791 79 11.340505
3
0 2 40 8.306302 72 11.741984
1 2 73 17.498126 91 9.657001
2 2 59 1.357238 91 13.625881
3
0 2 40 4.545543 47 15.247580
1 2 83 4.901322 52 15.566780
2 2 72 9.285092 50 13.082011
3
0 2 40 6.200235 91 16.767852
1 2 81 5.691503 47 3.236419
2 2 98 1.222476 87 12.804039
3
0 2 40 16.754983 76 1.829514
1 2 52 7.293031 88 16.199252
2 2 95 11.166663 68 17.874701
3
0 2 40 1.226307 64 15.380927
1 2 79 8.730389 56 12.378505
2 2 89 7.543990 80 2.153553
3
0 2 40 8.927035 50 16.466894
1 2 57 5.717032 86 16.820744
2 2 70 5.304162 63 8.500670
3
0 2 40 6.895757 52 13.444211
1 2 72 11.612795 92 14.561315
2 2 66 12.447797 55 19.438540
3
0 2 40 11.385341 45 2.677789
1 2 60 4.437208 54 7.898999
2 2 62 6.342797 66 17.366090
3
0 2 50 4.606853 53 11.954410
1 2 51 9.818312 60 3.944519
2 2 73 6.570690 67 16.535105
3
0 2 50 4.006135 62 1.503351
1 2 58 3.698202 54 4.919290
2 2 84 10.409118 63 4.283843
3
0 2 50 15.993383 87 14.592057
1 2 63 17.930993 72 11.477808
2 2 70 19.625154 65 17.785761
3
0 2 50 18.626532 69 5.031879
1 2 73 12.562252 74 12.800706
2 2 93 14.203139 80 13.379684
3
0 2 50 19.508483 85 10.134145
1 2 73 19.717164 52 10.088304
2 2 78 3.941879 67 3.887909
3
0 2 50 15.304128 67 11.306605
1 2 69 11.187739 78 10.612198
2 2 65 4.524211 62 6.779688
3
0 2 50 4.314557 79 5.978234
1 2 71 9.989615 92 4.493935
2 2 97 8.820483 56 15.969200
3
0 2 50 5.658177 82 19.921115
1 2 85 10.404235 87 17.870772
2 2 61 12.695079 95 14.274806
3
0 2 50 19.170769 61 3.774562
1 2 96 3.572839 78 17.202857
2 2 94 8.766917 63 1.757689
3
0 2 50 1.039899 82 8.390516
1 2 92 2.152489 80 13.226623
2 2 69 15.616716 93 3.139690
3
0 2 60 2.656682 65 8.040799
1 2 65 18.175897 79 7.144967
2 2 66 3.092029 80 14.517274
3
0 2 60 13.125210 85 12.458685
1 2 81 1.041865 65 19.115554
2 2 87 17.292906 88 9.610465
3
0 2 60 18.148134 82 1.344000
1 2 92 16.393422 96 14.745994
2 2 80 2.305888 77 16.020975
3
0 2 60 12.562676 89 6.249983
1 2 74 15.876933 98 4.647749
2 2 86 3.537850 69 7.203780
3
0 2 60 11.298012 75 9.347843
1 2 84 9.298972 92 15.017479
2 2 91 17.000180 80 15.516703
3
0 2 60 8.594492 73 8.492640
1 2 83 18.341589 91 11.691247
2 2 75 13.988944 78 18.717931
3
0 2 60 13.255406 68 19.444406
1 2 77 11.723940 94 12.103233
2 2 62 12.250030 96 15.930909
3
0 2 60 18.629743 84 18.718428
1 2 84 9.329854 66 13.807767
2 2 65 5.121128 98 7.135519
3
0 2 60 18.168618 71 7.628925
1 2 73 13.973501 94 13.802004
2 2 63 5.898749 61 1.103867
3
0 2 60 13.687974 93 11.485951
1 2 71 14.649839 82 2.663714
2 2 77 6.961160 87 3.797437
3
0 2 70 15.361328 81 8.706949
1 2 96 12.303620 91 7.635053
2 2 93 8.856302 94 4.106836
3
0 2 70 6.649860 75 14.320088
1 2 86 10.867809 92 8.456012
2 2 97 17.019536 74 19.603145
3
0 2 70 1.252634 78 4.186030
1 2 92 7.909894 71 18.821651
2 2 88 4.963785 83 16.928413
3
0 2 70 16.927800 81 8.093509
1 2 96 1.018770 88 11.769533
2 2 95 8.590835 90 5.300841
3
0 2 70 10.102148 95 8.112257
1 2 73 17.481980 82 1.643245
2 2 70 9.020172 80 12.767994
3
0 2 70 10.502520 82 13.005366
1 2 83 3.977988 96 13.694176
2 2 83 4.389488 98 17.883770
3
0 2 70 19.805309 92 15.095528
1 2 78 17.437712 70 12.367864
2 2 96 2.327824 76 12.067207
3
0 2 70 18.700780 85 3.481379
1 2 88 6.382206 97 2.166575
2 2 71 5.323303 78 6.987618
3
0 2 70 6.444688 74 18.360322
1 2 82 19.717565 83 9.152410
2 2 82 4.116057 86 10.903456
3
0 2 70 3.880509 74 15.181397
1 2 85 10.876010 74 10.244579
2 2 70 8.535867 71 13.627977
3
0 2 80 10.593220 89 9.867472
1 2 87 18.924556 88 8.921747
2 2 88 10.938535 94 15.275780
3
0 2 80 15.476447 92 2.720280
1 2 97 1.379975 94 12.985495
2 2 96 11.594175 81 14.662599
3
0 2 80 11.645833 92 19.465015
1 2 83 8.133503 91 11.433147
2 2 97 19.333908 95 7.429805
3
0 2 80 9.195064 89 7.318547
1 2 83 2.698232 87 12.654400
2 2 85 12.976692 88 15.854810
3
0 2 80 3.357415 95 10.192801
1 2 85 12.321182 87 12.276454
2 2 95 19.831748 96 15.261695
3
0 2 80 1.054498 85 5.665443
1 2 86 19.756781 82 3.305616
2 2 80 9.659308 92 16.060949
3
0 2 80 2.891810 84 19.074506
1 2 99 5.653719 82 2.579743
2 2 90 1.142034 96 13.885515
3
0 2 80 17.670658 91 5.736818
1 2 99 4.636915 89 1.912148
2 2 81 3.047342 99 1.364943
3
0 2 80 14.524553 83 9.022108
1 2 99 18.702258 85 11.049922
2 2 83 5.830496 85 4.861258
3
0 2 80 6.059284 81 10.455613
1 2 92 1.049767 97 13.483887
2 2 80 10.935539 86 16.206930
3
0 2 90 16.367237 94 17.945044
1 2 91 3.661024 98 2.856125
2 2 92 5.454111 98 2.020387
3
0 2 90 18.791166 92 13.497743
1 2 99 16.879422 94 18.021640
2 2 96 14.440988 94 19.688158
3
0 2 90 6.064534 96 9.493745
1 2 95 10.108875 99 1.637866
2 2 96 15.793877 92 7.613383
3
0 2 90 3.450042 94 12.329699
1 2 95 18.134233 92 16.594096
2 2 94 2.026810 96 18.902872
3
0 2 90 14.157667 93 13.639078
1 2 92 15.137754 91 14.771372
2 2 93 4.318171 99 9.406097
3
0 2 90 16.905974 96 18.148642
1 2 92 14.261757 91 6.944403
2 2 96 19.552660 94 7.587707
3
0 2 90 9.457004 92 9.115364
1 2 90 4.317053 95 6.896983
2 2 97 10.163944 90 10.510078
3
0 2 90 15.294674 92 18.372581
1 2 91 3.854469 93 17.162963
2 2 99 18.170801 96 2.388903
3
0 2 90 1.656439 99 12.355081
1 2 90 14.571518 96 19.140961
2 2 97 10.307301 96 4.232478
3
0 2 90 12.700453 93 7.473540
1 2 90 9.447044 96 17.863971
2 2 93 19.617796 92 4.920673
3
0 1 99 15.769903
1 1 99 17.388846
2 1 99 10.119380
3
0 1 99 16.523012
1 1 99 17.004017
2 1 99 15.347665
3
0 1 99 18.154889
1 1 99 6.774338
2 1 99 19.168318
3
0 1 99 9.368710
1 1 99 9.980444
2 1 99 19.082243
3
0 1 99 7.447539
1 1 99 6.365183
2 1 99 4.961170
3
0 1 99 18.692364
1 1 99 6.870286
2 1 99 3.394325
3
0 1 99 7.504171
1 1 99 12.073232
2 1 99 15.182764
3
0 1 99 12.625553
1 1 99 15.580501
2 1 99 19.927923
3
0 1 99 9.890784
1 1 99 18.418059
2 1 99 14.694406
0
