50 49
3
0 2 5 17.693964 26 13.136586
1 2 37 16.328809 26 6.660930
2 2 41 8.912619 43 6.569488
3
0 2 5 19.216936 38 9.836024
1 2 42 17.165908 43 9.220016
2 2 10 19.641606 7 6.701462
3
0 2 5 7.738982 15 13.138601
1 2 11 10.894402 7 15.712424
2 2 14 5.693870 24 15.113545
3
0 2 5 4.828338 23 7.052149
1 2 27 1.837587 26 1.195806
2 2 41 1.978097 17 3.541951
3
0 2 5 19.665347 40 8.455494
1 2 38 9.575525 28 11.302630
2 2 5 6.659240 21 18.813740
3
0 2 10 16.616269 47 6.191522
1 2 45 8.809194 19 1.565873
2 2 15 1.147424 10 11.717074
3
0 2 10 18.035924 38 3.453761
1 2 47 6.056505 27 11.102894
2 2 30 18.234913 40 3.972721
3
0 2 10 15.602251 17 9.764325
1 2 33 10.885281 36 4.163189
2 2 49 19.292075 39 18.946667
3
0 2 10 3.096080 12 7.015065
1 2 24 6.185170 15 14.375967
2 2 49 1.433877 33 2.738644
3
0 2 10 6.417080 45 1.148746
1 2 26 10.696070 19 12.269453
2 2 27 19.022444 16 6.117282
3
0 2 15 17.298576 25 7.669084
1 2 49 1.242405 33 19.431157
2 2 39 4.237555 19 15.340821
3
0 2 15 9.569856 21 3.259182
1 2 36 8.953336 17 18.855750
2 2 27 19.947809 37 15.647698
3
0 2 15 19.213788 34 8.070349
1 2 38 5.649598 32 3.223019
2 2 16 6.497499 24 13.838787
3
0 2 15 14.178671 17 7.155211
1 2 31 16.879284 30 1.981311
2 2 22 8.492306 29 2.270655
3
0 2 15 3.426116 36 9.360016
1 2 23 5.195638 47 7.857512
2 2 16 13.850080 23 18.270189
3
0 2 20 5.526983 34 12.570956
1 2 37 3.633799 36 12.271257
2 2 40 10.815771 36 4.769634
3
0 2 20 19.106858 39 15.763557
1 2 33 18.256006 29 7.182508
2 2 22 6.095594 29 7.098312
3
0 2 20 4.082008 34 18.177355
1 2 40 12.962488 33 7.483470
2 2 44 2.001982 28 15.028820
3
0 2 20 13.513703 21 16.685749
1 2 47 2.685322 34 19.382593
2 2 38 17.539676 32 8.736345
3
0 2 20 9.139212 38 2.706469
1 2 34 3.400126 45 12.961134
2 2 26 2.190039 32 4.134148
3
0 2 25 2.686225 39 15.717762
1 2 44 6.487858 27 8.677184
2 2 41 9.648973 43 10.301371
3
0 2 25 14.166430 34 9.359909
1 2 49 7.793850 40 5.681405
2 2 34 8.910572 45 17.990137
3
0 2 25 4.220191 44 8.122913
1 2 39 16.736524 34 17.304054
2 2 40 13.108690 42 12.369184
3
0 2 25 2.560009 33 11.553173
1 2 36 1.247296 46 8.759732
2 2 44 2.099062 43 7.262240
3
0 2 25 9.330304 34 9.043816
1 2 41 4.185324 40 2.083541
2 2 42 4.133003 27 18.856875
3
0 2 30 4.766773 43 11.995315
1 2 40 3.778143 38 5.001004
2 2 46 8.225614 41 3.664978
3
0 2 30 2.127706 40 5.362362
1 2 43 17.899927 33 2.613644
2 2 33 10.588954 43 6.729773
3
0 2 30 19.457505 38 17.333207
1 2 30 1.757109 41 1.392503
2 2 44 10.583394 32 9.002394
3
0 2 30 12.918157 40 9.900596
1 2 45 12.891025 33 10.221222
2 2 45 19.805879 40 10.938393
3
0 2 30 3.912159 43 11.273978
1 2 30 18.662473 39 14.348559
2 2 41 2.564571 32 4.699583
3
0 2 35 2.730224 37 17.825365
1 2 39 10.735079 38 7.825167
2 2 40 12.118790 39 2.445012
3
0 2 35 11.684928 46 10.206138
1 2 37 15.607141 35 4.405906
2 2 40 4.037041 37 14.625455
3
0 2 35 5.015959 48 19.019186
1 2 39 16.327170 47 3.841913
2 2 36 16.653348 38 2.489049
3
0 2 35 6.790464 42 7.515037
1 2 37 14.915978 36 2.769759
2 2 42 12.886454 45 19.564769
3
0 2 35 2.380911 36 7.742390
1 2 49 11.177747 38 12.941390
2 2 45 8.966468 36 15.414438
3
0 2 40 19.013230 48 3.576722
1 2 43 5.459093 47 7.445508
2 2 44 18.952327 45 13.536888
3
0 2 40 10.835617 47 5.987052
1 2 47 18.962959 49 16.066935
2 2 45 8.811444 41 14.333817
3
0 2 40 12.912705 45 15.749977
1 2 45 19.949690 42 5.031048
2 2 46 12.581353 44 4.000405
3
0 2 40 7.468053 44 7.538103
1 2 40 7.420086 48 12.554262
2 2 43 5.151439 44 18.376007
3
0 2 40 3.760916 47 4.898723
1 2 48 15.376288 49 12.244017
2 2 43 14.132701 44 8.067995
3
0 2 45 6.437736 49 15.639217
1 2 48 9.817126 49 1.716245
2 2 46 19.384548 49 5.787875
3
0 2 45 16.982431 49 4.994612
1 2 48 2.598923 46 7.713927
2 2 46 12.297332 45 1.960403
3
0 2 45 17.756596 49 8.315574
1 2 47 19.420807 49 13.770264
2 2 45 10.767879 49 12.518460
3
0 2 45 6.130853 47 17.513715
1 2 48 17.250601 46 4.479893
2 2 47 14.659124 48 19.507387
3
0 2 45 14.664077 48 16.622493
1 2 46 13.558590 45 17.666144
2 2 46 15.211012 49 1.001528
3
0 2 49 5.702859 49 6.695663
1 2 49 11.079981 49 8.260556
2 2 49 10.113637 49 16.675075
3
0 2 49 2.350482 49 3.166785
1 2 49 19.692792 49 7.429170
2 2 49 5.913762 49 17.205225
3
0 2 49 3.196404 49 19.797372
1 2 49 8.377389 49 5.092877
2 2 49 4.859694 49 14.884102
3
0 2 49 14.999729 49 6.913299
1 2 49 5.816498 49 7.825749
2 2 49 8.349786 49 19.677656
0
