50 49
3
0 2 5 3.356489 27 10.746732
1 2 21 7.522185 13 8.409202
2 2 36 19.975419 49 2.643823
3
0 2 5 14.545252 19 19.845619
1 2 40 13.654785 21 4.591872
2 2 25 4.729245 20 2.172510
3
0 2 5 13.826933 22 7.937091
1 2 37 14.147034 25 10.929135
2 2 19 1.167236 27 5.160160
3
0 2 5 12.538612 49 10.415455
1 2 35 3.774977 45 7.194079
2 2 18 11.989695 43 9.181309
3
0 2 5 13.101806 12 5.618564
1 2 18 2.221801 26 4.262175
2 2 29 15.571545 19 7.483958
3
0 2 10 5.592824 27 8.987071
1 2 49 18.494649 16 19.832593
2 2 36 3.722009 25 2.519589
3
0 2 10 5.125868 11 18.247270
1 2 35 1.309554 39 15.017881
2 2 14 6.553675 32 9.868178
3
0 2 10 10.197491 47 12.573047
1 2 37 9.088581 33 6.240089
2 2 10 10.270496 42 8.672148
3
0 2 10 9.077827 31 10.864019
1 2 42 17.431007 15 15.211929
2 2 37 2.926826 35 15.544199
3
0 2 10 6.606726 45 11.529949
1 2 45 4.025859 31 12.779138
2 2 33 5.836969 12 2.378411
3
0 2 15 18.140660 26 13.997726
1 2 39 18.559847 34 15.181601
2 2 26 5.235320 38 1.518062
3
0 2 15 10.337650 34 15.010839
1 2 41 15.842761 16 5.113893
2 2 28 14.340493 30 12.013863
3
0 2 15 2.046254 32 18.874794
1 2 34 13.092419 25 17.451602
2 2 19 19.643523 25 13.809724
3
0 2 15 4.589085 34 10.750192
1 2 25 4.487909 30 7.423871
2 2 47 15.688554 20 8.689719
3
0 2 15 11.673522 21 10.996106
1 2 15 11.302165 19 12.076729
2 2 16 5.547122 27 1.578634
3
0 2 20 17.300846 33 9.470879
1 2 22 19.496630 49 8.200497
2 2 35 16.827368 23 18.676708
3
0 2 20 15.261661 27 8.963363
1 2 30 5.995282 32 6.022547
2 2 36 17.423673 42 2.509664
3
0 2 20 6.526285 35 2.561028
1 2 40 13.885408 28 1.390774
2 2 44 3.108632 48 19.726553
3
0 2 20 17.252436 39 17.574035
1 2 46 12.832702 44 3.524096
2 2 36 18.816504 30 13.465491
3
0 2 20 4.503372 37 8.812174
1 2 34 6.578733 23 9.352486
2 2 20 19.189041 22 8.057146
3
0 2 25 11.937800 44 15.500823
1 2 33 19.410479 49 1.545979
2 2 41 8.235351 39 13.959296
3
0 2 25 1.325812 35 6.955268
1 2 33 12.582214 41 5.491904
2 2 45 18.809038 32 5.357245
3
0 2 25 13.515287 35 13.346127
1 2 42 12.099367 38 16.701681
2 2 34 10.869346 45 11.856651
3
0 2 25 14.645845 32 18.949457
1 2 37 6.246138 43 8.182785
2 2 27 14.556995 47 14.171545
3
0 2 25 15.010850 27 12.515759
1 2 35 18.855522 28 14.780516
2 2 31 7.127931 40 1.985433
3
0 2 30 19.931097 31 7.491748
1 2 30 5.811724 39 15.562827
2 2 36 16.639065 34 17.355261
3
0 2 30 16.161282 38 11.832023
1 2 41 14.361627 32 11.890795
2 2 48 3.645249 39 16.200033
3
0 2 30 5.410793 47 4.313016
1 2 39 9.997916 41 4.423323
2 2 49 17.920727 39 8.365329
3
0 2 30 17.825755 48 5.424207
1 2 46 19.247080 30 9.714104
2 2 47 12.740015 46 5.636187
3
0 2 30 7.632327 43 5.726071
1 2 38 7.192057 30 10.145805
2 2 34 2.762426 48 13.208680
3
0 2 35 6.532413 42 15.293714
1 2 43 2.793560 49 7.315346
2 2 46 7.432749 41 1.423009
3
0 2 35 19.836440 36 19.476447
1 2 49 17.723858 35 4.948174
2 2 40 9.324763 43 15.588312
3
0 2 35 4.856323 37 4.526938
1 2 36 1.690269 40 4.241358
2 2 35 12.532503 39 6.403665
3
0 2 35 3.502269 45 4.584367
1 2 37 9.149414 46 2.848019
2 2 42 13.983681 44 1.707779
3
0 2 35 18.660505 46 10.902400
1 2 45 12.061851 43 17.956418
2 2 38 18.657171 37 11.296181
3
0 2 40 8.554342 42 12.258853
1 2 46 19.321310 41 9.394239
2 2 40 19.417449 49 6.006768
3
0 2 40 3.014185 43 8.825079
1 2 43 3.168511 44 7.445630
2 2 49 3.465928 44 3.586827
3
0 2 40 2.359448 49 19.714748
1 2 44 2.295320 41 17.999625
2 2 47 9.955217 42 12.797516
3
0 2 40 10.896849 49 14.892520
1 2 41 18.775936 47 11.519912
2 2 40 3.387125 47 7.954235
3
0 2 40 15.876054 41 3.540477
1 2 41 7.483762 45 3.845685
2 2 41 9.635208 43 17.653757
3
0 2 45 3.699200 48 16.103554
1 2 49 9.644309 48 8.352098
2 2 48 2.809764 46 13.903727
3
0 2 45 16.237299 49 14.719076
1 2 48 17.410736 45 9.503596
2 2 48 10.131760 45 2.446868
3
0 2 45 1.696197 47 10.798850
1 2 47 9.683223 46 12.668986
2 2 49 1.417286 48 19.995470
3
0 2 45 2.611495 46 11.492081
1 2 48 13.082843 49 17.426174
2 2 48 15.295844 49 11.466501
3
0 2 45 13.764216 46 15.512275
1 2 47 9.821699 49 7.133511
2 2 47 10.593021 46 4.906905
3
0 1 49 19.616930
1 1 49 11.215711
2 1 49 16.782951
3
0 1 49 7.965754
1 1 49 6.801552
2 1 49 18.166392
3
0 1 49 13.433487
1 1 49 18.443407
2 1 49 7.394691
3
0 1 49 8.434661
1 1 49 4.448935
2 1 49 11.900333
0
