20 19
3
0 2 5 10.442678 16 16.858857
1 2 9 12.415121 12 17.373357
2 2 19 13.021959 14 4.952552
3
0 2 5 1.499313 13 9.336340
1 2 10 13.238806 19 15.879244
2 2 9 6.743471 6 2.731599
3
0 2 5 8.763303 10 3.363641
1 2 15 11.420494 14 8.367742
2 2 7 8.978246 19 13.560099
3
0 2 5 14.755478 15 10.927205
1 2 12 12.473779 19 8.186497
2 2 16 3.190535 12 12.469055
3
0 2 5 9.878551 13 17.769068
1 2 8 19.166188 15 12.412270
2 2 19 1.288465 14 15.956562
3
0 2 10 19.888535 13 16.892680
1 2 12 10.848680 18 16.189665
2 2 16 5.170447 12 16.499802
3
0 2 10 13.164621 12 8.368736
1 2 11 11.991907 12 6.529785
2 2 17 8.905870 18 15.054512
3
0 2 10 17.961946 15 19.407442
1 2 12 11.069589 10 16.169672
2 2 15 5.148253 19 16.842340
3
0 2 10 16.041763 19 13.190855
1 2 10 17.174528 16 7.511166
2 2 19 6.009361 16 10.023094
3
0 2 10 15.482783 17 1.575923
1 2 18 7.299300 13 7.840916
2 2 10 4.099324 17 17.501745
3
0 2 15 8.570714 16 6.127121
1 2 19 6.324631 17 16.653529
2 2 18 4.095404 17 2.109255
3
0 2 15 12.226927 17 10.711358
1 2 17 13.357793 18 14.232493
2 2 18 1.209965 17 1.364732
3
0 2 15 18.679191 16 17.289311
1 2 16 9.700418 15 19.208619
2 2 19 2.212437 16 7.619607
3
0 2 15 8.640737 19 3.045525
1 2 18 15.134808 19 15.590063
2 2 18 8.625744 16 4.722667
3
0 2 15 6.218436 16 8.058446
1 2 15 4.895413 18 15.499096
2 2 18 3.802217 19 11.675959
3
0 1 19 3.832004
1 1 19 17.797038
2 1 19 18.943386
3
0 1 19 8.809970
1 1 19 1.405571
2 1 19 13.879066
3
0 1 19 2.542046
1 1 19 6.283383
2 1 19 15.292241
3
0 1 19 12.393258
1 1 19 3.850172
2 1 19 11.294750
0
