50 49
3
0 2 5 7.970813 35 6.307776
1 2 48 7.984226 12 2.685534
2 2 27 4.937017 34 8.135668
3
0 2 5 14.862558 46 4.477133
1 2 25 17.130244 39 9.636327
2 2 35 18.184539 15 4.199365
3
0 2 5 14.385242 26 7.426317
1 2 20 11.013532 44 9.795005
2 2 9 1.466907 36 14.459780
3
0 2 5 11.357394 47 13.234598
1 2 36 1.963140 26 16.208430
2 2 9 13.839258 24 8.748196
3
0 2 5 10.542627 36 6.640555
1 2 32 10.432820 47 11.634487
2 2 32 16.702454 19 15.256464
3
0 2 10 19.645528 35 13.140487
1 2 14 8.809798 11 18.587760
2 2 22 11.671787 37 5.533768
3
0 2 10 6.467075 41 3.365730
1 2 13 11.577939 20 4.611325
2 2 16 7.297618 19 4.636132
3
0 2 10 18.651509 25 3.907059
1 2 38 19.465627 32 15.724058
2 2 14 3.342910 26 15.892162
3
0 2 10 11.123289 11 1.714049
1 2 42 2.424830 45 3.880475
2 2 11 2.986313 35 2.600500
3
0 2 10 11.401823 42 19.310192
1 2 12 10.929006 39 10.925082
2 2 40 9.223288 13 19.171685
3
0 2 15 8.264941 24 1.518388
1 2 49 6.062610 25 10.568863
2 2 29 9.919955 22 6.344384
3
0 2 15 2.512605 31 7.314416
1 2 40 4.700698 37 15.781157
2 2 21 8.471240 18 6.259290
3
0 2 15 13.630196 22 5.490774
1 2 45 12.645439 32 7.118985
2 2 15 12.454326 32 1.266193
3
0 2 15 8.231015 31 17.213657
1 2 15 19.204736 41 8.152964
2 2 19 2.983662 32 1.679983
3
0 2 15 17.946617 30 17.132595
1 2 34 6.452433 22 4.203569
2 2 34 15.870580 23 9.971728
3
0 2 20 12.380551 24 18.583191
1 2 41 8.421404 21 12.399011
2 2 49 2.801487 23 19.042433
3
0 2 20 8.809885 35 13.879109
1 2 37 16.890274 28 4.061719
2 2 35 11.087287 47 19.059064
3
0 2 20 10.707029 32 10.383252
1 2 29 18.179730 22 8.141516
2 2 28 12.541212 47 10.000570
3
0 2 20 19.288214 28 13.234945
1 2 48 7.286903 20 18.384130
2 2 29 18.957320 42 18.251676
3
0 2 20 9.357104 35 1.683879
1 2 42 7.515520 32 4.317497
2 2 24 2.820540 29 9.677419
3
0 2 25 13.246716 44 9.582447
1 2 29 16.849705 38 7.959055
2 2 39 19.063660 48 3.156693
3
0 2 25 1.662766 28 18.316905
1 2 39 10.291313 33 11.452754
2 2 29 5.384468 45 17.152197
3
0 2 25 9.784543 40 18.433236
1 2 49 4.033277 48 1.060343
2 2 33 18.792276 37 4.320444
3
0 2 25 16.479035 42 5.656119
1 2 46 2.876066 42 7.701299
2 2 34 7.179447 47 15.398570
3
0 2 25 19.871574 34 5.496247
1 2 30 5.873462 47 3.090248
2 2 45 7.489294 43 5.765035
3
0 2 30 18.093324 38 9.926327
1 2 44 8.492506 35 18.195531
2 2 43 6.237415 46 13.588170
3
0 2 30 18.600959 49 5.244157
1 2 42 4.611912 47 6.434753
2 2 31 5.759132 48 17.789492
3
0 2 30 8.640494 48 5.938463
1 2 45 6.819035 42 11.624806
2 2 34 13.099501 35 14.534783
3
0 2 30 19.432222 46 5.404653
1 2 40 6.078874 36 13.921373
2 2 40 17.874936 34 4.972426
3
0 2 30 18.238028 43 4.524495
1 2 42 16.566462 49 15.285501
2 2 45 19.696910 37 2.131334
3
0 2 35 2.740268 39 1.785296
1 2 36 15.567292 41 1.467961
2 2 39 7.387058 44 3.515870
3
0 2 35 14.241831 48 4.977022
1 2 49 19.632236 38 4.804209
2 2 40 18.756724 37 7.201462
3
0 2 35 19.065598 36 15.221312
1 2 43 17.454487 48 6.979973
2 2 44 12.887423 35 3.819746
3
0 2 35 8.951325 42 12.681303
1 2 35 3.445699 37 5.486365
2 2 35 11.779540 42 12.196530
3
0 2 35 12.882993 39 9.280756
1 2 47 12.694593 43 3.092178
2 2 42 12.263113 48 10.903356
3
0 2 40 16.656091 41 3.260052
1 2 49 2.283945 45 6.467384
2 2 48 19.958123 43 3.634426
3
0 2 40 4.686081 44 11.041305
1 2 49 5.777209 43 18.285146
2 2 41 18.235252 47 17.278790
3
0 2 40 14.431951 49 9.509349
1 2 43 15.076736 40 6.222680
2 2 45 4.347558 40 5.555807
3
0 2 40 15.197532 41 17.419464
1 2 45 5.291142 43 19.840432
2 2 44 13.035452 48 13.383047
3
0 2 40 6.051726 45 12.361521
1 2 48 18.341907 40 11.267376
2 2 42 19.168687 43 19.604782
3
0 2 45 18.792957 49 12.520507
1 2 48 7.202015 45 2.631505
2 2 45 18.317344 49 17.377543
3
0 2 45 15.346300 49 1.123473
1 2 45 12.673493 48 10.724243
2 2 45 7.155276 47 14.573178
3
0 2 45 3.793438 49 15.299050
1 2 45 12.762498 48 11.059664
2 2 48 11.093292 45 13.862549
3
0 2 45 19.269969 46 5.168839
1 2 45 19.691275 49 6.044504
2 2 47 6.527647 45 6.021410
3
0 2 45 9.772663 49 6.906255
1 2 47 4.702553 48 10.566328
2 2 46 19.836085 45 1.556738
3
0 1 49 11.265513
1 1 49 14.940251
2 1 49 3.728547
3
0 1 49 10.019843
1 1 49 5.288426
2 1 49 19.831943
3
0 1 49 18.681422
1 1 49 3.406896
2 1 49 6.729787
3
0 1 49 11.726821
1 1 49 6.802865
2 1 49 8.678980
0
