200 199
3
0 2 20 13.116942 163 1.967926
1 2 140 18.025392 29 2.536460
2 2 187 17.760545 83 8.387557
3
0 2 20 2.294218 30 19.996771
1 2 116 7.483719 172 16.538054
2 2 99 10.305612 60 9.210584
3
0 2 20 6.575901 196 2.724778
1 2 60 9.185998 166 14.207391
2 2 186 1.667962 55 8.678155
3
0 2 20 16.618706 86 3.178408
1 2 85 7.273134 162 10.113490
2 2 154 18.639426 139 1.035989
3
0 2 20 13.142931 190 12.817709
1 2 91 2.678001 98 3.026003
2 2 29 1.755768 123 4.271209
3
0 2 20 15.864470 71 15.524467
1 2 141 5.077853 28 10.628747
2 2 44 2.283653 135 1.339349
3
0 2 20 6.325974 199 1.964412
1 2 102 1.055460 100 8.234374
2 2 43 18.555341 144 16.233244
3
0 2 20 15.083746 128 18.585225
1 2 140 17.055345 40 15.909964
2 2 173 1.368841 100 3.574329
3
0 2 20 10.606847 174 9.038487
1 2 112 1.877357 59 13.190479
2 2 178 14.701018 182 7.151121
3
0 2 20 15.151912 179 14.561978
1 2 45 10.451996 109 6.672896
2 2 51 19.929017 150 7.129723
3
0 2 20 14.543465 90 11.805828
1 2 51 16.406578 99 9.698568
2 2 52 2.614466 29 1.068922
3
0 2 20 8.614653 118 17.636278
1 2 126 2.464837 187 19.634288
2 2 166 19.500956 192 16.253814
3
0 2 20 17.582727 156 15.354049
1 2 172 18.146590 139 3.393216
2 2 27 8.576419 30 1.578732
3
0 2 20 1.857124 177 1.300968
1 2 180 9.562339 89 8.231631
2 2 175 15.852167 118 1.352301
3
0 2 20 14.542048 145 11.909675
1 2 185 19.352803 160 19.558902
2 2 63 8.876746 194 1.366092
3
0 2 20 14.143785 129 1.330201
1 2 110 10.901560 165 3.147428
2 2 68 15.399468 39 19.196919
3
0 2 20 6.483671 142 15.026937
1 2 122 11.366265 85 3.809536
2 2 75 6.395109 83 7.347743
3
0 2 20 12.031049 183 5.132920
1 2 30 13.313942 51 9.772751
2 2 43 6.485365 124 18.662801
3
0 2 20 10.539499 69 16.043642
1 2 83 1.205589 144 14.827815
2 2 145 17.860480 98 5.136661
3
0 2 20 14.833258 67 9.155616
1 2 180 19.561491 193 4.400894
2 2 190 11.737262 183 16.857479
3
0 2 40 3.156378 82 8.601850
1 2 155 19.224348 140 4.439707
2 2 160 6.006763 120 4.600109
3
0 2 40 15.916373 139 6.842030
1 2 108 17.251283 154 5.622568
2 2 195 16.629670 174 8.575669
3
0 2 40 11.407019 71 2.220171
1 2 109 8.177499 135 13.256541
2 2 185 14.334279 189 5.113544
3
0 2 40 19.464907 74 5.852470
1 2 79 13.353016 110 6.796969
2 2 101 18.138961 122 17.312948
3
0 2 40 4.613813 159 5.030171
1 2 186 8.947802 117 14.852060
2 2 57 4.127739 108 15.346984
3
0 2 40 15.395081 68 5.220585
1 2 56 16.706841 111 13.169167
2 2 119 4.817815 87 18.649185
3
0 2 40 19.846995 152 9.539352
1 2 143 5.002452 100 15.289548
2 2 57 15.123011 108 1.955519
3
0 2 40 16.614383 148 11.227405
1 2 47 5.064271 56 3.674509
2 2 84 19.414298 77 11.338306
3
0 2 40 12.738892 73 8.322312
1 2 185 8.985884 84 9.349805
2 2 184 5.126357 111 6.630869
3
0 2 40 14.973107 47 9.082543
1 2 75 19.718515 44 4.725160
2 2 125 2.867628 137 13.776809
3
0 2 40 15.678743 43 8.033518
1 2 68 10.058663 177 19.091624
2 2 97 2.769786 192 12.677997
3
0 2 40 15.974353 159 10.016694
1 2 187 18.392110 108 15.129867
2 2 48 8.757719 165 8.255567
3
0 2 40 19.803717 65 1.949988
1 2 166 18.857630 134 18.366481
2 2 92 11.331740 168 8.494565
3
0 2 40 10.200029 126 1.197791
1 2 190 16.439052 144 10.273498
2 2 81 9.968335 143 4.023285
3
0 2 40 7.867657 131 11.742954
1 2 199 17.356383 54 12.554646
2 2 42 5.516059 64 8.215460
3
0 2 40 13.070429 102 2.920914
1 2 173 3.768822 45 18.927401
2 2 83 7.494128 163 5.362223
3
0 2 40 12.408570 186 18.910828
1 2 171 3.219173 53 14.297879
2 2 62 2.483547 191 17.378766
3
0 2 40 10.383148 78 8.819897
1 2 64 12.778753 135 9.257130
2 2 138 10.351724 131 19.706560
3
0 2 40 12.917415 163 6.005586
1 2 165 15.045705 74 13.437435
2 2 154 19.311538 152 12.232687
3
0 2 40 5.131785 54 8.149067
1 2 164 14.830898 174 12.271590
2 2 199 13.982318 196 19.287187
3
0 2 60 19.473972 151 14.983921
1 2 97 15.621780 188 5.616651
2 2 147 1.977084 84 7.431764
3
0 2 60 14.541122 187 13.820928
1 2 164 6.571144 113 4.894248
2 2 182 6.900918 124 2.678108
3
0 2 60 6.140814 170 18.802518
1 2 74 16.821797 77 3.576673
2 2 184 5.427034 89 10.747916
3
0 2 60 12.384029 177 15.017185
1 2 149 4.749757 77 11.612908
2 2 100 15.778307 81 15.639237
3
0 2 60 3.374761 81 7.151217
1 2 177 18.794652 68 13.527427
2 2 191 5.756096 180 11.973074
3
0 2 60 4.832893 80 3.932083
1 2 185 17.152061 89 13.916222
2 2 97 6.751764 100 14.881427
3
0 2 60 13.846430 128 1.606979
1 2 103 17.680310 164 12.447733
2 2 95 3.029347 183 5.507085
3
0 2 60 14.337760 101 12.307563
1 2 97 7.930554 137 18.297739
2 2 84 4.452465 162 3.367227
3
0 2 60 17.554462 98 6.400738
1 2 192 14.936688 198 17.717950
2 2 60 19.699839 98 18.409047
3
0 2 60 1.340546 94 11.342072
1 2 152 18.810004 125 19.748960
2 2 61 1.151898 69 3.312452
3
0 2 60 9.507751 159 17.778238
1 2 88 16.804640 113 16.342708
2 2 144 4.123179 190 1.205783
3
0 2 60 17.781405 106 14.399393
1 2 75 7.514246 105 15.692878
2 2 142 3.426990 127 2.027102
3
0 2 60 12.241240 89 13.814190
1 2 145 18.597005 189 1.757781
2 2 197 11.373774 77 14.599616
3
0 2 60 13.097708 149 4.089616
1 2 149 3.594226 104 10.676020
2 2 172 9.111211 169 16.748243
3
0 2 60 5.299938 61 19.889529
1 2 93 7.737556 96 3.458445
2 2 87 18.923440 94 4.724887
3
0 2 60 2.177011 154 16.938349
1 2 139 3.834732 131 6.773607
2 2 137 16.717304 65 11.737079
3
0 2 60 17.329732 96 9.610441
1 2 130 5.574327 127 3.318359
2 2 91 8.758629 73 15.473023
3
0 2 60 15.201128 158 12.638285
1 2 87 2.120595 189 12.534203
2 2 82 19.594349 72 2.856632
3
0 2 60 10.050721 106 7.375752
1 2 111 17.324816 160 12.100675
2 2 170 3.462798 180 4.874798
3
0 2 60 16.867232 198 14.165776
1 2 73 18.824298 136 9.719007
2 2 144 19.227743 65 7.964161
3
0 2 80 17.348410 102 15.031018
1 2 153 6.074503 139 15.697611
2 2 175 11.239924 85 3.912938
3
0 2 80 19.767801 191 14.653578
1 2 116 18.206136 167 10.857513
2 2 107 4.694890 99 9.795412
3
0 2 80 3.371205 139 7.892457
1 2 96 11.614466 92 5.010179
2 2 132 19.438827 149 6.724638
3
0 2 80 12.122937 142 16.267473
1 2 143 16.200832 157 6.018066
2 2 124 4.453811 165 3.080943
3
0 2 80 11.261081 101 15.501113
1 2 104 15.448017 196 19.591865
2 2 120 10.983514 170 5.670944
3
0 2 80 11.810285 196 11.145882
1 2 194 8.004315 164 4.808761
2 2 193 11.159776 101 3.792810
3
0 2 80 4.849861 166 3.562866
1 2 169 12.107403 115 3.513664
2 2 157 11.591408 175 2.660175
3
0 2 80 17.465481 173 14.165995
1 2 183 3.225202 187 18.261885
2 2 170 17.804443 135 17.350782
3
0 2 80 18.292003 108 17.065829
1 2 182 13.493157 125 8.377088
2 2 157 3.869024 175 12.486854
3
0 2 80 10.322443 163 4.763058
1 2 181 9.466692 146 16.525622
2 2 110 1.802951 132 9.708145
3
0 2 80 13.364675 174 18.622839
1 2 101 12.170618 94 10.058862
2 2 156 6.701716 177 15.389974
3
0 2 80 19.205607 148 1.143883
1 2 116 19.157982 195 6.526824
2 2 158 9.129655 193 13.021707
3
0 2 80 19.857084 147 7.462950
1 2 169 1.962954 186 8.973039
2 2 165 11.966966 114 10.022661
3
0 2 80 5.230995 97 17.724361
1 2 181 8.762959 139 18.861777
2 2 80 16.766659 188 16.365946
3
0 2 80 19.072313 122 1.673154
1 2 122 4.888804 186 15.595480
2 2 148 17.833253 142 4.193210
3
0 2 80 11.667764 179 13.786517
1 2 171 11.590171 167 17.878696
2 2 102 12.962683 192 10.424945
3
0 2 80 18.117044 167 2.693361
1 2 135 9.204385 103 18.048087
2 2 191 2.906617 176 18.117893
3
0 2 80 19.975401 172 12.708969
1 2 162 7.562460 188 6.016987
2 2 179 5.701928 88 16.176222
3
0 2 80 11.517823 183 5.001058
1 2 110 9.591252 128 3.257006
2 2 90 12.164116 183 3.306810
3
0 2 80 1.226590 96 17.242788
1 2 135 7.261162 176 3.040480
2 2 105 3.366213 157 5.363028
3
0 2 100 5.438270 180 10.825418
1 2 184 15.526393 112 6.552202
2 2 198 13.663520 139 11.416829
3
0 2 100 7.701483 139 12.075848
1 2 191 3.605716 168 1.691122
2 2 116 1.255219 140 14.700328
3
0 2 100 11.116376 191 10.766399
1 2 194 5.250977 192 17.492873
2 2 157 6.049659 171 4.343450
3
0 2 100 12.696126 131 7.902986
1 2 163 4.911900 177 18.374520
2 2 138 7.940976 165 10.305832
3
0 2 100 7.283507 167 2.544545
1 2 196 1.474162 112 2.697381
2 2 102 1.516290 161 15.281553
3
0 2 100 10.212658 167 7.625083
1 2 129 14.634967 189 18.322490
2 2 189 5.871010 167 7.914855
3
0 2 100 15.593157 190 17.330082
1 2 182 15.270973 164 6.924613
2 2 121 18.462669 159 9.005648
3
0 2 100 1.114498 139 16.499836
1 2 115 10.235042 102 19.880844
2 2 166 10.305013 164 12.544598
3
0 2 100 12.420774 179 2.033409
1 2 140 19.017528 197 1.970585
2 2 189 2.869978 173 19.488158
3
0 2 100 8.943887 111 3.449262
1 2 187 6.651947 190 18.760274
2 2 138 17.966470 176 18.955436
3
0 2 100 11.748734 161 5.641039
1 2 159 19.410566 101 4.506605
2 2 117 5.914043 179 11.644657
3
0 2 100 2.305572 166 1.547282
1 2 183 19.150261 153 6.709673
2 2 103 2.668688 173 4.053964
3
0 2 100 12.997594 160 17.437354
1 2 134 15.181570 107 8.939957
2 2 198 13.693673 108 5.458874
3
0 2 100 3.324962 103 4.661553
1 2 186 3.987218 117 11.899440
2 2 155 6.525088 147 2.941610
3
0 2 100 17.848200 132 7.672317
1 2 144 1.931710 134 4.013942
2 2 171 17.085145 101 2.336400
3
0 2 100 19.901725 150 13.450052
1 2 161 15.785345 133 18.102360
2 2 122 17.124774 181 4.034988
3
0 2 100 8.334510 198 13.231878
1 2 136 5.441207 194 17.544776
2 2 166 10.173657 173 7.227879
3
0 2 100 15.305927 138 10.923759
1 2 133 8.441975 103 11.991242
2 2 174 4.196555 197 15.969643
3
0 2 100 3.116447 199 17.912090
1 2 184 15.504605 135 16.986417
2 2 105 19.801001 120 3.103897
3
0 2 100 18.539307 163 12.970515
1 2 114 8.050808 118 4.495276
2 2 136 11.960078 194 5.895017
3
0 2 120 18.118611 175 16.448348
1 2 129 5.528610 120 16.372111
2 2 155 8.597017 174 6.020004
3
0 2 120 1.267225 170 8.844827
1 2 169 12.951527 131 16.954916
2 2 165 14.449979 172 4.820223
3
0 2 120 7.816962 156 19.369230
1 2 195 4.926767 155 11.305342
2 2 132 5.310528 151 8.628013
3
0 2 120 9.984706 162 13.880752
1 2 194 14.938800 139 19.793235
2 2 196 2.809049 198 11.054420
3
0 2 120 6.782673 196 4.103835
1 2 146 7.760710 166 16.151631
2 2 168 1.189757 154 7.606061
3
0 2 120 9.723311 140 10.608285
1 2 169 14.391002 190 12.875255
2 2 199 17.558847 123 9.629343
3
0 2 120 3.256097 124 8.449596
1 2 166 2.279012 163 10.139008
2 2 173 17.030558 194 14.237793
3
0 2 120 12.070637 169 14.152360
1 2 172 19.034124 176 6.505771
2 2 191 13.088135 130 12.217969
3
0 2 120 15.720304 162 15.614083
1 2 124 4.660043 164 3.049991
2 2 165 15.643991 153 2.795764
3
0 2 120 10.653084 148 11.412625
1 2 189 12.988105 194 2.450773
2 2 151 5.517362 191 3.843420
3
0 2 120 9.994186 143 3.289774
1 2 176 4.996122 126 6.596403
2 2 199 1.549338 164 7.090902
3
0 2 120 11.322470 130 2.477076
1 2 136 6.249126 177 19.816331
2 2 168 8.722304 169 15.564776
3
0 2 120 10.862012 143 3.848482
1 2 153 16.520447 138 6.036630
2 2 170 7.874174 164 10.666314
3
0 2 120 15.650311 143 6.024878
1 2 192 11.446804 160 13.664996
2 2 166 19.941361 142 5.274836
3
0 2 120 5.694373 188 5.185471
1 2 165 17.103442 179 2.167684
2 2 165 2.507282 127 3.037368
3
0 2 120 5.074965 141 16.796046
1 2 142 9.604791 175 11.110571
2 2 161 3.213104 157 15.630959
3
0 2 120 5.035925 164 11.075781
1 2 120 4.624807 170 1.749969
2 2 157 10.733632 139 2.609244
3
0 2 120 6.071416 128 12.624268
1 2 157 11.440503 159 4.544756
2 2 128 13.041898 175 6.114878
3
0 2 120 13.325779 137 18.496650
1 2 149 6.119802 129 13.790258
2 2 196 8.472782 138 3.203522
3
0 2 120 16.651209 135 2.344671
1 2 163 7.750160 141 15.203749
2 2 196 7.008779 158 16.944126
3
0 2 140 9.632059 182 14.626508
1 2 145 16.194017 157 7.149759
2 2 188 17.928723 192 18.077484
3
0 2 140 7.337765 187 9.370162
1 2 184 2.181786 146 10.069576
2 2 183 8.179689 157 2.717082
3
0 2 140 1.255425 171 10.217196
1 2 154 16.578558 170 5.233529
2 2 157 8.004738 188 15.426896
3
0 2 140 17.922225 162 13.864375
1 2 186 5.719810 180 11.164926
2 2 163 14.558583 152 15.647356
3
0 2 140 4.839007 182 19.002899
1 2 146 8.627252 189 11.909633
2 2 158 13.934508 163 10.093030
3
0 2 140 13.182096 171 12.154912
1 2 183 16.388831 192 2.716018
2 2 140 13.140470 193 8.072389
3
0 2 140 19.797846 191 2.694217
1 2 187 19.217162 185 12.176247
2 2 191 17.139055 193 19.926154
3
0 2 140 16.908324 188 7.741428
1 2 155 9.248753 147 11.893559
2 2 151 19.993877 178 3.450286
3
0 2 140 1.221181 174 7.322722
1 2 153 14.189283 172 10.496208
2 2 184 2.036680 155 15.146683
3
0 2 140 13.298703 146 3.303120
1 2 170 9.563864 168 4.491419
2 2 155 15.381614 152 11.173710
3
0 2 140 8.715452 158 2.145587
1 2 175 8.182895 154 14.779546
2 2 194 16.595575 147 5.883016
3
0 2 140 14.351599 152 13.935314
1 2 143 4.230347 199 12.647196
2 2 171 4.892446 157 19.548695
3
0 2 140 13.761987 174 1.688590
1 2 150 16.533011 198 15.539104
2 2 177 19.063590 184 2.114299
3
0 2 140 12.261459 166 18.072381
1 2 179 11.987679 199 8.409710
2 2 152 17.968187 151 9.115001
3
0 2 140 15.420828 157 1.714657
1 2 172 8.445229 167 6.186636
2 2 194 19.352380 179 5.179717
3
0 2 140 7.566290 196 7.006004
1 2 176 13.290606 188 14.419723
2 2 188 10.136181 172 5.855849
3
0 2 140 13.105814 153 1.733476
1 2 165 19.057123 177 6.667016
2 2 146 6.577465 178 10.399798
3
0 2 140 17.263259 161 7.753545
1 2 191 12.726578 156 16.543002
2 2 152 9.161284 187 8.281179
3
0 2 140 2.904428 164 18.956467
1 2 140 18.795552 196 18.554020
2 2 140 9.989096 161 2.985480
3
0 2 140 13.637443 160 6.236185
1 2 188 16.159061 152 6.609128
2 2 159 18.450420 179 7.835333
3
0 2 160 3.809178 197 1.362370
1 2 192 10.757692 178 7.532533
2 2 198 11.554279 194 15.825415
3
0 2 160 18.985322 177 16.693653
1 2 173 5.753744 187 3.342844
2 2 198 14.568078 161 1.319885
3
0 2 160 12.961383 173 17.333466
1 2 171 6.521396 162 4.888110
2 2 178 7.981480 194 2.638584
3
0 2 160 3.886631 161 19.794761
1 2 170 6.273328 189 1.440440
2 2 184 6.815974 160 12.788949
3
0 2 160 19.452970 174 9.055769
1 2 186 9.692504 198 13.106618
2 2 175 4.373587 185 18.892996
3
0 2 160 3.909541 171 12.903693
1 2 160 2.317874 186 18.682752
2 2 180 2.240826 182 6.170599
3
0 2 160 13.948383 194 13.777814
1 2 196 12.135639 167 18.484338
2 2 171 15.223226 192 11.227877
3
0 2 160 7.166177 197 15.263907
1 2 185 11.826682 190 13.084463
2 2 170 15.191108 198 13.737923
3
0 2 160 12.163553 176 11.825181
1 2 160 7.824063 162 9.664274
2 2 168 4.550546 189 14.107716
3
0 2 160 4.461125 164 13.166635
1 2 174 18.474781 183 4.632089
2 2 193 15.463145 162 2.658784
3
0 2 160 8.112233 196 18.736639
1 2 183 4.279953 192 17.293532
2 2 179 3.783519 198 13.621991
3
0 2 160 17.690346 168 13.381197
1 2 197 16.031959 199 1.771704
2 2 183 8.860830 184 1.428597
3
0 2 160 13.700975 163 15.768215
1 2 181 17.053299 171 8.893343
2 2 176 18.134182 190 14.213553
3
0 2 160 15.198427 196 15.150501
1 2 186 9.076772 182 15.668852
2 2 174 13.362925 185 14.183685
3
0 2 160 4.493458 197 15.306502
1 2 198 1.986624 193 2.080944
2 2 189 5.493753 168 15.845974
3
0 2 160 19.336035 194 14.214279
1 2 169 12.522130 168 6.399868
2 2 178 16.193539 172 15.342756
3
0 2 160 18.504273 198 10.193236
1 2 182 6.464299 196 13.462443
2 2 180 19.074861 181 9.500683
3
0 2 160 7.378414 197 15.834661
1 2 160 7.455810 170 1.201606
2 2 186 11.681754 192 13.553347
3
0 2 160 14.898474 188 18.454571
1 2 182 8.949137 162 18.999715
2 2 175 13.049522 163 3.332900
3
0 2 160 13.964173 182 16.994840
1 2 183 9.189358 163 5.049372
2 2 194 4.966965 182 19.024720
3
0 2 180 5.556873 187 6.212791
1 2 196 3.097748 189 18.075583
2 2 190 14.711384 196 3.980021
3
0 2 180 3.740243 184 19.084999
1 2 191 17.294757 182 3.755839
2 2 199 7.884469 188 8.223851
3
0 2 180 15.226861 182 19.197169
1 2 190 6.096610 180 19.733256
2 2 183 1.872276 185 10.461869
3
0 2 180 1.733339 189 15.898410
1 2 182 11.094046 185 4.355095
2 2 191 4.519445 199 18.047692
3
0 2 180 3.565774 182 17.951313
1 2 192 17.065797 198 14.230003
2 2 184 13.975840 182 13.723873
3
0 2 180 13.254947 193 18.424654
1 2 189 11.002020 184 3.062150
2 2 184 3.465383 192 14.695297
3
0 2 180 19.653408 184 18.600570
1 2 187 17.077749 185 6.251033
2 2 184 17.123449 190 17.974015
3
0 2 180 11.070666 197 5.261572
1 2 193 6.375569 195 14.315486
2 2 183 9.672402 194 7.350945
3
0 2 180 17.999000 195 17.961266
1 2 192 17.418340 184 4.297394
2 2 181 5.017653 190 19.785363
3
0 2 180 9.261411 188 8.931346
1 2 196 7.210368 192 4.340795
2 2 196 13.759683 194 2.111423
3
0 2 180 2.292308 196 15.601441
1 2 191 6.058701 181 10.293019
2 2 198 13.985544 191 8.255577
3
0 2 180 4.631458 184 14.218439
1 2 197 3.230198 180 14.981619
2 2 189 19.776342 191 15.236501
3
0 2 180 17.711439 198 15.184320
1 2 194 16.372363 196 6.702325
2 2 194 5.739421 180 19.609474
3
0 2 180 11.602056 185 7.224153
1 2 180 3.379790 197 1.078576
2 2 182 1.783678 187 10.613910
3
0 2 180 16.081971 196 11.899840
1 2 195 18.456325 190 1.198638
2 2 182 3.284862 196 13.574902
3
0 2 180 19.154517 197 12.397519
1 2 192 10.536304 180 13.656324
2 2 192 9.683477 190 13.611280
3
0 2 180 2.036430 195 9.565226
1 2 181 15.022830 189 19.896228
2 2 181 18.060839 198 11.827515
3
0 2 180 11.473182 193 8.311699
1 2 187 10.645432 196 1.312192
2 2 194 18.915801 185 5.233107
3
0 2 180 11.642852 182 15.604682
1 2 184 6.386028 193 14.129318
2 2 199 14.522044 182 18.843042
3
0 2 180 7.667023 183 2.065706
1 2 194 12.292558 188 7.294604
2 2 183 4.986060 193 3.828915
3
0 1 199 10.436881
1 1 199 1.515304
2 1 199 19.158841
3
0 1 199 12.751580
1 1 199 12.977491
2 1 199 17.894602
3
0 1 199 18.236290
1 1 199 10.153441
2 1 199 7.886317
3
0 1 199 15.393723
1 1 199 10.801163
2 1 199 2.874663
3
0 1 199 1.098223
1 1 199 14.400625
2 1 199 18.347681
3
0 1 199 16.432743
1 1 199 8.525280
2 1 199 5.688517
3
0 1 199 15.065315
1 1 199 3.501482
2 1 199 1.963322
3
0 1 199 2.173233
1 1 199 9.439553
2 1 199 2.081246
3
0 1 199 15.767890
1 1 199 7.649024
2 1 199 6.296631
3
0 1 199 6.443704
1 1 199 10.260884
2 1 199 16.022932
3
0 1 199 15.298662
1 1 199 18.403412
2 1 199 10.035041
3
0 1 199 13.165664
1 1 199 4.902285
2 1 199 12.755731
3
0 1 199 11.950099
1 1 199 4.912254
2 1 199 2.226757
3
0 1 199 16.889252
1 1 199 13.225104
2 1 199 18.251734
3
0 1 199 5.225556
1 1 199 10.922621
2 1 199 2.322549
3
0 1 199 16.289535
1 1 199 9.192514
2 1 199 4.688632
3
0 1 199 1.844819
1 1 199 8.343084
2 1 199 1.494415
3
0 1 199 10.393026
1 1 199 16.080423
2 1 199 2.017252
3
0 1 199 15.574999
1 1 199 19.556591
2 1 199 10.957704
0
