20 19
3
0 2 5 9.211642 14 6.401144
1 2 14 11.679281 13 8.413348
2 2 5 4.859629 9 13.980983
3
0 2 5 10.847676 14 17.697397
1 2 15 5.285752 7 19.373932
2 2 19 11.487243 13 5.758911
3
0 2 5 17.436144 9 15.885731
1 2 13 9.929458 10 15.375183
2 2 11 19.369023 14 2.364983
3
0 2 5 9.646982 12 9.513710
1 2 6 18.962691 15 17.754353
2 2 17 12.739055 18 2.223331
3
0 2 5 18.443547 13 7.400856
1 2 11 10.056153 9 7.964080
2 2 11 12.934858 14 8.896538
3
0 2 10 16.187229 17 13.728412
1 2 11 6.159677 13 5.126117
2 2 15 19.367855 10 15.056803
3
0 2 10 4.758382 17 3.138168
1 2 12 18.657137 10 6.606245
2 2 11 4.014134 16 6.421225
3
0 2 10 1.595136 18 15.312734
1 2 14 12.302936 18 15.677933
2 2 19 11.770191 10 6.147639
3
0 2 10 19.539121 15 6.682661
1 2 18 9.797649 19 12.682323
2 2 12 13.529392 17 8.100823
3
0 2 10 12.139625 18 4.080138
1 2 16 11.888812 19 1.361279
2 2 19 1.646105 15 16.837197
3
0 2 15 6.918703 18 8.593165
1 2 19 15.318670 17 5.731002
2 2 15 13.972320 17 18.816536
3
0 2 15 14.232806 16 13.796320
1 2 19 10.421897 18 4.408408
2 2 16 12.308779 19 14.521188
3
0 2 15 9.966339 19 11.276612
1 2 19 3.359969 18 13.545314
2 2 16 19.472196 18 4.128567
3
0 2 15 5.802978 17 3.181336
1 2 18 3.952108 15 2.369664
2 2 17 11.313977 16 18.024309
3
0 2 15 2.570526 17 3.300295
1 2 19 10.476714 18 10.915158
2 2 15 8.884569 16 10.994803
3
0 2 19 14.317076 19 4.209496
1 2 19 5.478863 19 9.214995
2 2 19 16.363387 19 12.195978
3
0 2 19 3.302329 19 16.833605
1 2 19 3.268243 19 9.026537
2 2 19 13.200908 19 19.949002
3
0 2 19 15.097048 19 11.677130
1 2 19 9.444254 19 10.379757
2 2 19 14.583383 19 19.189854
3
0 2 19 2.510667 19 8.372346
1 2 19 17.916677 19 17.431264
2 2 19 19.009664 19 17.586475
0
