50 49
3
0 2 5 14.880965 39 12.157972
1 2 8 18.999756 49 14.471633
2 2 24 4.547283 16 15.233591
3
0 2 5 9.995306 38 17.904270
1 2 36 6.817572 49 2.241378
2 2 44 8.109551 9 18.158352
3
0 2 5 19.888852 10 15.603425
1 2 27 15.256644 17 5.835319
2 2 17 14.267898 43 11.048427
3
0 2 5 17.007126 25 4.662210
1 2 21 14.640794 8 19.151455
2 2 37 11.808024 10 9.650881
3
0 2 5 5.165235 9 11.864636
1 2 8 14.801110 17 18.842959
2 2 19 4.062542 30 7.883708
3
0 2 10 9.683878 22 7.595665
1 2 21 13.521253 13 11.082570
2 2 18 15.265755 19 13.779919
3
0 2 10 2.344644 32 9.405581
1 2 33 14.893637 46 8.859685
2 2 47 9.065343 16 5.175991
3
0 2 10 18.848804 30 19.839099
1 2 11 1.371168 45 19.540501
2 2 46 10.411580 42 5.254497
3
0 2 10 6.994062 24 1.866774
1 2 47 5.577259 45 4.892738
2 2 33 4.245326 18 18.439648
3
0 2 10 4.681912 28 11.796347
1 2 35 18.415292 21 12.231981
2 2 15 6.553665 40 14.169458
3
0 2 15 15.664011 23 13.692453
1 2 32 3.439456 28 1.894779
2 2 42 7.893101 46 13.643926
3
0 2 15 13.311304 21 5.823005
1 2 30 19.083388 32 17.019898
2 2 18 9.453508 25 6.518315
3
0 2 15 11.638939 20 7.066404
1 2 47 19.952433 17 11.072538
2 2 48 19.329229 26 17.404808
3
0 2 15 10.368414 26 8.176719
1 2 39 18.397835 31 4.643181
2 2 43 3.899006 31 19.399386
3
0 2 15 10.235301 48 12.059549
1 2 45 11.019034 21 1.188912
2 2 24 13.605638 49 1.045201
3
0 2 20 16.250609 37 16.721844
1 2 34 6.159434 22 18.043527
2 2 43 2.252385 31 14.755510
3
0 2 20 5.691935 48 3.564954
1 2 44 16.384083 39 6.307748
2 2 46 17.794018 25 15.279036
3
0 2 20 4.828864 29 1.308670
1 2 23 12.207735 39 5.755510
2 2 47 13.431605 43 2.959481
3
0 2 20 7.396427 23 17.500022
1 2 30 5.677101 23 6.340654
2 2 20 16.223947 44 18.565541
3
0 2 20 5.780720 32 14.123253
1 2 26 19.037030 43 1.652021
2 2 37 7.421264 26 12.396984
3
0 2 25 2.872589 38 3.965834
1 2 46 12.117547 35 11.193827
2 2 49 5.318405 33 8.265533
3
0 2 25 14.229097 35 14.449031
1 2 39 15.997027 37 9.838839
2 2 48 1.505784 38 17.567651
3
0 2 25 16.173451 44 3.273357
1 2 47 13.972453 37 9.123549
2 2 27 6.736659 31 1.697198
3
0 2 25 16.139384 39 14.987922
1 2 45 13.415486 31 18.768354
2 2 41 11.916806 31 7.521348
3
0 2 25 3.546720 31 11.106813
1 2 48 5.089450 39 17.070564
2 2 40 4.238945 34 10.215285
3
0 2 30 14.555062 49 15.226081
1 2 38 5.170922 35 18.519857
2 2 30 8.020597 46 3.986087
3
0 2 30 5.874607 46 6.809008
1 2 34 16.176637 42 1.759404
2 2 36 7.161010 48 18.951169
3
0 2 30 13.233098 38 14.445421
1 2 35 4.159425 37 4.918186
2 2 47 14.916283 37 19.212455
3
0 2 30 8.064098 45 5.247892
1 2 44 11.416951 34 10.439245
2 2 35 13.100138 30 13.900948
3
0 2 30 1.106888 38 11.202871
1 2 49 8.132685 31 12.294268
2 2 41 16.239850 37 16.498367
3
0 2 35 1.251658 44 12.762352
1 2 35 15.680110 47 19.500328
2 2 45 10.577654 42 13.460429
3
0 2 35 1.169147 43 13.758940
1 2 44 4.510518 48 18.200973
2 2 38 18.155548 36 8.701248
3
0 2 35 14.461363 46 11.437977
1 2 36 14.808290 39 1.544988
2 2 48 15.514487 44 7.597290
3
0 2 35 4.908354 45 5.441319
1 2 48 15.424724 43 18.504456
2 2 47 5.803960 42 14.246708
3
0 2 35 3.735148 42 5.840123
1 2 38 17.794315 39 17.642042
2 2 46 10.193658 35 11.748748
3
0 2 40 9.736713 43 6.617410
1 2 45 12.756543 47 19.210083
2 2 45 11.796290 47 19.503461
3
0 2 40 6.263549 44 19.307642
1 2 41 19.065208 40 6.047996
2 2 41 12.149065 47 3.760583
3
0 2 40 16.394690 42 2.672090
1 2 41 2.012515 42 14.522098
2 2 42 15.655714 41 12.500566
3
0 2 40 13.211097 41 11.982184
1 2 40 12.043399 44 8.320697
2 2 42 18.216113 43 4.804942
3
0 2 40 16.132458 43 10.110926
1 2 42 9.013433 47 7.182609
2 2 41 7.026078 42 17.736080
3
0 2 45 15.156448 48 8.345291
1 2 46 12.902884 48 2.071751
2 2 47 11.992672 48 11.599224
3
0 2 45 8.667380 49 18.124932
1 2 48 4.260935 45 5.426619
2 2 49 16.170780 46 1.679073
3
0 2 45 11.420135 48 11.281275
1 2 49 15.841766 47 10.524202
2 2 48 10.600407 45 4.210137
3
0 2 45 4.218814 47 14.168219
1 2 49 4.621007 46 3.341923
2 2 49 18.035927 46 13.634747
3
0 2 45 19.741635 48 1.589037
1 2 46 19.519634 45 2.512614
2 2 46 6.550833 48 16.432861
3
0 2 49 11.900645 49 11.297288
1 2 49 2.335026 49 5.626886
2 2 49 19.707045 49 2.295110
3
0 2 49 14.220600 49 6.383122
1 2 49 9.214693 49 14.393772
2 2 49 14.095741 49 11.983741
3
0 2 49 13.633451 49 3.760821
1 2 49 4.355595 49 18.278652
2 2 49 6.949172 49 18.162792
3
0 2 49 14.188101 49 6.212887
1 2 49 14.044143 49 5.960991
2 2 49 17.091961 49 12.873921
0
