100 99
3
0 2 10 17.230566 67 8.235450
1 2 73 5.935715 65 8.519230
2 2 52 14.403732 16 15.603818
3
0 2 10 8.378738 43 15.607375
1 2 78 1.254441 15 7.850752
2 2 24 7.766352 78 13.769738
3
0 2 10 4.202194 39 2.708207
1 2 10 19.226123 58 15.348913
2 2 86 14.055371 23 2.328686
3
0 2 10 11.941605 18 16.567489
1 2 45 2.355201 88 1.281613
2 2 56 14.341318 93 4.215254
3
0 2 10 5.282093 49 9.105249
1 2 56 8.866802 50 4.370757
2 2 91 12.480538 31 19.704922
3
0 2 10 5.075534 92 4.039376
1 2 39 12.387850 21 14.197441
2 2 95 12.385597 53 19.429470
3
0 2 10 17.093448 62 7.202254
1 2 72 16.241651 58 12.239319
2 2 87 5.505737 92 10.180497
3
0 2 10 10.146001 92 19.666197
1 2 61 10.339247 14 1.081626
2 2 27 10.317614 12 2.253332
3
0 2 10 17.752280 54 10.813188
1 2 35 18.915099 13 4.102150
2 2 61 1.668483 66 3.317744
3
0 2 10 5.243551 27 9.527744
1 2 88 6.483949 18 1.749396
2 2 66 4.536961 76 17.833524
3
0 2 20 1.475576 90 19.991667
1 2 39 3.492376 76 17.172058
2 2 80 8.840369 90 1.961289
3
0 2 20 17.590014 77 7.184562
1 2 99 19.198500 35 6.624083
2 2 42 6.671747 71 19.366810
3
0 2 20 3.783755 75 9.208283
1 2 66 6.996202 75 16.969768
2 2 67 14.094851 73 17.207371
3
0 2 20 11.126500 59 1.289585
1 2 56 4.607342 64 14.324986
2 2 97 19.108254 27 15.843702
3
0 2 20 17.184114 76 17.130913
1 2 68 18.387979 44 9.612080
2 2 36 16.463021 59 19.107284
3
0 2 20 7.365780 42 16.161302
1 2 22 7.947914 38 9.555191
2 2 48 17.214440 65 8.830438
3
0 2 20 17.072906 86 16.285746
1 2 39 7.408440 62 1.802025
2 2 42 10.162685 58 7.278353
3
0 2 20 14.980212 54 10.031223
1 2 60 5.857944 50 5.106755
2 2 37 16.936434 33 15.757867
3
0 2 20 15.855441 29 3.143824
1 2 41 16.562524 37 4.872715
2 2 73 18.503192 29 15.751196
3
0 2 20 14.221618 33 1.424430
1 2 51 5.497629 75 3.781171
2 2 72 17.946740 97 19.828966
3
0 2 30 4.105246 37 4.550670
1 2 61 11.759399 77 15.352579
2 2 68 16.784025 86 10.845801
3
0 2 30 9.295330 59 11.764312
1 2 64 10.639118 39 8.602775
2 2 93 15.621504 99 4.045216
3
0 2 30 10.110366 79 9.479802
1 2 80 6.564493 99 19.233128
2 2 54 5.435237 44 11.419280
3
0 2 30 12.938414 98 7.939489
1 2 84 1.462368 98 9.934562
2 2 51 13.601263 47 12.036589
3
0 2 30 1.930578 90 4.791429
1 2 47 15.900311 61 7.901496
2 2 87 12.406088 81 7.933168
3
0 2 30 15.196694 55 4.787946
1 2 89 16.194265 88 5.975468
2 2 60 3.815241 51 8.806411
3
0 2 30 11.120888 85 3.290171
1 2 64 6.570254 35 12.854951
2 2 95 14.975004 62 6.835908
3
0 2 30 18.426912 53 8.151435
1 2 59 17.134585 55 13.880552
2 2 84 4.312953 33 18.575380
3
0 2 30 4.799175 68 15.460678
1 2 37 3.559619 77 16.676581
2 2 49 10.834109 62 19.774101
3
0 2 30 14.113725 53 1.016455
1 2 70 6.600887 64 11.627173
2 2 43 16.015840 49 1.971455
3
0 2 40 19.909771 70 12.166165
1 2 90 13.181044 60 2.623994
2 2 99 11.298040 49 2.925493
3
0 2 40 17.259756 43 3.119822
1 2 48 2.309891 76 9.621202
2 2 79 6.700667 94 14.298567
3
0 2 40 11.534473 67 8.548221
1 2 48 9.381214 61 3.349320
2 2 71 17.715743 61 2.784083
3
0 2 40 1.971354 49 4.573378
1 2 65 3.338494 96 17.949609
2 2 41 17.377966 51 3.407055
3
0 2 40 12.889856 89 17.180100
1 2 47 6.625752 50 19.540785
2 2 46 9.706657 60 6.792099
3
0 2 40 5.906930 91 11.691907
1 2 85 14.047293 56 17.306567
2 2 94 5.984507 47 15.676682
3
0 2 40 11.892672 46 3.134099
1 2 91 18.360245 68 14.197535
2 2 47 14.223165 40 17.779308
3
0 2 40 1.350298 57 8.738603
1 2 48 8.766814 63 9.958481
2 2 91 11.558446 89 16.971936
3
0 2 40 8.754164 58 6.854362
1 2 66 15.585024 91 1.569472
2 2 94 7.903858 83 4.756027
3
0 2 40 13.250089 48 4.996816
1 2 49 1.967037 86 1.308720
2 2 81 15.538721 47 3.465310
3
0 2 50 15.868350 54 7.533347
1 2 53 14.613164 61 10.220596
2 2 91 17.794207 52 7.885699
3
0 2 50 16.536875 86 12.942250
1 2 86 13.609707 79 6.098901
2 2 86 11.883644 59 10.395914
3
0 2 50 2.286048 85 19.308555
1 2 95 17.537365 51 9.488106
2 2 63 1.825691 71 17.454869
3
0 2 50 17.995532 71 15.638303
1 2 91 12.283877 78 11.011005
2 2 50 6.661591 60 4.335931
3
0 2 50 6.990282 74 14.854656
1 2 59 1.915845 50 11.801057
2 2 75 11.006526 77 13.563140
3
0 2 50 6.130564 96 13.996472
1 2 78 12.595762 92 2.474068
2 2 50 16.803872 60 16.973831
3
0 2 50 5.746545 58 7.506306
1 2 60 16.585863 70 8.167866
2 2 99 11.669696 82 9.724753
3
0 2 50 10.555046 64 16.006772
1 2 78 9.456197 85 3.390633
2 2 55 7.262449 60 5.395952
3
0 2 50 13.809851 72 3.068088
1 2 93 9.560475 64 19.072028
2 2 86 11.684472 50 3.569348
3
0 2 50 12.079830 53 19.788802
1 2 55 14.450048 53 6.851121
2 2 86 9.924254 93 15.047621
3
0 2 60 4.592925 81 14.649221
1 2 66 3.172775 90 6.536535
2 2 92 4.187186 62 1.648265
3
0 2 60 17.403322 71 15.172100
1 2 89 6.090400 91 13.307034
2 2 90 16.068429 85 14.800012
3
0 2 60 15.426600 77 15.463626
1 2 76 7.445693 68 10.537811
2 2 95 7.024094 99 2.622110
3
0 2 60 10.106721 66 11.736419
1 2 64 6.598955 79 19.727237
2 2 98 15.672985 62 12.771860
3
0 2 60 2.605887 97 5.837000
1 2 64 13.970840 99 14.635608
2 2 97 2.779603 63 15.260069
3
0 2 60 16.560468 73 3.041693
1 2 87 13.898702 83 16.483997
2 2 88 19.577322 65 2.886880
3
0 2 60 17.024030 92 15.075459
1 2 69 9.263939 99 13.457714
2 2 98 3.160838 94 14.508286
3
0 2 60 16.779141 96 8.970615
1 2 64 15.342529 92 9.891916
2 2 69 1.523709 68 3.835738
3
0 2 60 5.303414 89 17.945584
1 2 89 7.614913 82 4.129307
2 2 77 12.931555 86 12.982682
3
0 2 60 12.802583 75 5.157946
1 2 60 13.727577 84 16.346006
2 2 94 19.240640 70 14.129623
3
0 2 70 14.465697 96 11.253151
1 2 85 17.559973 91 18.925321
2 2 74 3.433782 95 2.886131
3
0 2 70 6.406845 78 9.965403
1 2 88 1.856321 77 16.488199
2 2 92 9.971982 79 4.129751
3
0 2 70 13.672356 89 2.746647
1 2 83 6.671194 94 8.328616
2 2 96 19.065999 99 12.583073
3
0 2 70 8.195103 93 15.431078
1 2 72 3.630500 92 1.289858
2 2 78 13.794401 97 7.240325
3
0 2 70 15.153411 75 14.128767
1 2 90 18.725353 91 19.519249
2 2 95 8.000792 98 6.308755
3
0 2 70 14.364323 72 5.292867
1 2 90 11.839221 80 10.512422
2 2 91 17.810845 76 2.703905
3
0 2 70 19.141070 72 14.415093
1 2 89 1.429135 91 19.207435
2 2 97 19.167042 70 9.722886
3
0 2 70 1.985307 74 18.667172
1 2 82 6.775809 91 9.170446
2 2 83 14.753054 82 9.357800
3
0 2 70 2.216911 77 3.335316
1 2 81 17.634825 85 2.758711
2 2 88 3.452837 84 2.885358
3
0 2 70 4.319096 76 15.838265
1 2 79 8.239173 80 2.304797
2 2 84 17.424535 90 3.712700
3
0 2 80 6.425717 84 10.166868
1 2 98 8.218101 84 19.574230
2 2 82 3.109042 92 17.111801
3
0 2 80 9.216671 88 19.803718
1 2 95 6.591161 87 16.629359
2 2 89 15.058748 88 16.845059
3
0 2 80 19.072942 82 7.665641
1 2 90 9.989783 83 13.282342
2 2 85 2.675363 86 8.293017
3
0 2 80 5.111556 86 10.310298
1 2 94 19.817939 80 6.243993
2 2 85 19.153507 84 17.728259
3
0 2 80 10.294066 88 7.693717
1 2 88 14.688165 89 13.251052
2 2 91 6.490466 84 11.377745
3
0 2 80 17.423647 96 3.452222
1 2 81 13.263189 98 19.664465
2 2 85 13.392835 80 7.808758
3
0 2 80 9.920855 85 1.095633
1 2 80 3.977512 94 2.954782
2 2 82 3.759935 87 9.664508
3
0 2 80 8.186942 95 2.850830
1 2 81 1.856362 96 8.582939
2 2 90 12.268909 82 18.894998
3
0 2 80 6.100534 84 13.310334
1 2 85 18.896497 89 6.321130
2 2 90 7.173306 97 6.666293
3
0 2 80 13.764198 84 1.242520
1 2 90 10.850308 80 18.656055
2 2 95 9.080518 83 12.186100
3
0 2 90 5.762398 99 7.320596
1 2 94 17.471489 92 11.643795
2 2 97 19.434851 90 3.222894
3
0 2 90 12.716132 95 14.151465
1 2 95 13.902011 94 5.890200
2 2 94 1.808051 95 12.600008
3
0 2 90 13.943566 91 1.629156
1 2 94 1.723803 99 8.018808
2 2 91 17.402657 99 18.266884
3
0 2 90 18.930625 99 1.798440
1 2 97 10.479965 99 14.978964
2 2 98 19.102515 93 11.961329
3
0 2 90 8.214695 97 15.520830
1 2 94 16.530301 95 19.474450
2 2 97 1.390190 94 2.499784
3
0 2 90 10.523563 96 14.713347
1 2 99 13.488088 90 17.828082
2 2 92 19.802849 91 7.360890
3
0 2 90 5.084268 97 8.796630
1 2 91 1.683484 99 12.151806
2 2 97 18.462877 90 14.858042
3
0 2 90 6.543057 97 12.283772
1 2 90 11.286614 98 8.067758
2 2 96 10.218364 99 16.827906
3
0 2 90 15.581115 95 18.880211
1 2 97 6.302148 95 6.666126
2 2 96 8.557745 94 16.708414
3
0 2 90 9.884016 98 7.775576
1 2 94 9.090414 98 1.520827
2 2 93 9.547391 91 7.827282
3
0 2 99 9.305836 99 6.958774
1 2 99 10.540656 99 16.333537
2 2 99 14.736768 99 2.780301
3
0 2 99 14.863459 99 14.624798
1 2 99 19.229982 99 6.867640
2 2 99 12.957646 99 14.130283
3
0 2 99 1.501408 99 16.245734
1 2 99 6.316038 99 8.198223
2 2 99 1.779456 99 16.369428
3
0 2 99 8.204303 99 2.729670
1 2 99 11.559193 99 12.745841
2 2 99 4.192385 99 6.716778
3
0 2 99 12.199378 99 13.462181
1 2 99 5.015335 99 12.513707
2 2 99 16.756511 99 5.312365
3
0 2 99 10.081647 99 1.020990
1 2 99 18.320215 99 10.004546
2 2 99 15.514546 99 5.941943
3
0 2 99 1.378343 99 17.565883
1 2 99 1.235330 99 12.892479
2 2 99 1.168926 99 5.704788
3
0 2 99 8.489906 99 19.627172
1 2 99 11.209410 99 16.681325
2 2 99 10.525868 99 6.684261
3
0 2 99 5.616428 99 14.946681
1 2 99 15.529461 99 12.366669
2 2 99 1.741297 99 10.226151
0
