200 199
3
0 2 20 19.364606 25 9.078681
1 2 193 9.490354 142 7.601882
2 2 128 2.881623 110 17.729590
3
0 2 20 16.984002 71 17.860910
1 2 152 18.226940 72 17.454256
2 2 189 10.917664 26 4.533952
3
0 2 20 13.845738 160 10.339304
1 2 41 5.213149 47 18.611724
2 2 171 4.797841 67 10.207939
3
0 2 20 19.404904 84 17.761849
1 2 79 11.319279 163 5.056301
2 2 90 16.257033 97 7.968875
3
0 2 20 19.521453 22 5.829052
1 2 136 3.325101 26 12.707392
2 2 167 7.146168 68 9.018693
3
0 2 20 8.937532 114 16.762836
1 2 35 5.720019 74 14.351167
2 2 43 7.412656 47 9.282819
3
0 2 20 12.188703 169 16.839312
1 2 36 9.423747 179 10.683404
2 2 20 17.771544 189 14.185587
3
0 2 20 1.413896 38 15.928040
1 2 86 10.233095 179 16.451246
2 2 168 2.111052 119 11.810795
3
0 2 20 11.142648 156 16.188697
1 2 184 15.283019 43 2.086114
2 2 142 16.610362 146 7.353784
3
0 2 20 9.515293 190 16.632922
1 2 186 16.643306 165 4.591065
2 2 78 15.876895 121 17.209990
3
0 2 20 15.659003 102 8.557752
1 2 124 11.384474 89 11.438462
2 2 67 12.378675 113 5.700593
3
0 2 20 19.014997 90 13.973910
1 2 194 8.617373 28 5.228673
2 2 192 5.794625 53 9.764465
3
0 2 20 7.751837 160 15.080973
1 2 131 9.790087 195 6.333506
2 2 199 16.326102 88 13.053091
3
0 2 20 14.615509 104 6.145259
1 2 187 18.665526 40 2.101374
2 2 187 10.777599 72 12.119550
3
0 2 20 12.042804 80 18.392871
1 2 109 12.139973 28 6.969995
2 2 196 16.026880 49 5.576855
3
0 2 20 8.395711 154 19.239889
1 2 93 6.433531 40 5.766867
2 2 101 5.438837 32 3.961956
3
0 2 20 17.565231 160 14.229077
1 2 58 2.738196 131 8.586719
2 2 44 17.076732 76 17.732665
3
0 2 20 7.595404 188 14.811204
1 2 106 13.248628 104 10.419011
2 2 166 11.138985 62 17.339649
3
0 2 20 14.590559 111 14.855109
1 2 177 18.950112 118 13.656037
2 2 191 12.454850 139 19.110737
3
0 2 20 13.053325 37 10.389927
1 2 183 10.142041 167 12.579983
2 2 25 5.940463 186 7.754291
3
0 2 40 18.536860 95 17.982587
1 2 198 19.201235 71 17.193896
2 2 99 2.697615 176 14.374895
3
0 2 40 4.885654 58 19.359621
1 2 169 3.821992 131 19.274142
2 2 77 16.531404 93 14.291307
3
0 2 40 11.685418 148 17.748429
1 2 142 18.849149 43 10.342967
2 2 122 10.342780 102 14.453149
3
0 2 40 14.451097 69 13.371692
1 2 52 10.870678 107 6.935421
2 2 110 19.894669 92 5.659563
3
0 2 40 2.014804 171 5.066757
1 2 46 13.313373 138 6.872617
2 2 195 4.843953 190 7.563266
3
0 2 40 4.158655 157 1.314599
1 2 95 18.247829 149 12.960246
2 2 87 9.240193 85 11.339859
3
0 2 40 9.402952 71 12.907770
1 2 173 7.022244 95 8.882999
2 2 84 16.266193 96 18.214933
3
0 2 40 15.676361 164 6.225700
1 2 108 6.436074 107 18.371459
2 2 183 18.289172 119 9.145794
3
0 2 40 19.416900 63 6.578538
1 2 141 14.561301 174 14.962382
2 2 74 4.943245 168 16.641777
3
0 2 40 7.692386 147 19.098340
1 2 109 8.578835 81 8.439135
2 2 72 5.488409 156 4.936854
3
0 2 40 8.803414 107 8.935700
1 2 175 2.975780 61 10.557535
2 2 156 13.814087 58 18.928356
3
0 2 40 16.496853 167 14.013424
1 2 61 12.866690 151 7.818397
2 2 138 9.230625 142 15.830364
3
0 2 40 12.892900 184 13.903901
1 2 177 17.974787 140 9.886105
2 2 114 14.688862 122 3.457155
3
0 2 40 9.792689 86 14.671744
1 2 98 2.339892 79 19.903312
2 2 175 3.120228 97 2.160620
3
0 2 40 18.002274 159 4.031237
1 2 45 6.425653 100 19.215192
2 2 58 1.107505 138 16.974334
3
0 2 40 9.577228 171 12.959672
1 2 54 15.508641 137 12.712840
2 2 88 3.304645 52 6.810891
3
0 2 40 4.317353 97 17.729063
1 2 157 5.617015 85 5.904218
2 2 63 3.527275 43 7.681788
3
0 2 40 11.422647 117 5.030811
1 2 160 6.910385 168 14.918914
2 2 65 13.242403 171 4.115673
3
0 2 40 18.518188 106 7.498437
1 2 135 13.039955 119 16.855774
2 2 71 10.825746 191 8.375314
3
0 2 40 16.899432 146 5.872341
1 2 47 6.882883 130 19.564281
2 2 179 14.621399 176 3.836795
3
0 2 60 13.154499 118 15.402030
1 2 166 17.025089 171 17.195814
2 2 161 10.300562 136 17.400306
3
0 2 60 13.647739 142 6.147109
1 2 71 5.803516 151 2.361783
2 2 65 14.367564 147 19.992635
3
0 2 60 5.729456 177 1.935406
1 2 136 18.208322 90 3.830303
2 2 122 5.199135 104 16.281150
3
0 2 60 4.323972 108 3.111618
1 2 62 11.311079 113 1.255974
2 2 79 12.517094 183 7.583153
3
0 2 60 19.748465 77 6.594226
1 2 124 15.101212 166 13.190971
2 2 76 6.471471 146 15.818886
3
0 2 60 8.400931 67 12.208166
1 2 68 14.392998 173 5.437841
2 2 181 7.473863 110 2.090974
3
0 2 60 4.505618 135 11.058090
1 2 158 9.600486 173 17.798412
2 2 74 13.324208 116 18.080090
3
0 2 60 4.773146 142 7.999588
1 2 123 13.733323 105 14.500588
2 2 191 2.990172 161 12.937538
3
0 2 60 19.521716 157 19.393651
1 2 176 4.320158 61 12.370809
2 2 178 3.697715 195 16.977087
3
0 2 60 9.892329 154 19.715744
1 2 186 17.705788 129 6.523685
2 2 139 19.967518 144 5.794770
3
0 2 60 9.962935 114 1.890174
1 2 63 12.483076 68 7.796096
2 2 111 7.281005 110 11.542804
3
0 2 60 7.309787 156 19.361994
1 2 117 12.398541 187 6.289828
2 2 109 8.247505 152 16.646089
3
0 2 60 6.904588 148 16.345595
1 2 99 16.453921 186 9.355539
2 2 169 14.224825 121 12.048592
3
0 2 60 12.916017 116 19.872737
1 2 181 10.947238 104 11.686355
2 2 175 2.876931 136 17.605590
3
0 2 60 1.587373 92 4.514052
1 2 134 11.308399 137 13.120928
2 2 115 13.643840 190 13.481663
3
0 2 60 11.519508 186 19.792338
1 2 148 2.056383 107 5.862269
2 2 115 2.619495 84 3.024223
3
0 2 60 11.668111 144 2.845156
1 2 86 5.830236 103 13.540892
2 2 179 7.921652 160 8.833614
3
0 2 60 8.467319 184 9.335174
1 2 114 14.435384 141 5.083448
2 2 69 8.758994 120 17.899611
3
0 2 60 8.264414 80 11.000779
1 2 167 12.775549 163 16.556427
2 2 85 4.843514 151 19.501436
3
0 2 60 14.482209 91 11.702267
1 2 92 14.278088 76 7.214212
2 2 123 19.516545 194 10.442695
3
0 2 80 10.709298 174 12.773571
1 2 137 15.247591 127 12.963608
2 2 107 1.439775 147 2.900292
3
0 2 80 9.774678 153 18.996117
1 2 162 6.079242 145 4.073077
2 2 97 1.207550 153 3.658613
3
0 2 80 14.382027 162 15.762131
1 2 165 5.951517 183 5.406010
2 2 164 1.400705 161 5.924107
3
0 2 80 2.530910 121 7.000338
1 2 174 5.566191 150 7.791874
2 2 177 5.369123 112 5.973745
3
0 2 80 6.397941 108 3.294649
1 2 103 7.890561 135 11.606192
2 2 184 18.441482 90 6.015789
3
0 2 80 19.062867 90 7.797903
1 2 84 8.613444 183 18.135173
2 2 170 14.785470 192 3.428706
3
0 2 80 6.487384 120 11.601348
1 2 122 7.188220 186 2.522539
2 2 101 18.920598 161 16.826209
3
0 2 80 5.663596 166 13.336417
1 2 197 1.614278 118 14.240923
2 2 184 7.699062 179 6.016978
3
0 2 80 8.248222 187 4.008942
1 2 165 1.414577 174 11.742713
2 2 147 4.184926 198 9.260229
3
0 2 80 8.663769 154 11.958737
1 2 109 4.533433 86 17.872349
2 2 181 18.749054 143 4.723836
3
0 2 80 8.508453 147 3.160276
1 2 118 13.857365 86 8.992775
2 2 144 1.619853 142 4.326745
3
0 2 80 18.641392 95 18.557856
1 2 171 16.647276 180 19.040989
2 2 195 11.077889 158 12.000562
3
0 2 80 11.802359 198 15.520940
1 2 94 4.712668 176 5.994738
2 2 190 6.031040 173 9.047383
3
0 2 80 15.655302 178 2.924041
1 2 97 5.725934 141 7.575597
2 2 157 8.580257 181 5.733889
3
0 2 80 6.078792 88 10.968930
1 2 149 12.362603 132 19.153546
2 2 90 14.660381 87 7.178116
3
0 2 80 7.802116 116 10.376015
1 2 119 6.666293 174 18.729232
2 2 84 9.714233 105 5.376922
3
0 2 80 9.451656 104 16.725819
1 2 173 14.933455 101 8.950295
2 2 151 12.016164 117 18.881417
3
0 2 80 9.713607 110 1.433009
1 2 110 4.763260 102 18.118774
2 2 128 15.204170 127 16.877432
3
0 2 80 7.337990 95 17.478727
1 2 197 2.006620 122 16.999635
2 2 176 17.189716 137 4.863862
3
0 2 80 18.044269 120 15.755798
1 2 81 12.310831 153 17.177510
2 2 111 11.164272 190 5.453072
3
0 2 100 18.841358 105 2.509577
1 2 196 13.035572 193 18.049144
2 2 143 10.026472 180 18.806425
3
0 2 100 9.586148 153 6.147551
1 2 159 1.788117 153 6.722117
2 2 111 5.413958 108 4.780375
3
0 2 100 4.622027 109 17.897891
1 2 184 13.062610 159 16.016148
2 2 148 11.144858 183 10.101666
3
0 2 100 19.580361 103 12.501042
1 2 176 18.170433 198 4.184680
2 2 106 15.973127 178 11.230507
3
0 2 100 7.008039 117 13.924754
1 2 104 18.909767 197 11.078045
2 2 136 2.756808 144 17.028180
3
0 2 100 16.168704 133 2.539006
1 2 100 3.432593 148 18.084712
2 2 137 4.708267 189 15.717907
3
0 2 100 9.746445 186 11.460618
1 2 146 18.133962 103 6.008430
2 2 195 19.862342 161 11.048682
3
0 2 100 9.863949 194 6.674571
1 2 151 7.786109 143 10.039524
2 2 101 15.617197 120 5.562468
3
0 2 100 18.555906 182 4.199672
1 2 171 4.318623 129 13.363835
2 2 143 16.854386 160 6.931332
3
0 2 100 16.576651 152 13.078899
1 2 124 8.628449 186 1.371574
2 2 197 19.833758 103 17.133884
3
0 2 100 2.299272 140 5.705448
1 2 120 2.959029 195 15.551609
2 2 147 12.762375 128 14.265591
3
0 2 100 5.597221 151 18.973006
1 2 110 9.977721 199 13.979583
2 2 135 13.859934 182 12.510924
3
0 2 100 3.634344 102 14.198116
1 2 114 4.158471 169 14.673708
2 2 104 1.502968 152 5.509379
3
0 2 100 12.042898 190 8.106603
1 2 100 11.836008 156 7.693313
2 2 195 12.689855 101 10.569515
3
0 2 100 1.774145 152 2.977011
1 2 111 11.651474 171 3.717791
2 2 162 6.548639 135 11.873727
3
0 2 100 5.298051 139 3.227679
1 2 193 7.373997 116 13.979635
2 2 113 16.937554 137 8.798985
3
0 2 100 12.821623 111 11.141498
1 2 162 5.112882 119 14.365604
2 2 164 4.906633 160 5.737546
3
0 2 100 8.662036 169 14.661151
1 2 147 10.065481 159 19.078384
2 2 141 13.271418 148 14.052081
3
0 2 100 7.078964 178 11.746512
1 2 113 14.953790 166 19.980495
2 2 148 5.397151 131 11.962990
3
0 2 100 18.964658 115 18.475502
1 2 177 13.844395 160 17.615738
2 2 190 16.758281 104 1.157637
3
0 2 120 15.752169 172 8.540706
1 2 132 6.032960 174 8.297872
2 2 197 1.148633 122 1.471992
3
0 2 120 4.355903 161 4.661087
1 2 169 7.390440 167 16.968591
2 2 153 14.686535 122 5.773811
3
0 2 120 18.177238 137 4.413558
1 2 126 1.999554 172 10.998847
2 2 199 14.933060 157 16.062705
3
0 2 120 8.216700 175 6.563171
1 2 158 6.757476 196 12.761133
2 2 140 11.979061 194 15.685119
3
0 2 120 12.955615 133 2.825070
1 2 136 9.433687 131 5.479529
2 2 169 11.202749 165 13.334522
3
0 2 120 8.887845 128 14.586544
1 2 121 8.740441 145 18.149953
2 2 193 8.005243 136 3.790201
3
0 2 120 5.060525 175 16.703222
1 2 182 16.370879 150 10.308552
2 2 183 8.809327 146 11.409715
3
0 2 120 16.642838 146 9.256517
1 2 166 19.701624 148 17.426466
2 2 174 2.278809 142 7.273124
3
0 2 120 1.547868 161 6.729492
1 2 191 16.955243 183 15.555033
2 2 155 10.353033 140 7.145877
3
0 2 120 19.823279 154 7.540411
1 2 162 1.911193 196 2.392715
2 2 126 1.357742 159 13.119138
3
0 2 120 10.329265 132 7.622798
1 2 178 16.874315 133 9.879645
2 2 125 12.987897 182 17.418152
3
0 2 120 2.055210 159 17.970630
1 2 141 11.097341 162 13.664813
2 2 186 18.196501 134 5.664341
3
0 2 120 1.174938 173 9.027802
1 2 169 18.888893 180 2.653214
2 2 178 10.828376 186 5.873624
3
0 2 120 2.485703 142 7.810540
1 2 160 3.546094 158 6.270035
2 2 130 15.356318 127 18.231977
3
0 2 120 12.347798 142 15.732294
1 2 128 6.673225 198 18.413967
2 2 126 4.642372 120 17.826351
3
0 2 120 13.259353 165 11.298449
1 2 192 4.424377 178 3.730700
2 2 179 2.026310 171 8.961666
3
0 2 120 4.442467 152 19.425190
1 2 145 7.796847 130 7.257054
2 2 130 6.023789 144 8.284421
3
0 2 120 15.740816 127 12.704237
1 2 182 2.222925 171 2.852475
2 2 134 15.509697 133 16.256236
3
0 2 120 9.244181 167 6.789121
1 2 136 9.846536 132 8.218073
2 2 125 14.010097 152 13.424734
3
0 2 120 11.936735 157 3.683809
1 2 158 5.203330 139 15.708759
2 2 178 10.241735 194 1.405257
3
0 2 140 4.302366 174 10.992006
1 2 149 7.405786 180 9.642216
2 2 190 12.886353 193 10.515125
3
0 2 140 6.765826 199 5.355950
1 2 189 3.664583 143 19.664738
2 2 197 10.529897 155 19.220372
3
0 2 140 2.513269 179 17.359555
1 2 172 4.055505 141 17.924758
2 2 156 9.014579 196 17.103819
3
0 2 140 6.759754 164 10.601319
1 2 143 2.969505 193 15.161700
2 2 143 10.896592 188 16.418952
3
0 2 140 12.993513 151 18.276853
1 2 189 6.345733 140 8.515140
2 2 140 12.403937 182 16.553863
3
0 2 140 18.006245 192 6.168132
1 2 194 4.342370 187 11.714683
2 2 178 6.459197 154 11.278567
3
0 2 140 12.244993 176 16.269267
1 2 186 4.440262 149 7.881280
2 2 175 11.776300 151 17.341746
3
0 2 140 15.738506 199 4.333137
1 2 174 4.451450 151 15.971161
2 2 197 9.443754 194 18.678282
3
0 2 140 2.927472 186 3.785662
1 2 179 15.625182 144 10.784125
2 2 158 3.183112 194 19.001032
3
0 2 140 8.027113 196 13.260103
1 2 169 16.510468 143 12.833590
2 2 161 3.337250 142 1.017785
3
0 2 140 10.961088 195 8.517354
1 2 199 10.814860 148 7.814619
2 2 188 9.513631 144 11.607024
3
0 2 140 18.072076 197 19.047760
1 2 168 3.566272 175 14.127343
2 2 175 7.870720 177 15.391314
3
0 2 140 8.649970 181 15.857184
1 2 168 7.062364 167 6.022718
2 2 196 18.418513 172 11.749851
3
0 2 140 1.021433 161 1.310135
1 2 186 19.086067 174 8.188848
2 2 173 16.317091 149 11.225569
3
0 2 140 3.820332 141 12.489545
1 2 164 9.422743 142 6.764468
2 2 181 1.312865 142 14.461440
3
0 2 140 11.920501 151 3.810504
1 2 193 7.066262 140 17.790513
2 2 197 4.234246 164 9.647458
3
0 2 140 19.968516 199 17.051318
1 2 168 16.932991 143 3.764307
2 2 149 7.357114 159 5.628158
3
0 2 140 10.992829 179 14.562926
1 2 194 19.617618 159 5.646891
2 2 197 12.980234 146 5.569143
3
0 2 140 17.301427 146 14.807667
1 2 198 11.519623 174 2.545393
2 2 151 19.287114 158 6.037328
3
0 2 140 13.360649 172 17.872682
1 2 148 10.459703 171 13.070347
2 2 184 14.954717 148 2.448570
3
0 2 160 6.108008 171 16.961728
1 2 189 10.217676 174 3.988854
2 2 184 17.082949 188 13.176944
3
0 2 160 6.242362 193 13.998532
1 2 172 8.952891 170 1.574094
2 2 186 15.354368 197 3.890444
3
0 2 160 9.284828 187 7.841249
1 2 194 1.451044 198 15.968123
2 2 189 13.715122 160 7.484699
3
0 2 160 16.967175 185 19.832098
1 2 194 13.683568 183 1.649113
2 2 166 10.979018 164 4.915085
3
0 2 160 10.076231 187 18.829548
1 2 193 10.072352 167 18.388234
2 2 186 9.204404 190 16.784389
3
0 2 160 3.933114 188 10.205520
1 2 185 18.105682 188 12.380280
2 2 187 17.087854 177 14.621683
3
0 2 160 11.669143 178 19.261354
1 2 188 2.275579 182 10.145768
2 2 161 12.378705 191 8.088941
3
0 2 160 1.273833 179 14.742378
1 2 169 14.776112 163 17.182232
2 2 193 9.537267 176 18.938071
3
0 2 160 19.299869 197 11.978196
1 2 189 9.106885 169 3.897872
2 2 195 4.647479 173 7.286266
3
0 2 160 9.963758 175 3.335496
1 2 189 9.771405 174 15.904178
2 2 176 11.958295 163 1.828265
3
0 2 160 19.040290 195 19.243399
1 2 177 8.169436 161 8.819085
2 2 169 14.410217 199 6.500694
3
0 2 160 6.942478 194 7.051716
1 2 161 8.102301 191 8.705659
2 2 188 8.380524 195 17.427883
3
0 2 160 7.231812 171 10.324745
1 2 177 5.326943 187 17.653117
2 2 169 8.024892 167 11.422974
3
0 2 160 14.100045 191 8.657214
1 2 162 8.137704 160 11.557681
2 2 196 9.089215 162 17.376131
3
0 2 160 11.444391 181 2.702596
1 2 163 9.371210 193 11.560604
2 2 181 18.647281 199 17.444512
3
0 2 160 5.333260 184 19.788486
1 2 164 17.237543 195 15.376291
2 2 180 8.208731 174 4.962997
3
0 2 160 12.570950 179 8.249874
1 2 195 10.787477 174 5.712330
2 2 164 7.927097 171 4.247387
3
0 2 160 13.275855 184 9.841381
1 2 180 7.855714 191 19.818612
2 2 174 19.124462 186 8.498366
3
0 2 160 15.336525 181 9.891066
1 2 193 19.539315 185 2.625037
2 2 174 13.153002 196 19.979639
3
0 2 160 14.870769 176 10.795265
1 2 187 9.545900 184 2.763359
2 2 176 9.901819 170 7.236659
3
0 2 180 17.337231 199 12.991241
1 2 181 19.287383 190 1.686734
2 2 193 15.987385 192 9.853510
3
0 2 180 18.274557 193 19.148682
1 2 186 9.618439 182 11.613804
2 2 191 18.930328 183 5.310329
3
0 2 180 14.124615 194 6.617981
1 2 180 15.032508 189 5.926694
2 2 180 10.123029 199 16.644084
3
0 2 180 11.578238 187 8.813015
1 2 194 19.883511 180 19.088683
2 2 188 3.858786 196 12.561393
3
0 2 180 12.204522 199 7.306541
1 2 193 6.498938 186 8.785892
2 2 183 17.170504 199 4.664748
3
0 2 180 18.307759 195 15.935037
1 2 189 1.925609 184 19.245734
2 2 197 7.351505 195 14.619068
3
0 2 180 2.315218 199 6.993825
1 2 185 5.193960 181 6.694274
2 2 186 11.497123 180 3.467960
3
0 2 180 5.898406 191 10.161609
1 2 182 1.549163 189 5.090814
2 2 197 19.782353 198 16.999473
3
0 2 180 5.633435 188 4.372576
1 2 194 7.480407 190 11.565750
2 2 180 6.731180 189 11.826445
3
0 2 180 14.887745 190 14.873589
1 2 189 7.952044 195 9.335945
2 2 199 6.419916 192 1.020047
3
0 2 180 10.376058 184 8.109450
1 2 188 1.749223 181 4.579260
2 2 182 18.752506 189 6.103981
3
0 2 180 19.716586 191 3.125814
1 2 194 4.180432 190 3.407170
2 2 191 3.538054 197 4.227990
3
0 2 180 19.825217 182 14.189773
1 2 186 2.447146 195 1.941633
2 2 181 2.848328 187 13.862603
3
0 2 180 6.639358 198 1.199912
1 2 181 5.135715 193 10.831141
2 2 184 9.635559 185 1.847271
3
0 2 180 14.166648 193 18.322799
1 2 181 4.830295 192 15.590045
2 2 191 19.563284 198 12.728319
3
0 2 180 2.219352 195 12.896129
1 2 188 5.047060 199 9.714769
2 2 190 19.947057 181 3.136100
3
0 2 180 8.955642 183 8.121009
1 2 189 14.958537 197 3.324642
2 2 199 17.650460 182 8.620116
3
0 2 180 6.586912 186 7.589683
1 2 198 8.774640 187 14.742246
2 2 196 10.193763 181 3.387841
3
0 2 180 18.591545 197 19.577131
1 2 198 4.264733 184 12.821641
2 2 199 12.471095 189 19.360663
3
0 2 180 19.212899 199 16.780587
1 2 185 6.313015 188 5.579216
2 2 180 14.633386 185 4.184034
3
0 2 199 1.169458 199 1.781735
1 2 199 5.783823 199 7.468630
2 2 199 4.330831 199 11.385015
3
0 2 199 15.563892 199 3.556451
1 2 199 14.832946 199 16.717961
2 2 199 14.790990 199 1.879921
3
0 2 199 17.726729 199 16.523684
1 2 199 15.657965 199 8.718867
2 2 199 15.304616 199 7.582900
3
0 2 199 10.810206 199 11.962380
1 2 199 6.157018 199 3.087977
2 2 199 4.050769 199 2.768496
3
0 2 199 1.405458 199 16.745590
1 2 199 19.580893 199 6.366566
2 2 199 5.257546 199 4.257948
3
0 2 199 18.830742 199 19.720201
1 2 199 13.869763 199 3.490889
2 2 199 8.532052 199 5.884150
3
0 2 199 16.692628 199 8.147574
1 2 199 5.572363 199 17.302080
2 2 199 8.579670 199 12.403287
3
0 2 199 13.354678 199 2.889602
1 2 199 10.899388 199 12.498275
2 2 199 2.450119 199 2.077428
3
0 2 199 15.317933 199 6.266259
1 2 199 16.060777 199 6.710635
2 2 199 2.057686 199 1.480642
3
0 2 199 9.564624 199 5.451006
1 2 199 17.975968 199 1.655027
2 2 199 2.130983 199 1.163387
3
0 2 199 1.496910 199 5.207084
1 2 199 17.430145 199 7.088899
2 2 199 17.360669 199 13.270391
3
0 2 199 6.588796 199 5.773193
1 2 199 4.006316 199 12.782195
2 2 199 11.619307 199 16.837952
3
0 2 199 19.436172 199 12.372708
1 2 199 2.168689 199 10.777824
2 2 199 5.998634 199 17.535627
3
0 2 199 6.877216 199 8.574356
1 2 199 4.165215 199 17.523687
2 2 199 14.755763 199 17.744369
3
0 2 199 19.129556 199 15.843180
1 2 199 1.782777 199 7.731742
2 2 199 18.128995 199 9.863534
3
0 2 199 4.664241 199 3.053854
1 2 199 15.969696 199 19.961175
2 2 199 3.811670 199 5.674975
3
0 2 199 11.710199 199 8.087699
1 2 199 8.154962 199 8.208562
2 2 199 3.650669 199 4.261617
3
0 2 199 6.437447 199 18.016099
1 2 199 5.909707 199 17.772880
2 2 199 6.827819 199 16.831403
3
0 2 199 9.256624 199 17.051078
1 2 199 4.119163 199 16.129328
2 2 199 14.311582 199 4.647470
0
