200 199
3
0 2 20 16.439967 93 18.741998
1 2 172 18.143610 183 17.353125
2 2 138 7.125534 55 5.351803
3
0 2 20 18.966104 94 19.886889
1 2 40 8.910943 139 18.552169
2 2 148 1.722793 45 13.058539
3
0 2 20 11.311673 101 17.452550
1 2 47 7.728375 26 19.852127
2 2 35 18.410106 157 18.020770
3
0 2 20 7.178084 26 8.185276
1 2 170 10.887858 73 1.268954
2 2 140 1.574065 190 6.530090
3
0 2 20 11.967514 178 1.878156
1 2 155 4.230352 41 15.335763
2 2 72 6.522895 41 2.109543
3
0 2 20 3.555134 128 15.180723
1 2 27 18.703231 114 14.251457
2 2 158 9.123167 184 1.650448
3
0 2 20 2.576873 120 17.878013
1 2 142 9.961649 34 12.680332
2 2 182 16.510677 140 5.744025
3
0 2 20 9.342313 86 2.739588
1 2 165 6.961933 141 1.137308
2 2 30 18.142698 171 13.763223
3
0 2 20 9.281458 88 16.808149
1 2 152 7.079364 147 18.328494
2 2 187 5.382605 109 3.265018
3
0 2 20 16.842818 36 19.003725
1 2 62 8.909864 28 10.848269
2 2 101 15.554542 157 14.575823
3
0 2 20 19.583780 66 9.539418
1 2 112 16.800381 196 19.466836
2 2 92 5.562816 44 7.515976
3
0 2 20 9.638223 154 15.814282
1 2 138 16.214253 111 9.087918
2 2 172 15.969870 144 6.042683
3
0 2 20 10.059242 103 6.074058
1 2 58 16.842216 178 3.333234
2 2 68 8.577307 92 14.593958
3
0 2 20 13.841344 148 15.478405
1 2 116 6.293700 181 14.611588
2 2 60 1.979481 124 6.520656
3
0 2 20 1.409356 82 7.666256
1 2 162 2.467406 53 15.879867
2 2 32 17.095457 105 4.519934
3
0 2 20 12.703198 136 4.282374
1 2 165 19.085913 66 14.369549
2 2 72 8.649253 103 1.612401
3
0 2 20 18.182574 71 16.331583
1 2 21 13.048131 62 17.172308
2 2 149 18.952345 45 3.352196
3
0 2 20 15.384846 154 6.859498
1 2 98 1.725991 105 5.327055
2 2 123 12.062028 86 10.862621
3
0 2 20 12.012719 52 5.969325
1 2 48 10.024426 61 15.336759
2 2 80 16.911938 69 12.615948
3
0 2 20 9.630444 103 9.560276
1 2 116 13.439783 172 7.890559
2 2 173 1.995484 167 17.746061
3
0 2 40 10.055294 196 19.530739
1 2 117 16.785002 65 5.562280
2 2 86 15.962429 140 17.252617
3
0 2 40 5.910728 198 12.467578
1 2 40 4.282170 166 11.719446
2 2 69 8.825612 153 11.854074
3
0 2 40 3.909039 199 7.199103
1 2 164 12.618684 168 10.755333
2 2 190 7.994631 169 11.326167
3
0 2 40 19.867890 187 12.132865
1 2 62 19.474154 174 10.917603
2 2 71 11.167579 73 10.599247
3
0 2 40 6.498548 104 11.731544
1 2 44 6.024356 185 17.612839
2 2 109 13.123576 65 8.052013
3
0 2 40 8.511358 76 10.795131
1 2 84 17.803040 197 3.898083
2 2 155 5.256902 143 9.445666
3
0 2 40 7.166955 132 9.605149
1 2 120 7.877904 49 14.105968
2 2 166 18.199518 64 14.463246
3
0 2 40 14.813407 132 14.551502
1 2 190 8.224940 74 16.847025
2 2 62 18.895082 154 2.273512
3
0 2 40 10.126038 144 15.327289
1 2 90 3.034205 138 11.865600
2 2 51 11.488033 52 19.934203
3
0 2 40 19.184935 58 18.672074
1 2 151 9.818479 72 18.971421
2 2 139 11.994992 68 16.463910
3
0 2 40 18.313442 99 15.078992
1 2 122 9.160338 138 7.717278
2 2 177 14.634886 98 16.434217
3
0 2 40 2.175030 53 10.678065
1 2 58 1.019587 52 14.419930
2 2 128 19.223068 85 8.256902
3
0 2 40 17.182351 194 3.929402
1 2 186 10.010005 44 3.809803
2 2 178 10.644143 198 5.213103
3
0 2 40 3.157987 104 14.125072
1 2 148 8.255841 72 1.059218
2 2 172 3.576886 170 16.797909
3
0 2 40 4.599380 171 7.558805
1 2 100 10.524690 193 2.633076
2 2 156 17.490445 187 18.155080
3
0 2 40 14.043963 47 9.432019
1 2 82 19.936175 162 11.254958
2 2 182 9.142024 197 5.377670
3
0 2 40 8.990105 65 17.285776
1 2 51 9.463663 80 15.203061
2 2 194 15.600666 158 18.447288
3
0 2 40 8.696822 62 18.350241
1 2 69 5.363811 163 18.095062
2 2 49 18.077698 185 18.365040
3
0 2 40 2.669199 110 14.261124
1 2 45 3.335653 197 7.639419
2 2 123 13.750822 116 6.723514
3
0 2 40 9.612377 96 7.652991
1 2 134 2.560020 65 5.162651
2 2 47 17.284648 154 12.088607
3
0 2 60 15.371915 196 2.616310
1 2 80 6.622037 153 16.944408
2 2 169 2.213605 112 6.197924
3
0 2 60 19.570313 143 15.423712
1 2 61 8.028251 122 9.876104
2 2 108 18.439458 133 5.700462
3
0 2 60 18.502677 158 19.271540
1 2 154 17.345213 191 17.187698
2 2 191 16.711875 179 6.540422
3
0 2 60 5.771354 165 17.744290
1 2 103 19.930912 190 12.140952
2 2 178 9.625626 68 18.410561
3
0 2 60 7.868520 163 12.006860
1 2 104 9.444633 60 4.266531
2 2 76 5.361249 122 6.308335
3
0 2 60 13.279838 180 15.984530
1 2 121 8.729899 61 18.254500
2 2 178 8.222831 134 13.066849
3
0 2 60 1.932346 119 12.733209
1 2 122 6.497862 197 9.820036
2 2 124 13.685053 120 10.712387
3
0 2 60 3.745995 185 8.361354
1 2 134 18.652775 179 12.028700
2 2 72 1.025333 62 4.985351
3
0 2 60 3.588511 124 3.614529
1 2 98 8.700053 88 7.275483
2 2 136 19.623777 99 8.076328
3
0 2 60 5.340494 117 10.796968
1 2 162 19.107198 110 19.464457
2 2 165 18.639433 90 12.144079
3
0 2 60 12.270254 110 8.265811
1 2 67 11.780561 83 6.164531
2 2 109 2.245788 96 12.201023
3
0 2 60 13.670685 123 19.121367
1 2 99 3.140774 180 3.755331
2 2 61 18.031044 156 5.053536
3
0 2 60 8.243709 169 17.830476
1 2 154 3.028167 64 4.834525
2 2 74 4.850406 126 7.262046
3
0 2 60 4.228178 67 4.925307
1 2 88 17.147123 91 18.462299
2 2 187 8.497639 140 10.360306
3
0 2 60 10.574223 124 9.942362
1 2 103 4.363597 138 7.684437
2 2 87 11.642062 116 10.788592
3
0 2 60 12.985508 91 10.895466
1 2 199 13.487184 172 14.536335
2 2 185 3.965926 173 12.241341
3
0 2 60 17.545244 69 10.404215
1 2 133 1.417334 99 19.194054
2 2 74 7.281363 193 9.101305
3
0 2 60 12.437938 123 2.113644
1 2 147 9.518096 105 4.978054
2 2 152 6.746205 132 2.203540
3
0 2 60 18.218496 156 1.455037
1 2 83 15.607491 102 10.824503
2 2 100 6.917963 124 4.351616
3
0 2 60 14.872543 69 3.942377
1 2 182 13.856026 131 7.177027
2 2 194 1.312289 82 17.568558
3
0 2 80 3.325202 108 12.400374
1 2 86 13.323981 175 9.801264
2 2 111 16.225608 107 9.333759
3
0 2 80 15.972469 198 12.617045
1 2 195 15.802484 142 13.017721
2 2 146 14.011671 123 3.175511
3
0 2 80 18.620752 152 11.668897
1 2 164 18.685303 140 5.743571
2 2 148 17.282311 131 17.830142
3
0 2 80 14.600294 183 3.873578
1 2 161 16.700128 181 13.099912
2 2 118 6.858814 113 12.342449
3
0 2 80 3.458215 172 15.066396
1 2 167 10.843691 108 5.572978
2 2 135 8.294586 127 12.301176
3
0 2 80 3.457862 186 15.127030
1 2 170 18.120632 140 13.470262
2 2 137 1.101360 114 19.997324
3
0 2 80 7.943167 146 15.867569
1 2 105 10.503055 195 17.469811
2 2 181 12.607364 96 5.514395
3
0 2 80 2.327138 187 6.376532
1 2 156 8.497413 84 19.284355
2 2 152 1.521794 110 18.821295
3
0 2 80 13.847687 196 3.674771
1 2 186 13.610336 164 5.202221
2 2 111 2.458292 113 14.696796
3
0 2 80 4.342827 147 4.193169
1 2 102 2.677975 87 15.479695
2 2 96 5.943539 172 13.622018
3
0 2 80 17.521297 100 18.430473
1 2 100 11.516485 115 15.929464
2 2 95 10.679985 186 12.285068
3
0 2 80 5.113021 146 10.886691
1 2 196 12.767665 80 14.736287
2 2 188 14.216772 190 17.557675
3
0 2 80 7.619812 163 16.910547
1 2 135 15.329673 152 12.355204
2 2 164 12.735075 118 5.066844
3
0 2 80 16.077686 192 7.194728
1 2 141 8.830701 126 15.627894
2 2 105 9.501441 120 11.819847
3
0 2 80 13.866527 128 19.032021
1 2 99 13.812775 164 3.404090
2 2 123 10.856254 191 10.797637
3
0 2 80 6.225951 104 8.314256
1 2 174 6.236421 194 5.384576
2 2 94 4.593542 90 1.478401
3
0 2 80 12.000051 152 15.607124
1 2 81 19.872976 85 17.322627
2 2 165 13.254758 141 19.067420
3
0 2 80 16.187117 175 5.397080
1 2 93 7.287564 196 3.200256
2 2 128 11.205912 181 3.212738
3
0 2 80 14.351588 99 18.463067
1 2 176 13.986089 179 18.983137
2 2 186 12.571031 80 2.417131
3
0 2 80 10.086304 126 14.044308
1 2 182 2.550273 116 18.676549
2 2 99 7.694146 189 15.038638
3
0 2 100 10.726678 170 10.430279
1 2 134 10.296995 108 4.136062
2 2 150 5.740022 188 13.390505
3
0 2 100 17.499906 106 12.678809
1 2 139 12.906776 170 14.721171
2 2 148 12.854266 187 4.546628
3
0 2 100 18.324363 147 15.165789
1 2 188 2.154518 195 8.191110
2 2 134 13.699091 175 15.603869
3
0 2 100 5.134327 103 9.134014
1 2 163 4.885223 169 16.516251
2 2 138 8.167279 144 3.995895
3
0 2 100 8.809975 169 15.983102
1 2 115 6.518735 173 4.052830
2 2 170 7.991301 126 7.404866
3
0 2 100 1.594672 142 18.914458
1 2 127 19.017825 102 6.727907
2 2 113 5.971054 160 3.060021
3
0 2 100 16.316771 113 15.401824
1 2 109 10.335143 139 18.349220
2 2 181 4.965320 138 7.047796
3
0 2 100 13.326402 157 7.343272
1 2 125 18.697190 148 13.572030
2 2 196 13.609142 169 18.839407
3
0 2 100 10.380163 197 1.275112
1 2 146 12.432161 180 16.199667
2 2 159 14.246241 162 15.902541
3
0 2 100 9.503082 153 6.430225
1 2 160 8.279951 105 7.476322
2 2 143 2.213719 113 11.906896
3
0 2 100 14.839822 129 8.890648
1 2 146 10.945688 180 18.546820
2 2 151 17.136075 195 17.239435
3
0 2 100 11.463462 195 8.305502
1 2 153 14.276889 182 10.322856
2 2 158 13.677860 195 14.315569
3
0 2 100 7.710875 167 4.863557
1 2 186 17.591445 183 17.061690
2 2 168 15.980970 158 17.518989
3
0 2 100 4.676631 108 8.887735
1 2 149 11.306819 199 12.922193
2 2 187 16.363756 159 17.013508
3
0 2 100 10.932957 126 11.700888
1 2 186 9.611730 141 3.684046
2 2 198 14.960699 167 12.306720
3
0 2 100 1.967414 194 2.648521
1 2 109 7.263546 196 1.281573
2 2 127 2.829158 105 7.901360
3
0 2 100 10.132044 168 15.173785
1 2 140 14.539074 157 1.327601
2 2 168 10.588400 130 12.275001
3
0 2 100 10.932804 173 13.504770
1 2 100 3.044973 103 2.462279
2 2 116 2.816472 161 10.166665
3
0 2 100 16.715123 105 12.641966
1 2 154 2.361667 153 16.422777
2 2 127 14.502258 103 19.395987
3
0 2 100 1.096224 183 15.729290
1 2 168 19.254445 131 14.997953
2 2 176 4.888296 142 3.317562
3
0 2 120 15.066250 130 17.350933
1 2 196 12.735228 149 17.634997
2 2 191 16.977798 182 7.359537
3
0 2 120 8.672101 122 8.843871
1 2 154 18.081990 168 11.746100
2 2 155 15.362351 190 4.962915
3
0 2 120 16.401435 134 12.777022
1 2 141 17.673658 160 18.752483
2 2 192 3.707856 170 18.525239
3
0 2 120 18.110836 132 16.575283
1 2 166 10.324782 190 7.397663
2 2 125 14.736648 163 1.107635
3
0 2 120 2.687553 145 5.901561
1 2 179 11.146493 183 13.628278
2 2 167 11.615644 140 4.379132
3
0 2 120 10.733851 179 15.436698
1 2 178 11.223605 123 7.721237
2 2 166 5.548098 139 2.500304
3
0 2 120 11.654578 178 10.818169
1 2 137 8.838103 129 13.486455
2 2 184 19.657139 195 4.918489
3
0 2 120 7.297949 174 15.871234
1 2 146 17.519331 157 18.538536
2 2 125 7.248092 127 3.910581
3
0 2 120 7.140765 192 2.759755
1 2 155 12.000969 199 12.643678
2 2 198 12.280016 142 7.945756
3
0 2 120 5.221607 147 11.291312
1 2 121 14.713126 149 12.516120
2 2 121 16.791611 188 11.030222
3
0 2 120 8.791869 153 14.418655
1 2 133 17.124115 184 4.495574
2 2 156 19.626630 151 8.306286
3
0 2 120 13.481223 121 17.152092
1 2 134 6.333577 166 1.933067
2 2 198 9.260517 171 17.940266
3
0 2 120 10.243346 157 17.427628
1 2 180 16.846496 191 5.330225
2 2 133 5.458188 180 15.546398
3
0 2 120 11.143397 152 12.574532
1 2 192 4.744527 199 10.443193
2 2 146 19.339298 171 17.567279
3
0 2 120 5.320424 147 18.098507
1 2 151 2.740649 139 16.745091
2 2 127 12.394580 163 19.148315
3
0 2 120 3.152988 144 4.893134
1 2 126 15.431319 152 12.624957
2 2 163 15.355359 153 18.065109
3
0 2 120 18.172716 160 15.134844
1 2 168 10.105808 169 13.988884
2 2 185 16.659766 192 8.156992
3
0 2 120 17.802875 136 19.992080
1 2 176 5.462700 152 12.135142
2 2 125 7.028716 144 4.310010
3
0 2 120 18.524623 150 2.601477
1 2 198 5.310848 142 1.109652
2 2 182 16.189566 196 16.104032
3
0 2 120 3.722999 148 9.574862
1 2 159 11.535776 161 3.544591
2 2 130 19.642370 192 15.255430
3
0 2 140 13.835669 177 11.102518
1 2 153 2.021522 170 13.489468
2 2 148 16.655916 172 13.200248
3
0 2 140 10.564932 181 1.468194
1 2 149 18.637266 198 15.027079
2 2 153 15.222188 152 19.469050
3
0 2 140 19.549033 150 14.000299
1 2 145 17.756468 191 8.341969
2 2 142 2.340496 193 17.499378
3
0 2 140 3.534132 181 18.015672
1 2 175 17.878737 172 11.589030
2 2 149 17.376031 192 1.946370
3
0 2 140 18.059481 186 8.182596
1 2 152 1.694036 177 19.338180
2 2 181 1.002423 154 19.680053
3
0 2 140 15.737549 141 9.196194
1 2 190 16.519610 146 6.687156
2 2 196 5.887003 171 15.913230
3
0 2 140 6.442718 146 9.176308
1 2 160 6.473776 162 19.439722
2 2 193 16.187013 145 4.341820
3
0 2 140 16.937500 193 19.686139
1 2 167 13.344602 165 19.485355
2 2 182 15.660918 150 3.057412
3
0 2 140 8.329306 149 9.423817
1 2 153 16.233454 166 14.966919
2 2 159 9.883219 167 7.751593
3
0 2 140 16.164407 151 1.050189
1 2 156 18.844896 177 3.731265
2 2 166 15.279257 183 18.410805
3
0 2 140 6.619300 165 1.851489
1 2 148 15.753783 143 15.238635
2 2 143 17.903000 165 15.921116
3
0 2 140 19.164127 168 7.225111
1 2 155 3.219516 151 4.171858
2 2 176 4.760956 192 8.651221
3
0 2 140 12.432912 152 4.677499
1 2 146 2.565825 179 5.857305
2 2 196 13.031727 190 19.817859
3
0 2 140 15.687382 158 5.051708
1 2 178 12.312649 181 8.194278
2 2 178 13.864644 157 9.144703
3
0 2 140 18.567421 183 16.854020
1 2 158 9.678745 188 7.958164
2 2 175 6.168259 143 8.855028
3
0 2 140 18.964104 145 14.146445
1 2 186 3.565729 153 8.318998
2 2 154 11.691012 198 15.240129
3
0 2 140 4.174849 186 17.459316
1 2 171 3.052885 167 11.862913
2 2 163 6.504427 177 1.158720
3
0 2 140 11.506253 154 6.865537
1 2 190 13.353607 141 11.922802
2 2 154 13.740302 188 10.202982
3
0 2 140 16.011896 178 10.579857
1 2 192 14.459575 199 14.942799
2 2 150 15.401697 181 7.947097
3
0 2 140 13.460620 158 3.000576
1 2 197 15.861111 175 2.925636
2 2 157 4.046840 156 8.840247
3
0 2 160 10.762307 198 11.219769
1 2 170 19.365187 161 12.240637
2 2 189 11.640688 197 18.296895
3
0 2 160 8.874328 188 3.940254
1 2 174 6.316492 197 19.342533
2 2 192 16.585948 174 2.006331
3
0 2 160 7.307405 196 5.536648
1 2 187 15.904050 199 3.304318
2 2 162 2.636897 189 12.400517
3
0 2 160 5.966639 186 6.830948
1 2 188 19.972698 171 9.495248
2 2 167 10.077130 196 10.122518
3
0 2 160 2.149537 172 12.507046
1 2 160 16.451181 173 7.432100
2 2 188 18.123493 162 11.775909
3
0 2 160 16.975882 164 19.424522
1 2 186 14.312793 161 9.788468
2 2 172 8.625380 170 17.760530
3
0 2 160 6.047512 199 5.501922
1 2 181 14.147993 185 7.742013
2 2 185 6.079353 186 4.524525
3
0 2 160 6.779060 178 4.018124
1 2 167 13.319273 192 5.129880
2 2 166 14.930116 177 8.606974
3
0 2 160 3.276199 194 18.955559
1 2 170 18.782377 189 15.518504
2 2 197 14.270289 177 14.668934
3
0 2 160 16.334069 199 5.261996
1 2 181 3.393501 168 6.355141
2 2 160 10.636662 192 6.311199
3
0 2 160 1.218287 194 14.028759
1 2 175 16.588020 194 17.749915
2 2 176 4.590793 172 5.732490
3
0 2 160 15.420438 179 19.247593
1 2 167 5.289324 192 7.325291
2 2 187 14.820579 174 7.262002
3
0 2 160 15.895216 174 7.844741
1 2 192 14.891298 190 18.377823
2 2 166 6.928619 178 19.515451
3
0 2 160 1.697929 170 9.059077
1 2 163 12.167511 173 13.253665
2 2 184 6.050279 193 19.376255
3
0 2 160 4.515878 165 10.650649
1 2 165 6.662170 169 12.513604
2 2 185 7.704698 180 17.761545
3
0 2 160 11.949051 175 17.142760
1 2 189 5.733190 192 19.326809
2 2 186 14.196150 189 6.183007
3
0 2 160 14.080539 179 9.248597
1 2 161 14.872130 185 16.796146
2 2 183 17.162764 166 19.943581
3
0 2 160 7.201077 181 4.473532
1 2 197 15.161925 177 14.389010
2 2 172 6.334608 192 7.370428
3
0 2 160 4.001763 176 14.016931
1 2 193 11.758665 181 9.441972
2 2 179 14.102252 187 11.804058
3
0 2 160 14.309176 179 2.013571
1 2 170 19.708637 166 13.162175
2 2 195 13.925025 190 14.714997
3
0 2 180 1.779251 183 17.194205
1 2 191 18.039770 193 12.722425
2 2 182 18.330286 196 5.998365
3
0 2 180 14.366108 189 9.015806
1 2 182 10.278093 193 3.391676
2 2 190 4.085929 185 4.047957
3
0 2 180 11.466806 186 2.614150
1 2 191 16.579637 194 9.364162
2 2 195 2.208342 198 1.948535
3
0 2 180 3.820150 182 18.305686
1 2 199 12.246187 182 4.007745
2 2 192 15.636112 184 6.983180
3
0 2 180 18.693728 188 9.546818
1 2 182 15.717621 197 18.362607
2 2 182 17.257676 186 11.125049
3
0 2 180 8.667247 199 16.454584
1 2 180 13.284688 199 11.422718
2 2 187 8.684611 183 8.811648
3
0 2 180 3.606799 199 1.167877
1 2 180 12.463414 184 1.983891
2 2 190 18.514946 187 14.035846
3
0 2 180 19.385904 183 7.672616
1 2 183 15.690011 184 14.869284
2 2 193 16.099402 190 4.181189
3
0 2 180 13.924663 199 7.362860
1 2 194 12.633847 191 15.218963
2 2 183 6.587036 197 3.047373
3
0 2 180 12.186802 181 7.042425
1 2 197 16.095548 189 9.792691
2 2 184 19.691505 183 1.797695
3
0 2 180 10.657440 195 3.550879
1 2 193 14.303499 180 15.355962
2 2 182 17.848161 184 4.151894
3
0 2 180 14.372616 188 12.395510
1 2 188 4.651536 189 7.000720
2 2 191 14.368305 183 15.738519
3
0 2 180 11.544534 182 2.435102
1 2 199 7.397768 198 12.219017
2 2 193 19.500138 196 14.546750
3
0 2 180 8.774532 188 10.104017
1 2 185 6.500068 192 8.122331
2 2 195 1.924181 182 3.670638
3
0 2 180 9.500445 185 19.551028
1 2 180 8.591510 199 3.681301
2 2 187 12.526180 180 18.100392
3
0 2 180 19.476866 193 4.203529
1 2 197 19.647762 184 15.160062
2 2 183 8.796608 181 14.889077
3
0 2 180 6.766263 195 12.410840
1 2 183 12.077016 182 9.470606
2 2 188 15.561994 190 2.152381
3
0 2 180 6.711847 196 2.725814
1 2 193 1.250129 190 7.126252
2 2 198 1.933495 192 3.709361
3
0 2 180 12.595402 197 7.547320
1 2 185 11.567817 181 12.941579
2 2 194 13.438732 196 13.514062
3
0 2 180 16.544843 194 1.230013
1 2 189 4.443847 188 3.187657
2 2 184 6.671794 190 9.495219
3
0 1 199 8.038023
1 1 199 13.709591
2 1 199 6.180915
3
0 1 199 12.357133
1 1 199 1.405845
2 1 199 5.871622
3
0 1 199 16.680622
1 1 199 9.651374
2 1 199 1.697230
3
0 1 199 19.350324
1 1 199 1.689381
2 1 199 17.534976
3
0 1 199 4.619274
1 1 199 16.956606
2 1 199 7.039246
3
0 1 199 7.395162
1 1 199 10.592557
2 1 199 14.210212
3
0 1 199 8.078929
1 1 199 15.952656
2 1 199 3.475202
3
0 1 199 10.107837
1 1 199 1.680696
2 1 199 6.853845
3
0 1 199 17.176034
1 1 199 6.556111
2 1 199 9.059908
3
0 1 199 9.979837
1 1 199 18.375393
2 1 199 8.253300
3
0 1 199 3.948840
1 1 199 19.794181
2 1 199 5.128206
3
0 1 199 17.202572
1 1 199 6.831681
2 1 199 14.416442
3
0 1 199 11.493395
1 1 199 7.348334
2 1 199 18.002602
3
0 1 199 7.555854
1 1 199 18.419150
2 1 199 13.240497
3
0 1 199 2.017221
1 1 199 14.117288
2 1 199 16.284070
3
0 1 199 17.839968
1 1 199 13.948106
2 1 199 13.361187
3
0 1 199 8.083426
1 1 199 4.797503
2 1 199 7.687137
3
0 1 199 9.378607
1 1 199 5.988525
2 1 199 6.299750
3
0 1 199 5.992613
1 1 199 16.715657
2 1 199 12.589039
0
