20 19
3
0 2 5 16.677252 19 16.816583
1 2 12 13.525250 14 16.446545
2 2 6 13.813258 7 18.385852
3
0 2 5 17.142548 8 10.659566
1 2 13 16.716908 8 15.663140
2 2 19 8.063630 9 17.943523
3
0 2 5 19.029442 8 1.570009
1 2 15 6.383074 11 15.069162
2 2 9 16.297290 5 2.791896
3
0 2 5 15.274958 15 16.681728
1 2 13 11.834214 9 6.438617
2 2 10 6.665666 13 18.102821
3
0 2 5 14.967913 17 18.769365
1 2 10 8.787846 13 18.669313
2 2 19 17.268177 5 3.901071
3
0 2 10 19.112194 15 15.318300
1 2 13 7.650002 15 4.462656
2 2 14 10.283904 15 11.449990
3
0 2 10 2.031897 14 9.984301
1 2 16 1.261167 17 18.327222
2 2 12 10.906543 14 2.810138
3
0 2 10 6.811118 15 9.796360
1 2 15 12.263355 14 18.356649
2 2 17 5.980724 15 16.647487
3
0 2 10 7.219195 12 15.967590
1 2 18 19.804878 13 1.131619
2 2 14 5.693141 15 14.606725
3
0 2 10 4.269077 12 8.407666
1 2 16 17.807586 12 19.043813
2 2 13 3.444220 16 5.005807
3
0 2 15 1.782485 17 3.260282
1 2 17 7.350833 16 15.568091
2 2 18 15.629579 16 12.225849
3
0 2 15 15.562510 16 12.144782
1 2 16 15.288369 18 2.306258
2 2 18 11.390274 15 5.723772
3
0 2 15 18.792458 16 12.438446
1 2 15 10.974079 16 18.622524
2 2 16 3.905459 19 2.717870
3
0 2 15 17.455844 18 6.046154
1 2 19 15.596619 18 12.186547
2 2 15 10.304547 18 6.532393
3
0 2 15 6.007528 17 2.532117
1 2 15 16.837178 18 17.303227
2 2 18 17.198344 19 11.155008
3
0 2 19 4.084680 19 9.884891
1 2 19 17.379791 19 4.398321
2 2 19 2.394464 19 18.127727
3
0 2 19 17.242870 19 10.651216
1 2 19 11.001722 19 18.201995
2 2 19 11.857399 19 8.660601
3
0 2 19 18.654203 19 17.306184
1 2 19 12.473799 19 7.012583
2 2 19 9.177191 19 3.783728
3
0 2 19 10.034562 19 6.714773
1 2 19 12.023288 19 3.097854
2 2 19 1.292349 19 19.491864
0
