100 99
3
0 2 10 5.708588 83 4.656945
1 2 12 9.187716 83 15.306855
2 2 47 16.284362 83 12.020862
3
0 2 10 1.180212 94 1.766466
1 2 26 19.708946 66 1.565776
2 2 77 9.117421 24 5.052612
3
0 2 10 8.049370 28 13.316122
1 2 18 11.015595 79 3.135560
2 2 76 6.704874 93 1.532403
3
0 2 10 6.284235 15 7.389392
1 2 98 3.620893 97 1.454150
2 2 50 17.879510 85 6.137614
3
0 2 10 17.428806 33 16.790830
1 2 16 17.427462 65 5.003013
2 2 43 1.820235 23 18.127844
3
0 2 10 7.581344 67 4.334195
1 2 89 4.342308 75 14.469090
2 2 80 19.830892 14 16.294271
3
0 2 10 11.824686 50 5.969818
1 2 48 5.486205 10 17.453727
2 2 97 19.745247 20 10.926710
3
0 2 10 18.857376 83 7.968510
1 2 35 15.811078 61 18.535354
2 2 59 1.028004 58 12.088681
3
0 2 10 6.423121 67 17.950012
1 2 84 2.875026 70 7.729919
2 2 81 11.899102 62 7.124797
3
0 2 10 10.338676 30 10.525167
1 2 63 11.837211 21 4.199395
2 2 67 4.186695 15 5.685738
3
0 2 20 11.025553 92 6.572777
1 2 48 19.521259 43 8.380566
2 2 31 16.307813 78 14.365529
3
0 2 20 3.503010 97 8.085938
1 2 66 14.406703 57 13.690203
2 2 66 6.412390 81 16.441734
3
0 2 20 15.665654 21 3.895167
1 2 99 8.982665 39 5.903535
2 2 81 16.247847 66 16.884651
3
0 2 20 13.226774 83 12.208949
1 2 94 2.890296 50 4.372056
2 2 26 8.454381 55 5.833706
3
0 2 20 3.378938 58 1.105268
1 2 70 10.599100 72 8.081140
2 2 55 8.041937 65 1.057700
3
0 2 20 3.033880 21 10.579999
1 2 51 14.018567 42 10.392345
2 2 34 3.912782 89 17.812524
3
0 2 20 7.711382 92 9.455388
1 2 53 10.666457 92 5.101773
2 2 48 14.524897 78 7.753186
3
0 2 20 13.370869 76 19.647816
1 2 49 14.173338 28 3.139038
2 2 96 6.764675 41 14.184863
3
0 2 20 7.902006 48 16.801551
1 2 20 6.991049 80 5.320358
2 2 82 16.500692 54 2.507211
3
0 2 20 14.191547 65 2.618095
1 2 22 5.984884 33 12.454455
2 2 68 10.110674 72 19.918742
3
0 2 30 5.330612 98 17.805000
1 2 69 11.803430 48 19.270065
2 2 49 9.398200 83 3.113900
3
0 2 30 5.757779 45 10.710711
1 2 83 18.350518 32 2.509067
2 2 33 5.429317 55 17.621311
3
0 2 30 5.373577 61 6.970322
1 2 73 9.697241 82 11.285428
2 2 77 19.390505 52 10.280905
3
0 2 30 19.423232 52 12.826489
1 2 91 6.193990 76 3.588581
2 2 75 2.838747 99 1.965156
3
0 2 30 15.249338 59 10.629542
1 2 49 1.729928 39 5.776305
2 2 56 8.511744 60 12.362887
3
0 2 30 2.841072 82 15.394952
1 2 73 18.363600 68 8.541739
2 2 51 9.473337 47 1.490969
3
0 2 30 11.126937 85 2.420558
1 2 67 11.683067 47 18.369820
2 2 83 6.784412 90 15.853137
3
0 2 30 5.765555 70 10.556728
1 2 56 11.627587 50 4.041596
2 2 40 1.524990 57 2.995024
3
0 2 30 14.931739 92 16.516713
1 2 43 11.506273 33 6.807783
2 2 64 12.980521 54 14.594291
3
0 2 30 1.197991 74 13.283130
1 2 35 11.676411 81 3.333007
2 2 31 2.318522 65 11.852648
3
0 2 40 4.388970 47 13.718316
1 2 64 17.314247 74 5.194105
2 2 49 6.755708 95 6.958682
3
0 2 40 16.117268 58 3.571457
1 2 55 7.421200 77 1.685382
2 2 65 6.708635 90 6.867774
3
0 2 40 5.341492 77 8.765737
1 2 78 11.693785 73 17.553169
2 2 77 9.340757 93 6.636945
3
0 2 40 6.531554 73 7.551246
1 2 81 13.203529 98 5.677048
2 2 97 3.514423 87 15.136027
3
0 2 40 5.179062 99 12.205902
1 2 60 9.075433 91 14.378282
2 2 93 19.134407 66 15.275748
3
0 2 40 3.219359 83 14.261105
1 2 74 14.745645 83 11.100127
2 2 42 1.910529 69 15.613244
3
0 2 40 4.452265 42 1.437982
1 2 91 15.136885 45 18.086566
2 2 54 17.712364 91 4.341890
3
0 2 40 16.813748 97 5.403352
1 2 80 5.842233 52 18.687530
2 2 54 12.752373 52 1.520287
3
0 2 40 10.258855 85 14.889348
1 2 47 6.918146 54 4.285779
2 2 93 10.110759 40 6.239945
3
0 2 40 12.235272 48 3.623268
1 2 95 15.259444 68 1.446651
2 2 48 4.638638 75 13.190977
3
0 2 50 13.195154 68 19.239329
1 2 59 15.231666 90 8.368021
2 2 52 14.045969 85 11.506537
3
0 2 50 10.213462 73 9.104820
1 2 80 17.984591 71 14.840673
2 2 53 13.753554 84 15.043473
3
0 2 50 6.871062 58 5.279420
1 2 69 15.558367 57 9.888985
2 2 87 1.237325 65 3.603836
3
0 2 50 11.878280 66 16.432151
1 2 62 5.951249 79 18.086902
2 2 65 5.408865 85 6.980014
3
0 2 50 12.059340 63 5.799715
1 2 65 13.025740 91 9.692563
2 2 67 13.962335 51 12.040413
3
0 2 50 11.970236 70 17.549814
1 2 61 12.478567 96 19.453035
2 2 71 16.196633 78 9.410423
3
0 2 50 6.588052 53 13.727303
1 2 54 8.455926 85 7.574779
2 2 93 12.234949 81 9.864364
3
0 2 50 7.857832 59 18.388242
1 2 83 16.430019 80 18.284512
2 2 55 15.576809 58 2.826087
3
0 2 50 19.884222 62 15.685062
1 2 90 18.801456 93 11.083819
2 2 75 13.143666 55 4.905179
3
0 2 50 3.085484 90 4.285437
1 2 69 14.789564 59 17.321509
2 2 64 18.281407 75 4.465508
3
0 2 60 9.300003 97 10.509309
1 2 74 11.468727 95 5.639278
2 2 64 3.133016 92 19.966444
3
0 2 60 5.487333 93 4.860016
1 2 86 1.007677 74 17.810000
2 2 65 19.461888 70 14.940331
3
0 2 60 15.362654 76 8.855044
1 2 64 4.719531 92 12.617844
2 2 86 12.373988 83 1.905929
3
0 2 60 3.121512 90 12.677828
1 2 66 3.083182 78 1.837515
2 2 99 12.603845 63 1.641692
3
0 2 60 11.068384 80 7.786994
1 2 60 19.248577 84 9.563989
2 2 74 13.889135 71 15.449220
3
0 2 60 13.861763 64 12.281240
1 2 75 4.720305 64 16.799884
2 2 68 16.103730 78 5.723103
3
0 2 60 15.310850 70 16.584704
1 2 87 7.153350 70 2.070105
2 2 60 11.274007 77 12.697288
3
0 2 60 17.664730 92 5.291943
1 2 93 13.715608 68 7.197580
2 2 67 4.163674 85 18.205713
3
0 2 60 4.827620 66 6.827150
1 2 83 8.368778 88 6.590302
2 2 85 5.228189 93 16.849590
3
0 2 60 1.341077 81 17.444203
1 2 61 19.033286 87 18.358781
2 2 92 12.258393 78 10.828138
3
0 2 70 15.801641 73 13.776990
1 2 99 14.580254 91 19.254208
2 2 82 9.501424 76 1.651279
3
0 2 70 11.863362 71 12.544952
1 2 87 11.482721 94 11.673366
2 2 85 11.242034 78 19.037196
3
0 2 70 18.011966 98 2.294211
1 2 75 4.089137 74 19.586612
2 2 76 15.886765 89 16.607173
3
0 2 70 3.118543 75 4.117165
1 2 88 1.072674 94 15.484809
2 2 99 9.924089 87 14.106726
3
0 2 70 13.911166 75 7.152099
1 2 73 12.587993 75 10.155281
2 2 72 14.409702 94 19.554040
3
0 2 70 12.889259 79 3.370423
1 2 79 19.431943 77 10.890947
2 2 97 1.718665 86 1.906919
3
0 2 70 5.080198 91 9.471990
1 2 78 5.389979 96 4.994499
2 2 71 6.521504 94 3.234852
3
0 2 70 4.136389 96 13.021055
1 2 93 19.312376 83 1.928659
2 2 73 17.761772 86 3.718864
3
0 2 70 2.416012 78 9.975256
1 2 78 11.734170 74 2.878898
2 2 74 7.700092 86 11.135865
3
0 2 70 18.585881 86 9.743081
1 2 94 7.990096 90 1.422313
2 2 71 10.955413 93 17.365352
3
0 2 80 16.675207 95 11.323499
1 2 94 10.041483 93 6.088768
2 2 93 3.733567 84 13.925192
3
0 2 80 1.813482 98 1.511568
1 2 92 12.965096 82 14.976479
2 2 91 16.833493 85 9.992038
3
0 2 80 10.322114 84 12.384957
1 2 84 9.788346 85 9.440520
2 2 86 3.000984 88 9.809015
3
0 2 80 14.559069 96 5.229739
1 2 88 15.624254 81 19.875193
2 2 87 19.943063 91 17.929972
3
0 2 80 17.796315 99 16.270673
1 2 96 6.821447 87 2.354606
2 2 88 5.281475 87 3.498099
3
0 2 80 13.323935 85 8.350241
1 2 87 16.854824 96 2.121496
2 2 87 15.389729 85 13.116580
3
0 2 80 4.150500 99 5.519457
1 2 96 16.520891 94 7.462276
2 2 87 1.740116 88 15.385927
3
0 2 80 8.931975 81 6.839882
1 2 95 10.121901 94 4.125161
2 2 88 2.844886 96 16.412486
3
0 2 80 17.984550 84 6.228698
1 2 90 6.424094 91 15.802361
2 2 80 1.717682 98 2.679815
3
0 2 80 17.661243 96 10.386188
1 2 81 8.287910 96 6.024543
2 2 81 17.792304 82 16.712683
3
0 2 90 3.330960 95 2.486371
1 2 95 1.883497 97 15.741489
2 2 96 5.594142 92 19.535662
3
0 2 90 18.201604 99 4.035964
1 2 93 8.957809 99 9.342668
2 2 93 12.698526 98 17.209011
3
0 2 90 3.366167 98 16.830789
1 2 92 17.420008 91 7.562439
2 2 96 8.492592 93 7.491664
3
0 2 90 1.078466 93 13.133040
1 2 96 17.647323 95 3.615346
2 2 95 12.054193 90 5.534493
3
0 2 90 14.561325 91 7.666584
1 2 95 9.452541 94 12.504865
2 2 92 3.146359 90 9.748828
3
0 2 90 3.306145 95 10.804650
1 2 97 18.749488 93 9.697326
2 2 96 3.529722 92 3.396862
3
0 2 90 11.386412 94 2.945589
1 2 95 12.265040 98 4.184385
2 2 93 6.807514 90 7.284173
3
0 2 90 4.222155 91 10.225573
1 2 92 5.787096 96 2.438932
2 2 95 8.891690 93 11.617748
3
0 2 90 17.629764 94 1.072908
1 2 92 15.539134 91 19.063207
2 2 92 8.333665 98 2.786142
3
0 2 90 7.747413 95 8.347338
1 2 95 5.384792 96 11.939516
2 2 90 16.016307 95 18.075914
3
0 1 99 2.632403
1 1 99 10.372742
2 1 99 13.401691
3
0 1 99 14.061921
1 1 99 5.528700
2 1 99 13.502709
3
0 1 99 4.370897
1 1 99 3.697901
2 1 99 7.047699
3
0 1 99 7.917476
1 1 99 15.194984
2 1 99 19.590934
3
0 1 99 12.227477
1 1 99 6.088461
2 1 99 17.504382
3
0 1 99 13.639526
1 1 99 19.410022
2 1 99 15.287904
3
0 1 99 6.906524
1 1 99 6.794158
2 1 99 19.612885
3
0 1 99 14.424506
1 1 99 6.714099
2 1 99 13.482015
3
0 1 99 12.172289
1 1 99 2.974485
2 1 99 10.270904
0
