100 99
3
0 2 10 9.461120 19 2.299582
1 2 57 4.754851 46 12.601730
2 2 97 4.083355 90 4.535272
3
0 2 10 16.146054 40 16.519168
1 2 43 8.758236 42 5.220988
2 2 78 14.967552 46 15.170655
3
0 2 10 3.743573 76 19.397811
1 2 50 1.948980 99 3.546740
2 2 70 18.895715 74 18.987789
3
0 2 10 16.792715 14 6.408216
1 2 85 8.988831 73 3.607704
2 2 38 18.573488 74 12.190566
3
0 2 10 14.569185 79 7.122519
1 2 68 4.672196 17 13.180544
2 2 72 9.048311 13 15.803103
3
0 2 10 14.959085 36 18.688370
1 2 82 15.648791 49 16.759568
2 2 14 19.664369 80 6.940563
3
0 2 10 16.647625 18 6.307280
1 2 32 15.428144 73 4.109432
2 2 68 13.092729 97 9.056361
3
0 2 10 3.787591 31 18.552433
1 2 77 8.355943 90 15.779507
2 2 16 11.929415 40 11.080253
3
0 2 10 10.892245 44 12.221805
1 2 49 5.368986 36 5.126413
2 2 10 2.117707 13 3.660088
3
0 2 10 11.392416 63 16.135137
1 2 20 19.645937 16 11.855158
2 2 86 13.365425 32 19.989553
3
0 2 20 5.002634 34 8.535226
1 2 72 16.453435 40 10.725732
2 2 89 4.832488 74 9.778258
3
0 2 20 11.458322 76 17.930023
1 2 29 1.333902 34 3.357476
2 2 37 1.955196 58 6.589581
3
0 2 20 14.205749 93 11.360787
1 2 88 4.342296 26 15.325047
2 2 49 19.367290 28 10.354580
3
0 2 20 11.922437 80 8.842864
1 2 78 5.645782 44 3.988426
2 2 44 18.008389 68 19.290625
3
0 2 20 6.400293 21 17.207780
1 2 86 2.768323 98 14.437997
2 2 36 2.138790 21 18.901338
3
0 2 20 6.373306 80 7.559826
1 2 79 16.078262 56 7.038695
2 2 34 10.335038 93 14.857485
3
0 2 20 13.037847 27 18.893757
1 2 71 5.237753 59 12.494171
2 2 22 5.438062 52 10.641399
3
0 2 20 17.884600 63 19.765454
1 2 88 3.087579 33 15.882557
2 2 37 9.038587 76 9.893238
3
0 2 20 14.073154 92 14.964580
1 2 42 1.389318 59 13.640885
2 2 49 19.885802 64 2.826667
3
0 2 20 13.700073 83 12.692845
1 2 56 1.511204 99 15.370661
2 2 48 4.467633 91 17.371383
3
0 2 30 2.496118 83 8.811487
1 2 92 17.234653 71 14.360269
2 2 55 1.475386 99 16.851667
3
0 2 30 17.542918 88 3.631034
1 2 95 7.584779 35 9.811818
2 2 68 9.793185 65 8.956487
3
0 2 30 17.973605 67 17.755400
1 2 47 15.920579 56 2.489004
2 2 38 19.817444 67 4.864170
3
0 2 30 8.774134 97 12.397702
1 2 74 10.887630 68 14.408549
2 2 75 15.881399 81 12.251135
3
0 2 30 4.056694 49 15.227203
1 2 58 16.965604 61 16.499210
2 2 65 3.279248 74 16.003066
3
0 2 30 3.804960 64 17.584396
1 2 42 3.812035 60 15.904933
2 2 70 11.494649 68 1.834730
3
0 2 30 19.684478 52 4.907585
1 2 89 10.945156 63 9.918634
2 2 57 11.650480 71 15.422849
3
0 2 30 9.510076 71 4.209641
1 2 72 3.466094 57 10.587405
2 2 66 6.569022 51 6.867903
3
0 2 30 6.933809 89 6.495469
1 2 92 4.545302 93 5.908620
2 2 55 8.587374 54 10.222192
3
0 2 30 3.146977 78 4.601344
1 2 92 9.367257 80 10.184426
2 2 73 7.003368 67 8.463986
3
0 2 40 18.256273 76 8.988328
1 2 81 13.536283 88 9.000207
2 2 94 14.887792 55 15.517022
3
0 2 40 4.601890 67 19.820186
1 2 91 16.934637 73 9.468328
2 2 53 19.904139 47 16.770974
3
0 2 40 11.485595 53 18.993636
1 2 98 10.305545 96 18.336319
2 2 97 19.695462 69 6.919931
3
0 2 40 14.658849 72 15.422765
1 2 71 12.780076 63 4.010883
2 2 83 15.519360 82 19.038655
3
0 2 40 12.186935 49 10.178888
1 2 91 17.397054 88 6.131593
2 2 86 5.667479 61 4.463609
3
0 2 40 18.005127 72 10.652020
1 2 92 14.693010 90 2.108877
2 2 45 16.951040 49 13.720288
3
0 2 40 10.278496 57 9.098422
1 2 53 6.887853 84 8.640977
2 2 81 4.473908 41 18.539622
3
0 2 40 5.166195 76 5.668997
1 2 81 3.553231 40 16.212114
2 2 80 13.451636 92 6.756444
3
0 2 40 13.243038 56 19.568740
1 2 82 9.757388 50 5.386568
2 2 56 18.701857 41 16.799562
3
0 2 40 18.223566 78 4.770920
1 2 74 11.119203 46 15.051153
2 2 53 16.367874 66 16.257537
3
0 2 50 17.319630 82 15.963469
1 2 50 12.433493 94 6.881538
2 2 63 10.304232 77 4.271119
3
0 2 50 16.697132 95 5.951612
1 2 90 1.740443 73 7.763611
2 2 65 9.436378 81 3.658653
3
0 2 50 17.586957 61 1.172140
1 2 52 17.947583 67 7.838398
2 2 99 13.701202 67 7.282831
3
0 2 50 12.586545 79 17.755861
1 2 55 19.488217 72 14.993374
2 2 58 9.846344 72 9.860506
3
0 2 50 18.974885 62 8.164525
1 2 91 11.761949 87 18.181103
2 2 76 10.030247 75 17.136072
3
0 2 50 15.887671 92 4.818602
1 2 64 9.485755 57 1.090529
2 2 58 6.511973 85 7.352750
3
0 2 50 12.700131 61 2.878556
1 2 66 14.850478 76 7.579336
2 2 63 1.125817 77 6.666265
3
0 2 50 7.827376 64 16.542765
1 2 52 1.404441 65 7.883342
2 2 96 16.107570 80 14.251876
3
0 2 50 5.794853 99 1.242988
1 2 52 4.615188 99 7.002913
2 2 63 3.357435 78 13.798928
3
0 2 50 19.593187 76 16.029194
1 2 64 5.602474 96 3.643670
2 2 50 13.469822 85 14.105370
3
0 2 60 19.110790 77 16.969128
1 2 99 1.847733 72 11.830728
2 2 90 18.932250 81 19.305965
3
0 2 60 8.146980 68 19.894513
1 2 82 8.918074 99 11.160598
2 2 79 7.828391 71 10.885407
3
0 2 60 2.550135 67 11.044905
1 2 68 3.136653 66 8.000829
2 2 88 1.346211 73 8.122000
3
0 2 60 13.415166 71 9.787517
1 2 70 12.741755 75 16.867979
2 2 87 4.355645 63 10.191219
3
0 2 60 5.979259 76 19.424343
1 2 83 10.884419 84 8.463186
2 2 93 9.184450 75 8.653888
3
0 2 60 9.634875 89 14.543666
1 2 74 9.186259 68 10.468965
2 2 92 12.370448 96 17.907937
3
0 2 60 3.320597 77 17.421301
1 2 88 15.191550 79 3.878282
2 2 61 18.072776 69 7.228324
3
0 2 60 12.795943 73 11.835928
1 2 80 9.800883 97 9.945469
2 2 95 17.014797 69 3.791441
3
0 2 60 2.666011 61 5.574211
1 2 68 2.866418 72 17.752801
2 2 77 18.190196 65 4.906095
3
0 2 60 17.234151 61 2.641717
1 2 69 12.767901 65 15.900703
2 2 82 14.226797 94 6.480151
3
0 2 70 3.752872 86 2.640044
1 2 78 4.544616 71 11.726354
2 2 90 3.194984 93 19.526501
3
0 2 70 9.799319 89 18.766754
1 2 94 10.431512 92 3.910011
2 2 91 7.501960 88 8.796568
3
0 2 70 12.155209 93 19.962531
1 2 75 6.077286 96 3.311871
2 2 90 12.215154 99 5.049507
3
0 2 70 14.641229 75 10.416190
1 2 98 5.993761 70 13.686062
2 2 75 18.995734 74 18.381514
3
0 2 70 4.528522 78 6.541264
1 2 98 10.943479 76 10.342071
2 2 85 16.963131 70 2.200736
3
0 2 70 9.827108 84 4.082197
1 2 85 7.218151 92 11.622593
2 2 83 17.988255 88 2.452328
3
0 2 70 16.290437 88 4.853532
1 2 76 12.127402 85 1.714540
2 2 87 4.793251 96 9.289249
3
0 2 70 4.444554 82 11.632121
1 2 74 16.612920 96 17.441922
2 2 93 13.201898 91 11.686132
3
0 2 70 18.786941 96 18.660789
1 2 72 18.528036 84 11.860749
2 2 88 15.066510 80 12.429169
3
0 2 70 9.637734 81 14.484067
1 2 88 10.460001 80 14.423925
2 2 90 8.670836 89 18.798932
3
0 2 80 1.085391 89 19.349358
1 2 98 15.600901 88 9.104150
2 2 82 13.738771 99 3.756467
3
0 2 80 11.906501 91 7.345471
1 2 97 11.931026 82 5.819772
2 2 89 10.597851 96 2.917255
3
0 2 80 18.367368 81 9.556552
1 2 83 5.802256 86 16.293773
2 2 84 2.587759 97 11.348935
3
0 2 80 19.422004 83 8.889297
1 2 82 3.823028 97 12.715480
2 2 88 19.882299 93 13.564033
3
0 2 80 13.311959 98 1.843198
1 2 80 6.438367 84 9.897759
2 2 80 10.223213 96 4.546133
3
0 2 80 11.249487 91 4.349898
1 2 99 19.692351 91 5.125167
2 2 82 3.957294 96 14.965516
3
0 2 80 9.394490 99 12.476862
1 2 99 1.838572 83 1.478214
2 2 94 18.041481 97 17.502000
3
0 2 80 3.653294 81 2.118021
1 2 88 1.711012 98 4.888016
2 2 87 11.001181 94 13.662952
3
0 2 80 9.885028 86 1.727372
1 2 88 12.498342 90 1.714340
2 2 90 3.854431 89 15.455607
3
0 2 80 10.429548 83 7.610787
1 2 92 18.085678 80 18.789056
2 2 90 17.179269 91 4.443968
3
0 2 90 7.765496 92 4.232627
1 2 97 17.882134 95 18.838832
2 2 94 6.290724 91 8.772743
3
0 2 90 3.046253 94 9.390648
1 2 99 17.164111 92 5.709240
2 2 96 8.392365 95 8.403877
3
0 2 90 8.438113 97 15.582769
1 2 91 19.465114 95 12.285044
2 2 95 11.662474 90 5.086994
3
0 2 90 18.189959 91 2.947135
1 2 95 15.164318 96 15.263220
2 2 97 13.192403 93 7.138562
3
0 2 90 1.380630 91 5.911495
1 2 98 2.614937 99 12.449623
2 2 93 15.452560 90 14.160695
3
0 2 90 2.639987 95 9.258635
1 2 99 10.102761 91 7.844167
2 2 95 9.200614 91 14.109097
3
0 2 90 4.687238 93 8.868097
1 2 96 5.376441 94 8.003745
2 2 90 1.826337 99 5.007989
3
0 2 90 16.570058 97 18.246909
1 2 99 9.061372 98 18.397608
2 2 94 3.275163 93 17.650171
3
0 2 90 12.379586 96 7.194457
1 2 95 19.240107 90 10.444761
2 2 90 18.683039 97 15.046896
3
0 2 90 13.509397 96 11.950209
1 2 92 5.592932 91 19.243486
2 2 98 7.897865 94 6.006549
3
0 2 99 9.692181 99 1.633503
1 2 99 4.628747 99 17.554462
2 2 99 16.457146 99 7.082743
3
0 2 99 2.415524 99 9.998331
1 2 99 13.177929 99 4.556964
2 2 99 10.345271 99 5.013781
3
0 2 99 11.821914 99 8.259111
1 2 99 17.583706 99 14.430411
2 2 99 12.410205 99 4.699091
3
0 2 99 1.031734 99 15.275694
1 2 99 7.431806 99 10.683191
2 2 99 16.741684 99 15.153793
3
0 2 99 2.270452 99 8.673194
1 2 99 13.629894 99 15.981383
2 2 99 7.179408 99 9.507093
3
0 2 99 1.308287 99 5.470770
1 2 99 13.911568 99 18.985846
2 2 99 5.765474 99 9.534938
3
0 2 99 11.198756 99 9.608023
1 2 99 7.651708 99 13.436094
2 2 99 11.440834 99 12.773800
3
0 2 99 18.462096 99 18.158004
1 2 99 13.023382 99 6.645295
2 2 99 5.385685 99 1.610293
3
0 2 99 7.834571 99 6.211056
1 2 99 1.565335 99 1.939210
2 2 99 16.694359 99 18.442767
0
