50 49
3
0 2 5 3.609913 16 11.084199
1 2 44 1.966877 45 16.427549
2 2 6 7.803759 24 4.103910
3
0 2 5 6.314052 6 5.078553
1 2 8 6.630664 20 2.401684
2 2 40 9.476709 9 1.059764
3
0 2 5 5.023306 31 13.274998
1 2 39 18.034992 41 17.302674
2 2 12 7.122951 40 6.990351
3
0 2 5 8.143431 39 11.132422
1 2 6 16.090982 29 2.028657
2 2 36 3.264189 29 12.379631
3
0 2 5 13.115980 7 15.133644
1 2 49 16.256274 26 12.314412
2 2 25 2.784625 8 5.744506
3
0 2 10 18.131503 18 4.735274
1 2 24 12.174313 36 11.916490
2 2 44 4.946630 33 9.220361
3
0 2 10 17.566432 13 17.052083
1 2 42 16.450128 32 4.253174
2 2 32 3.282547 35 2.683949
3
0 2 10 12.870528 17 18.214597
1 2 40 18.330556 28 1.378461
2 2 44 18.083142 18 10.217334
3
0 2 10 7.542698 15 12.712109
1 2 39 8.475320 44 11.899112
2 2 20 8.843950 24 18.443658
3
0 2 10 19.189242 11 17.559197
1 2 28 17.621342 42 16.185807
2 2 37 10.735130 25 7.853971
3
0 2 15 17.000622 39 17.895175
1 2 23 6.537437 39 16.401199
2 2 31 3.129831 15 13.479760
3
0 2 15 6.610779 45 6.692473
1 2 38 9.143305 39 15.188253
2 2 19 11.536318 31 12.192243
3
0 2 15 16.550899 40 13.051094
1 2 49 1.778940 46 1.165064
2 2 15 4.566258 31 3.179781
3
0 2 15 14.856921 16 15.562051
1 2 33 18.997571 27 11.083564
2 2 34 11.441134 40 16.698853
3
0 2 15 6.766376 42 16.256592
1 2 39 18.549286 45 5.316899
2 2 28 17.698815 20 4.303273
3
0 2 20 10.563482 44 13.531226
1 2 40 12.185278 43 1.230683
2 2 35 9.238935 29 4.484602
3
0 2 20 11.671603 47 12.768662
1 2 29 16.363673 38 13.021359
2 2 20 16.088879 48 3.913195
3
0 2 20 3.640218 31 7.612344
1 2 29 10.919331 48 1.385360
2 2 31 14.784816 44 8.891965
3
0 2 20 16.367878 26 17.555156
1 2 49 12.266324 35 16.378176
2 2 22 1.202454 20 5.645755
3
0 2 20 4.780054 23 6.694208
1 2 30 9.643300 21 17.575118
2 2 27 4.635857 47 10.022023
3
0 2 25 19.147265 28 9.456342
1 2 45 5.637352 35 2.711966
2 2 44 4.059358 39 5.562306
3
0 2 25 11.746390 49 7.910113
1 2 28 12.714002 46 14.953592
2 2 46 14.653703 36 8.751831
3
0 2 25 1.311269 33 5.949307
1 2 39 13.920294 36 19.626615
2 2 31 8.815547 28 13.557508
3
0 2 25 11.741124 37 18.193898
1 2 33 3.481930 35 9.085728
2 2 29 17.056311 26 5.451134
3
0 2 25 2.206724 38 15.399470
1 2 31 2.179974 27 9.094585
2 2 46 16.124242 32 14.003112
3
0 2 30 7.874823 48 18.527425
1 2 45 14.215207 41 1.033742
2 2 30 14.325131 39 1.101521
3
0 2 30 19.507674 49 3.303158
1 2 40 13.546004 38 15.612449
2 2 41 7.667257 44 5.377583
3
0 2 30 11.189976 31 5.835239
1 2 46 15.410470 33 18.774667
2 2 41 12.015237 42 2.244955
3
0 2 30 11.188279 46 11.154402
1 2 44 4.500155 34 2.811550
2 2 32 8.709521 49 13.862012
3
0 2 30 1.773619 34 2.836275
1 2 32 7.311336 31 6.025440
2 2 39 4.319352 34 14.461946
3
0 2 35 3.173796 46 9.090724
1 2 35 18.560147 38 19.893537
2 2 37 15.535345 36 12.620369
3
0 2 35 1.636818 36 7.259817
1 2 46 11.039563 48 2.981256
2 2 42 4.684839 49 15.788176
3
0 2 35 13.250736 38 3.280125
1 2 44 5.661129 39 17.133972
2 2 38 6.139862 49 18.644728
3
0 2 35 6.337039 45 8.617275
1 2 39 7.829030 47 13.935485
2 2 46 5.491069 35 14.232769
3
0 2 35 4.366487 49 5.514774
1 2 38 14.899489 35 4.726395
2 2 41 2.598111 48 16.620358
3
0 2 40 7.003860 41 18.513470
1 2 45 10.068922 49 1.994252
2 2 49 1.647735 46 18.481496
3
0 2 40 8.467380 45 19.043444
1 2 43 12.134587 41 13.446768
2 2 48 15.225316 43 9.816954
3
0 2 40 5.287815 48 18.297736
1 2 48 1.784148 40 3.275176
2 2 47 18.908072 44 3.030934
3
0 2 40 12.791142 45 14.686538
1 2 48 19.990258 44 9.690963
2 2 43 11.819716 44 8.763405
3
0 2 40 3.440370 41 9.433983
1 2 44 18.792323 43 19.415865
2 2 40 5.587887 45 3.425750
3
0 2 45 13.319587 46 18.176795
1 2 45 12.960304 46 16.913073
2 2 46 2.402523 48 7.625793
3
0 2 45 2.694513 46 1.900656
1 2 45 16.261600 49 14.720164
2 2 49 11.403687 46 15.389589
3
0 2 45 4.230366 46 16.278871
1 2 45 16.185699 46 1.843858
2 2 47 16.370879 45 13.601397
3
0 2 45 16.784730 48 2.800506
1 2 46 9.822544 45 14.716543
2 2 48 1.545356 47 8.309579
3
0 2 45 16.542529 48 11.644144
1 2 49 12.142981 47 10.012440
2 2 47 18.447364 48 5.428345
3
0 1 49 7.676147
1 1 49 4.766805
2 1 49 19.303793
3
0 1 49 7.202986
1 1 49 16.223486
2 1 49 8.054879
3
0 1 49 14.176338
1 1 49 3.549958
2 1 49 12.584705
3
0 1 49 14.755269
1 1 49 9.377795
2 1 49 19.788858
0
