100 99
3
0 2 10 9.413561 62 10.660653
1 2 50 13.587038 79 3.807694
2 2 86 4.729699 87 11.584831
3
0 2 10 14.196460 56 14.511921
1 2 85 11.598653 21 13.678951
2 2 45 18.611810 56 19.451588
3
0 2 10 11.564005 94 17.660748
1 2 49 7.401665 68 16.339559
2 2 72 14.056826 21 16.751905
3
0 2 10 9.716213 41 7.888559
1 2 85 7.222333 96 16.240852
2 2 97 16.023267 90 3.924628
3
0 2 10 6.949864 14 11.783559
1 2 95 12.426185 89 18.028910
2 2 54 11.775496 55 10.345390
3
0 2 10 11.485147 77 18.425614
1 2 38 17.346767 41 14.576198
2 2 18 13.923271 89 19.963696
3
0 2 10 7.121734 50 15.684063
1 2 93 8.615819 33 13.214355
2 2 96 16.922737 84 16.737327
3
0 2 10 4.665889 71 3.709822
1 2 96 9.543989 93 14.256944
2 2 64 14.214970 17 4.442630
3
0 2 10 11.778779 68 10.082354
1 2 57 3.031442 75 9.430735
2 2 74 15.209700 28 13.244053
3
0 2 10 17.731312 61 17.771442
1 2 21 14.145259 90 19.614423
2 2 88 3.899204 28 12.050258
3
0 2 20 12.648778 79 4.108688
1 2 59 18.472857 67 12.828257
2 2 55 17.360618 84 17.808920
3
0 2 20 8.253787 43 8.753657
1 2 66 17.555612 72 8.063689
2 2 33 10.425210 23 2.914910
3
0 2 20 6.944510 26 1.940433
1 2 57 12.435633 86 4.659707
2 2 61 9.177245 63 4.098648
3
0 2 20 10.636098 60 3.472942
1 2 69 1.650731 64 3.163339
2 2 62 18.148292 94 7.303838
3
0 2 20 15.174941 64 12.152935
1 2 76 3.276215 46 2.075747
2 2 87 7.586758 40 1.853969
3
0 2 20 16.248763 89 18.029716
1 2 35 16.827731 76 9.109025
2 2 68 13.680277 77 17.644008
3
0 2 20 6.283839 72 13.305297
1 2 65 12.075363 39 4.907383
2 2 72 18.814093 22 4.885128
3
0 2 20 10.244322 37 9.045387
1 2 92 1.063337 68 16.619380
2 2 70 8.994620 86 11.781790
3
0 2 20 13.253747 34 18.694421
1 2 35 17.028380 64 10.867516
2 2 40 17.845277 66 16.030851
3
0 2 20 1.750560 58 16.196664
1 2 78 19.833945 62 17.465614
2 2 33 14.437161 96 17.662917
3
0 2 30 8.356555 34 17.226295
1 2 95 16.235709 98 10.133878
2 2 83 18.736535 68 6.895839
3
0 2 30 14.792840 53 12.630588
1 2 59 7.413405 98 2.636790
2 2 57 14.310226 91 11.327907
3
0 2 30 8.696666 95 18.716760
1 2 93 4.354378 36 5.230198
2 2 45 19.897706 85 9.477491
3
0 2 30 13.223368 67 4.673043
1 2 30 4.882387 32 10.640130
2 2 93 3.609161 59 18.212294
3
0 2 30 18.963198 57 10.154825
1 2 43 15.802794 93 13.428136
2 2 37 16.918423 62 15.816126
3
0 2 30 1.234728 74 1.291633
1 2 81 4.594298 79 17.396446
2 2 61 16.912844 68 16.848427
3
0 2 30 15.716195 76 18.579666
1 2 74 17.774343 86 17.265677
2 2 83 6.409483 35 10.233095
3
0 2 30 8.048126 54 12.920923
1 2 88 3.935459 56 2.810017
2 2 37 5.122272 39 8.523735
3
0 2 30 5.085785 63 7.180366
1 2 95 2.937197 96 2.126882
2 2 94 2.249370 88 3.726740
3
0 2 30 18.411362 73 14.970133
1 2 85 8.031938 76 4.313536
2 2 30 13.918868 64 3.084034
3
0 2 40 15.804695 67 17.481880
1 2 53 18.582131 68 14.863199
2 2 90 2.547133 88 18.485830
3
0 2 40 2.255206 41 15.802507
1 2 83 16.320565 99 2.963750
2 2 82 6.553385 44 12.938426
3
0 2 40 15.904131 73 7.971051
1 2 90 10.540597 69 11.320683
2 2 92 4.137162 67 7.581520
3
0 2 40 13.988181 81 5.797255
1 2 99 2.939894 87 17.167056
2 2 91 7.757973 76 4.365300
3
0 2 40 3.099199 74 10.095205
1 2 69 15.993090 54 14.131566
2 2 52 11.357400 59 4.460146
3
0 2 40 3.685727 43 15.899181
1 2 91 9.173459 63 13.932247
2 2 46 19.645689 43 4.784621
3
0 2 40 19.424935 89 15.419798
1 2 76 8.826891 43 7.308846
2 2 47 15.747756 91 2.694701
3
0 2 40 18.576106 82 16.610424
1 2 98 4.116617 54 11.555085
2 2 98 3.138110 56 5.719065
3
0 2 40 12.199256 78 13.728010
1 2 53 15.495963 74 12.426469
2 2 71 10.662405 62 19.877069
3
0 2 40 6.153646 74 3.207944
1 2 60 18.024199 77 5.909860
2 2 83 11.079618 49 3.013242
3
0 2 50 1.286934 90 4.977987
1 2 91 7.452605 96 7.086584
2 2 94 2.383568 84 4.690574
3
0 2 50 8.428525 64 14.815509
1 2 57 7.441481 96 5.144473
2 2 97 11.134286 99 8.266523
3
0 2 50 10.465205 96 8.724101
1 2 94 7.268046 91 3.400761
2 2 82 2.576505 61 9.688785
3
0 2 50 19.903982 87 8.726004
1 2 82 9.725553 87 13.238740
2 2 60 1.722937 64 14.279265
3
0 2 50 10.910014 67 6.627112
1 2 76 17.309884 75 8.750350
2 2 56 10.245631 98 9.353536
3
0 2 50 3.834353 82 2.440490
1 2 74 17.064880 57 11.101962
2 2 70 8.036257 73 19.615441
3
0 2 50 13.041099 68 10.996443
1 2 76 13.552914 78 18.098222
2 2 98 8.204694 75 11.160553
3
0 2 50 15.046993 98 14.272698
1 2 92 15.235424 95 14.017247
2 2 57 14.306639 73 16.961853
3
0 2 50 6.232331 74 1.840443
1 2 82 16.786339 61 3.657248
2 2 60 8.888557 69 9.538692
3
0 2 50 19.148982 71 14.715310
1 2 99 16.865615 92 18.122874
2 2 78 15.240692 58 9.372869
3
0 2 60 16.457905 66 9.598729
1 2 69 7.634289 84 11.607168
2 2 88 18.015943 82 14.839202
3
0 2 60 4.586500 78 17.730953
1 2 88 13.372795 92 18.126405
2 2 80 19.712447 78 4.719572
3
0 2 60 10.454986 61 17.886406
1 2 91 4.061930 65 19.765103
2 2 73 10.440721 76 8.137857
3
0 2 60 10.853668 61 13.251345
1 2 98 6.965446 97 15.633826
2 2 66 13.491752 77 13.576148
3
0 2 60 8.689449 71 12.894615
1 2 87 19.859377 67 17.954511
2 2 82 7.682572 67 10.238611
3
0 2 60 8.474453 93 5.614296
1 2 90 4.678008 67 3.125356
2 2 75 19.061137 85 13.014652
3
0 2 60 5.678891 85 19.381768
1 2 94 12.746788 77 15.178883
2 2 69 10.476276 84 16.370126
3
0 2 60 18.710364 75 9.016395
1 2 87 16.823176 88 8.262189
2 2 80 15.960273 76 7.878851
3
0 2 60 5.462541 87 18.731010
1 2 81 5.149235 70 11.114302
2 2 92 3.383806 86 14.746038
3
0 2 60 17.349751 71 9.350603
1 2 87 13.302427 81 9.637963
2 2 82 8.073762 77 9.747302
3
0 2 70 17.220451 71 12.998563
1 2 80 12.536786 81 2.553767
2 2 77 14.895281 80 5.564767
3
0 2 70 6.797459 89 17.115274
1 2 79 7.158685 82 19.278519
2 2 77 1.476903 72 15.902736
3
0 2 70 16.576388 84 11.454000
1 2 70 2.285747 84 10.782953
2 2 75 13.846922 78 1.273328
3
0 2 70 8.411088 90 17.594329
1 2 85 3.668722 73 14.047168
2 2 82 16.088719 83 15.414916
3
0 2 70 4.330357 93 16.887493
1 2 81 14.582865 85 17.637149
2 2 78 13.848863 89 15.032688
3
0 2 70 2.479857 81 2.576748
1 2 73 7.565495 94 19.857000
2 2 91 4.701424 74 13.696447
3
0 2 70 10.307884 93 10.132316
1 2 92 5.367681 97 6.288830
2 2 98 3.290536 86 12.769152
3
0 2 70 10.959060 83 11.492310
1 2 81 10.653497 94 1.976712
2 2 98 3.248259 71 1.494149
3
0 2 70 18.088505 85 8.026172
1 2 82 5.602780 79 3.480837
2 2 84 14.500151 95 19.756780
3
0 2 70 13.944715 72 3.349665
1 2 85 10.038159 76 19.811380
2 2 80 12.149502 95 6.222238
3
0 2 80 19.112971 90 8.200433
1 2 82 18.731563 80 12.205600
2 2 82 15.458046 85 9.376813
3
0 2 80 18.480920 94 10.251579
1 2 81 15.036180 99 15.502700
2 2 81 11.329979 84 18.576562
3
0 2 80 14.156138 89 17.059936
1 2 96 9.211087 94 18.392051
2 2 85 9.625171 94 3.990482
3
0 2 80 16.598429 98 12.449917
1 2 92 7.910663 95 5.583613
2 2 84 18.581665 89 1.794476
3
0 2 80 5.973564 93 6.391927
1 2 96 3.411966 81 8.235212
2 2 93 5.878260 90 7.226814
3
0 2 80 14.809386 84 17.357294
1 2 80 2.734303 95 12.647199
2 2 98 16.136744 82 8.542231
3
0 2 80 15.733827 82 7.926181
1 2 99 15.390730 85 6.463664
2 2 95 5.543225 98 1.406737
3
0 2 80 14.204308 95 3.976933
1 2 88 5.952837 87 5.008942
2 2 83 4.041157 92 16.866047
3
0 2 80 12.679723 93 13.514426
1 2 98 4.367579 99 7.289221
2 2 84 11.106333 99 16.361980
3
0 2 80 19.207916 92 12.797152
1 2 96 2.904520 82 8.821136
2 2 82 10.412331 95 13.008581
3
0 2 90 14.688541 95 7.478394
1 2 93 6.985958 97 3.854512
2 2 93 9.670604 98 19.923863
3
0 2 90 18.226921 94 16.451379
1 2 99 1.890137 97 2.260408
2 2 95 5.005337 96 15.005759
3
0 2 90 16.767441 95 16.968544
1 2 96 16.596851 97 2.521152
2 2 90 3.829716 92 9.229291
3
0 2 90 6.553231 97 13.991396
1 2 98 10.475681 99 16.490384
2 2 90 8.336822 93 3.779757
3
0 2 90 15.009070 93 11.140276
1 2 97 18.621407 94 4.682125
2 2 97 1.327039 98 6.105189
3
0 2 90 11.375892 96 8.656820
1 2 98 4.547985 97 4.893580
2 2 93 16.516621 91 14.227023
3
0 2 90 10.809788 93 12.303554
1 2 97 1.492810 91 4.495115
2 2 95 18.793742 94 6.995829
3
0 2 90 19.066977 94 2.481458
1 2 91 12.247693 99 6.538658
2 2 93 18.978379 97 18.309792
3
0 2 90 15.020865 99 6.195885
1 2 97 19.103295 95 14.697025
2 2 92 6.313497 94 3.424268
3
0 2 90 5.717528 98 11.612934
1 2 94 2.777947 98 3.400494
2 2 93 10.570042 96 17.092281
3
0 2 99 18.719466 99 11.932746
1 2 99 2.641883 99 3.987881
2 2 99 18.758693 99 7.595244
3
0 2 99 18.331181 99 1.055333
1 2 99 13.428099 99 8.493777
2 2 99 2.180186 99 5.053524
3
0 2 99 11.049179 99 15.033246
1 2 99 5.845050 99 2.307826
2 2 99 8.518541 99 2.798301
3
0 2 99 16.292502 99 4.055519
1 2 99 16.090875 99 4.688583
2 2 99 4.992222 99 10.754625
3
0 2 99 15.201522 99 6.503790
1 2 99 6.986356 99 16.854937
2 2 99 3.705642 99 13.236768
3
0 2 99 10.883379 99 10.192457
1 2 99 4.509098 99 16.947256
2 2 99 5.431243 99 7.840331
3
0 2 99 8.715414 99 10.559548
1 2 99 17.559207 99 2.492111
2 2 99 4.187033 99 16.212086
3
0 2 99 13.566229 99 3.663321
1 2 99 16.127579 99 13.199880
2 2 99 4.129641 99 5.716183
3
0 2 99 4.217642 99 12.418046
1 2 99 4.069812 99 12.740289
2 2 99 6.165296 99 13.944050
0
