50 49
3
0 2 5 16.691378 41 13.833060
1 2 27 18.644660 21 9.818811
2 2 7 3.086420 45 5.018284
3
0 2 5 14.805862 19 11.365410
1 2 38 1.578381 34 13.849765
2 2 23 18.264804 27 18.083289
3
0 2 5 3.480593 39 7.580627
1 2 9 6.021110 17 16.175558
2 2 21 12.815460 41 1.614514
3
0 2 5 5.350724 16 13.820924
1 2 45 1.595782 11 6.759293
2 2 32 15.300400 40 6.799245
3
0 2 5 5.663082 6 8.727548
1 2 43 5.675061 15 16.388019
2 2 43 8.564588 12 13.428680
3
0 2 10 11.918641 36 11.564835
1 2 19 17.222240 12 16.088069
2 2 14 18.442940 43 11.247342
3
0 2 10 2.508499 12 8.044417
1 2 13 13.763544 30 18.959205
2 2 46 18.795616 38 18.136123
3
0 2 10 5.318810 40 10.460463
1 2 20 12.986286 35 15.159997
2 2 48 8.128474 27 19.862394
3
0 2 10 3.782152 30 12.914404
1 2 40 11.098037 49 16.187972
2 2 14 8.695099 25 18.677384
3
0 2 10 3.161307 49 18.941453
1 2 34 14.569357 27 17.722643
2 2 49 15.398731 33 14.527163
3
0 2 15 6.966988 40 3.476376
1 2 19 4.555925 47 11.545592
2 2 39 17.297395 34 4.966625
3
0 2 15 4.312265 48 13.958324
1 2 36 11.363221 33 3.491973
2 2 41 10.737375 44 9.114915
3
0 2 15 9.175601 42 17.278699
1 2 43 16.835224 25 8.711289
2 2 25 17.792217 39 4.319277
3
0 2 15 3.195518 22 9.183658
1 2 39 6.532962 45 13.694591
2 2 46 4.455872 40 19.594720
3
0 2 15 6.485221 24 17.656101
1 2 17 3.596710 16 2.517214
2 2 24 16.704665 43 14.402117
3
0 2 20 18.941725 32 9.425795
1 2 47 9.080274 37 6.425454
2 2 46 15.381810 27 18.331399
3
0 2 20 18.976200 33 15.000697
1 2 32 17.780450 23 4.548313
2 2 39 4.956614 26 17.818926
3
0 2 20 12.803117 41 9.785723
1 2 34 11.787171 43 6.327861
2 2 25 1.052984 41 12.530970
3
0 2 20 10.284180 49 1.529166
1 2 20 6.348415 21 7.433836
2 2 35 2.424304 38 4.019413
3
0 2 20 19.995232 48 4.129325
1 2 30 11.096257 21 6.596346
2 2 42 5.443698 29 16.435193
3
0 2 25 6.638338 32 1.303897
1 2 27 1.407364 45 18.170106
2 2 41 12.487477 48 17.491051
3
0 2 25 18.729532 48 10.135926
1 2 38 14.463886 48 8.404710
2 2 47 18.468433 32 17.381088
3
0 2 25 19.451929 48 8.426206
1 2 49 19.252976 46 3.441875
2 2 31 1.323921 30 4.794057
3
0 2 25 3.334033 31 3.593541
1 2 36 1.154468 31 8.517989
2 2 49 18.655419 38 13.985375
3
0 2 25 15.729923 42 16.027675
1 2 46 12.899693 40 17.317215
2 2 38 12.205098 37 19.857760
3
0 2 30 15.946207 48 11.732872
1 2 49 18.604861 34 19.615413
2 2 34 1.864505 37 7.417423
3
0 2 30 4.694920 39 4.454824
1 2 48 9.593411 38 14.241696
2 2 47 19.275311 43 15.543861
3
0 2 30 13.790501 36 16.253148
1 2 37 10.913809 44 2.696784
2 2 31 16.522229 35 12.903229
3
0 2 30 2.493488 45 2.962535
1 2 42 15.747310 49 18.280717
2 2 34 4.221312 45 19.377644
3
0 2 30 7.484934 47 3.988010
1 2 44 18.179653 46 2.816103
2 2 48 14.394065 36 4.026186
3
0 2 35 13.877432 41 9.767738
1 2 35 6.988015 48 3.866397
2 2 43 6.627633 49 3.679867
3
0 2 35 2.797175 43 7.218723
1 2 45 5.933163 39 15.162891
2 2 43 11.075081 41 7.987298
3
0 2 35 1.820607 41 19.683649
1 2 41 8.035025 44 8.391530
2 2 35 14.816447 46 15.874555
3
0 2 35 19.207189 40 12.285353
1 2 43 5.691865 37 18.722417
2 2 47 1.268901 39 14.594199
3
0 2 35 2.296938 38 1.158388
1 2 35 7.782217 44 4.490454
2 2 46 7.812060 45 18.693579
3
0 2 40 13.935153 42 18.439911
1 2 49 18.953460 44 1.492736
2 2 49 8.100642 47 7.201994
3
0 2 40 2.833502 46 15.696921
1 2 42 14.387527 41 12.935185
2 2 46 12.504910 40 5.391109
3
0 2 40 8.589139 44 1.057376
1 2 43 19.788186 45 15.479238
2 2 46 6.746569 49 13.249590
3
0 2 40 14.211086 48 5.602105
1 2 44 18.225027 48 13.970623
2 2 47 3.377813 43 16.852461
3
0 2 40 1.567057 48 14.970691
1 2 45 1.587453 47 14.123296
2 2 41 15.291694 44 18.975969
3
0 2 45 5.762338 48 16.564568
1 2 48 19.542922 45 1.291385
2 2 45 8.306294 46 4.074889
3
0 2 45 17.764371 47 13.956060
1 2 49 17.286364 45 7.861009
2 2 45 4.589375 48 3.900763
3
0 2 45 1.755666 47 4.370113
1 2 45 8.114163 47 10.455335
2 2 46 11.360989 45 2.889517
3
0 2 45 6.079776 46 13.518389
1 2 48 7.501488 47 14.010973
2 2 46 11.260871 45 3.623090
3
0 2 45 18.236760 48 12.881482
1 2 46 18.353856 47 16.260644
2 2 46 6.080500 48 9.571580
3
0 1 49 2.021025
1 1 49 1.069348
2 1 49 18.016850
3
0 1 49 9.594019
1 1 49 10.908254
2 1 49 13.024330
3
0 1 49 2.044976
1 1 49 18.988100
2 1 49 18.921172
3
0 1 49 12.649018
1 1 49 18.255189
2 1 49 3.150126
0
