200 199
3
0 2 20 5.270487 149 5.473195
1 2 172 13.771368 109 16.062188
2 2 98 9.573515 157 15.159114
3
0 2 20 14.959871 92 2.036376
1 2 189 19.597036 185 12.617083
2 2 62 17.141238 123 17.241757
3
0 2 20 10.153631 59 6.852216
1 2 186 3.526843 161 11.680732
2 2 87 12.447683 116 4.652044
3
0 2 20 6.075292 94 19.214140
1 2 175 12.119489 35 2.116492
2 2 48 13.766983 69 2.913351
3
0 2 20 19.705637 39 7.218784
1 2 69 19.343766 109 2.590424
2 2 174 5.438807 135 6.177655
3
0 2 20 4.187751 157 14.894804
1 2 102 11.898074 50 2.419763
2 2 114 9.482653 47 5.866744
3
0 2 20 1.258887 105 4.091372
1 2 53 2.172464 167 15.828891
2 2 137 15.604111 84 10.832930
3
0 2 20 14.193931 85 16.507865
1 2 33 3.599885 196 5.516205
2 2 99 5.991659 93 19.756024
3
0 2 20 8.552095 199 5.997062
1 2 149 19.681614 121 9.161878
2 2 122 2.402102 139 6.975213
3
0 2 20 9.125163 30 7.504745
1 2 125 17.369302 42 6.270640
2 2 63 4.251010 183 6.994197
3
0 2 20 19.329507 146 10.069876
1 2 156 6.613885 89 16.646885
2 2 35 19.603133 30 17.444628
3
0 2 20 8.986839 103 5.513784
1 2 149 16.607491 68 13.472053
2 2 79 18.910980 165 19.020780
3
0 2 20 13.944448 83 5.437618
1 2 86 16.685259 159 1.937545
2 2 81 3.956667 155 10.592778
3
0 2 20 1.301740 134 17.873405
1 2 110 17.766564 43 15.823014
2 2 115 12.069105 96 19.826344
3
0 2 20 15.240191 39 8.538445
1 2 121 8.608302 89 5.619472
2 2 191 18.484861 41 13.112347
3
0 2 20 4.563257 169 11.203860
1 2 176 19.133735 22 16.347376
2 2 183 18.121637 167 18.846723
3
0 2 20 10.705843 100 2.688397
1 2 29 16.760225 59 4.101709
2 2 192 10.531700 64 4.015052
3
0 2 20 2.764790 147 17.753352
1 2 123 2.515650 69 13.230906
2 2 167 15.131261 46 2.369852
3
0 2 20 16.970415 196 18.405286
1 2 131 8.843061 66 10.601090
2 2 176 14.630953 94 13.479816
3
0 2 20 4.862749 32 4.676094
1 2 68 1.826507 110 11.420886
2 2 112 5.808897 198 14.039363
3
0 2 40 3.207962 45 5.072206
1 2 139 4.638664 40 9.282831
2 2 179 4.477254 170 7.345409
3
0 2 40 11.175264 194 14.405353
1 2 164 14.256125 175 19.004780
2 2 128 19.920428 90 15.069704
3
0 2 40 5.191661 125 8.582600
1 2 162 3.525410 112 5.794525
2 2 183 11.097497 108 7.666031
3
0 2 40 2.305866 79 15.182535
1 2 149 8.576473 66 15.743581
2 2 42 4.261198 166 7.497854
3
0 2 40 11.992477 89 7.769735
1 2 77 5.354701 60 18.170893
2 2 158 19.396661 51 5.870321
3
0 2 40 15.012433 93 8.212615
1 2 155 6.191241 131 3.665174
2 2 169 1.558235 101 18.474616
3
0 2 40 19.250993 70 17.247064
1 2 88 10.380981 137 7.806015
2 2 104 12.659565 162 2.294115
3
0 2 40 14.951452 193 18.519620
1 2 197 10.635427 75 11.118704
2 2 61 4.426073 62 10.695853
3
0 2 40 10.469531 60 15.882256
1 2 138 5.721578 102 13.752550
2 2 143 1.639874 139 19.008739
3
0 2 40 16.707692 65 12.492950
1 2 101 10.859431 79 3.837106
2 2 76 2.000059 57 12.394978
3
0 2 40 9.676958 106 7.383684
1 2 160 6.676615 177 5.090138
2 2 65 13.396868 161 8.630399
3
0 2 40 15.161244 101 10.242759
1 2 134 19.147819 135 4.588501
2 2 50 7.181173 155 19.496908
3
0 2 40 4.162947 90 1.546478
1 2 79 3.256950 138 12.681410
2 2 60 5.403187 160 18.376889
3
0 2 40 19.390179 48 12.066412
1 2 64 5.457650 153 5.245861
2 2 187 5.915240 126 14.420097
3
0 2 40 7.765422 125 6.408737
1 2 95 13.739008 63 16.422695
2 2 68 1.673935 56 17.650069
3
0 2 40 3.641741 56 2.130249
1 2 60 17.997133 164 1.966628
2 2 49 6.105666 168 17.993544
3
0 2 40 6.920813 43 6.760485
1 2 138 8.796494 65 17.004162
2 2 99 15.790606 157 3.680470
3
0 2 40 5.005590 110 7.332621
1 2 91 4.674222 49 19.940017
2 2 170 15.278527 133 13.554886
3
0 2 40 19.390999 159 10.075263
1 2 109 10.451801 192 14.099810
2 2 188 5.464973 166 1.535959
3
0 2 40 18.477897 141 5.130732
1 2 68 11.064632 102 10.444005
2 2 165 12.324099 54 6.220148
3
0 2 60 2.368574 80 4.807673
1 2 154 14.411398 128 16.939663
2 2 160 19.886697 122 18.931989
3
0 2 60 5.543841 98 13.270720
1 2 183 15.182509 137 18.070944
2 2 137 4.355053 72 8.355003
3
0 2 60 7.587976 185 7.631389
1 2 162 16.765363 161 11.401132
2 2 148 4.102455 157 7.052081
3
0 2 60 11.922141 93 11.148323
1 2 108 7.981169 198 4.262069
2 2 167 12.755321 108 6.945098
3
0 2 60 8.438587 125 6.031404
1 2 150 3.212323 143 9.783950
2 2 157 8.425074 105 8.130514
3
0 2 60 3.484113 193 15.336308
1 2 191 16.282209 78 16.250580
2 2 79 18.031415 150 17.146557
3
0 2 60 3.523240 61 16.649971
1 2 131 16.135681 78 2.299403
2 2 77 13.417857 180 8.282270
3
0 2 60 5.494665 196 8.391936
1 2 176 11.770528 163 15.247809
2 2 89 18.034791 66 10.646065
3
0 2 60 12.994619 98 9.527105
1 2 163 5.930057 166 12.675224
2 2 87 11.454718 62 4.701688
3
0 2 60 13.011762 71 3.972507
1 2 131 2.162097 150 14.054292
2 2 140 10.688816 111 7.577705
3
0 2 60 9.643339 79 2.750494
1 2 170 17.887097 142 18.909392
2 2 178 17.245395 106 8.895194
3
0 2 60 8.370585 84 6.051417
1 2 141 16.187748 106 16.103472
2 2 192 4.469741 183 10.664548
3
0 2 60 4.191132 71 3.772400
1 2 141 19.945069 184 8.961085
2 2 143 17.242113 162 2.769620
3
0 2 60 9.805454 153 2.099617
1 2 75 11.607287 181 3.702003
2 2 76 14.855198 123 19.406087
3
0 2 60 19.338462 68 11.444209
1 2 165 4.325624 177 12.116752
2 2 101 16.538069 194 8.379521
3
0 2 60 11.449369 196 5.341521
1 2 168 5.784218 132 6.592390
2 2 169 14.558092 86 16.566342
3
0 2 60 9.975987 156 8.937037
1 2 104 18.098238 148 12.904605
2 2 63 11.572347 110 15.836020
3
0 2 60 15.112417 83 11.911749
1 2 80 4.425239 193 2.176619
2 2 82 3.478644 71 18.710535
3
0 2 60 2.560911 106 16.044258
1 2 157 17.225103 166 18.991709
2 2 73 2.459279 69 1.192513
3
0 2 60 16.321532 108 3.501267
1 2 197 9.323979 151 12.712054
2 2 154 11.013919 198 3.875987
3
0 2 80 12.369485 143 17.604361
1 2 183 14.483557 100 10.012153
2 2 116 11.185720 132 18.274981
3
0 2 80 12.185187 198 5.408152
1 2 94 15.862740 119 15.406559
2 2 122 9.754276 149 7.778540
3
0 2 80 1.180936 97 7.281807
1 2 160 9.989029 84 7.796583
2 2 178 4.184934 157 3.436239
3
0 2 80 13.453897 177 18.252854
1 2 178 13.389461 113 5.622534
2 2 192 13.945146 189 6.805508
3
0 2 80 13.217960 187 10.320771
1 2 118 10.006297 174 1.551909
2 2 177 12.564527 134 16.072606
3
0 2 80 9.019023 190 19.747775
1 2 133 18.539567 158 11.430425
2 2 145 11.301879 143 16.011643
3
0 2 80 4.123573 106 18.821636
1 2 156 2.335156 129 6.131713
2 2 83 1.831942 162 17.794540
3
0 2 80 12.131430 185 8.923115
1 2 194 7.191167 151 8.398991
2 2 192 8.745629 111 4.846502
3
0 2 80 16.946310 92 4.004515
1 2 131 5.804383 152 12.366077
2 2 169 17.498796 161 11.437638
3
0 2 80 7.233179 108 3.724423
1 2 145 19.704089 88 15.243991
2 2 162 5.801672 187 10.462717
3
0 2 80 12.473029 101 17.160942
1 2 161 8.682356 145 11.932211
2 2 156 9.812876 166 16.986144
3
0 2 80 11.075580 177 7.253423
1 2 175 6.953661 122 11.025618
2 2 142 7.516320 192 6.273248
3
0 2 80 4.889737 149 1.383494
1 2 149 10.145598 153 9.013456
2 2 121 7.106284 82 19.524563
3
0 2 80 19.880514 178 6.867586
1 2 93 18.547177 177 12.321983
2 2 171 15.046465 199 19.814381
3
0 2 80 3.052019 86 11.793259
1 2 194 12.804317 187 2.249639
2 2 192 2.097330 82 11.404487
3
0 2 80 2.433028 175 18.807971
1 2 134 6.698213 162 14.764465
2 2 120 4.785671 133 16.608410
3
0 2 80 4.682502 135 12.695604
1 2 180 4.459746 80 18.856742
2 2 112 5.721580 142 8.454987
3
0 2 80 1.095582 146 13.432227
1 2 147 19.828790 166 15.860776
2 2 96 9.679597 116 15.430613
3
0 2 80 10.206834 182 8.312535
1 2 132 18.951378 181 9.484095
2 2 97 13.992976 169 11.582993
3
0 2 80 11.758909 122 17.156873
1 2 173 4.439733 96 13.425174
2 2 147 12.468335 173 2.850521
3
0 2 100 1.314966 140 1.765222
1 2 140 6.421861 103 8.072485
2 2 178 5.002066 197 16.588697
3
0 2 100 9.215762 174 19.320883
1 2 179 5.500631 110 3.544589
2 2 152 5.319737 114 10.468216
3
0 2 100 1.821143 155 12.642408
1 2 174 16.120680 147 2.870705
2 2 165 6.132524 135 16.849408
3
0 2 100 11.112327 158 7.576485
1 2 198 1.175908 179 13.944602
2 2 126 13.002023 121 7.495395
3
0 2 100 4.776428 192 17.623973
1 2 127 13.103749 160 12.893783
2 2 194 12.093064 135 8.891679
3
0 2 100 5.583564 150 7.692392
1 2 104 11.673741 165 4.711627
2 2 113 9.199481 130 7.319846
3
0 2 100 10.971264 192 13.905289
1 2 174 17.367450 195 8.966201
2 2 189 18.612365 158 1.796684
3
0 2 100 7.995548 128 10.750202
1 2 190 12.047438 148 17.476097
2 2 124 12.808692 103 18.679669
3
0 2 100 10.423227 160 13.949546
1 2 130 5.518133 135 18.697510
2 2 149 19.255794 136 15.249218
3
0 2 100 15.912767 141 15.283175
1 2 107 9.333634 136 10.535463
2 2 126 16.290606 135 3.771539
3
0 2 100 18.956334 117 3.708020
1 2 112 12.615047 144 2.008560
2 2 173 3.184587 185 8.226446
3
0 2 100 12.729301 140 18.124982
1 2 112 5.315503 110 7.703158
2 2 199 1.345044 147 1.893013
3
0 2 100 5.492564 104 13.253585
1 2 164 6.746454 195 5.749279
2 2 158 1.668657 114 7.723182
3
0 2 100 12.801640 188 19.210899
1 2 177 9.594610 124 3.383419
2 2 113 5.820807 159 17.370887
3
0 2 100 7.019026 156 7.977312
1 2 136 4.910291 168 7.229992
2 2 159 2.766379 135 5.826518
3
0 2 100 13.770350 157 4.100059
1 2 154 19.692510 136 5.156460
2 2 120 1.245307 165 3.904874
3
0 2 100 14.538244 168 16.923142
1 2 169 19.127587 187 1.563044
2 2 199 12.555122 165 11.644551
3
0 2 100 13.658542 191 15.522255
1 2 118 5.790263 173 15.879302
2 2 157 17.812919 168 14.508837
3
0 2 100 14.375473 183 2.256301
1 2 179 5.116092 164 14.655643
2 2 188 6.303108 152 7.184490
3
0 2 100 7.607430 109 4.509047
1 2 162 14.901770 121 8.951363
2 2 175 13.540775 127 3.041937
3
0 2 120 9.988477 172 8.185851
1 2 122 13.651659 181 18.599660
2 2 125 5.324951 136 16.564033
3
0 2 120 13.761433 178 3.786170
1 2 126 2.678033 122 17.170307
2 2 147 17.663391 120 10.004152
3
0 2 120 2.279142 129 14.902522
1 2 191 17.774839 177 7.006869
2 2 171 5.260900 121 15.013439
3
0 2 120 12.378964 185 13.038832
1 2 175 16.679900 157 11.211979
2 2 140 7.510862 129 1.600645
3
0 2 120 16.321224 141 2.071939
1 2 187 12.342159 143 11.448458
2 2 152 14.694814 160 12.286521
3
0 2 120 1.727816 150 3.435706
1 2 156 11.330611 197 13.641734
2 2 132 1.521058 129 5.036950
3
0 2 120 17.522742 170 3.929180
1 2 127 14.993266 157 5.592176
2 2 126 15.582307 134 13.824543
3
0 2 120 11.738405 148 7.092373
1 2 187 12.874040 199 6.959428
2 2 168 7.379254 198 2.610399
3
0 2 120 17.855987 128 12.111497
1 2 183 17.206998 182 13.918417
2 2 149 12.080611 126 11.116787
3
0 2 120 13.413741 186 2.722149
1 2 137 15.740598 144 7.650709
2 2 162 8.932375 160 17.653580
3
0 2 120 3.432947 143 9.551275
1 2 197 17.830249 174 8.790214
2 2 165 10.314095 161 4.672167
3
0 2 120 9.395751 125 2.347947
1 2 159 10.609789 151 16.460810
2 2 197 8.724377 189 18.323144
3
0 2 120 4.620148 139 2.992459
1 2 147 15.303821 173 12.340553
2 2 137 19.915366 152 9.292535
3
0 2 120 5.152574 157 10.452900
1 2 192 16.419137 138 2.421317
2 2 165 5.804325 150 15.314797
3
0 2 120 8.522113 142 13.681574
1 2 178 1.511517 146 13.718006
2 2 159 18.607754 195 1.443628
3
0 2 120 9.123831 163 6.403840
1 2 149 9.207819 150 14.669310
2 2 171 4.522345 194 5.018050
3
0 2 120 13.195124 130 5.111990
1 2 167 17.096487 156 7.473983
2 2 190 4.547362 143 5.677035
3
0 2 120 9.146411 149 14.109534
1 2 138 19.659213 139 19.977339
2 2 146 18.178825 194 16.622854
3
0 2 120 6.006457 154 15.211835
1 2 160 4.738364 155 19.862530
2 2 121 8.287110 162 14.349752
3
0 2 120 13.671552 125 3.354179
1 2 188 15.201922 149 2.841489
2 2 177 7.054449 197 5.180791
3
0 2 140 14.640209 177 19.646833
1 2 171 16.218036 172 15.466170
2 2 188 5.893502 157 19.437943
3
0 2 140 19.781388 173 18.380625
1 2 191 1.674953 185 8.556521
2 2 182 17.798537 158 17.397468
3
0 2 140 18.769717 147 17.314494
1 2 160 17.000879 193 12.895035
2 2 165 14.620481 183 8.154899
3
0 2 140 18.535627 199 15.006050
1 2 186 8.730374 154 17.867184
2 2 192 17.910183 162 5.681350
3
0 2 140 15.680068 155 18.945748
1 2 170 19.387546 197 16.941543
2 2 152 2.837292 144 2.447281
3
0 2 140 16.872724 174 18.961310
1 2 176 15.557494 171 12.611863
2 2 178 12.842366 155 4.914917
3
0 2 140 2.173304 175 11.838191
1 2 151 16.755938 152 15.497959
2 2 185 6.191130 168 13.596477
3
0 2 140 12.011645 187 13.929628
1 2 148 16.887476 185 8.989420
2 2 150 8.214889 149 6.788635
3
0 2 140 16.988315 198 6.795956
1 2 161 9.700098 157 12.884563
2 2 172 5.283593 179 3.192528
3
0 2 140 12.341777 167 17.235849
1 2 163 9.569703 148 12.979787
2 2 182 13.191537 158 10.075951
3
0 2 140 10.318059 159 3.882809
1 2 153 5.756326 156 4.417829
2 2 148 8.563854 150 11.908320
3
0 2 140 11.857709 170 15.376724
1 2 165 5.327221 179 19.445299
2 2 193 16.314969 150 7.428978
3
0 2 140 6.998289 141 16.720775
1 2 189 9.882496 192 11.271472
2 2 146 2.204053 198 17.246182
3
0 2 140 5.804517 171 6.179833
1 2 191 12.138112 146 6.771531
2 2 190 17.022653 194 2.741884
3
0 2 140 6.929763 143 17.957988
1 2 174 8.507678 173 2.408026
2 2 182 15.218779 152 13.217074
3
0 2 140 6.799041 159 15.417043
1 2 140 6.275366 182 2.215641
2 2 159 16.286091 188 9.626933
3
0 2 140 15.671325 180 10.848980
1 2 186 3.453592 157 14.961209
2 2 171 10.833793 196 8.086802
3
0 2 140 12.843542 193 9.100250
1 2 180 1.783128 149 6.940931
2 2 153 7.248056 166 3.041125
3
0 2 140 10.416011 141 14.791632
1 2 189 11.799044 179 11.427597
2 2 167 2.095829 192 7.317585
3
0 2 140 4.407275 169 5.135957
1 2 146 13.829467 198 18.404115
2 2 177 10.673977 191 3.225889
3
0 2 160 15.143151 198 3.206621
1 2 199 4.097083 176 15.611318
2 2 160 1.568442 177 3.338139
3
0 2 160 1.648544 175 9.813515
1 2 170 1.066180 172 9.179989
2 2 189 1.064679 166 14.157201
3
0 2 160 11.288256 164 5.566181
1 2 185 12.129868 196 7.316686
2 2 191 19.397211 179 6.938135
3
0 2 160 7.702371 184 9.374895
1 2 176 9.823868 185 7.629656
2 2 181 5.026552 184 12.954925
3
0 2 160 16.730712 169 18.386398
1 2 173 6.401872 164 1.466929
2 2 170 17.489973 195 12.025498
3
0 2 160 10.400321 166 11.755232
1 2 189 16.458288 177 17.762193
2 2 191 4.396820 177 14.402738
3
0 2 160 16.720640 177 6.380390
1 2 196 15.836941 163 16.822973
2 2 184 1.800665 186 10.008144
3
0 2 160 7.610843 191 17.805656
1 2 163 13.712310 187 11.357405
2 2 195 1.729216 166 16.470723
3
0 2 160 4.845147 186 17.954346
1 2 171 6.809868 196 13.959820
2 2 179 13.369463 160 7.982542
3
0 2 160 7.117355 194 13.877094
1 2 190 2.647113 160 18.376098
2 2 170 4.116955 168 13.576367
3
0 2 160 10.222106 171 1.768647
1 2 171 13.497079 198 19.526811
2 2 165 1.406232 194 10.546454
3
0 2 160 7.214833 169 12.189702
1 2 182 7.418666 172 14.377525
2 2 179 16.857603 189 4.325445
3
0 2 160 15.358089 199 4.500675
1 2 199 17.928439 190 14.747663
2 2 199 1.003954 160 16.493328
3
0 2 160 1.915644 194 12.633169
1 2 193 16.306153 196 16.942094
2 2 163 16.118824 191 17.349271
3
0 2 160 13.563431 171 17.815267
1 2 175 6.699807 171 17.976764
2 2 169 14.286555 190 17.100123
3
0 2 160 3.724936 163 17.831096
1 2 165 13.075420 187 15.463392
2 2 198 15.827512 175 4.029146
3
0 2 160 4.588400 194 15.533869
1 2 167 7.187290 162 6.027042
2 2 169 14.056347 199 6.886405
3
0 2 160 1.507648 191 4.696584
1 2 184 14.052554 180 7.974581
2 2 199 3.901604 197 17.983377
3
0 2 160 9.590813 180 3.831351
1 2 182 9.526092 191 8.518038
2 2 173 1.003046 188 11.493920
3
0 2 160 5.443929 171 18.716416
1 2 167 5.386772 199 6.382863
2 2 184 11.061908 172 4.137963
3
0 2 180 8.467281 192 19.286335
1 2 181 12.658175 185 6.026487
2 2 183 8.808104 190 3.336692
3
0 2 180 1.184338 185 10.876467
1 2 185 4.210493 198 10.115135
2 2 184 12.615466 191 14.153649
3
0 2 180 11.973401 184 4.410685
1 2 183 13.679532 191 17.492079
2 2 197 17.200647 185 10.932928
3
0 2 180 1.052469 188 18.661587
1 2 184 4.664035 193 8.515508
2 2 192 19.810161 191 13.252569
3
0 2 180 18.407079 193 8.211660
1 2 180 13.648606 182 9.339650
2 2 188 13.627019 184 4.078218
3
0 2 180 18.921613 189 1.191819
1 2 185 12.506589 197 6.586305
2 2 184 12.994561 199 4.402484
3
0 2 180 17.294996 196 1.648315
1 2 193 8.280359 190 10.268226
2 2 181 17.906989 196 8.513906
3
0 2 180 12.511233 191 10.022724
1 2 196 11.235394 184 4.883339
2 2 199 10.484517 195 3.774584
3
0 2 180 3.828486 181 9.670205
1 2 191 18.792920 182 11.288659
2 2 190 8.552478 189 1.545531
3
0 2 180 19.376334 191 7.408705
1 2 187 5.234390 188 16.873686
2 2 198 15.863782 190 11.651003
3
0 2 180 7.269271 199 14.951439
1 2 196 3.883077 197 4.505846
2 2 185 8.334167 196 2.215652
3
0 2 180 5.516657 184 7.235674
1 2 184 10.565067 189 18.715927
2 2 190 14.192671 188 19.493529
3
0 2 180 12.042151 181 4.516414
1 2 195 16.331871 182 10.333156
2 2 199 17.081233 193 7.755455
3
0 2 180 15.143718 183 14.784664
1 2 183 11.231821 196 2.874376
2 2 187 7.858322 191 12.732754
3
0 2 180 11.026594 195 6.568842
1 2 196 10.523392 181 1.363235
2 2 186 18.869767 192 1.247032
3
0 2 180 1.017395 183 14.533904
1 2 193 3.556044 181 10.370617
2 2 198 12.301692 190 3.982630
3
0 2 180 13.634283 193 18.027261
1 2 186 9.989098 183 15.679460
2 2 182 10.833617 193 1.691225
3
0 2 180 8.223061 187 9.946196
1 2 182 14.462042 180 13.720517
2 2 193 7.776175 184 4.187132
3
0 2 180 14.356743 181 18.847156
1 2 195 16.662076 199 18.085744
2 2 192 11.943940 187 12.372072
3
0 2 180 5.184580 183 19.842611
1 2 192 10.456569 196 13.704367
2 2 193 18.233336 185 14.920093
3
0 1 199 19.628721
1 1 199 11.895393
2 1 199 13.714722
3
0 1 199 14.357534
1 1 199 2.920311
2 1 199 16.851141
3
0 1 199 15.191128
1 1 199 12.119450
2 1 199 3.948879
3
0 1 199 16.428729
1 1 199 17.875498
2 1 199 16.463272
3
0 1 199 2.945546
1 1 199 3.144376
2 1 199 6.048762
3
0 1 199 1.289088
1 1 199 4.303750
2 1 199 9.493632
3
0 1 199 14.069330
1 1 199 12.643943
2 1 199 5.741567
3
0 1 199 13.944012
1 1 199 3.792843
2 1 199 15.289771
3
0 1 199 15.000768
1 1 199 2.999546
2 1 199 3.525189
3
0 1 199 1.055494
1 1 199 5.805703
2 1 199 13.445176
3
0 1 199 16.532491
1 1 199 6.774531
2 1 199 7.315301
3
0 1 199 5.309937
1 1 199 2.680144
2 1 199 12.356720
3
0 1 199 5.083999
1 1 199 3.355069
2 1 199 13.332543
3
0 1 199 6.969472
1 1 199 13.677751
2 1 199 15.314607
3
0 1 199 18.954014
1 1 199 18.706680
2 1 199 18.072698
3
0 1 199 13.238898
1 1 199 8.006608
2 1 199 11.367580
3
0 1 199 3.655403
1 1 199 3.231333
2 1 199 7.399506
3
0 1 199 3.236540
1 1 199 19.698990
2 1 199 8.735989
3
0 1 199 19.416905
1 1 199 7.647324
2 1 199 11.353802
0
