100 99
3
0 2 10 15.603001 99 6.883587
1 2 98 11.616043 87 6.242774
2 2 48 1.223905 87 1.716335
3
0 2 10 14.187007 14 3.367757
1 2 41 9.972957 46 19.846725
2 2 61 15.281870 35 4.693030
3
0 2 10 9.119863 13 8.066405
1 2 60 7.142657 57 7.120326
2 2 84 9.220188 36 3.907229
3
0 2 10 16.608176 23 3.919688
1 2 51 19.827709 41 1.424796
2 2 29 15.523239 92 10.638041
3
0 2 10 2.555746 84 2.492639
1 2 36 14.717105 98 4.566377
2 2 19 3.229870 84 9.393848
3
0 2 10 10.762260 66 8.369830
1 2 67 2.938395 30 13.767318
2 2 73 8.210104 25 4.458345
3
0 2 10 16.893206 35 13.315261
1 2 41 9.402489 10 2.281377
2 2 88 4.768584 90 6.313144
3
0 2 10 7.616393 15 6.785999
1 2 36 11.688459 27 6.490710
2 2 72 18.436146 74 16.293237
3
0 2 10 2.482682 36 11.844588
1 2 18 14.074583 99 15.958642
2 2 23 13.560186 31 8.725580
3
0 2 10 12.914897 97 4.292548
1 2 26 15.490511 98 14.686217
2 2 31 10.700996 50 17.851573
3
0 2 20 3.790471 28 7.096243
1 2 60 11.827484 33 18.187279
2 2 76 13.913087 59 18.930792
3
0 2 20 5.223973 55 19.252223
1 2 97 12.192079 80 8.767005
2 2 72 11.116190 93 3.197141
3
0 2 20 10.477004 42 15.429936
1 2 50 2.854233 72 18.083506
2 2 73 19.366208 45 11.082632
3
0 2 20 18.128511 93 14.681173
1 2 98 13.563081 27 1.395677
2 2 58 14.370883 45 12.695797
3
0 2 20 9.264896 72 8.947314
1 2 21 7.857690 34 14.644743
2 2 53 2.666296 50 10.425113
3
0 2 20 4.836643 77 10.446001
1 2 53 7.385857 22 12.545928
2 2 81 4.291362 27 6.699320
3
0 2 20 16.514463 33 13.049130
1 2 27 15.797582 58 5.763488
2 2 95 8.137984 80 15.066114
3
0 2 20 14.659306 29 5.176026
1 2 32 17.546432 73 17.618764
2 2 20 12.587142 54 2.193780
3
0 2 20 5.778647 57 6.709948
1 2 43 7.300426 23 19.244027
2 2 82 2.198422 94 12.434456
3
0 2 20 3.515742 66 19.534729
1 2 51 6.441439 34 3.387708
2 2 89 13.033023 31 14.138130
3
0 2 30 2.787585 99 6.096276
1 2 77 6.786693 93 13.578148
2 2 39 15.918818 85 13.318965
3
0 2 30 3.520680 90 17.865797
1 2 57 15.761897 30 2.282549
2 2 61 1.300579 92 18.929559
3
0 2 30 3.105833 96 18.185625
1 2 81 11.832030 54 6.647267
2 2 97 2.963236 35 6.177791
3
0 2 30 4.755817 54 11.877996
1 2 96 7.958539 49 2.174798
2 2 55 18.546910 77 14.048206
3
0 2 30 14.974882 97 17.887680
1 2 91 17.604589 42 16.421450
2 2 43 10.992779 81 7.042590
3
0 2 30 18.242681 49 15.701719
1 2 54 1.904903 80 4.767476
2 2 65 13.659415 37 14.919761
3
0 2 30 17.660104 85 15.219073
1 2 66 14.815046 40 5.220831
2 2 66 8.882112 88 17.163564
3
0 2 30 8.919460 91 9.396675
1 2 91 9.312228 38 9.185624
2 2 48 12.492002 40 12.237110
3
0 2 30 4.093589 93 8.718170
1 2 67 7.597404 66 5.586722
2 2 40 16.752384 91 16.010447
3
0 2 30 13.990924 96 18.322908
1 2 66 2.874506 78 5.185542
2 2 55 7.707805 83 19.866017
3
0 2 40 14.284662 65 19.468966
1 2 71 16.380233 62 7.710662
2 2 90 3.155305 40 9.043414
3
0 2 40 7.358703 74 9.220204
1 2 53 6.794168 94 18.217235
2 2 40 14.866434 55 13.290070
3
0 2 40 10.032303 60 12.081980
1 2 90 9.018328 71 11.136899
2 2 78 10.391600 60 15.140865
3
0 2 40 18.502469 96 3.296319
1 2 49 7.238220 56 5.667898
2 2 86 2.482850 52 18.354975
3
0 2 40 18.221631 80 11.161957
1 2 47 11.673622 57 1.087031
2 2 90 5.385869 92 15.843378
3
0 2 40 10.535421 66 7.012749
1 2 60 13.734710 42 19.034465
2 2 65 11.486123 68 14.192856
3
0 2 40 1.538937 83 10.683192
1 2 85 8.573831 53 3.556230
2 2 74 8.029393 52 14.322481
3
0 2 40 6.532683 62 6.411560
1 2 86 8.986077 58 14.906733
2 2 66 19.682509 96 10.216376
3
0 2 40 2.580490 51 8.002325
1 2 99 15.879029 89 4.892961
2 2 50 2.711297 87 13.898924
3
0 2 40 19.660273 54 1.515316
1 2 47 17.492446 56 4.980721
2 2 80 1.286959 90 18.566610
3
0 2 50 8.014555 87 14.543097
1 2 81 13.258785 72 11.782502
2 2 62 13.238430 50 19.197043
3
0 2 50 18.416465 75 16.588697
1 2 52 4.038930 77 8.910835
2 2 79 19.769348 85 10.546206
3
0 2 50 16.419946 93 8.498265
1 2 87 16.259198 80 5.867157
2 2 65 5.132006 69 9.140833
3
0 2 50 15.221693 83 11.183377
1 2 94 13.070402 67 2.491237
2 2 97 19.254820 76 13.904848
3
0 2 50 1.442719 64 19.565108
1 2 65 10.112667 73 1.447977
2 2 53 19.312767 59 3.499289
3
0 2 50 6.714704 71 1.624211
1 2 78 7.205807 74 5.283455
2 2 51 10.946710 54 6.300510
3
0 2 50 17.632111 74 5.211848
1 2 84 10.118490 71 8.503805
2 2 63 2.885881 52 8.862532
3
0 2 50 17.205049 84 17.420786
1 2 62 7.653888 74 17.896289
2 2 51 7.016424 74 14.305682
3
0 2 50 6.948286 56 2.860100
1 2 54 6.514556 78 16.234213
2 2 89 11.475853 72 6.441582
3
0 2 50 10.797567 70 17.287262
1 2 79 17.105354 85 4.926309
2 2 86 18.032624 64 17.801323
3
0 2 60 8.718807 66 17.096407
1 2 75 4.614934 82 13.697437
2 2 90 14.823380 75 15.936366
3
0 2 60 16.653025 95 19.264052
1 2 90 14.937435 95 19.438814
2 2 63 19.657282 79 15.521617
3
0 2 60 9.191320 64 18.137278
1 2 67 8.136701 65 2.086330
2 2 72 9.188783 91 3.450749
3
0 2 60 2.972910 96 16.451002
1 2 95 18.314257 79 4.661181
2 2 60 17.427884 93 16.532203
3
0 2 60 2.909081 69 16.413733
1 2 85 16.798722 81 1.631757
2 2 91 9.530504 93 2.817527
3
0 2 60 6.717661 89 11.775158
1 2 84 11.533591 72 14.162814
2 2 62 12.398136 60 4.274290
3
0 2 60 3.153479 98 2.491208
1 2 81 12.849485 78 3.915378
2 2 93 19.611820 71 1.716587
3
0 2 60 14.542591 89 19.926808
1 2 87 7.269628 70 8.430030
2 2 64 18.269096 99 10.809159
3
0 2 60 17.430036 90 13.840748
1 2 64 16.563070 77 2.337490
2 2 96 9.890016 67 3.598574
3
0 2 60 13.408033 94 13.718458
1 2 95 13.108896 70 5.674977
2 2 70 10.757995 67 1.742840
3
0 2 70 5.078055 86 13.195688
1 2 92 5.232031 83 13.282067
2 2 91 19.147906 85 11.256062
3
0 2 70 10.187694 99 13.267119
1 2 74 6.659482 81 3.431599
2 2 91 7.660131 86 18.338206
3
0 2 70 3.727486 86 2.033206
1 2 91 10.996113 75 8.305467
2 2 92 14.803427 81 9.284081
3
0 2 70 14.043617 92 12.333531
1 2 92 2.362702 93 15.359986
2 2 93 10.636016 79 4.239914
3
0 2 70 11.258262 79 10.225006
1 2 88 5.451500 92 5.943982
2 2 88 3.723597 71 15.507631
3
0 2 70 5.273161 75 8.167724
1 2 71 18.195760 81 7.519250
2 2 78 15.048919 92 2.472370
3
0 2 70 1.189618 84 14.279179
1 2 84 10.737006 70 4.939975
2 2 95 1.214797 83 15.394322
3
0 2 70 12.950392 75 15.211504
1 2 90 8.857670 91 12.029213
2 2 70 13.196380 97 11.676371
3
0 2 70 12.268891 79 16.542274
1 2 71 7.789043 97 16.339731
2 2 74 7.715749 95 7.046039
3
0 2 70 8.313072 87 13.782191
1 2 93 5.036255 87 3.794480
2 2 97 16.636856 83 18.160498
3
0 2 80 10.298828 85 10.221034
1 2 92 7.841279 93 16.022673
2 2 94 8.513555 80 15.489945
3
0 2 80 18.711518 88 4.645743
1 2 83 7.542038 94 13.467374
2 2 80 19.853844 88 17.701828
3
0 2 80 17.608254 83 19.648923
1 2 84 19.754316 82 1.125957
2 2 82 18.438526 87 5.792047
3
0 2 80 15.193739 95 9.135629
1 2 91 16.415609 80 9.737020
2 2 95 13.154400 86 18.865900
3
0 2 80 18.976973 99 10.292474
1 2 89 4.758865 94 17.317314
2 2 93 11.976562 87 4.872575
3
0 2 80 19.713442 94 4.842891
1 2 92 13.722529 88 14.551477
2 2 97 7.000186 95 9.160690
3
0 2 80 4.540274 88 10.946736
1 2 87 5.882381 94 14.758939
2 2 89 19.009369 92 2.818563
3
0 2 80 1.382240 81 7.909336
1 2 86 19.520000 85 7.418377
2 2 87 15.835579 82 18.720529
3
0 2 80 1.269837 99 12.718278
1 2 97 8.658825 86 8.461423
2 2 83 14.995741 85 13.889803
3
0 2 80 15.452297 98 14.009426
1 2 84 19.859050 88 12.409412
2 2 86 18.066526 89 12.094445
3
0 2 90 12.514363 94 17.740487
1 2 91 16.162465 92 9.474984
2 2 95 14.602970 93 11.619424
3
0 2 90 1.800483 99 11.239821
1 2 98 13.782243 90 2.830017
2 2 90 1.975933 93 10.137481
3
0 2 90 19.545569 96 8.021416
1 2 99 2.384179 92 5.518074
2 2 91 8.509459 94 11.830098
3
0 2 90 9.454393 92 7.945710
1 2 94 17.683494 98 17.633583
2 2 98 8.845781 92 1.447697
3
0 2 90 9.231715 92 17.448995
1 2 92 15.381523 95 15.799849
2 2 94 7.709256 99 2.718164
3
0 2 90 15.067795 93 10.342158
1 2 96 14.956999 90 16.316010
2 2 94 18.946433 99 14.133810
3
0 2 90 13.928093 96 13.162244
1 2 97 17.547111 94 10.611252
2 2 99 14.202773 90 2.312496
3
0 2 90 11.740108 99 5.607127
1 2 93 15.253640 98 14.472217
2 2 92 14.459057 91 13.577810
3
0 2 90 12.503891 92 17.935782
1 2 93 2.920381 98 5.955532
2 2 96 19.084955 90 14.738164
3
0 2 90 9.794046 93 18.501192
1 2 94 15.687315 93 6.051740
2 2 93 19.415024 91 17.701756
3
0 2 99 6.535048 99 13.974937
1 2 99 12.263937 99 3.500701
2 2 99 4.184278 99 5.918070
3
0 2 99 3.761601 99 16.890235
1 2 99 14.376146 99 15.050922
2 2 99 11.800066 99 5.965589
3
0 2 99 16.454169 99 7.740514
1 2 99 14.274995 99 7.716635
2 2 99 17.970260 99 1.024677
3
0 2 99 8.363987 99 10.087534
1 2 99 13.892974 99 17.648624
2 2 99 16.392527 99 2.923598
3
0 2 99 19.922593 99 8.488401
1 2 99 12.934310 99 7.781704
2 2 99 12.148976 99 3.672137
3
0 2 99 6.597529 99 13.538468
1 2 99 6.532686 99 15.951646
2 2 99 2.229585 99 9.318615
3
0 2 99 19.937598 99 18.033413
1 2 99 12.233913 99 14.500277
2 2 99 14.070449 99 7.899373
3
0 2 99 19.202968 99 10.205299
1 2 99 3.380065 99 17.223891
2 2 99 10.953650 99 14.269148
3
0 2 99 16.269020 99 4.260206
1 2 99 15.112484 99 5.676592
2 2 99 9.736213 99 19.258238
0
