200 199
3
0 2 20 19.768071 163 1.285529
1 2 136 15.503390 146 3.834744
2 2 186 14.408523 191 10.322452
3
0 2 20 4.378156 137 8.950582
1 2 32 4.316855 139 8.815087
2 2 51 13.123900 198 4.454490
3
0 2 20 15.971614 178 14.427467
1 2 61 6.597700 159 17.668646
2 2 70 5.281524 94 19.355463
3
0 2 20 17.993321 138 19.599831
1 2 167 9.001002 136 17.049541
2 2 62 9.175747 110 5.609028
3
0 2 20 2.224935 70 12.584426
1 2 188 17.708186 127 8.259285
2 2 119 7.261547 116 11.428018
3
0 2 20 8.538395 135 2.224506
1 2 127 19.348141 44 8.151859
2 2 117 15.812823 177 19.803605
3
0 2 20 13.896797 182 12.523423
1 2 148 11.183299 33 5.727509
2 2 52 10.294396 110 7.435589
3
0 2 20 19.923693 169 17.849822
1 2 52 18.359644 63 8.587086
2 2 61 6.152736 103 1.308449
3
0 2 20 1.299463 66 16.765998
1 2 43 19.125666 131 7.603180
2 2 149 15.876184 139 17.515879
3
0 2 20 9.745781 29 18.481896
1 2 20 5.148186 113 14.228239
2 2 191 18.789229 197 11.273825
3
0 2 20 9.602338 165 13.613103
1 2 168 17.974477 126 6.897391
2 2 144 16.841528 77 12.937317
3
0 2 20 14.481240 83 6.533225
1 2 21 3.994387 175 13.989507
2 2 95 19.481053 164 6.886987
3
0 2 20 3.921173 70 5.316342
1 2 145 16.336779 104 17.196892
2 2 61 1.811839 111 1.068350
3
0 2 20 18.477473 138 14.953626
1 2 158 1.331209 157 19.297386
2 2 91 6.369211 50 6.058593
3
0 2 20 16.230812 23 16.737806
1 2 48 13.732930 134 18.636500
2 2 99 9.218862 161 5.446697
3
0 2 20 13.215492 186 11.760102
1 2 183 5.050543 137 5.630791
2 2 162 3.197566 147 9.801884
3
0 2 20 18.415999 148 7.442521
1 2 97 4.845240 99 4.867849
2 2 107 7.615274 68 4.680238
3
0 2 20 1.756390 51 5.153586
1 2 125 6.438653 43 6.140555
2 2 97 13.642690 40 1.430913
3
0 2 20 12.563575 126 17.114589
1 2 82 13.460290 98 15.269328
2 2 135 2.620859 83 18.452459
3
0 2 20 5.299034 55 8.926693
1 2 163 5.224642 102 18.130128
2 2 31 1.256948 161 10.423376
3
0 2 40 9.220851 181 2.462768
1 2 179 9.244821 77 7.742057
2 2 116 1.937218 135 18.216247
3
0 2 40 15.056659 167 16.438254
1 2 92 7.505878 103 14.166992
2 2 189 19.833280 104 19.150537
3
0 2 40 8.592143 56 19.617761
1 2 156 7.278263 77 18.597534
2 2 198 17.129873 112 6.663425
3
0 2 40 13.161521 194 13.741690
1 2 89 2.114030 101 3.841132
2 2 156 8.029051 113 19.104938
3
0 2 40 18.210832 163 8.477768
1 2 68 4.605238 65 9.844482
2 2 156 6.259823 161 18.094155
3
0 2 40 8.685035 104 4.823199
1 2 66 6.741809 144 11.316489
2 2 146 13.093722 162 6.321443
3
0 2 40 9.637733 88 7.549563
1 2 185 18.289771 190 11.875989
2 2 48 4.198268 61 14.498085
3
0 2 40 2.960415 192 13.602710
1 2 193 6.183700 156 17.628761
2 2 78 4.787290 98 11.597961
3
0 2 40 13.772418 152 10.357528
1 2 171 15.456162 71 17.027309
2 2 171 17.446802 95 14.568922
3
0 2 40 12.262517 141 16.898717
1 2 106 9.343923 58 5.447453
2 2 171 4.737737 60 1.829512
3
0 2 40 16.666609 78 11.527508
1 2 190 12.127207 195 2.002799
2 2 94 19.291987 43 8.507164
3
0 2 40 6.947656 45 7.193601
1 2 182 11.445653 81 14.495148
2 2 182 7.181026 172 12.151935
3
0 2 40 13.791495 163 13.743538
1 2 165 10.406892 69 17.232809
2 2 180 18.611566 83 8.000900
3
0 2 40 6.823886 60 6.840414
1 2 126 14.536817 125 16.872432
2 2 185 2.379801 178 10.065614
3
0 2 40 9.768604 141 14.985232
1 2 109 5.480254 181 12.935051
2 2 65 15.682706 69 1.878843
3
0 2 40 1.593679 186 17.079208
1 2 197 16.364339 123 2.716526
2 2 102 7.065871 79 15.940425
3
0 2 40 12.214108 81 13.946816
1 2 125 6.679137 80 11.442279
2 2 150 12.532191 59 1.852046
3
0 2 40 12.078670 183 10.660455
1 2 62 1.224898 61 8.558356
2 2 154 4.037159 133 19.400519
3
0 2 40 7.659820 44 1.038324
1 2 146 8.728880 66 16.722134
2 2 155 17.283462 194 9.408778
3
0 2 40 16.003254 95 9.917203
1 2 113 6.444139 168 16.768084
2 2 175 18.132960 116 11.462756
3
0 2 60 9.424397 165 9.828496
1 2 192 16.227142 147 17.113856
2 2 97 12.657514 145 6.426620
3
0 2 60 15.151240 171 1.196686
1 2 182 18.933468 60 11.817346
2 2 111 6.573163 71 19.989785
3
0 2 60 2.015892 154 19.595913
1 2 190 7.453406 103 16.812359
2 2 98 17.587859 106 6.240362
3
0 2 60 1.050116 179 8.725509
1 2 163 19.549201 183 11.273674
2 2 138 8.902460 160 13.655032
3
0 2 60 2.671543 146 8.592460
1 2 165 7.450001 125 4.637828
2 2 77 5.145124 98 11.478970
3
0 2 60 10.536501 138 6.313911
1 2 69 3.601970 136 6.343975
2 2 97 1.226916 64 19.038966
3
0 2 60 6.661281 96 14.316761
1 2 132 6.111253 170 5.297984
2 2 194 18.898067 138 16.172407
3
0 2 60 14.246634 120 17.002231
1 2 97 17.376130 158 1.517663
2 2 195 11.351474 163 5.319251
3
0 2 60 19.678267 191 6.254802
1 2 65 18.128747 109 3.504842
2 2 84 16.523205 172 3.362098
3
0 2 60 2.037854 111 15.257330
1 2 198 9.071017 189 7.249561
2 2 97 2.015011 196 17.796089
3
0 2 60 13.853845 64 10.329350
1 2 105 6.471178 188 2.024743
2 2 173 13.040144 100 8.375186
3
0 2 60 3.565346 143 15.967279
1 2 136 1.900713 132 6.295792
2 2 164 6.752718 179 7.534237
3
0 2 60 16.811090 62 18.784604
1 2 170 17.544980 197 11.583211
2 2 131 16.374921 198 11.500587
3
0 2 60 11.755472 139 1.926543
1 2 87 14.101336 198 8.613641
2 2 75 6.068431 195 17.931077
3
0 2 60 10.886991 113 18.445763
1 2 151 5.857649 135 12.247065
2 2 150 11.560779 163 11.983733
3
0 2 60 6.746830 89 14.252210
1 2 151 13.503162 143 6.228471
2 2 124 7.400762 142 16.083681
3
0 2 60 7.781682 115 17.616349
1 2 88 15.085895 98 3.601208
2 2 105 6.196879 87 11.230418
3
0 2 60 14.510219 130 10.469447
1 2 190 1.917582 100 8.954068
2 2 178 8.995539 102 11.357714
3
0 2 60 14.193606 84 9.302015
1 2 66 14.020557 128 17.680751
2 2 126 5.851679 81 3.466711
3
0 2 60 6.221251 120 14.968799
1 2 162 6.234960 97 8.913760
2 2 114 18.821939 141 5.921537
3
0 2 80 9.377072 99 17.312477
1 2 160 1.686655 166 14.622020
2 2 156 9.638218 132 9.887459
3
0 2 80 14.720480 99 17.680738
1 2 175 4.930107 178 5.525609
2 2 157 8.926100 91 5.212973
3
0 2 80 2.513398 84 14.557947
1 2 172 19.924379 80 12.144319
2 2 125 9.042000 191 15.035168
3
0 2 80 11.440370 194 16.001548
1 2 198 17.807432 131 5.340465
2 2 87 16.468432 126 18.757051
3
0 2 80 3.482821 152 12.848203
1 2 134 9.121122 96 19.813824
2 2 154 4.412995 161 10.031033
3
0 2 80 10.664400 140 17.503190
1 2 139 5.748189 188 10.590521
2 2 154 6.513266 101 11.031975
3
0 2 80 19.772819 142 18.256446
1 2 102 4.393532 147 12.739740
2 2 107 7.216665 183 2.180872
3
0 2 80 16.769972 100 12.130478
1 2 110 7.349240 127 14.939634
2 2 134 11.744474 190 13.810212
3
0 2 80 8.285845 135 12.226033
1 2 103 4.332330 153 17.336759
2 2 149 5.729838 145 16.660415
3
0 2 80 16.354776 148 7.901382
1 2 99 19.745203 151 2.960479
2 2 113 17.971207 124 9.558600
3
0 2 80 2.777164 121 13.658353
1 2 199 4.706040 176 16.210891
2 2 165 6.830556 178 11.970795
3
0 2 80 5.290510 113 7.440922
1 2 121 3.540255 196 16.191084
2 2 198 14.739299 188 8.879664
3
0 2 80 15.321768 142 7.142780
1 2 191 15.258479 192 3.206478
2 2 185 15.929793 110 17.485416
3
0 2 80 13.569145 96 13.335452
1 2 115 11.989892 131 7.791519
2 2 98 8.321459 197 2.579277
3
0 2 80 14.174284 167 16.083593
1 2 121 3.160842 119 9.730863
2 2 114 1.936511 186 12.468942
3
0 2 80 6.553684 190 9.785564
1 2 192 1.887628 167 2.278922
2 2 165 11.004241 199 9.247988
3
0 2 80 13.720913 99 15.523441
1 2 193 4.131969 156 19.588984
2 2 83 16.760196 111 15.271543
3
0 2 80 18.479968 117 17.975310
1 2 87 12.421285 143 1.967099
2 2 137 11.779654 178 4.022822
3
0 2 80 7.413832 143 3.431032
1 2 119 6.594072 167 14.557711
2 2 114 1.099132 181 3.722103
3
0 2 80 10.126283 137 12.787647
1 2 110 1.023416 103 9.078561
2 2 183 3.611717 112 12.618136
3
0 2 100 9.188260 199 18.452308
1 2 153 14.072542 182 3.154043
2 2 164 9.023102 141 13.138236
3
0 2 100 15.482344 116 4.008637
1 2 132 5.699706 145 1.318005
2 2 135 16.919878 154 8.157157
3
0 2 100 9.151000 198 2.347284
1 2 154 5.430447 164 3.146040
2 2 117 14.597889 189 10.351756
3
0 2 100 18.545295 161 4.418285
1 2 172 10.994517 192 1.477002
2 2 171 16.620997 177 10.487803
3
0 2 100 6.869441 161 14.276468
1 2 190 8.381659 154 17.567642
2 2 172 13.492161 160 3.156862
3
0 2 100 3.198096 191 14.500091
1 2 180 9.578274 168 17.077188
2 2 107 1.315769 157 17.222356
3
0 2 100 2.772949 124 6.927651
1 2 175 9.399410 169 11.945510
2 2 174 11.734038 168 9.029229
3
0 2 100 11.106244 113 1.471603
1 2 170 16.088321 172 3.464925
2 2 141 15.165315 103 4.384893
3
0 2 100 9.458966 144 7.461290
1 2 173 8.550204 193 8.527246
2 2 112 4.721885 179 15.568707
3
0 2 100 18.951904 188 19.342292
1 2 123 13.261513 190 18.030047
2 2 115 2.494544 168 1.806607
3
0 2 100 1.581211 168 1.919384
1 2 143 7.101279 100 10.551019
2 2 160 5.238636 170 8.121039
3
0 2 100 16.028163 117 6.687802
1 2 103 7.495376 105 15.461524
2 2 167 10.198518 147 13.421367
3
0 2 100 13.104937 112 10.460325
1 2 104 16.391021 170 13.683950
2 2 160 9.112730 144 18.697884
3
0 2 100 17.163017 104 3.692134
1 2 112 17.288504 177 10.138436
2 2 111 13.717452 149 13.541883
3
0 2 100 19.898497 188 10.298881
1 2 130 9.727897 114 12.326301
2 2 128 11.040075 108 7.559608
3
0 2 100 19.954182 110 8.706259
1 2 194 13.332717 132 18.627843
2 2 165 14.264282 133 16.118755
3
0 2 100 9.293621 135 11.282325
1 2 149 7.812200 174 18.379727
2 2 152 4.908653 140 2.973118
3
0 2 100 3.029978 142 5.390912
1 2 125 3.886308 195 12.914011
2 2 160 14.640077 108 1.198982
3
0 2 100 5.544319 187 6.089445
1 2 122 15.541292 168 19.172861
2 2 100 16.868655 187 16.959055
3
0 2 100 11.201400 177 2.508305
1 2 142 5.600549 146 4.001353
2 2 198 3.231918 159 4.252462
3
0 2 120 8.523041 123 15.262094
1 2 193 13.045048 163 19.402260
2 2 191 8.681535 189 15.704870
3
0 2 120 6.600897 141 8.126254
1 2 143 2.149824 139 12.509120
2 2 168 18.194052 123 16.823447
3
0 2 120 2.768261 164 12.641069
1 2 190 8.636955 138 2.124377
2 2 121 3.662298 188 8.982301
3
0 2 120 11.836693 163 13.931104
1 2 131 9.339078 138 7.749864
2 2 124 4.587947 151 7.236438
3
0 2 120 17.551745 199 8.900594
1 2 188 15.563668 150 10.843799
2 2 128 15.481780 134 17.170332
3
0 2 120 8.334028 137 15.791209
1 2 197 13.004440 144 2.036349
2 2 146 3.148671 164 16.466459
3
0 2 120 13.766334 190 13.531824
1 2 158 2.216708 156 1.551505
2 2 132 2.165328 151 11.033615
3
0 2 120 13.185491 190 1.403866
1 2 130 13.493387 124 12.568406
2 2 163 1.511609 161 1.811469
3
0 2 120 13.492465 138 12.020570
1 2 123 13.981119 125 19.163710
2 2 195 7.569512 194 18.360888
3
0 2 120 2.102369 181 6.058541
1 2 170 17.961846 145 5.777882
2 2 139 9.532290 166 15.814666
3
0 2 120 15.509251 133 13.529359
1 2 189 4.570007 145 7.096642
2 2 129 10.851251 174 12.711316
3
0 2 120 15.520223 181 6.481231
1 2 185 16.272090 176 9.020284
2 2 177 8.586110 166 4.447426
3
0 2 120 1.716488 158 11.727138
1 2 138 15.948915 199 4.710488
2 2 120 3.626162 160 9.551723
3
0 2 120 12.831887 193 11.011582
1 2 120 8.852804 131 9.203966
2 2 196 11.582598 137 11.608039
3
0 2 120 16.789535 132 5.604703
1 2 164 6.099577 161 19.215714
2 2 130 11.954967 193 11.309255
3
0 2 120 7.169660 191 11.539962
1 2 153 3.555622 173 14.107174
2 2 155 8.592563 126 1.745954
3
0 2 120 13.548533 152 14.954090
1 2 171 18.819610 177 8.526953
2 2 189 17.315392 145 12.261366
3
0 2 120 3.360165 123 14.034556
1 2 129 6.759962 181 14.730807
2 2 122 16.172919 134 11.201361
3
0 2 120 15.368864 150 3.208998
1 2 178 13.952615 167 1.996089
2 2 182 5.095256 160 10.793086
3
0 2 120 16.669246 162 19.336264
1 2 180 13.312270 138 15.496575
2 2 136 9.458184 178 4.811765
3
0 2 140 9.295408 199 4.337190
1 2 155 5.774749 186 8.415250
2 2 150 7.851004 193 10.308092
3
0 2 140 17.477730 196 9.765364
1 2 185 1.446220 167 3.484647
2 2 198 10.827010 155 9.447496
3
0 2 140 2.537383 192 16.897748
1 2 160 18.372159 141 19.122356
2 2 164 17.273510 152 12.761228
3
0 2 140 15.081085 149 19.587506
1 2 175 14.507233 182 9.008388
2 2 178 16.128452 141 6.583484
3
0 2 140 18.484913 167 18.447887
1 2 144 4.691727 145 5.192139
2 2 191 2.745069 144 1.234952
3
0 2 140 8.403315 143 12.660061
1 2 190 8.816751 196 17.901164
2 2 179 7.466434 180 7.940720
3
0 2 140 10.846798 198 6.640025
1 2 152 11.439736 178 9.251263
2 2 193 7.365813 183 17.646286
3
0 2 140 9.921236 162 13.764337
1 2 151 1.553973 183 6.647848
2 2 192 2.348055 171 8.913489
3
0 2 140 1.133207 172 19.645351
1 2 158 18.400570 192 5.075727
2 2 186 12.487482 174 5.783679
3
0 2 140 3.846418 164 6.149582
1 2 174 13.879482 149 8.783128
2 2 151 15.258447 167 2.124667
3
0 2 140 9.334981 177 6.605660
1 2 173 9.778501 143 3.389530
2 2 173 6.692505 184 12.802748
3
0 2 140 13.263935 197 9.886973
1 2 164 7.085746 186 16.639333
2 2 144 9.963466 196 16.910772
3
0 2 140 17.662179 186 3.967680
1 2 165 9.189327 177 4.868476
2 2 151 3.313637 165 3.225848
3
0 2 140 13.706471 159 10.458598
1 2 196 14.707012 146 7.457791
2 2 181 13.821291 185 10.104307
3
0 2 140 4.339032 188 8.213179
1 2 190 11.405624 154 8.589240
2 2 190 9.948886 142 19.554128
3
0 2 140 17.324032 184 12.270679
1 2 178 11.767884 146 12.538464
2 2 160 10.693337 146 4.817664
3
0 2 140 10.003393 187 2.632992
1 2 154 16.512695 173 1.940191
2 2 141 18.148092 156 7.808595
3
0 2 140 12.864045 189 10.972270
1 2 172 8.653521 146 3.098031
2 2 163 12.339976 143 19.210825
3
0 2 140 7.223228 155 1.616041
1 2 197 18.925888 151 4.146679
2 2 171 9.444659 167 11.167514
3
0 2 140 7.262349 180 2.125186
1 2 143 1.026630 146 8.158956
2 2 152 9.705835 155 3.940564
3
0 2 160 7.815159 171 4.041974
1 2 185 10.130156 190 7.584377
2 2 182 19.533709 178 7.200661
3
0 2 160 15.387638 180 1.878441
1 2 185 12.353390 166 18.888862
2 2 193 19.889804 189 11.800120
3
0 2 160 9.618919 191 16.743911
1 2 176 11.188892 187 9.333336
2 2 178 15.071314 167 8.741355
3
0 2 160 11.776630 190 7.577047
1 2 198 6.841903 164 1.010305
2 2 190 15.972383 175 19.474952
3
0 2 160 19.855553 184 2.004602
1 2 183 8.321876 196 14.928846
2 2 162 4.960875 166 4.482700
3
0 2 160 5.453801 193 5.117225
1 2 189 1.746623 170 2.266732
2 2 188 17.112841 169 2.531901
3
0 2 160 2.556244 194 13.287118
1 2 183 5.995714 164 17.874010
2 2 166 5.521014 198 16.599713
3
0 2 160 11.722093 189 10.009934
1 2 168 5.120050 170 6.629400
2 2 160 3.065169 163 16.414440
3
0 2 160 8.339752 187 1.600541
1 2 179 15.831404 164 5.542511
2 2 161 3.961359 186 9.634036
3
0 2 160 19.719841 162 1.848304
1 2 160 7.256798 193 14.127271
2 2 179 4.767542 173 6.929934
3
0 2 160 1.851154 185 16.592819
1 2 177 6.479475 170 3.107814
2 2 160 8.301647 176 11.143608
3
0 2 160 3.004795 189 16.882388
1 2 180 14.397565 181 15.623439
2 2 182 16.186127 185 1.822337
3
0 2 160 9.699693 199 3.951400
1 2 185 8.529349 191 10.022309
2 2 176 7.655785 165 10.326445
3
0 2 160 6.963178 163 9.121717
1 2 171 14.995554 181 9.859217
2 2 177 6.784827 193 16.990468
3
0 2 160 15.632316 174 17.977379
1 2 168 10.175948 175 12.830679
2 2 187 6.057009 193 5.369991
3
0 2 160 16.767596 183 18.184994
1 2 162 8.670434 197 18.004275
2 2 179 14.897796 188 8.247717
3
0 2 160 9.262874 180 15.000029
1 2 191 2.704127 188 5.308716
2 2 174 11.096349 191 3.413449
3
0 2 160 3.394570 188 6.745502
1 2 165 17.928372 199 16.815095
2 2 163 11.330730 161 9.866395
3
0 2 160 14.771910 163 15.158931
1 2 180 5.985172 192 5.179002
2 2 171 2.580753 188 4.779830
3
0 2 160 6.783817 199 6.234833
1 2 183 13.119527 167 16.805957
2 2 170 9.738940 188 3.336478
3
0 2 180 17.494718 181 1.019501
1 2 189 16.000768 195 8.018253
2 2 180 4.155384 182 14.414469
3
0 2 180 18.113435 199 8.912139
1 2 187 9.571257 196 2.123853
2 2 186 3.588629 197 18.528635
3
0 2 180 2.864622 185 5.884985
1 2 180 5.201375 199 2.944081
2 2 181 19.122141 193 10.493618
3
0 2 180 13.323776 192 15.056127
1 2 192 9.545058 194 13.999321
2 2 180 3.576191 187 3.793169
3
0 2 180 7.013193 191 12.523632
1 2 194 12.842224 180 2.132343
2 2 186 4.884377 189 15.486698
3
0 2 180 19.962472 198 12.837107
1 2 195 10.932648 180 16.002012
2 2 184 14.687129 195 18.875015
3
0 2 180 10.565373 181 18.356967
1 2 181 12.296347 194 17.341211
2 2 187 16.576078 194 2.516899
3
0 2 180 19.519179 186 8.284167
1 2 182 4.046338 192 17.412163
2 2 187 3.747004 191 6.013446
3
0 2 180 14.739323 189 18.298842
1 2 196 18.935972 180 18.596215
2 2 189 17.164432 194 1.173594
3
0 2 180 16.001515 182 12.289078
1 2 188 6.374421 184 1.423082
2 2 181 3.909353 193 17.099846
3
0 2 180 13.322982 186 18.518243
1 2 195 9.017180 194 12.162469
2 2 190 11.640895 196 12.301485
3
0 2 180 16.382301 199 11.714113
1 2 181 13.341890 190 4.450510
2 2 181 10.940150 190 4.356550
3
0 2 180 11.668321 197 7.590220
1 2 182 4.259504 191 5.930135
2 2 183 16.705339 191 18.294456
3
0 2 180 10.752515 187 4.389985
1 2 182 7.578339 181 1.103988
2 2 187 5.688777 184 16.979373
3
0 2 180 3.473039 189 3.795433
1 2 196 15.486742 185 16.531999
2 2 191 15.495156 181 12.247986
3
0 2 180 6.224420 197 6.435368
1 2 197 7.690828 193 6.284529
2 2 191 9.594550 183 19.699896
3
0 2 180 6.452531 190 16.321247
1 2 182 5.601833 186 17.190594
2 2 191 16.823748 197 10.506060
3
0 2 180 8.906726 181 6.626328
1 2 189 9.251560 185 6.581576
2 2 189 10.195955 185 17.481356
3
0 2 180 14.685865 184 11.340517
1 2 197 10.042412 196 12.430718
2 2 180 19.780379 192 15.760413
3
0 2 180 4.635053 183 15.340202
1 2 182 8.124437 183 5.067969
2 2 190 3.514469 194 2.166383
3
0 1 199 15.639509
1 1 199 15.665578
2 1 199 5.591379
3
0 1 199 6.479522
1 1 199 2.900640
2 1 199 19.692436
3
0 1 199 10.520985
1 1 199 16.917746
2 1 199 2.325009
3
0 1 199 13.721954
1 1 199 3.017992
2 1 199 11.810691
3
0 1 199 13.280707
1 1 199 14.587885
2 1 199 11.104487
3
0 1 199 14.432608
1 1 199 7.068948
2 1 199 15.703576
3
0 1 199 15.064374
1 1 199 14.902954
2 1 199 10.718690
3
0 1 199 7.506882
1 1 199 10.300458
2 1 199 7.192053
3
0 1 199 13.950689
1 1 199 2.299262
2 1 199 7.906198
3
0 1 199 2.500686
1 1 199 13.070419
2 1 199 10.101660
3
0 1 199 17.157107
1 1 199 1.073080
2 1 199 11.515467
3
0 1 199 16.997422
1 1 199 6.100598
2 1 199 1.897858
3
0 1 199 6.271845
1 1 199 12.579074
2 1 199 15.829886
3
0 1 199 9.377536
1 1 199 4.060952
2 1 199 17.258488
3
0 1 199 4.328743
1 1 199 18.124537
2 1 199 9.165042
3
0 1 199 2.439363
1 1 199 15.843572
2 1 199 19.723449
3
0 1 199 14.951443
1 1 199 8.166866
2 1 199 1.288001
3
0 1 199 16.452436
1 1 199 13.073682
2 1 199 9.947335
3
0 1 199 9.815814
1 1 199 6.477182
2 1 199 6.687119
0
