20 19
3
0 2 5 4.804040 6 6.439481
1 2 6 3.236634 5 1.047732
2 2 14 18.424724 7 18.181314
3
0 2 5 1.403717 7 17.267890
1 2 7 5.595803 12 10.696350
2 2 17 11.709096 13 13.805413
3
0 2 5 2.371174 14 11.749778
1 2 16 11.473488 11 13.847782
2 2 17 4.304195 15 19.468695
3
0 2 5 8.312521 19 8.489785
1 2 18 13.535182 5 14.065596
2 2 6 8.049514 18 17.304041
3
0 2 5 2.686052 18 6.423007
1 2 17 8.662218 18 1.599758
2 2 14 3.619246 8 2.010896
3
0 2 10 2.209846 11 7.321875
1 2 17 14.158192 15 16.626450
2 2 14 5.542486 16 14.302587
3
0 2 10 17.502618 12 2.331690
1 2 16 4.586940 19 9.672434
2 2 11 10.968160 15 6.078890
3
0 2 10 5.551806 12 13.593919
1 2 14 13.410079 17 7.862463
2 2 10 1.343488 15 13.814381
3
0 2 10 12.106486 11 12.337854
1 2 12 16.159348 13 9.939136
2 2 14 4.455836 12 15.142407
3
0 2 10 7.443965 14 10.157779
1 2 14 18.416250 16 2.144211
2 2 19 15.513242 13 14.642712
3
0 2 15 13.625789 18 9.707063
1 2 15 10.768314 17 18.321127
2 2 17 6.867972 15 8.039562
3
0 2 15 8.844026 16 11.721335
1 2 16 15.592800 15 19.089155
2 2 16 15.055606 19 4.570087
3
0 2 15 7.659908 18 15.440414
1 2 19 8.560167 15 5.539584
2 2 15 19.708725 18 7.785368
3
0 2 15 15.198726 17 14.657188
1 2 17 8.628181 18 1.835768
2 2 18 8.206573 19 16.740116
3
0 2 15 14.175548 17 14.295693
1 2 19 2.048222 17 9.005241
2 2 18 18.644208 16 15.976868
3
0 2 19 5.642175 19 10.753452
1 2 19 4.067018 19 14.591558
2 2 19 6.139374 19 2.578393
3
0 2 19 9.671175 19 2.008873
1 2 19 5.888215 19 13.784769
2 2 19 3.676496 19 10.294832
3
0 2 19 15.727610 19 3.728504
1 2 19 16.052742 19 4.745391
2 2 19 3.195718 19 12.731313
3
0 2 19 4.955078 19 1.003752
1 2 19 14.794596 19 19.816193
2 2 19 3.862125 19 8.066332
0
