20 19
3
0 2 5 17.386504 17 3.002497
1 2 12 12.061240 10 7.470886
2 2 12 8.670111 8 2.523446
3
0 2 5 15.388167 9 4.370673
1 2 18 9.238780 16 9.282166
2 2 8 4.482235 9 6.785510
3
0 2 5 17.685705 19 7.696610
1 2 6 4.134569 17 11.632185
2 2 18 13.931046 10 15.158546
3
0 2 5 5.178771 14 6.152289
1 2 6 18.386354 17 10.894903
2 2 18 3.045081 13 11.904375
3
0 2 5 19.920838 19 7.782464
1 2 9 17.591567 7 10.038875
2 2 18 4.058076 17 1.923682
3
0 2 10 17.087369 19 1.061722
1 2 12 1.278480 17 14.771763
2 2 14 3.212860 17 15.915571
3
0 2 10 6.737120 13 13.732957
1 2 19 16.041429 18 7.401882
2 2 10 11.041836 16 16.971690
3
0 2 10 15.196025 19 13.074739
1 2 11 18.031658 17 1.298104
2 2 10 19.099950 13 17.509452
3
0 2 10 6.369228 15 13.702632
1 2 18 10.427597 11 12.459112
2 2 14 4.914857 15 13.987941
3
0 2 10 18.564916 12 9.749995
1 2 16 19.913051 17 5.980476
2 2 19 3.538424 18 1.130856
3
0 2 15 2.423987 17 18.895750
1 2 19 17.262932 18 8.287883
2 2 17 10.909803 15 10.821826
3
0 2 15 12.820009 18 18.280491
1 2 15 10.505706 19 18.540995
2 2 18 10.996428 17 7.622828
3
0 2 15 15.470734 19 10.193714
1 2 19 1.936513 17 8.257596
2 2 16 19.630568 15 10.709815
3
0 2 15 17.023497 16 2.644280
1 2 18 5.784391 16 1.950241
2 2 17 11.830120 19 19.074552
3
0 2 15 17.330826 18 17.748382
1 2 17 13.595654 18 2.932742
2 2 18 3.940237 19 16.708698
3
0 1 19 15.476891
1 1 19 3.969790
2 1 19 13.840483
3
0 1 19 11.445766
1 1 19 15.556597
2 1 19 4.752438
3
0 1 19 1.630923
1 1 19 7.832539
2 1 19 7.807196
3
0 1 19 17.771241
1 1 19 15.975296
2 1 19 11.113979
0
