20 19
3
0 2 5 5.398794 14 14.446593
1 2 17 5.568195 6 11.736384
2 2 14 10.389761 13 15.113236
3
0 2 5 12.883942 13 16.527022
1 2 12 5.934023 19 8.947670
2 2 5 9.501970 19 4.746328
3
0 2 5 18.100574 10 8.170498
1 2 17 13.285746 16 12.513800
2 2 11 18.132516 6 9.828956
3
0 2 5 5.890197 8 8.906798
1 2 9 10.129524 18 4.881724
2 2 10 2.285712 15 10.010718
3
0 2 5 3.935126 15 11.165296
1 2 5 17.183412 16 10.343453
2 2 17 3.481050 13 19.751987
3
0 2 10 3.058446 16 10.518010
1 2 17 19.412193 14 6.893018
2 2 12 13.540954 13 10.040697
3
0 2 10 3.785811 17 1.269028
1 2 15 19.647271 13 3.031987
2 2 16 12.078345 19 17.896443
3
0 2 10 12.049474 15 5.114238
1 2 15 1.009321 13 7.762747
2 2 12 14.689676 19 18.500664
3
0 2 10 3.628729 15 1.465527
1 2 17 1.288725 15 7.445965
2 2 12 16.585033 13 16.964887
3
0 2 10 18.951155 17 17.333055
1 2 12 7.307490 16 14.398493
2 2 11 8.326991 17 13.250145
3
0 2 15 1.103549 16 17.199568
1 2 15 17.693578 16 12.091104
2 2 19 9.890980 17 14.260703
3
0 2 15 6.849450 17 9.460045
1 2 15 4.692655 16 11.318730
2 2 17 11.520530 18 17.610531
3
0 2 15 8.888605 16 13.091735
1 2 16 1.330353 17 17.082893
2 2 18 12.958520 17 17.658915
3
0 2 15 14.654903 18 3.947431
1 2 16 8.152459 17 3.187829
2 2 18 18.640887 17 4.569462
3
0 2 15 1.795275 16 17.391807
1 2 19 15.579791 15 16.030166
2 2 17 18.248220 19 4.374863
3
0 2 19 15.123801 19 5.047246
1 2 19 4.899640 19 15.779595
2 2 19 5.895008 19 11.818024
3
0 2 19 2.602268 19 19.664009
1 2 19 9.520810 19 7.166132
2 2 19 12.021168 19 2.746415
3
0 2 19 2.823478 19 1.759871
1 2 19 10.720687 19 13.122361
2 2 19 10.770319 19 6.582612
3
0 2 19 15.114241 19 10.672439
1 2 19 7.908451 19 19.678568
2 2 19 3.614018 19 18.678128
0
