20 19
3
0 2 5 9.949338 14 15.557100
1 2 8 2.945890 17 11.370499
2 2 13 18.012281 10 16.035068
3
0 2 5 2.300777 11 17.640999
1 2 7 3.407848 9 13.327787
2 2 11 11.921807 13 10.282746
3
0 2 5 5.078797 13 18.602586
1 2 13 2.022798 11 7.835469
2 2 10 14.601644 9 4.521380
3
0 2 5 8.616909 7 1.808687
1 2 13 2.822294 8 17.272164
2 2 16 6.054192 13 2.527551
3
0 2 5 2.672151 7 4.045076
1 2 7 1.082886 11 2.523554
2 2 14 14.819862 13 11.870038
3
0 2 10 9.432418 13 9.575766
1 2 13 1.785855 18 19.428823
2 2 17 7.208478 13 7.092842
3
0 2 10 8.985583 14 7.431260
1 2 11 17.796483 17 15.531397
2 2 11 16.955699 13 11.855522
3
0 2 10 4.467424 19 18.164803
1 2 11 11.178592 18 10.610182
2 2 15 3.856098 14 15.678802
3
0 2 10 13.224956 17 6.499859
1 2 13 5.571677 12 18.989600
2 2 10 6.807070 17 7.816885
3
0 2 10 19.071366 19 1.782760
1 2 11 15.454142 15 7.515367
2 2 16 2.601274 12 16.278535
3
0 2 15 13.657507 18 14.709301
1 2 19 5.654055 15 1.263007
2 2 17 5.725545 18 9.762148
3
0 2 15 12.397994 18 12.071170
1 2 16 1.868654 18 11.173017
2 2 17 11.600628 18 1.877722
3
0 2 15 18.769031 16 18.819259
1 2 17 19.694954 16 1.787158
2 2 18 2.307475 15 12.013261
3
0 2 15 13.069056 16 6.311258
1 2 15 17.661416 19 3.790731
2 2 19 12.835706 16 9.105429
3
0 2 15 7.283558 16 14.290973
1 2 15 17.737908 16 13.228153
2 2 18 19.416611 15 16.835038
3
0 1 19 6.070009
1 1 19 11.289738
2 1 19 16.921331
3
0 1 19 5.578141
1 1 19 7.201243
2 1 19 3.621711
3
0 1 19 4.013194
1 1 19 7.826059
2 1 19 6.483934
3
0 1 19 17.859547
1 1 19 17.754532
2 1 19 11.914113
0
