100 99
3
0 2 10 7.868327 47 13.814754
1 2 74 7.251472 98 18.215234
2 2 80 9.964709 38 3.662308
3
0 2 10 9.317737 73 2.516892
1 2 19 14.849165 38 4.736023
2 2 63 15.850042 45 12.528656
3
0 2 10 3.290874 75 9.244994
1 2 10 19.271996 77 5.510976
2 2 16 6.698331 45 15.475767
3
0 2 10 3.124454 83 15.531491
1 2 21 12.901108 85 10.479800
2 2 14 16.216224 50 17.092286
3
0 2 10 16.420227 41 12.583396
1 2 26 2.385655 36 1.775201
2 2 11 16.403503 51 15.197020
3
0 2 10 15.680588 93 5.284111
1 2 78 4.704527 32 11.040317
2 2 83 14.887681 17 18.708712
3
0 2 10 1.267625 29 3.010605
1 2 93 8.724938 68 16.693950
2 2 93 11.875174 49 13.763211
3
0 2 10 15.214943 72 19.997168
1 2 77 6.652129 25 15.567342
2 2 54 10.824665 99 3.671519
3
0 2 10 18.611985 22 17.665547
1 2 59 5.378947 80 12.247660
2 2 43 11.185476 13 2.153059
3
0 2 10 14.223161 59 16.762631
1 2 33 11.759413 91 4.486925
2 2 99 14.865144 48 18.490939
3
0 2 20 19.559913 50 2.827132
1 2 78 6.115291 40 4.944814
2 2 88 1.497540 96 4.327745
3
0 2 20 6.621840 58 10.023519
1 2 44 18.163000 73 3.073149
2 2 56 7.463649 74 7.800696
3
0 2 20 8.410639 62 14.661588
1 2 54 12.391036 37 12.475258
2 2 45 16.743340 93 14.230032
3
0 2 20 12.068499 26 5.455707
1 2 97 5.595141 72 12.119973
2 2 92 18.949434 36 11.983943
3
0 2 20 6.176740 40 3.084349
1 2 41 13.940678 45 10.770745
2 2 96 3.512472 35 9.638420
3
0 2 20 15.719490 52 13.433078
1 2 94 17.855190 68 4.986520
2 2 30 7.446504 42 16.230065
3
0 2 20 7.991321 53 14.080210
1 2 47 6.647374 90 15.464955
2 2 62 19.573984 84 3.410416
3
0 2 20 4.614883 73 13.350902
1 2 97 9.781355 65 6.219983
2 2 43 18.537844 23 7.689378
3
0 2 20 9.675124 67 13.131550
1 2 70 18.198340 42 19.140566
2 2 41 1.346046 57 7.598441
3
0 2 20 5.240219 21 3.147558
1 2 64 2.685818 78 18.465573
2 2 71 9.109472 47 6.655012
3
0 2 30 3.472531 70 3.259346
1 2 64 3.102055 48 17.601505
2 2 45 7.701034 55 13.627927
3
0 2 30 9.480346 86 14.718846
1 2 37 1.330270 97 1.134362
2 2 91 19.279810 93 1.689130
3
0 2 30 10.634766 73 5.284135
1 2 87 3.841299 66 5.578207
2 2 82 13.349520 98 19.708060
3
0 2 30 11.284501 42 1.311393
1 2 43 11.721273 93 6.955716
2 2 73 8.448923 40 19.531326
3
0 2 30 11.148628 91 1.520389
1 2 93 8.871297 69 1.446123
2 2 50 9.707925 89 16.098999
3
0 2 30 17.283253 77 11.741386
1 2 93 11.595725 49 16.465954
2 2 49 8.288007 33 9.554660
3
0 2 30 10.355566 77 7.704660
1 2 77 8.603874 64 4.110160
2 2 90 11.279734 44 5.678578
3
0 2 30 3.284148 35 7.340697
1 2 36 16.306849 65 13.294924
2 2 55 5.449420 38 4.309891
3
0 2 30 1.975748 72 12.590042
1 2 33 8.294804 70 14.377934
2 2 51 6.093587 37 16.361816
3
0 2 30 16.780846 45 13.282982
1 2 48 1.806690 74 1.394386
2 2 49 12.331760 59 14.501556
3
0 2 40 13.395463 99 5.029134
1 2 55 3.146559 77 16.058758
2 2 60 18.281366 86 11.680125
3
0 2 40 14.504248 51 4.562207
1 2 59 18.158289 44 12.049013
2 2 75 3.617660 46 11.992023
3
0 2 40 5.347587 56 7.730856
1 2 55 10.087999 75 9.470681
2 2 42 18.529052 53 11.150824
3
0 2 40 13.503481 70 3.534602
1 2 74 8.539736 58 7.651177
2 2 87 9.814597 70 19.042551
3
0 2 40 18.826057 47 5.006313
1 2 70 19.918980 98 7.702442
2 2 89 3.255709 63 19.310898
3
0 2 40 18.395285 91 1.761222
1 2 98 10.977927 93 14.896488
2 2 96 7.714251 75 18.694891
3
0 2 40 13.562256 93 14.960718
1 2 58 15.682114 66 4.704857
2 2 62 10.936334 46 12.351191
3
0 2 40 19.686215 54 11.965835
1 2 69 2.371843 57 9.765244
2 2 89 12.592971 94 16.555916
3
0 2 40 14.009609 75 9.749471
1 2 86 13.522682 41 3.614957
2 2 54 3.898145 57 2.888116
3
0 2 40 16.758907 59 1.327971
1 2 79 7.916254 48 16.154156
2 2 88 1.270281 75 8.586727
3
0 2 50 10.740605 90 12.838350
1 2 63 12.180510 81 14.298294
2 2 53 2.686387 93 11.417411
3
0 2 50 8.624443 71 9.407799
1 2 58 3.760543 87 3.710465
2 2 70 1.797717 65 7.938305
3
0 2 50 12.338688 92 8.443096
1 2 86 9.853727 73 8.629144
2 2 84 16.005005 52 10.392313
3
0 2 50 8.073552 90 11.254131
1 2 56 8.606084 85 13.005558
2 2 73 17.053963 58 6.521914
3
0 2 50 18.822311 52 15.323646
1 2 68 12.125585 73 16.189360
2 2 52 16.705371 50 14.850689
3
0 2 50 16.639736 74 2.660081
1 2 75 18.850125 85 9.823357
2 2 89 11.790386 95 1.224367
3
0 2 50 7.390341 80 12.998569
1 2 81 4.346456 77 4.900894
2 2 82 8.327769 99 16.810897
3
0 2 50 14.073644 84 10.206894
1 2 58 14.967026 72 18.120185
2 2 65 16.566817 78 12.713901
3
0 2 50 3.059993 75 13.654330
1 2 80 15.742234 60 1.484206
2 2 79 13.191758 68 19.032916
3
0 2 50 8.930971 97 11.447980
1 2 99 2.207298 60 15.567768
2 2 91 15.648072 77 10.654649
3
0 2 60 7.961315 71 2.146819
1 2 63 11.585959 65 10.339080
2 2 63 6.795316 69 6.295274
3
0 2 60 8.042674 62 18.287081
1 2 61 10.577853 90 7.946368
2 2 68 16.839869 79 2.809308
3
0 2 60 12.004454 65 15.877036
1 2 70 15.558102 65 13.794020
2 2 78 14.602539 97 8.876388
3
0 2 60 10.124285 93 8.853288
1 2 98 19.027883 70 2.097741
2 2 93 19.307911 61 5.862262
3
0 2 60 1.157971 84 1.097723
1 2 60 1.198475 63 11.157881
2 2 68 12.117169 86 15.040810
3
0 2 60 2.994733 71 6.120403
1 2 92 9.227947 99 16.777271
2 2 65 4.450383 95 11.524235
3
0 2 60 17.813628 77 14.212898
1 2 73 7.594884 68 1.276119
2 2 87 2.597143 92 11.972348
3
0 2 60 5.392608 71 4.412890
1 2 84 5.372282 69 1.398068
2 2 98 19.364265 72 5.678051
3
0 2 60 5.828576 75 14.941910
1 2 84 15.157489 95 10.509978
2 2 69 17.194311 82 16.617512
3
0 2 60 10.108692 69 1.040422
1 2 64 18.418037 88 3.391954
2 2 61 17.240226 91 15.280428
3
0 2 70 19.046729 79 17.379985
1 2 92 15.186840 73 15.049215
2 2 91 7.394210 75 11.673887
3
0 2 70 16.492721 80 9.987197
1 2 91 8.908579 71 14.709474
2 2 97 17.601805 84 14.760605
3
0 2 70 15.760486 86 14.760164
1 2 86 6.445407 72 8.105378
2 2 78 17.637185 77 6.240050
3
0 2 70 12.469994 93 8.450355
1 2 92 9.471856 70 12.726167
2 2 98 13.858612 79 14.426773
3
0 2 70 16.717783 98 1.743960
1 2 72 1.999771 81 17.164061
2 2 91 13.864125 76 16.017169
3
0 2 70 1.300887 95 1.627816
1 2 85 2.337691 91 14.662590
2 2 93 19.625248 91 6.853072
3
0 2 70 1.832859 83 7.100290
1 2 80 14.099658 72 18.446883
2 2 88 15.973776 90 8.157355
3
0 2 70 16.423145 71 11.710514
1 2 75 15.471784 92 7.868409
2 2 75 7.348013 92 7.203616
3
0 2 70 11.109160 85 3.747139
1 2 75 1.471775 82 10.430186
2 2 95 1.500343 92 7.086796
3
0 2 70 2.664635 80 3.930830
1 2 96 9.508673 87 3.169652
2 2 80 1.361856 90 8.812650
3
0 2 80 13.062680 96 4.036707
1 2 92 9.985262 86 10.881992
2 2 89 10.854490 93 16.030567
3
0 2 80 8.065670 81 17.696585
1 2 83 4.912799 80 9.325294
2 2 93 4.255704 95 11.833102
3
0 2 80 7.210740 86 10.262811
1 2 88 3.260441 99 5.828821
2 2 88 17.160420 89 8.725798
3
0 2 80 18.724116 90 6.647435
1 2 86 2.761688 94 9.203310
2 2 85 17.875380 86 5.357284
3
0 2 80 7.843197 87 1.316828
1 2 90 17.088470 98 2.242303
2 2 80 17.481645 97 2.402648
3
0 2 80 2.400051 89 13.726965
1 2 98 10.749010 81 5.079872
2 2 83 6.637640 80 14.932255
3
0 2 80 13.064338 95 10.565242
1 2 90 16.502494 81 5.070611
2 2 99 1.866429 87 15.133471
3
0 2 80 7.821483 87 4.327010
1 2 95 1.398692 84 13.873266
2 2 85 3.665504 84 11.411256
3
0 2 80 3.691038 97 1.161172
1 2 99 10.250717 90 6.359584
2 2 85 9.724119 81 19.903683
3
0 2 80 9.568806 95 13.436083
1 2 91 16.594050 80 2.196345
2 2 85 12.056305 99 16.220131
3
0 2 90 14.941945 93 13.064157
1 2 97 7.667264 93 1.623193
2 2 91 17.181805 97 14.558982
3
0 2 90 18.989524 91 13.981410
1 2 99 3.435118 92 5.728417
2 2 92 2.920935 96 3.301969
3
0 2 90 19.144012 92 10.067221
1 2 94 7.589696 99 7.744634
2 2 95 3.768982 91 16.312814
3
0 2 90 1.796540 91 18.307354
1 2 94 8.839737 96 12.756506
2 2 92 15.101587 98 10.342075
3
0 2 90 19.580163 93 10.623822
1 2 91 7.792068 96 14.824413
2 2 93 3.876128 99 7.583210
3
0 2 90 3.115871 93 12.479138
1 2 98 1.292033 90 16.568418
2 2 99 7.632804 90 16.130867
3
0 2 90 15.289691 91 9.203416
1 2 97 14.758843 94 9.355131
2 2 98 3.021325 93 13.272616
3
0 2 90 13.544789 94 2.451929
1 2 94 16.887349 92 7.398343
2 2 95 4.635755 97 17.817509
3
0 2 90 4.449286 92 10.947611
1 2 91 9.554945 94 7.240420
2 2 90 19.766635 94 15.726538
3
0 2 90 17.232876 96 4.027866
1 2 92 19.907818 98 7.288721
2 2 94 3.889458 93 6.784616
3
0 1 99 17.152749
1 1 99 10.999219
2 1 99 7.002641
3
0 1 99 17.286110
1 1 99 11.289795
2 1 99 11.695751
3
0 1 99 2.534732
1 1 99 2.283935
2 1 99 8.523811
3
0 1 99 1.846756
1 1 99 17.102508
2 1 99 19.836060
3
0 1 99 12.797467
1 1 99 7.171204
2 1 99 3.071373
3
0 1 99 10.124552
1 1 99 11.111452
2 1 99 3.668789
3
0 1 99 5.316744
1 1 99 7.115681
2 1 99 11.681535
3
0 1 99 18.496947
1 1 99 13.394293
2 1 99 19.883786
3
0 1 99 16.994331
1 1 99 9.535086
2 1 99 19.841202
0
