50 49
3
0 2 5 5.813821 29 14.191601
1 2 28 14.174669 42 10.028504
2 2 27 19.041694 15 14.516221
3
0 2 5 6.767083 45 3.008986
1 2 14 12.179619 49 4.610457
2 2 39 12.371662 37 5.983775
3
0 2 5 4.483038 41 17.338845
1 2 10 4.870670 9 12.397099
2 2 39 1.063929 17 19.344329
3
0 2 5 1.076878 40 10.329762
1 2 36 18.480295 42 6.873711
2 2 47 10.972698 17 8.992804
3
0 2 5 1.545905 7 8.780332
1 2 46 13.328721 7 4.722241
2 2 23 3.527648 21 6.012060
3
0 2 10 7.410773 11 8.960431
1 2 20 15.393694 39 4.971577
2 2 30 19.269453 39 14.491644
3
0 2 10 8.598685 23 17.525730
1 2 34 16.604693 13 3.587373
2 2 38 17.831951 17 3.227173
3
0 2 10 12.305296 32 9.246743
1 2 27 2.078683 40 10.934974
2 2 47 8.465401 15 7.315097
3
0 2 10 13.094316 38 7.799645
1 2 44 2.677281 14 10.975283
2 2 23 5.568338 44 9.306941
3
0 2 10 2.304559 24 10.468229
1 2 35 4.575693 26 3.029502
2 2 37 19.257194 22 2.060471
3
0 2 15 11.324572 23 2.866815
1 2 38 9.246816 28 15.368191
2 2 35 13.330449 39 17.154309
3
0 2 15 7.990375 41 11.726465
1 2 26 10.257906 15 10.801665
2 2 37 19.184612 38 2.916575
3
0 2 15 7.679293 40 10.937094
1 2 47 15.069391 41 15.515216
2 2 24 4.782046 49 2.398525
3
0 2 15 1.448049 24 17.175673
1 2 42 16.733622 44 10.921285
2 2 48 5.497048 23 13.857335
3
0 2 15 7.902378 46 8.844748
1 2 38 5.421428 36 10.111170
2 2 16 16.156053 44 8.582218
3
0 2 20 16.315944 24 15.728051
1 2 30 15.952048 31 7.042542
2 2 46 17.892695 28 13.040866
3
0 2 20 9.396179 35 5.721679
1 2 30 3.912531 25 19.329972
2 2 39 16.098900 38 8.516207
3
0 2 20 14.559301 32 11.348912
1 2 30 18.792011 48 5.313211
2 2 22 18.894904 20 16.469641
3
0 2 20 12.988877 35 2.234543
1 2 27 17.190908 31 16.905655
2 2 42 16.587235 33 17.930171
3
0 2 20 15.391889 21 8.180447
1 2 33 14.813371 26 16.039365
2 2 46 19.053215 34 18.128304
3
0 2 25 5.523556 40 1.595105
1 2 29 5.956756 39 8.860609
2 2 29 7.241940 45 7.636552
3
0 2 25 10.673349 45 19.558438
1 2 40 1.086544 28 11.869440
2 2 38 2.982419 29 9.871334
3
0 2 25 2.555131 32 12.792592
1 2 47 4.000780 41 5.336291
2 2 32 9.146227 49 5.061249
3
0 2 25 10.923953 48 18.723994
1 2 35 2.749139 32 12.800393
2 2 26 1.917341 48 15.179830
3
0 2 25 18.094733 28 16.408173
1 2 29 11.540081 38 8.069211
2 2 37 6.180634 47 2.975117
3
0 2 30 4.691136 42 1.510953
1 2 45 9.538428 39 3.999158
2 2 32 2.088864 44 19.561713
3
0 2 30 10.306456 33 1.611153
1 2 47 10.555695 45 6.819332
2 2 30 18.412083 48 10.753202
3
0 2 30 4.313654 33 9.221643
1 2 45 11.028582 37 16.905952
2 2 46 16.890249 45 2.248530
3
0 2 30 3.685388 35 6.127885
1 2 47 9.557052 40 10.770818
2 2 32 18.634261 33 3.909744
3
0 2 30 4.207966 34 19.534864
1 2 31 4.461709 42 14.977851
2 2 40 16.672946 39 12.704408
3
0 2 35 2.743710 49 3.535102
1 2 42 3.962617 41 15.770599
2 2 41 14.839019 36 1.591006
3
0 2 35 18.235980 36 2.071179
1 2 43 19.356741 35 18.206257
2 2 41 19.608192 39 14.418906
3
0 2 35 3.488033 46 18.674053
1 2 44 12.482477 40 13.408190
2 2 46 8.046373 35 15.505146
3
0 2 35 16.390739 40 18.776966
1 2 49 4.094985 35 16.796866
2 2 38 2.670643 39 3.779250
3
0 2 35 10.583966 42 4.027633
1 2 44 4.242535 40 13.023454
2 2 42 7.765428 40 9.113288
3
0 2 40 8.723557 49 11.752007
1 2 40 16.998523 49 16.523481
2 2 45 13.728476 40 13.297879
3
0 2 40 11.659459 47 12.387477
1 2 47 3.556596 43 1.755068
2 2 46 4.745200 41 18.667450
3
0 2 40 13.109359 43 16.263676
1 2 48 8.094085 47 19.563541
2 2 42 14.406091 47 1.025810
3
0 2 40 6.475598 42 1.613664
1 2 42 2.342743 47 17.498690
2 2 46 1.181658 44 14.653225
3
0 2 40 11.081262 46 18.406616
1 2 46 7.736685 41 14.704478
2 2 41 17.523272 45 3.433986
3
0 2 45 7.107843 48 9.958831
1 2 49 16.798364 45 1.063959
2 2 47 17.440809 45 13.825525
3
0 2 45 16.483821 47 1.467111
1 2 47 15.398040 49 15.926415
2 2 47 16.706711 49 17.992549
3
0 2 45 18.247408 48 1.024963
1 2 47 6.216753 46 6.293369
2 2 49 1.016257 47 5.523633
3
0 2 45 17.068440 47 8.409892
1 2 48 3.711292 49 16.461225
2 2 45 8.629809 49 11.790485
3
0 2 45 2.520956 47 18.791118
1 2 47 3.436467 45 18.184131
2 2 49 3.035180 48 19.935138
3
0 2 49 9.215671 49 14.681007
1 2 49 13.518292 49 12.751008
2 2 49 4.715962 49 18.253985
3
0 2 49 6.494380 49 7.792487
1 2 49 4.236281 49 12.082796
2 2 49 9.370463 49 13.442082
3
0 2 49 2.134272 49 6.324008
1 2 49 15.462074 49 14.045323
2 2 49 10.304363 49 15.901155
3
0 2 49 7.611780 49 13.897967
1 2 49 11.256144 49 7.320317
2 2 49 13.325431 49 8.856183
0
