200 199
3
0 2 20 18.547550 79 10.274230
1 2 133 4.313479 103 16.060263
2 2 188 2.051874 147 5.686271
3
0 2 20 9.964503 73 9.949333
1 2 185 8.486165 88 19.235939
2 2 85 4.453246 180 14.152185
3
0 2 20 8.484360 75 12.591144
1 2 105 8.522456 23 14.843180
2 2 155 14.888102 108 6.776323
3
0 2 20 4.941105 90 6.109572
1 2 46 14.827461 110 18.986077
2 2 35 2.494323 47 1.098936
3
0 2 20 17.952360 120 1.854389
1 2 24 13.110040 95 13.765156
2 2 190 8.204817 146 12.263124
3
0 2 20 14.265562 94 4.641830
1 2 170 12.905372 71 10.101719
2 2 76 17.474548 164 2.750095
3
0 2 20 12.400825 185 5.669816
1 2 154 16.047644 187 1.530551
2 2 126 16.282159 102 2.084585
3
0 2 20 19.048889 131 5.060938
1 2 195 14.391674 155 17.867827
2 2 47 15.546130 64 16.936207
3
0 2 20 6.443431 40 5.427133
1 2 112 19.446001 156 19.776917
2 2 110 1.571392 139 9.381963
3
0 2 20 12.016077 51 5.634613
1 2 139 12.399092 45 6.725690
2 2 103 12.293585 120 15.103249
3
0 2 20 2.735354 92 5.673763
1 2 45 6.065041 71 6.950942
2 2 155 5.951299 82 2.343625
3
0 2 20 10.613226 46 14.673410
1 2 161 5.413156 26 18.557393
2 2 147 8.699528 108 14.349981
3
0 2 20 10.250782 85 18.814517
1 2 176 17.525874 34 10.922916
2 2 188 9.891600 50 15.988127
3
0 2 20 12.461561 132 10.687480
1 2 31 14.256336 40 5.114377
2 2 121 15.221274 193 10.120948
3
0 2 20 1.907096 81 18.359356
1 2 118 10.084509 160 12.849577
2 2 177 10.842078 42 18.271624
3
0 2 20 8.698615 87 1.135656
1 2 56 12.342446 36 5.932572
2 2 93 12.664486 120 6.936270
3
0 2 20 7.994034 107 4.964618
1 2 140 8.268157 59 14.254850
2 2 187 16.032865 84 14.411523
3
0 2 20 14.774001 133 17.059324
1 2 88 15.473239 72 7.687927
2 2 132 13.639643 71 16.811990
3
0 2 20 5.498849 197 1.871412
1 2 189 10.470146 166 17.854560
2 2 74 5.136431 101 19.088677
3
0 2 20 4.995725 81 17.763355
1 2 192 1.333478 197 4.737735
2 2 194 11.656204 176 18.581227
3
0 2 40 8.749694 112 18.397076
1 2 42 6.793705 176 6.892405
2 2 167 7.611810 111 16.761501
3
0 2 40 14.977541 120 7.374924
1 2 62 7.252869 110 5.576940
2 2 121 7.971534 145 8.575910
3
0 2 40 12.379278 45 2.677277
1 2 182 17.965231 57 9.454581
2 2 174 13.105153 165 12.357447
3
0 2 40 15.623640 100 2.598461
1 2 59 9.822075 122 3.944870
2 2 69 4.629072 180 6.198413
3
0 2 40 9.409421 77 16.022436
1 2 114 11.598565 137 19.367714
2 2 153 19.325592 101 1.815314
3
0 2 40 1.124840 65 9.362837
1 2 65 19.057181 90 12.185830
2 2 147 6.439518 60 7.654007
3
0 2 40 10.486518 130 18.573552
1 2 66 7.680665 173 10.484780
2 2 190 8.861881 143 1.160835
3
0 2 40 6.631311 116 15.545952
1 2 44 18.576885 193 19.152696
2 2 67 15.914134 63 16.176279
3
0 2 40 19.883333 65 2.644717
1 2 56 10.908761 71 8.032626
2 2 113 1.421924 140 9.181340
3
0 2 40 19.022819 110 11.517467
1 2 68 13.644681 157 18.997470
2 2 186 10.382194 142 3.765838
3
0 2 40 14.112504 124 17.147260
1 2 114 8.668371 78 16.786435
2 2 121 13.104368 111 2.470694
3
0 2 40 6.934483 182 4.262239
1 2 172 9.680875 62 17.555808
2 2 187 11.289658 101 2.576783
3
0 2 40 15.405342 87 13.231090
1 2 136 9.742373 56 19.556308
2 2 183 11.676469 40 9.119448
3
0 2 40 8.733224 68 12.542990
1 2 138 16.517599 137 14.998833
2 2 135 14.284891 131 9.915203
3
0 2 40 10.694625 169 17.896021
1 2 51 12.870364 119 7.185182
2 2 62 13.068904 184 11.098690
3
0 2 40 11.151262 69 19.187608
1 2 134 5.655246 57 18.764133
2 2 54 2.220197 105 16.322579
3
0 2 40 12.639036 173 2.843501
1 2 154 9.515665 157 13.574189
2 2 105 14.361621 101 5.865063
3
0 2 40 1.601532 184 1.260369
1 2 87 16.609736 76 12.653199
2 2 143 13.229615 87 14.383076
3
0 2 40 1.872626 82 5.598284
1 2 143 11.292500 154 6.031662
2 2 106 12.618188 130 11.656517
3
0 2 40 1.617194 111 19.594245
1 2 156 18.469140 87 16.994461
2 2 92 2.812807 93 4.284459
3
0 2 60 5.273604 118 9.291484
1 2 134 19.234182 175 8.337561
2 2 153 6.490270 102 12.191214
3
0 2 60 4.237062 185 6.927264
1 2 193 16.110845 65 8.711408
2 2 189 12.708329 90 8.994829
3
0 2 60 16.790582 199 10.849972
1 2 74 6.638619 76 14.802348
2 2 166 9.289385 154 10.737797
3
0 2 60 9.263630 69 10.354711
1 2 152 11.314746 70 9.626942
2 2 188 6.320453 189 6.830738
3
0 2 60 10.359392 84 17.879010
1 2 118 6.715191 77 13.522182
2 2 196 2.897568 177 2.424274
3
0 2 60 11.326451 145 7.159111
1 2 108 3.901625 106 13.184577
2 2 131 18.665447 107 9.923068
3
0 2 60 13.806981 184 8.851715
1 2 182 8.421619 143 11.033306
2 2 66 5.901218 105 13.665639
3
0 2 60 10.835888 163 9.452270
1 2 143 15.131933 168 9.139888
2 2 61 6.295771 162 13.827833
3
0 2 60 12.669266 86 10.730761
1 2 156 19.616822 105 9.661164
2 2 64 16.094867 125 7.996596
3
0 2 60 7.932805 84 1.835454
1 2 108 1.603544 170 6.248079
2 2 167 8.587742 189 13.973555
3
0 2 60 12.609576 66 15.071494
1 2 194 12.074026 127 18.088914
2 2 170 11.257318 174 1.340151
3
0 2 60 19.629830 157 3.275822
1 2 102 17.722292 112 13.820947
2 2 67 19.798173 174 7.500381
3
0 2 60 17.390642 81 1.909393
1 2 149 5.599584 161 4.042812
2 2 69 13.740944 135 10.056168
3
0 2 60 5.162503 139 7.095494
1 2 98 15.014058 75 18.388416
2 2 121 15.175005 102 3.578290
3
0 2 60 3.416818 69 17.095649
1 2 131 18.394587 154 15.694460
2 2 116 4.295119 96 19.480886
3
0 2 60 12.871440 174 8.136183
1 2 190 3.847007 119 11.823137
2 2 94 2.443772 124 2.526696
3
0 2 60 2.316326 143 16.087628
1 2 107 7.122918 85 14.054109
2 2 124 19.633982 67 5.562821
3
0 2 60 6.792561 155 14.626221
1 2 128 3.351946 179 16.439405
2 2 109 14.135602 135 4.804562
3
0 2 60 9.814758 148 10.677408
1 2 162 15.264253 181 15.334104
2 2 164 17.877983 138 1.815436
3
0 2 60 4.965347 128 17.758693
1 2 129 3.410632 199 15.975807
2 2 185 12.961672 179 5.301115
3
0 2 80 8.652921 180 9.489502
1 2 174 3.097889 81 7.358967
2 2 81 11.181221 92 16.396450
3
0 2 80 9.945307 137 10.791008
1 2 172 16.193951 95 13.066809
2 2 161 19.801293 144 2.580217
3
0 2 80 13.267628 143 10.322671
1 2 170 10.938778 147 15.683151
2 2 152 18.975003 106 9.387669
3
0 2 80 5.707843 189 14.962498
1 2 148 3.185589 170 5.869750
2 2 132 14.685236 134 2.666301
3
0 2 80 19.960995 173 16.509539
1 2 150 8.308734 122 1.765307
2 2 108 3.444040 88 18.192611
3
0 2 80 18.441199 143 18.661265
1 2 157 16.747925 80 10.086577
2 2 123 19.488852 175 17.275965
3
0 2 80 11.808476 132 17.279624
1 2 179 15.942703 172 11.804922
2 2 127 10.440266 141 1.099544
3
0 2 80 2.087417 197 10.453230
1 2 185 7.135340 105 9.781134
2 2 96 16.306256 139 17.403310
3
0 2 80 7.277833 133 12.850673
1 2 117 6.608813 187 14.924336
2 2 191 14.821539 92 16.420198
3
0 2 80 14.885815 182 15.901264
1 2 85 7.983985 148 14.439796
2 2 115 6.325774 96 17.873814
3
0 2 80 15.028746 106 18.106753
1 2 139 19.285189 178 7.115163
2 2 141 16.259291 168 12.783061
3
0 2 80 19.478885 91 9.868010
1 2 97 6.675304 194 15.325978
2 2 166 18.448092 173 6.485548
3
0 2 80 19.826313 125 5.496333
1 2 194 12.730614 127 10.157939
2 2 153 17.670163 139 11.530514
3
0 2 80 12.194710 197 8.588674
1 2 81 6.800630 141 15.354596
2 2 176 19.879210 182 3.897478
3
0 2 80 15.698321 191 2.145202
1 2 156 11.823171 116 5.875352
2 2 178 11.126211 186 7.184524
3
0 2 80 9.741256 142 3.718077
1 2 187 1.497727 170 10.763298
2 2 172 2.279533 94 6.793977
3
0 2 80 12.962176 161 8.661667
1 2 177 19.216190 93 5.856939
2 2 99 17.622783 186 5.355795
3
0 2 80 15.773633 156 18.962856
1 2 134 18.661086 168 18.787446
2 2 92 6.451255 137 1.145573
3
0 2 80 16.407010 176 3.679926
1 2 134 6.899019 166 5.770036
2 2 113 18.755941 180 5.655300
3
0 2 80 13.760513 122 14.768826
1 2 199 9.696105 163 2.249681
2 2 93 17.488814 122 4.100839
3
0 2 100 10.749733 141 14.514484
1 2 157 8.049784 114 10.091241
2 2 130 7.140117 147 9.612300
3
0 2 100 2.636451 148 19.955629
1 2 123 19.372367 173 13.279582
2 2 187 6.642080 104 13.195617
3
0 2 100 10.535901 158 9.338459
1 2 135 12.721498 177 13.112718
2 2 172 14.975819 198 7.926878
3
0 2 100 2.112227 123 18.985625
1 2 142 11.249345 141 4.264918
2 2 136 1.513287 107 16.706336
3
0 2 100 2.193009 162 11.661172
1 2 193 16.757017 136 11.677329
2 2 186 4.688769 143 5.826804
3
0 2 100 7.153489 165 8.154111
1 2 170 9.744404 131 6.870144
2 2 190 16.509795 195 3.166741
3
0 2 100 11.601005 147 9.137355
1 2 168 3.324546 109 16.986622
2 2 151 15.523032 137 9.548694
3
0 2 100 15.256413 172 10.390158
1 2 160 10.947162 193 8.488861
2 2 181 8.612529 182 8.893352
3
0 2 100 4.361171 151 16.613415
1 2 162 7.390278 156 2.762631
2 2 130 16.793964 170 14.610406
3
0 2 100 13.832855 190 11.842494
1 2 139 18.856150 120 1.338919
2 2 141 4.414240 126 7.654764
3
0 2 100 4.493191 191 6.912888
1 2 164 6.052735 120 12.573466
2 2 186 7.809728 103 2.968256
3
0 2 100 12.212417 170 12.281106
1 2 107 16.786710 164 17.863934
2 2 133 7.720560 164 13.985183
3
0 2 100 7.993962 130 17.410738
1 2 144 7.826895 158 12.271879
2 2 100 17.507106 137 13.185662
3
0 2 100 15.679355 101 13.182305
1 2 125 13.808172 139 19.927712
2 2 121 12.756335 129 6.432567
3
0 2 100 4.500609 174 5.126446
1 2 173 5.130509 112 15.424467
2 2 179 10.461162 147 6.085169
3
0 2 100 17.021393 124 11.428346
1 2 155 12.006965 132 14.913099
2 2 156 9.634749 181 7.298105
3
0 2 100 3.313250 149 1.248195
1 2 130 9.985036 122 4.409246
2 2 126 12.670862 112 9.024599
3
0 2 100 8.238285 175 3.225005
1 2 186 12.379346 160 12.241631
2 2 139 2.632374 119 19.375350
3
0 2 100 11.677115 101 15.820531
1 2 132 4.943797 115 6.988951
2 2 135 12.000859 159 11.761658
3
0 2 100 6.549842 187 13.924409
1 2 179 17.834436 133 17.412656
2 2 132 11.639943 171 18.160614
3
0 2 120 13.730007 197 1.855000
1 2 190 14.298156 164 3.307449
2 2 183 4.998453 174 3.617550
3
0 2 120 2.459660 198 9.696143
1 2 140 5.487730 154 11.564059
2 2 122 4.331389 126 3.589930
3
0 2 120 17.239208 164 3.633037
1 2 134 7.830617 164 7.955535
2 2 194 7.551225 189 5.297349
3
0 2 120 5.286813 163 7.401413
1 2 187 15.301653 157 8.937290
2 2 190 15.916683 195 7.159731
3
0 2 120 10.657582 185 16.748837
1 2 147 2.228463 152 11.572258
2 2 187 6.760570 121 12.880155
3
0 2 120 4.089941 129 8.375509
1 2 167 6.273697 166 12.655965
2 2 195 16.347177 175 16.228336
3
0 2 120 19.180205 194 6.401031
1 2 194 17.010432 193 19.849998
2 2 176 9.149616 149 14.477678
3
0 2 120 15.469204 182 17.026527
1 2 121 10.654183 186 10.335620
2 2 159 1.968441 169 10.630438
3
0 2 120 11.770512 183 7.542835
1 2 167 15.117160 176 19.522331
2 2 121 4.800916 162 8.217081
3
0 2 120 7.564199 127 17.857784
1 2 149 17.452479 167 8.907272
2 2 153 6.914796 178 3.277244
3
0 2 120 17.437911 154 10.629983
1 2 160 12.356274 125 3.265737
2 2 180 7.789206 194 10.941986
3
0 2 120 19.349246 149 15.489178
1 2 188 1.676451 131 9.440027
2 2 180 15.733195 171 7.608629
3
0 2 120 1.950367 134 10.752892
1 2 160 14.898567 124 2.737914
2 2 189 7.968801 133 3.085080
3
0 2 120 12.167703 142 17.759659
1 2 168 19.520666 152 3.243982
2 2 173 2.221538 120 7.640643
3
0 2 120 4.797738 185 10.425776
1 2 125 17.769151 149 18.919037
2 2 185 7.668898 196 5.426893
3
0 2 120 6.253009 190 7.024674
1 2 187 2.867191 124 6.427178
2 2 152 11.366612 154 13.583229
3
0 2 120 6.689399 161 7.795675
1 2 149 17.566657 163 1.324657
2 2 172 2.931054 198 12.329476
3
0 2 120 16.375560 190 3.514225
1 2 123 3.777509 196 16.711803
2 2 164 9.685101 131 18.140612
3
0 2 120 5.134252 152 18.312860
1 2 168 5.995331 197 12.595166
2 2 138 17.594044 185 10.087129
3
0 2 120 4.145583 154 8.643474
1 2 191 18.600938 183 10.517090
2 2 126 10.465356 179 10.088838
3
0 2 140 12.814661 172 10.596666
1 2 188 6.866948 144 4.600680
2 2 164 6.327856 199 13.423340
3
0 2 140 12.886661 183 10.506788
1 2 192 12.076515 159 5.443394
2 2 156 17.012304 172 17.987061
3
0 2 140 14.245486 148 15.681049
1 2 147 18.607642 140 19.656598
2 2 179 7.380007 199 19.922309
3
0 2 140 8.007080 170 19.479091
1 2 178 6.103528 196 15.826946
2 2 191 8.061878 183 10.727549
3
0 2 140 4.388368 199 3.030232
1 2 150 1.785540 159 10.930472
2 2 179 19.994412 192 12.090189
3
0 2 140 13.062209 147 16.246576
1 2 187 15.170885 144 5.149215
2 2 162 3.399503 169 5.094759
3
0 2 140 9.737398 163 1.210507
1 2 178 1.852374 142 17.146027
2 2 169 12.480440 145 13.491858
3
0 2 140 11.579436 156 13.666580
1 2 141 17.789163 140 3.693038
2 2 170 9.570727 156 12.575876
3
0 2 140 18.689982 155 10.360664
1 2 195 16.183477 142 1.833371
2 2 187 18.739179 177 18.910438
3
0 2 140 10.515003 173 15.113620
1 2 198 2.862553 167 8.930400
2 2 168 8.800746 143 10.293112
3
0 2 140 14.530329 172 9.430397
1 2 170 19.186897 144 4.516634
2 2 162 9.241654 188 3.063562
3
0 2 140 11.433417 144 19.593736
1 2 190 18.613444 197 5.530405
2 2 147 9.087694 196 8.319055
3
0 2 140 18.875161 163 4.162827
1 2 167 14.285713 171 18.811170
2 2 180 5.221047 143 6.451493
3
0 2 140 15.357671 175 16.644087
1 2 186 16.155829 154 6.425010
2 2 197 15.252888 177 13.157278
3
0 2 140 19.671933 190 2.843542
1 2 157 11.612857 190 7.935161
2 2 172 4.513360 195 5.332324
3
0 2 140 4.527358 164 1.877808
1 2 172 11.147141 142 17.143289
2 2 175 12.085143 164 7.542767
3
0 2 140 12.933056 158 17.813311
1 2 194 19.535406 152 16.238637
2 2 151 13.939175 182 10.404602
3
0 2 140 18.862753 160 5.146727
1 2 172 9.685167 178 8.478808
2 2 189 16.660733 174 5.330292
3
0 2 140 10.593711 147 3.451155
1 2 190 9.431124 196 16.278520
2 2 178 12.589321 153 8.321181
3
0 2 140 19.666297 196 7.876481
1 2 197 4.284565 190 14.894637
2 2 144 6.848991 157 6.578795
3
0 2 160 15.564943 196 13.953174
1 2 165 12.697648 173 12.524395
2 2 168 1.405486 177 14.688490
3
0 2 160 7.418226 191 2.958581
1 2 189 19.474736 185 13.172967
2 2 187 17.333591 166 9.131243
3
0 2 160 7.872729 182 5.301225
1 2 162 9.819733 197 13.867361
2 2 196 6.262215 198 12.241477
3
0 2 160 5.209705 182 11.294991
1 2 189 17.615028 167 8.323338
2 2 178 3.503014 191 2.385365
3
0 2 160 13.266855 179 12.042802
1 2 160 17.438219 197 6.431863
2 2 163 10.355232 194 11.045821
3
0 2 160 2.800226 173 3.794298
1 2 199 19.176057 183 7.699439
2 2 196 16.769075 176 15.994465
3
0 2 160 10.294507 167 12.841363
1 2 179 1.457573 183 10.027052
2 2 170 3.654289 178 1.385865
3
0 2 160 2.043931 177 1.155141
1 2 165 1.347283 173 11.223290
2 2 187 5.712949 188 4.305262
3
0 2 160 18.717496 181 8.806924
1 2 187 8.536731 171 12.499205
2 2 184 8.164869 180 15.698419
3
0 2 160 14.073177 183 19.411993
1 2 190 18.295324 170 7.718066
2 2 193 8.731612 163 3.359574
3
0 2 160 18.367056 193 11.872552
1 2 174 15.156593 160 12.578534
2 2 162 10.546288 169 14.993894
3
0 2 160 2.909621 180 10.667024
1 2 166 18.843222 172 15.707605
2 2 180 1.823005 175 9.077359
3
0 2 160 1.441962 189 12.752526
1 2 169 14.637353 176 14.888262
2 2 162 18.040299 168 1.737331
3
0 2 160 7.280427 177 17.699808
1 2 161 6.144861 192 6.846529
2 2 196 5.122871 197 14.432214
3
0 2 160 16.954999 163 15.558361
1 2 194 6.482761 176 8.304407
2 2 177 1.378417 180 17.123997
3
0 2 160 7.065361 192 8.171470
1 2 163 9.150325 176 12.796712
2 2 162 5.716222 196 6.665765
3
0 2 160 9.262838 183 8.233122
1 2 174 8.339164 167 16.584122
2 2 163 17.934144 177 8.371364
3
0 2 160 17.361322 183 10.620068
1 2 163 9.231148 198 14.683854
2 2 196 15.151755 188 12.872407
3
0 2 160 6.082241 177 17.588115
1 2 195 1.496604 170 4.139387
2 2 186 10.257173 176 3.935024
3
0 2 160 5.171549 180 19.777257
1 2 187 8.721684 188 17.101114
2 2 168 3.389672 171 13.408293
3
0 2 180 4.977588 182 5.932144
1 2 189 3.219787 194 18.206675
2 2 186 13.862419 195 14.571058
3
0 2 180 2.829063 182 2.341851
1 2 198 9.718063 196 17.806861
2 2 188 12.516247 199 14.963019
3
0 2 180 19.163141 181 5.958821
1 2 190 11.336929 188 10.250083
2 2 192 9.578457 190 12.751049
3
0 2 180 15.500805 190 5.543899
1 2 195 7.619540 181 1.225253
2 2 190 1.791330 194 19.193004
3
0 2 180 5.630702 192 15.457738
1 2 195 10.088652 191 7.234992
2 2 181 12.986193 194 13.818060
3
0 2 180 2.394542 188 6.695418
1 2 180 7.157970 196 12.300277
2 2 194 10.669374 192 15.380496
3
0 2 180 16.966705 185 17.945526
1 2 199 16.550540 189 19.352587
2 2 193 6.323606 197 12.540563
3
0 2 180 13.816980 194 12.942240
1 2 183 6.443256 199 15.814674
2 2 190 12.769306 189 9.569588
3
0 2 180 19.879068 186 4.608816
1 2 182 12.304009 194 16.759139
2 2 191 2.864627 188 14.880316
3
0 2 180 9.055396 194 5.015366
1 2 180 9.101524 194 13.659650
2 2 182 2.761256 186 16.879312
3
0 2 180 13.104984 188 1.664061
1 2 192 9.008148 190 15.026369
2 2 198 15.238638 189 16.940425
3
0 2 180 6.696278 183 15.157969
1 2 180 17.713167 187 16.326485
2 2 184 16.560516 189 8.802019
3
0 2 180 8.829976 190 12.030614
1 2 188 11.146784 197 16.951291
2 2 199 18.484782 184 13.406647
3
0 2 180 19.206420 194 1.323387
1 2 185 10.048321 194 16.766886
2 2 180 17.787482 187 1.629780
3
0 2 180 6.932728 198 14.465643
1 2 194 15.901674 182 11.856663
2 2 192 5.823348 198 11.782182
3
0 2 180 4.213849 186 18.275881
1 2 185 16.260209 181 2.511330
2 2 198 4.954579 190 12.547755
3
0 2 180 14.260201 195 2.300776
1 2 196 13.321003 188 7.972913
2 2 199 9.915407 194 19.296542
3
0 2 180 8.700774 189 19.381087
1 2 187 8.954087 189 1.904985
2 2 197 13.289485 184 13.090443
3
0 2 180 4.902693 192 2.734320
1 2 186 10.999126 199 13.257574
2 2 198 5.615617 192 13.230534
3
0 2 180 3.545412 194 16.638698
1 2 199 6.114375 187 14.438719
2 2 180 10.162156 197 2.396249
3
0 2 199 17.684551 199 8.363221
1 2 199 10.308723 199 5.490684
2 2 199 15.619422 199 15.125521
3
0 2 199 11.209648 199 5.935800
1 2 199 6.639525 199 1.324924
2 2 199 19.670888 199 8.382188
3
0 2 199 19.345182 199 17.571015
1 2 199 14.501129 199 6.132615
2 2 199 5.685203 199 9.554281
3
0 2 199 18.339365 199 6.007334
1 2 199 13.828019 199 4.005824
2 2 199 19.601350 199 19.063795
3
0 2 199 16.150381 199 2.421129
1 2 199 9.270116 199 7.409280
2 2 199 3.681718 199 12.010761
3
0 2 199 14.470791 199 2.256651
1 2 199 11.642657 199 14.552840
2 2 199 2.853110 199 8.269742
3
0 2 199 3.539665 199 17.584488
1 2 199 12.542883 199 4.929930
2 2 199 12.848803 199 8.279390
3
0 2 199 2.537362 199 6.281542
1 2 199 2.569954 199 13.638150
2 2 199 11.873965 199 9.039935
3
0 2 199 16.609475 199 2.764958
1 2 199 2.619011 199 7.315069
2 2 199 10.652944 199 1.364563
3
0 2 199 13.803750 199 7.788253
1 2 199 3.922572 199 1.323111
2 2 199 14.336753 199 13.176490
3
0 2 199 16.606941 199 14.482679
1 2 199 3.888734 199 5.864160
2 2 199 14.953371 199 11.313595
3
0 2 199 4.663529 199 5.858867
1 2 199 7.095043 199 13.144388
2 2 199 17.131482 199 11.786059
3
0 2 199 4.162570 199 19.698769
1 2 199 6.795011 199 12.473082
2 2 199 18.566848 199 6.671883
3
0 2 199 4.436192 199 9.786073
1 2 199 11.185198 199 17.662546
2 2 199 8.988900 199 3.905533
3
0 2 199 11.507223 199 3.861932
1 2 199 8.636164 199 14.870107
2 2 199 8.452729 199 15.162154
3
0 2 199 5.673801 199 5.114472
1 2 199 13.879793 199 2.263037
2 2 199 17.974542 199 1.624339
3
0 2 199 18.937429 199 2.799363
1 2 199 12.548766 199 7.282920
2 2 199 17.932021 199 7.238589
3
0 2 199 2.275128 199 19.651357
1 2 199 17.629759 199 18.900061
2 2 199 9.524178 199 8.567521
3
0 2 199 8.927928 199 3.179854
1 2 199 6.630657 199 9.464773
2 2 199 4.707589 199 3.038317
0
