50 49
3
0 2 5 4.298755 32 18.606699
1 2 21 2.804839 24 17.010239
2 2 13 7.762792 45 14.125141
3
0 2 5 18.379788 15 4.350941
1 2 34 6.170446 13 14.872099
2 2 35 18.644649 19 4.262751
3
0 2 5 13.233479 18 4.165439
1 2 32 13.004718 40 19.754123
2 2 24 9.361451 16 16.950762
3
0 2 5 4.221987 38 1.494656
1 2 34 12.663301 33 17.602009
2 2 31 4.736104 41 9.828163
3
0 2 5 13.163606 36 17.164092
1 2 49 13.638891 9 7.467753
2 2 5 1.006179 15 3.122020
3
0 2 10 1.477003 49 8.094723
1 2 22 11.300320 33 9.051147
2 2 39 8.938497 17 18.902387
3
0 2 10 9.032205 38 4.954561
1 2 13 12.553308 29 12.221171
2 2 13 9.979643 16 13.546422
3
0 2 10 10.281580 26 8.589668
1 2 24 14.850659 23 1.340250
2 2 45 6.813648 17 9.614665
3
0 2 10 13.659125 36 13.300941
1 2 30 12.801184 25 16.608035
2 2 13 4.418654 40 18.698523
3
0 2 10 13.818018 14 15.293838
1 2 18 17.551007 47 10.492428
2 2 31 16.640625 34 18.237677
3
0 2 15 16.580564 17 13.205058
1 2 38 15.123513 49 15.753878
2 2 44 16.029374 20 1.147158
3
0 2 15 11.855742 21 5.158302
1 2 36 11.830569 25 9.768697
2 2 46 4.384459 19 16.698382
3
0 2 15 3.776155 32 7.262493
1 2 16 3.740260 38 8.663236
2 2 26 1.793537 22 18.307714
3
0 2 15 1.875405 29 3.061170
1 2 43 9.555501 44 17.397591
2 2 32 10.756328 34 13.383999
3
0 2 15 12.230082 33 19.457732
1 2 49 14.400652 48 2.253047
2 2 45 4.714131 19 5.195019
3
0 2 20 18.278263 24 5.866203
1 2 25 9.737452 30 16.773004
2 2 36 2.955121 38 19.808604
3
0 2 20 19.305484 35 17.715311
1 2 43 8.992563 27 11.660671
2 2 22 15.771127 48 18.940126
3
0 2 20 19.090537 32 7.865521
1 2 38 1.514797 44 10.600297
2 2 45 5.179339 36 19.355763
3
0 2 20 4.987709 42 17.120763
1 2 40 1.845295 42 19.463548
2 2 41 18.564846 36 11.301824
3
0 2 20 13.612008 36 10.210846
1 2 27 10.819483 41 1.843934
2 2 45 2.457459 48 5.720977
3
0 2 25 6.271409 36 10.805965
1 2 29 3.826721 48 14.131264
2 2 45 12.070221 32 13.386920
3
0 2 25 18.718106 27 11.711451
1 2 29 14.341614 34 12.238877
2 2 47 1.970027 29 16.431425
3
0 2 25 6.491325 46 10.214330
1 2 39 13.778720 45 15.049883
2 2 47 19.617075 38 12.421907
3
0 2 25 4.232120 49 17.894077
1 2 26 7.220846 38 18.665862
2 2 40 6.177888 37 14.290221
3
0 2 25 6.176349 30 11.949772
1 2 28 4.091108 39 7.012394
2 2 30 4.102765 47 4.417331
3
0 2 30 16.889358 47 5.508065
1 2 42 8.739590 40 17.142965
2 2 48 18.256579 36 16.462279
3
0 2 30 15.185754 35 10.476852
1 2 35 4.729149 41 15.461404
2 2 41 1.880625 40 12.573191
3
0 2 30 15.906701 42 1.919199
1 2 36 7.217179 41 4.025731
2 2 31 16.787390 41 14.696936
3
0 2 30 6.393508 39 14.993522
1 2 41 12.711528 45 4.387981
2 2 30 8.046862 46 1.213099
3
0 2 30 5.701063 36 5.574195
1 2 31 5.019955 36 8.016686
2 2 49 17.049782 44 10.637487
3
0 2 35 13.748876 43 17.845791
1 2 41 13.911000 45 1.915582
2 2 44 3.087543 38 4.494353
3
0 2 35 2.444180 41 9.479544
1 2 43 1.881180 44 16.435268
2 2 45 2.081880 38 12.113214
3
0 2 35 9.920277 41 8.820810
1 2 45 2.116644 42 14.004502
2 2 44 7.316485 49 7.562972
3
0 2 35 17.510442 41 19.025592
1 2 45 9.428988 47 14.477186
2 2 44 14.788373 37 2.858812
3
0 2 35 16.417933 42 18.979749
1 2 49 1.270437 48 2.499657
2 2 46 3.374600 45 16.491100
3
0 2 40 18.096861 46 18.714899
1 2 44 13.390193 41 11.748124
2 2 46 8.504242 44 8.562395
3
0 2 40 7.714531 42 19.064097
1 2 47 10.070523 44 4.303540
2 2 49 11.442448 45 4.778084
3
0 2 40 14.751485 46 11.018689
1 2 41 16.902023 48 9.059874
2 2 48 3.586896 46 3.110547
3
0 2 40 12.600751 42 2.192024
1 2 47 11.122948 45 13.200082
2 2 45 12.683863 47 5.122752
3
0 2 40 13.266230 46 12.821382
1 2 46 2.838514 47 10.344087
2 2 44 2.392316 45 15.376504
3
0 2 45 18.860638 47 10.696020
1 2 48 15.482397 45 11.765778
2 2 47 4.707330 45 15.985625
3
0 2 45 13.132428 48 13.672113
1 2 46 16.629527 49 5.243018
2 2 49 5.040769 45 19.847823
3
0 2 45 3.516961 49 19.106690
1 2 45 13.565849 49 2.232188
2 2 48 3.895197 46 3.242972
3
0 2 45 8.968676 48 13.285663
1 2 46 18.321509 47 18.375147
2 2 45 15.508983 48 1.872909
3
0 2 45 8.713297 47 2.641354
1 2 48 17.956127 46 8.795373
2 2 49 13.661542 48 12.555514
3
0 1 49 6.352469
1 1 49 15.062335
2 1 49 4.813929
3
0 1 49 6.011255
1 1 49 8.048790
2 1 49 19.520612
3
0 1 49 7.146528
1 1 49 13.175987
2 1 49 9.599111
3
0 1 49 10.459971
1 1 49 10.057183
2 1 49 10.656769
0
