100 99
3
0 2 10 18.533548 30 4.330207
1 2 42 16.017394 53 5.094114
2 2 63 10.195111 47 10.683641
3
0 2 10 8.238751 80 16.398069
1 2 60 19.250310 98 2.957767
2 2 75 11.147138 76 18.404500
3
0 2 10 3.017804 42 3.724563
1 2 48 15.262749 53 8.387055
2 2 95 16.118474 75 12.666416
3
0 2 10 2.202419 66 4.182427
1 2 68 2.697227 13 18.162050
2 2 13 3.608780 94 12.126710
3
0 2 10 7.585006 94 7.725705
1 2 13 2.248807 84 18.465852
2 2 72 7.849207 52 10.932818
3
0 2 10 2.354461 73 12.552325
1 2 57 15.099489 32 12.252164
2 2 75 7.898854 51 6.105341
3
0 2 10 18.371439 42 7.341756
1 2 53 9.182723 62 1.797573
2 2 70 19.170157 69 12.279034
3
0 2 10 13.857998 18 11.482744
1 2 17 18.272095 23 4.068497
2 2 38 15.315368 21 6.869653
3
0 2 10 9.530827 98 5.848434
1 2 80 7.947552 21 16.493292
2 2 69 10.535830 48 16.340272
3
0 2 10 10.523698 20 15.585147
1 2 30 8.018311 66 7.812216
2 2 79 17.054249 35 10.637032
3
0 2 20 10.193428 35 11.774733
1 2 20 9.909730 43 14.319152
2 2 47 10.746557 99 6.938332
3
0 2 20 12.458240 74 3.057353
1 2 50 3.151976 64 8.293751
2 2 88 14.353155 97 12.845294
3
0 2 20 17.896729 61 18.702201
1 2 90 10.998703 67 17.913038
2 2 99 17.828490 43 18.556540
3
0 2 20 14.866892 44 2.597394
1 2 89 4.477871 68 2.805531
2 2 44 17.069423 55 7.256502
3
0 2 20 15.670324 23 6.764965
1 2 48 19.081147 36 9.964855
2 2 36 12.651435 34 16.159791
3
0 2 20 14.014556 36 1.984921
1 2 62 6.176956 98 18.998762
2 2 99 8.225830 29 2.299389
3
0 2 20 7.958013 64 4.481919
1 2 59 10.065626 33 7.983710
2 2 43 9.176335 84 11.976194
3
0 2 20 12.429089 85 7.082231
1 2 55 11.204642 42 10.930251
2 2 94 5.208171 66 3.948885
3
0 2 20 11.572629 38 13.948169
1 2 72 4.252795 78 13.721058
2 2 65 15.280934 63 18.343180
3
0 2 20 7.069159 56 15.251147
1 2 80 7.640184 37 9.528033
2 2 43 9.930075 89 18.715373
3
0 2 30 1.906664 52 9.335288
1 2 47 1.057077 74 8.082626
2 2 98 7.145127 35 3.938183
3
0 2 30 1.724532 92 7.141478
1 2 83 11.575777 69 10.422231
2 2 46 9.894326 38 13.378431
3
0 2 30 16.196102 67 7.886236
1 2 45 17.809067 64 2.402899
2 2 71 18.683361 91 9.915144
3
0 2 30 1.687562 65 3.074403
1 2 69 1.342185 92 14.731809
2 2 98 12.026873 79 8.847542
3
0 2 30 8.408278 46 11.069381
1 2 59 19.135705 32 9.904418
2 2 61 19.951141 71 16.477389
3
0 2 30 10.895728 82 16.274902
1 2 37 8.119430 30 13.254969
2 2 94 7.231591 59 19.111915
3
0 2 30 14.876154 42 9.610389
1 2 99 14.948717 44 8.681962
2 2 88 12.798645 85 16.541609
3
0 2 30 18.073817 56 3.245969
1 2 56 8.813419 68 17.434005
2 2 94 1.090216 75 19.828652
3
0 2 30 6.544055 93 16.463763
1 2 47 3.441332 35 7.565845
2 2 51 5.624261 94 13.559582
3
0 2 30 16.111494 85 12.169856
1 2 59 6.854810 63 19.373534
2 2 54 1.460271 93 6.307986
3
0 2 40 4.879120 61 17.009647
1 2 73 6.322039 78 8.466568
2 2 88 17.180686 46 6.705108
3
0 2 40 16.921986 92 7.413479
1 2 41 9.578230 47 5.647315
2 2 88 14.952007 62 17.350869
3
0 2 40 8.395896 42 1.275847
1 2 88 12.587398 87 2.106660
2 2 57 11.218649 60 16.684719
3
0 2 40 11.361547 54 4.397379
1 2 59 13.019917 90 8.179836
2 2 47 6.231362 60 10.001248
3
0 2 40 15.641509 59 9.569949
1 2 57 17.610091 99 10.834480
2 2 94 4.272226 66 10.157776
3
0 2 40 6.424826 64 6.183731
1 2 48 14.551174 94 15.606564
2 2 91 15.149521 96 9.351509
3
0 2 40 14.689211 95 17.829434
1 2 44 19.084581 94 1.043074
2 2 42 13.363030 90 17.175679
3
0 2 40 6.797323 77 7.066335
1 2 65 13.246549 92 6.674407
2 2 92 4.513147 81 15.823193
3
0 2 40 3.787730 54 5.373990
1 2 94 14.075907 43 14.613282
2 2 63 9.659779 64 16.637317
3
0 2 40 1.691014 47 8.776059
1 2 40 12.103684 82 9.946762
2 2 43 9.214828 95 14.610109
3
0 2 50 8.929051 61 4.863453
1 2 67 14.852364 77 12.481522
2 2 95 3.735953 74 17.248691
3
0 2 50 4.717486 51 10.280282
1 2 71 16.395010 57 14.763974
2 2 99 2.166994 53 1.184479
3
0 2 50 6.157188 92 2.150720
1 2 51 3.521182 81 15.411570
2 2 92 2.640487 73 8.506618
3
0 2 50 7.955914 51 15.933209
1 2 66 9.888999 51 16.263681
2 2 84 6.876221 81 6.293243
3
0 2 50 15.158237 66 7.520528
1 2 87 9.562680 91 4.856079
2 2 95 19.251242 86 13.105414
3
0 2 50 11.474692 98 7.309423
1 2 60 13.339824 62 13.631526
2 2 83 16.661739 91 4.474475
3
0 2 50 13.226772 63 11.697927
1 2 97 13.949371 58 6.812865
2 2 67 19.114725 62 12.362119
3
0 2 50 2.303463 98 18.644417
1 2 99 5.631811 61 14.707028
2 2 70 1.662262 89 14.113798
3
0 2 50 7.517378 54 13.060940
1 2 69 6.274497 71 19.100140
2 2 57 5.709392 59 15.237039
3
0 2 50 2.128874 51 7.443245
1 2 83 15.732401 99 3.993266
2 2 70 19.491499 93 7.274988
3
0 2 60 19.877357 78 6.058751
1 2 74 8.837797 93 18.012887
2 2 65 9.354445 63 8.767630
3
0 2 60 12.129238 99 2.877717
1 2 77 18.215872 73 11.587676
2 2 85 18.207040 93 7.223964
3
0 2 60 15.415667 73 13.693562
1 2 93 5.811143 87 15.058084
2 2 74 16.667647 90 10.074189
3
0 2 60 1.317849 87 9.277859
1 2 77 13.904393 98 14.085239
2 2 64 12.322231 99 9.348049
3
0 2 60 12.577710 80 11.684855
1 2 62 6.251303 95 13.160768
2 2 83 12.289615 84 10.965601
3
0 2 60 16.329760 89 15.747656
1 2 61 18.535637 67 9.424926
2 2 92 4.853775 68 16.371574
3
0 2 60 5.135058 81 5.749100
1 2 77 18.648392 68 16.692564
2 2 61 16.736578 60 5.666279
3
0 2 60 12.948518 90 4.367138
1 2 80 18.478423 77 8.602919
2 2 81 11.564402 63 13.859283
3
0 2 60 12.341912 71 2.331927
1 2 80 6.642704 88 7.328781
2 2 70 2.953147 91 15.707370
3
0 2 60 8.485309 96 19.083891
1 2 84 7.510476 64 1.035747
2 2 72 19.442288 93 8.918552
3
0 2 70 15.397517 96 18.850787
1 2 88 16.167314 98 8.242936
2 2 99 5.836567 91 7.462704
3
0 2 70 4.419657 83 1.866953
1 2 93 14.693252 97 18.906681
2 2 93 11.410110 71 3.407766
3
0 2 70 1.578606 90 15.019055
1 2 91 14.012548 70 6.652955
2 2 70 12.201577 90 18.838099
3
0 2 70 1.782843 80 17.749135
1 2 96 16.400599 79 6.580620
2 2 92 16.338546 78 14.440544
3
0 2 70 12.786040 74 13.916882
1 2 98 16.460517 86 6.300228
2 2 85 8.691413 76 14.953403
3
0 2 70 11.398300 90 5.941903
1 2 95 1.179296 97 15.918902
2 2 94 12.800336 71 5.877638
3
0 2 70 12.203137 91 3.829015
1 2 82 8.663890 70 13.395639
2 2 92 11.661844 93 19.783587
3
0 2 70 8.446067 72 16.460375
1 2 83 13.671180 78 16.148942
2 2 91 10.382387 78 12.464269
3
0 2 70 5.506143 87 15.510074
1 2 78 4.996249 99 4.828048
2 2 94 4.761110 97 15.102508
3
0 2 70 10.437565 85 8.576611
1 2 90 8.780780 80 2.436330
2 2 84 2.846371 79 4.516421
3
0 2 80 2.148275 93 6.486671
1 2 88 17.578985 90 13.461988
2 2 94 5.666609 99 18.157942
3
0 2 80 2.564961 99 18.632452
1 2 97 8.527646 84 11.368743
2 2 89 3.865352 85 18.146694
3
0 2 80 13.667902 85 19.122264
1 2 91 1.312496 98 16.511027
2 2 95 19.623644 80 19.171279
3
0 2 80 15.150999 94 3.925057
1 2 80 18.659770 88 5.886335
2 2 97 18.256064 86 13.730199
3
0 2 80 7.384918 93 5.544508
1 2 91 18.729320 95 4.563344
2 2 96 15.231180 80 16.878376
3
0 2 80 14.194828 83 5.175716
1 2 97 12.246960 99 13.563722
2 2 95 11.044562 93 1.600853
3
0 2 80 15.576399 99 7.489104
1 2 86 11.310623 99 9.365630
2 2 91 9.261098 87 18.680015
3
0 2 80 18.865954 96 8.294348
1 2 80 18.896086 89 18.715025
2 2 81 10.380173 84 15.773188
3
0 2 80 9.204300 93 6.708737
1 2 93 10.249341 80 17.987094
2 2 97 9.356770 95 5.495400
3
0 2 80 4.454037 87 9.217413
1 2 93 8.369540 97 11.038608
2 2 85 5.142182 94 6.290386
3
0 2 90 14.639259 92 18.256562
1 2 93 6.939539 91 9.207701
2 2 91 9.265663 94 15.481060
3
0 2 90 8.027934 96 13.960290
1 2 99 15.064810 93 15.170311
2 2 97 4.572693 95 3.776688
3
0 2 90 1.650467 98 10.399889
1 2 90 6.476228 94 10.526196
2 2 98 15.889293 97 17.845920
3
0 2 90 8.106645 98 16.776943
1 2 95 12.282046 98 3.457381
2 2 92 10.265231 95 8.190416
3
0 2 90 11.510594 98 19.328222
1 2 91 7.036997 93 16.598416
2 2 94 13.306778 96 17.790646
3
0 2 90 14.475593 95 17.740307
1 2 94 13.405730 91 14.818982
2 2 91 5.825959 92 6.783529
3
0 2 90 10.749784 94 4.590380
1 2 97 8.542810 92 15.726192
2 2 98 16.853674 99 9.558279
3
0 2 90 18.304449 98 9.847839
1 2 96 5.037344 99 8.125900
2 2 90 5.825001 92 19.518917
3
0 2 90 8.884549 98 18.392656
1 2 98 5.970352 94 1.804291
2 2 93 12.596969 94 9.830868
3
0 2 90 9.389970 91 5.000230
1 2 94 18.640280 93 12.698887
2 2 99 7.468377 90 11.457866
3
0 2 99 4.701148 99 9.517413
1 2 99 4.311975 99 5.568085
2 2 99 10.528985 99 10.238324
3
0 2 99 19.429970 99 19.985029
1 2 99 4.088088 99 17.252889
2 2 99 8.347138 99 12.919434
3
0 2 99 3.824975 99 10.029858
1 2 99 14.641476 99 12.993877
2 2 99 16.723701 99 14.583547
3
0 2 99 6.091929 99 13.363212
1 2 99 13.434097 99 5.502566
2 2 99 16.562047 99 13.349490
3
0 2 99 8.551354 99 6.928191
1 2 99 7.317336 99 11.364958
2 2 99 9.299559 99 5.556376
3
0 2 99 10.404139 99 17.880737
1 2 99 18.937393 99 16.610837
2 2 99 19.874448 99 16.022907
3
0 2 99 14.248031 99 7.515119
1 2 99 11.162583 99 9.145731
2 2 99 13.467956 99 13.080666
3
0 2 99 9.900259 99 15.262388
1 2 99 17.023377 99 17.810758
2 2 99 16.248646 99 1.101289
3
0 2 99 18.991696 99 2.544872
1 2 99 7.834223 99 9.428650
2 2 99 16.338567 99 11.729461
0
