200 199
3
0 2 20 18.621167 39 12.795070
1 2 197 1.072616 118 11.671129
2 2 160 3.416277 155 6.613654
3
0 2 20 6.550605 184 17.707819
1 2 72 12.254677 116 11.181038
2 2 30 2.082939 34 14.934234
3
0 2 20 15.430805 34 13.268303
1 2 157 6.372476 68 14.393934
2 2 28 12.742763 104 16.839758
3
0 2 20 3.398837 116 18.740193
1 2 165 1.141433 83 8.691206
2 2 160 5.472572 171 13.679757
3
0 2 20 6.870832 71 13.817292
1 2 47 13.375586 22 10.935774
2 2 36 4.460281 133 14.439993
3
0 2 20 18.142041 105 4.699265
1 2 137 13.082323 127 13.326223
2 2 144 19.161726 67 1.014246
3
0 2 20 16.559305 119 19.174950
1 2 129 9.037065 184 9.229487
2 2 60 2.852269 32 4.694773
3
0 2 20 13.404008 67 7.328016
1 2 179 9.430066 57 5.211720
2 2 89 17.943260 152 7.151714
3
0 2 20 9.503518 78 1.777097
1 2 56 11.215464 40 11.912472
2 2 21 14.877358 105 3.145413
3
0 2 20 17.790073 115 2.796086
1 2 132 3.606162 175 11.266235
2 2 190 10.806220 114 7.583617
3
0 2 20 5.559168 63 3.024052
1 2 177 12.157905 161 7.883427
2 2 197 19.562858 184 16.748425
3
0 2 20 10.824964 187 6.597858
1 2 140 19.603541 182 15.575209
2 2 182 17.459558 83 2.554465
3
0 2 20 10.502883 70 15.934460
1 2 141 8.991032 136 2.065405
2 2 68 13.495370 108 10.835948
3
0 2 20 2.349849 132 19.748228
1 2 75 7.915922 168 17.290908
2 2 78 8.139083 161 11.887546
3
0 2 20 13.526869 62 11.176604
1 2 59 8.917443 50 5.050454
2 2 40 19.988974 195 18.262407
3
0 2 20 8.265184 57 11.717923
1 2 189 4.325281 128 2.742567
2 2 119 19.832312 100 10.716194
3
0 2 20 13.289270 196 8.257559
1 2 36 13.635120 24 2.047021
2 2 107 4.066530 130 18.731321
3
0 2 20 9.244565 180 12.744602
1 2 99 1.292127 190 13.383013
2 2 57 19.138867 168 10.386149
3
0 2 20 1.969269 37 9.992741
1 2 189 3.973724 64 5.555965
2 2 135 3.200985 130 2.475220
3
0 2 20 7.195228 38 16.078675
1 2 128 13.269349 138 9.455430
2 2 175 17.202427 65 19.725428
3
0 2 40 7.482681 178 13.074184
1 2 63 12.740444 106 19.119065
2 2 119 11.278976 153 1.875701
3
0 2 40 15.951302 41 3.011961
1 2 77 14.465918 147 15.417772
2 2 176 3.302889 198 18.838911
3
0 2 40 13.247202 173 5.502638
1 2 79 8.727713 147 8.473464
2 2 149 7.209602 135 8.410562
3
0 2 40 17.946159 77 14.249201
1 2 198 13.418163 47 16.589685
2 2 144 18.262604 75 4.074815
3
0 2 40 13.321146 194 6.587230
1 2 171 11.650172 109 6.398300
2 2 128 13.686422 105 3.856128
3
0 2 40 12.347806 131 17.366031
1 2 42 3.549310 105 2.257524
2 2 52 13.471526 88 17.429282
3
0 2 40 3.602173 89 1.615392
1 2 74 2.490136 103 5.283899
2 2 153 14.110597 50 3.436753
3
0 2 40 8.511143 114 1.119990
1 2 198 6.510502 115 9.197222
2 2 179 1.625450 176 18.631950
3
0 2 40 5.537741 81 18.879628
1 2 95 1.939345 149 18.765350
2 2 72 18.657237 111 13.872540
3
0 2 40 15.674246 169 17.107417
1 2 124 1.638748 86 6.895899
2 2 110 7.034366 112 16.926630
3
0 2 40 11.205873 48 7.839544
1 2 153 10.442993 55 9.354530
2 2 101 7.808592 63 2.678398
3
0 2 40 4.072004 134 16.794031
1 2 154 11.434349 139 2.701727
2 2 57 4.520426 142 11.366933
3
0 2 40 15.949783 75 10.973923
1 2 145 11.235056 81 19.515695
2 2 157 10.201215 87 14.533160
3
0 2 40 9.307165 74 8.381812
1 2 46 19.406397 167 8.929932
2 2 179 11.511227 85 17.432895
3
0 2 40 18.559021 81 13.666265
1 2 179 8.411700 135 15.739359
2 2 103 8.159931 89 8.993084
3
0 2 40 16.225813 57 18.182719
1 2 123 4.184056 69 2.624912
2 2 49 11.053281 86 5.930198
3
0 2 40 3.650050 62 9.084954
1 2 172 18.398979 193 2.332001
2 2 122 11.650631 152 5.407191
3
0 2 40 15.416036 136 16.244450
1 2 185 15.456919 141 14.137139
2 2 151 15.928339 153 15.542478
3
0 2 40 14.422250 180 2.117591
1 2 73 12.344063 84 9.591808
2 2 48 1.117439 72 12.865028
3
0 2 40 14.046421 126 10.228411
1 2 88 4.337462 194 14.219200
2 2 119 1.573937 192 3.172664
3
0 2 60 10.123583 67 1.412319
1 2 153 3.903030 65 7.402144
2 2 144 11.981285 187 1.186104
3
0 2 60 3.343443 64 1.255359
1 2 63 10.693909 119 13.412095
2 2 173 4.850399 146 11.170220
3
0 2 60 14.579394 77 17.350074
1 2 129 13.385533 159 3.403853
2 2 114 8.833547 118 6.193736
3
0 2 60 12.690912 81 18.637063
1 2 91 15.579893 89 14.636495
2 2 137 13.065921 72 4.531044
3
0 2 60 11.937069 199 8.648977
1 2 97 1.614454 119 14.537098
2 2 197 1.648198 128 9.134006
3
0 2 60 6.444543 159 8.699627
1 2 150 3.134558 187 17.661069
2 2 140 12.564530 186 1.166780
3
0 2 60 1.135848 92 4.712998
1 2 102 13.893057 62 9.600798
2 2 131 1.789621 105 9.353342
3
0 2 60 18.612977 95 8.544663
1 2 146 19.235456 63 15.382226
2 2 149 3.827997 64 19.699524
3
0 2 60 17.972829 81 9.142297
1 2 122 18.027368 124 1.041280
2 2 122 8.607694 101 2.591524
3
0 2 60 1.005433 132 15.865914
1 2 181 14.462857 184 9.589114
2 2 192 11.404725 162 1.980522
3
0 2 60 4.041295 195 15.333979
1 2 70 9.752989 182 12.690470
2 2 112 18.245846 145 13.257227
3
0 2 60 6.071562 68 9.660499
1 2 199 5.146992 84 15.809149
2 2 191 14.273612 186 4.726097
3
0 2 60 12.441738 127 5.541495
1 2 67 11.092216 191 18.160639
2 2 149 12.320660 82 10.306189
3
0 2 60 19.937061 64 16.816519
1 2 157 19.885661 143 9.128635
2 2 164 18.159437 144 5.011343
3
0 2 60 14.907888 85 8.909593
1 2 152 8.906307 154 4.328913
2 2 70 12.348404 119 9.106993
3
0 2 60 16.467586 144 5.161434
1 2 139 6.400659 150 15.799810
2 2 70 19.657306 139 14.633689
3
0 2 60 11.548480 155 1.631115
1 2 76 7.661016 77 17.213457
2 2 97 6.399436 129 17.579251
3
0 2 60 8.582723 157 10.327525
1 2 179 17.327499 70 18.094371
2 2 129 19.884498 191 9.782979
3
0 2 60 17.756893 89 15.218704
1 2 65 13.122018 64 5.376414
2 2 188 6.098750 168 16.975296
3
0 2 60 15.899425 86 7.078524
1 2 85 8.930405 182 15.984687
2 2 109 19.585286 199 3.137243
3
0 2 80 14.016465 128 15.923578
1 2 93 4.557108 194 8.353539
2 2 179 17.992169 141 17.710051
3
0 2 80 3.273261 102 6.248870
1 2 199 7.293411 187 15.481466
2 2 89 9.036286 96 13.611671
3
0 2 80 3.167688 113 11.045786
1 2 158 6.987433 184 10.194441
2 2 176 3.462114 155 14.546349
3
0 2 80 5.345963 194 7.154654
1 2 196 17.746259 122 13.944226
2 2 158 14.977549 131 6.265914
3
0 2 80 6.797626 114 9.302736
1 2 151 5.048873 97 8.204474
2 2 92 12.386400 119 5.030381
3
0 2 80 15.774264 136 16.741959
1 2 83 7.394450 172 2.093029
2 2 161 4.373646 90 10.842826
3
0 2 80 13.114995 197 10.496276
1 2 157 11.784821 190 8.031676
2 2 198 2.073078 104 10.459418
3
0 2 80 4.932898 96 1.990814
1 2 93 5.586698 144 4.764681
2 2 152 8.620928 161 16.374634
3
0 2 80 11.608711 190 4.942228
1 2 185 4.678817 140 18.238243
2 2 189 14.016029 198 12.895541
3
0 2 80 9.249556 198 6.008772
1 2 126 16.853742 134 7.426812
2 2 156 5.327857 138 10.054065
3
0 2 80 17.926209 156 14.030882
1 2 147 9.006929 155 11.254545
2 2 88 16.425190 106 8.118315
3
0 2 80 11.235156 134 16.709918
1 2 146 14.690421 108 18.935580
2 2 163 13.424968 137 5.546598
3
0 2 80 2.086702 167 2.034673
1 2 105 11.309423 193 8.932635
2 2 154 15.256301 104 10.518518
3
0 2 80 6.956259 174 19.382350
1 2 95 8.699073 97 8.266099
2 2 93 13.512544 95 11.065026
3
0 2 80 7.547036 105 13.350169
1 2 82 1.202830 122 1.519287
2 2 114 11.555902 102 3.359973
3
0 2 80 18.423664 119 2.753101
1 2 117 4.968400 81 10.717698
2 2 199 11.513769 114 7.225749
3
0 2 80 18.965885 113 17.263862
1 2 126 9.170615 111 8.519852
2 2 189 17.942971 117 7.764834
3
0 2 80 9.534156 109 15.482934
1 2 143 11.912231 177 16.153449
2 2 198 15.407700 175 13.993673
3
0 2 80 13.594793 184 9.795187
1 2 91 4.562722 118 5.661528
2 2 143 5.832053 81 16.347241
3
0 2 80 7.815352 176 10.319960
1 2 181 3.759493 150 6.155249
2 2 92 7.294114 128 14.154826
3
0 2 100 18.999149 103 14.519314
1 2 142 6.685202 125 12.330607
2 2 127 14.375712 100 1.633461
3
0 2 100 1.935005 158 5.984652
1 2 112 12.785918 188 3.620516
2 2 103 4.457065 124 18.336525
3
0 2 100 13.376840 191 11.094792
1 2 185 13.508893 168 2.031818
2 2 117 15.694010 162 4.906896
3
0 2 100 16.408368 134 9.867491
1 2 152 1.505017 146 6.345680
2 2 176 3.620361 165 15.964000
3
0 2 100 13.180210 169 15.753684
1 2 125 1.501541 130 3.347016
2 2 198 12.428547 194 3.720486
3
0 2 100 18.297188 116 6.588620
1 2 190 10.270256 142 5.939229
2 2 151 8.780204 147 6.075589
3
0 2 100 15.943285 155 16.731830
1 2 147 4.883558 107 4.558283
2 2 160 17.999373 186 18.835389
3
0 2 100 1.443523 154 9.010704
1 2 119 9.329494 179 11.766432
2 2 101 12.663472 192 17.965138
3
0 2 100 15.232011 165 19.631613
1 2 155 18.689005 171 9.052186
2 2 105 4.798694 108 10.267187
3
0 2 100 13.749841 179 4.704478
1 2 105 14.895840 110 2.521939
2 2 172 12.921473 140 4.362947
3
0 2 100 8.604219 153 17.758868
1 2 186 8.197939 162 18.645376
2 2 173 17.297044 101 11.197828
3
0 2 100 12.076622 195 8.358698
1 2 183 12.795248 153 19.232783
2 2 187 2.729155 162 18.022728
3
0 2 100 2.285213 187 7.534507
1 2 196 12.517088 144 7.065964
2 2 133 2.030280 191 16.350809
3
0 2 100 16.771155 159 16.214483
1 2 169 19.603677 102 3.609596
2 2 176 7.824944 106 1.521881
3
0 2 100 14.910853 166 4.546640
1 2 149 11.056636 154 11.592286
2 2 100 4.209307 146 4.445824
3
0 2 100 7.896455 199 1.636494
1 2 141 7.973083 192 1.756772
2 2 144 7.933094 179 4.470678
3
0 2 100 4.432314 138 19.412584
1 2 192 10.612547 110 17.706551
2 2 104 18.190146 196 2.586066
3
0 2 100 12.627921 176 9.159415
1 2 109 13.933213 181 12.833423
2 2 123 14.031288 184 4.846116
3
0 2 100 1.535509 124 14.429156
1 2 116 9.976540 106 14.600755
2 2 173 18.071643 195 6.617505
3
0 2 100 5.621015 110 16.081818
1 2 132 4.617140 127 7.127697
2 2 126 16.524541 146 7.875757
3
0 2 120 12.328421 198 18.780306
1 2 142 19.655821 147 15.422886
2 2 132 7.626899 147 13.945625
3
0 2 120 7.086937 144 4.114613
1 2 135 2.353204 129 13.306993
2 2 167 13.911301 159 2.557504
3
0 2 120 12.057517 131 19.804258
1 2 186 17.257499 130 7.796718
2 2 134 19.108577 139 2.900795
3
0 2 120 17.860539 131 11.309889
1 2 187 19.826729 125 13.244448
2 2 130 9.709642 167 19.235220
3
0 2 120 14.689727 180 1.510369
1 2 184 6.651743 188 14.617419
2 2 141 17.239601 143 15.352286
3
0 2 120 1.670149 147 12.721515
1 2 136 17.615060 122 18.249549
2 2 153 1.815864 194 3.252255
3
0 2 120 7.701743 136 11.189000
1 2 132 19.779270 199 16.447963
2 2 143 16.114915 128 8.233592
3
0 2 120 3.151151 194 3.805161
1 2 168 14.431071 183 13.102467
2 2 157 8.081519 131 18.461583
3
0 2 120 1.876819 131 19.767292
1 2 147 4.532605 183 11.780058
2 2 195 9.907759 129 14.454497
3
0 2 120 15.009984 134 7.585589
1 2 128 19.485250 150 9.921603
2 2 140 10.895205 178 1.306837
3
0 2 120 13.408869 130 3.895379
1 2 149 15.780736 180 16.465256
2 2 164 18.252991 188 13.832346
3
0 2 120 11.457607 151 19.061569
1 2 123 9.824721 167 18.083976
2 2 184 6.322874 163 11.758732
3
0 2 120 8.268932 124 14.775841
1 2 133 10.737449 169 1.050933
2 2 123 4.708230 164 6.643046
3
0 2 120 6.352743 146 4.912048
1 2 133 2.778598 171 4.959955
2 2 175 6.007446 169 10.665990
3
0 2 120 13.452581 145 3.926652
1 2 179 4.030973 159 7.352025
2 2 186 19.559460 140 5.586814
3
0 2 120 8.183935 174 13.205265
1 2 192 6.368230 120 10.229837
2 2 192 12.768429 128 16.626227
3
0 2 120 8.104689 179 11.234419
1 2 168 14.479566 134 7.602967
2 2 145 13.492376 123 8.047937
3
0 2 120 7.706977 136 5.723566
1 2 176 17.219845 150 10.965656
2 2 168 8.136052 174 8.721691
3
0 2 120 12.620944 142 8.508738
1 2 198 15.598414 182 18.427922
2 2 184 14.780759 125 5.996883
3
0 2 120 11.725598 140 7.353151
1 2 185 18.629526 178 11.987407
2 2 135 5.786628 162 16.504106
3
0 2 140 19.569034 151 7.958737
1 2 145 8.737781 142 15.582246
2 2 143 1.747327 163 7.108055
3
0 2 140 10.519500 168 9.504012
1 2 197 3.419665 194 13.039612
2 2 169 13.547477 147 10.067591
3
0 2 140 10.515647 154 1.302127
1 2 140 18.598053 163 18.141996
2 2 186 2.575605 173 12.332006
3
0 2 140 19.791747 181 9.986418
1 2 180 15.331174 166 1.137850
2 2 158 17.144412 169 6.582753
3
0 2 140 4.976331 141 3.510078
1 2 168 16.839969 164 19.493407
2 2 145 15.266625 188 8.076587
3
0 2 140 10.988713 180 17.873569
1 2 180 10.140872 152 1.803996
2 2 160 18.717568 181 10.992914
3
0 2 140 14.485508 148 15.068141
1 2 195 4.002362 175 10.711426
2 2 159 12.528916 149 5.110003
3
0 2 140 15.417130 154 18.577140
1 2 141 8.372646 181 5.540210
2 2 155 4.948895 158 10.966193
3
0 2 140 9.893708 167 1.530875
1 2 143 7.658009 145 8.932602
2 2 147 11.136714 174 13.826260
3
0 2 140 1.741837 184 9.438098
1 2 171 6.243461 161 8.254945
2 2 175 9.813711 179 10.992900
3
0 2 140 17.103566 147 10.174379
1 2 196 4.185703 187 10.440304
2 2 198 10.418412 181 5.330645
3
0 2 140 7.229929 147 11.364253
1 2 174 19.719515 145 19.017487
2 2 162 18.378703 148 10.699244
3
0 2 140 6.575589 164 5.018948
1 2 187 18.798784 142 8.978999
2 2 141 9.034731 187 7.397865
3
0 2 140 5.680596 142 6.843961
1 2 152 1.315468 180 6.846404
2 2 197 7.720995 155 8.825918
3
0 2 140 13.743240 183 3.028391
1 2 177 3.336931 170 12.733877
2 2 160 8.280727 158 17.238995
3
0 2 140 11.636364 165 13.795916
1 2 172 13.660721 190 12.090675
2 2 191 3.019528 148 9.685782
3
0 2 140 3.109983 151 10.362646
1 2 179 7.785567 191 3.973439
2 2 161 7.663886 157 4.841129
3
0 2 140 10.965229 182 6.567387
1 2 196 19.934366 199 18.474467
2 2 175 14.465541 144 7.456219
3
0 2 140 10.854238 191 3.506967
1 2 172 12.128057 150 16.529661
2 2 143 3.489297 152 10.302432
3
0 2 140 11.142482 180 19.854984
1 2 142 12.600994 140 12.134758
2 2 141 3.583291 140 1.079027
3
0 2 160 11.628846 191 16.834988
1 2 181 5.625460 185 16.683507
2 2 178 9.878866 187 7.143901
3
0 2 160 13.176275 168 11.642766
1 2 199 8.016952 195 4.344956
2 2 167 18.785047 176 12.898052
3
0 2 160 4.786411 197 7.166031
1 2 161 11.906015 189 3.828323
2 2 189 18.005837 162 4.602559
3
0 2 160 2.131351 163 7.137963
1 2 171 7.603346 194 5.108026
2 2 164 7.880460 182 5.256685
3
0 2 160 8.976942 180 9.400372
1 2 186 13.698539 160 16.735668
2 2 189 11.363975 161 1.711309
3
0 2 160 4.753627 183 18.080735
1 2 177 18.618790 174 14.534294
2 2 194 18.636090 163 11.945228
3
0 2 160 7.875885 180 16.404467
1 2 182 13.455092 186 19.389865
2 2 175 12.512122 166 9.390768
3
0 2 160 3.283685 176 5.232012
1 2 193 2.868342 197 15.610251
2 2 179 14.962505 169 7.478115
3
0 2 160 19.904110 186 9.715813
1 2 164 1.782504 188 11.161334
2 2 199 13.111935 195 7.711979
3
0 2 160 1.883756 193 15.335437
1 2 171 15.807841 177 11.405686
2 2 182 3.046845 188 6.001163
3
0 2 160 11.957400 165 9.878766
1 2 173 1.207633 195 19.490731
2 2 170 5.817703 171 9.646668
3
0 2 160 3.228932 190 16.712243
1 2 167 1.754900 161 17.839855
2 2 199 17.090456 197 13.377477
3
0 2 160 18.129703 177 6.604090
1 2 195 19.121416 188 4.004544
2 2 180 14.220709 168 10.517971
3
0 2 160 15.782235 167 3.054188
1 2 181 12.635902 199 13.920667
2 2 195 18.957847 175 15.001783
3
0 2 160 14.839285 185 17.440264
1 2 188 1.383943 184 4.036076
2 2 182 6.252093 169 14.041250
3
0 2 160 11.322833 190 14.303053
1 2 192 11.854661 181 7.017323
2 2 182 4.654691 163 6.256287
3
0 2 160 1.865763 172 2.026726
1 2 189 7.524506 185 3.332422
2 2 172 7.753064 189 9.285697
3
0 2 160 18.750970 170 2.176108
1 2 186 3.681390 174 14.777123
2 2 164 9.142955 182 16.505758
3
0 2 160 11.883338 190 14.739753
1 2 179 7.619750 191 19.949245
2 2 174 19.407875 186 2.304592
3
0 2 160 6.707519 189 14.478836
1 2 193 19.586343 198 10.892937
2 2 162 17.769449 178 9.280948
3
0 2 180 9.243860 191 10.209087
1 2 193 1.156806 184 5.463941
2 2 195 13.048823 199 15.004094
3
0 2 180 2.439882 183 14.841136
1 2 182 12.142360 193 13.995118
2 2 183 2.895427 186 9.683766
3
0 2 180 12.750974 193 11.169426
1 2 199 7.103798 198 5.042480
2 2 190 7.970367 193 5.309860
3
0 2 180 7.288621 191 9.311197
1 2 188 13.774168 180 6.447168
2 2 183 16.587439 189 2.487910
3
0 2 180 3.267410 186 3.704467
1 2 181 19.216040 191 19.074025
2 2 188 15.887639 186 16.870399
3
0 2 180 14.093414 196 10.747133
1 2 199 11.195142 183 9.240589
2 2 183 17.068786 191 11.608196
3
0 2 180 16.200079 184 18.931484
1 2 182 5.968677 199 13.426228
2 2 197 3.678779 196 10.034756
3
0 2 180 9.952403 199 14.037975
1 2 189 1.741736 187 1.198684
2 2 199 8.124756 184 13.358648
3
0 2 180 7.324834 199 17.523087
1 2 194 16.244348 193 5.772709
2 2 187 9.259890 182 1.228142
3
0 2 180 10.029667 182 6.041127
1 2 190 14.964103 186 6.143060
2 2 185 7.771100 194 7.803942
3
0 2 180 12.542566 186 17.817219
1 2 188 13.398095 197 11.284401
2 2 199 7.510010 185 6.565598
3
0 2 180 6.555220 186 13.140126
1 2 188 6.712697 182 2.129539
2 2 183 16.841861 186 14.322201
3
0 2 180 19.279897 194 2.102890
1 2 189 12.859093 198 1.403852
2 2 191 3.171747 194 17.799398
3
0 2 180 7.029734 188 19.626951
1 2 189 18.696334 195 10.020953
2 2 196 13.123072 189 11.347310
3
0 2 180 11.897702 199 13.295551
1 2 195 10.988727 190 14.419058
2 2 189 2.136721 181 16.174866
3
0 2 180 8.378686 199 9.735651
1 2 188 9.653238 198 17.291682
2 2 198 11.239333 184 6.609782
3
0 2 180 11.580269 183 8.514260
1 2 194 13.323186 196 2.567806
2 2 194 17.487653 193 2.420387
3
0 2 180 9.377159 199 13.951011
1 2 186 19.292206 197 8.491826
2 2 182 7.742366 195 18.474108
3
0 2 180 6.419305 194 19.009768
1 2 199 7.260881 185 11.014135
2 2 191 5.855595 192 2.086706
3
0 2 180 4.953299 187 19.138460
1 2 182 7.136250 199 5.773680
2 2 192 16.762237 190 7.312765
3
0 1 199 2.663993
1 1 199 9.813105
2 1 199 3.061892
3
0 1 199 1.952800
1 1 199 4.030715
2 1 199 2.647866
3
0 1 199 2.554577
1 1 199 6.116062
2 1 199 10.687368
3
0 1 199 3.048196
1 1 199 10.351455
2 1 199 13.865141
3
0 1 199 16.206316
1 1 199 7.625296
2 1 199 3.991971
3
0 1 199 11.076740
1 1 199 14.063799
2 1 199 4.440760
3
0 1 199 14.065117
1 1 199 1.628414
2 1 199 6.894423
3
0 1 199 15.523593
1 1 199 14.926095
2 1 199 8.753292
3
0 1 199 2.633149
1 1 199 6.834724
2 1 199 13.516014
3
0 1 199 18.122470
1 1 199 4.881738
2 1 199 16.361006
3
0 1 199 4.577481
1 1 199 17.149277
2 1 199 13.057539
3
0 1 199 6.054595
1 1 199 17.239368
2 1 199 5.833395
3
0 1 199 4.031934
1 1 199 4.536525
2 1 199 18.850074
3
0 1 199 14.034823
1 1 199 19.085831
2 1 199 5.250711
3
0 1 199 13.488309
1 1 199 17.304815
2 1 199 1.554832
3
0 1 199 8.611628
1 1 199 19.711263
2 1 199 8.773726
3
0 1 199 7.721247
1 1 199 7.932242
2 1 199 8.023397
3
0 1 199 19.046698
1 1 199 15.666865
2 1 199 19.739643
3
0 1 199 3.788460
1 1 199 6.343135
2 1 199 3.875093
0
