100 99
3
0 2 10 15.819672 30 19.993284
1 2 29 6.231073 54 19.212600
2 2 77 4.737347 90 1.720670
3
0 2 10 14.334066 63 9.004047
1 2 87 13.162558 96 11.948167
2 2 26 16.323080 40 4.176205
3
0 2 10 2.277096 51 9.158812
1 2 72 19.099661 95 7.867988
2 2 50 18.153612 85 11.295776
3
0 2 10 12.795613 74 3.162113
1 2 41 6.102656 36 5.096433
2 2 58 11.961628 92 2.864587
3
0 2 10 15.047676 93 8.135811
1 2 51 7.502019 74 16.308399
2 2 27 4.140879 99 4.194243
3
0 2 10 8.001328 60 14.006360
1 2 75 6.501443 55 2.427826
2 2 78 16.581495 65 1.232298
3
0 2 10 10.590892 80 12.710600
1 2 54 4.916703 98 19.108742
2 2 28 14.547447 47 16.457331
3
0 2 10 15.337544 15 18.718983
1 2 77 17.632416 76 18.591200
2 2 68 19.605146 92 3.529688
3
0 2 10 1.300935 56 7.502538
1 2 71 7.348505 31 14.653501
2 2 68 6.454108 62 16.586585
3
0 2 10 1.245362 12 1.947280
1 2 19 9.414548 59 12.748591
2 2 86 11.391474 52 7.618371
3
0 2 20 6.939946 87 10.230404
1 2 61 5.848842 87 2.193177
2 2 65 15.623012 75 9.628017
3
0 2 20 3.733354 94 2.897803
1 2 85 13.027176 78 16.293800
2 2 27 17.670088 48 5.713825
3
0 2 20 13.601206 32 18.311110
1 2 55 12.149580 37 1.464141
2 2 66 8.870416 91 13.261472
3
0 2 20 13.587898 89 4.492872
1 2 38 7.994952 84 10.821265
2 2 37 4.683383 54 12.040680
3
0 2 20 17.726484 27 14.232115
1 2 67 12.994180 79 6.612983
2 2 24 16.100071 34 2.579717
3
0 2 20 15.677817 47 17.082663
1 2 89 18.623713 27 2.143344
2 2 20 19.340538 53 14.492248
3
0 2 20 3.848107 53 5.254590
1 2 36 2.227309 53 3.735499
2 2 59 19.351996 41 15.258822
3
0 2 20 19.671316 31 1.330560
1 2 98 11.209683 53 12.922249
2 2 54 17.681750 42 10.863372
3
0 2 20 7.295211 72 18.263174
1 2 45 7.861787 67 3.853265
2 2 92 1.602933 24 3.834774
3
0 2 20 18.063856 87 13.616188
1 2 67 2.904771 97 6.514070
2 2 47 15.339170 94 6.506902
3
0 2 30 17.794347 92 9.790920
1 2 96 1.964836 66 18.096948
2 2 38 6.103724 80 2.402584
3
0 2 30 4.009901 65 8.100065
1 2 46 8.629908 31 1.120231
2 2 66 5.981247 40 12.655178
3
0 2 30 11.051530 77 19.529327
1 2 93 18.958117 81 14.583587
2 2 91 16.716558 65 1.350402
3
0 2 30 19.967912 79 12.509838
1 2 84 5.818598 33 13.703455
2 2 54 3.112123 45 15.393267
3
0 2 30 15.340325 71 9.198062
1 2 34 7.600609 81 10.336168
2 2 90 1.449775 43 4.475641
3
0 2 30 7.599051 44 5.124376
1 2 60 17.249967 87 19.249953
2 2 90 9.915671 91 16.477078
3
0 2 30 16.370482 85 15.978027
1 2 32 16.490771 77 5.485869
2 2 38 9.335117 95 2.423729
3
0 2 30 19.064592 60 9.261372
1 2 94 11.853034 74 17.392168
2 2 41 9.492238 38 13.254489
3
0 2 30 19.855075 77 4.491068
1 2 63 10.419837 79 10.928065
2 2 57 16.042726 68 10.897737
3
0 2 30 12.225738 63 10.233491
1 2 47 9.478089 60 12.176506
2 2 69 2.590337 94 9.074040
3
0 2 40 13.707917 98 11.118405
1 2 50 12.706541 64 17.195673
2 2 79 2.185299 80 10.852644
3
0 2 40 18.945105 81 13.244283
1 2 46 8.820304 83 17.522901
2 2 48 9.347979 55 15.789453
3
0 2 40 15.136417 91 6.914586
1 2 60 11.393332 54 12.045994
2 2 69 16.861897 68 14.429572
3
0 2 40 8.772484 70 16.486086
1 2 80 10.305733 64 4.413479
2 2 90 13.830715 57 17.692410
3
0 2 40 5.054203 63 15.136090
1 2 84 13.117923 51 3.570397
2 2 64 3.780769 60 3.717926
3
0 2 40 6.692038 77 16.364992
1 2 57 17.379915 89 3.929433
2 2 71 5.332379 40 15.969965
3
0 2 40 19.269327 96 4.967986
1 2 96 10.886094 42 12.917469
2 2 56 15.171367 65 15.389956
3
0 2 40 4.890169 48 14.069232
1 2 84 5.864642 54 4.710999
2 2 44 12.633526 71 6.407486
3
0 2 40 17.313594 81 12.844166
1 2 56 9.072313 49 6.050805
2 2 48 16.054151 75 13.303875
3
0 2 40 7.198026 63 16.773704
1 2 89 17.561922 73 7.845679
2 2 79 5.526582 89 14.157392
3
0 2 50 3.478494 60 18.969262
1 2 96 12.717926 75 2.941376
2 2 66 13.827131 95 19.898699
3
0 2 50 15.504015 59 17.295535
1 2 97 16.936101 83 14.569188
2 2 63 12.618863 90 11.261665
3
0 2 50 16.950473 65 9.954807
1 2 51 18.827890 52 6.318195
2 2 82 17.208281 74 8.288268
3
0 2 50 1.073933 88 7.763948
1 2 61 7.730980 91 13.297516
2 2 77 4.718627 58 19.481424
3
0 2 50 15.780491 74 10.045389
1 2 89 13.823635 55 13.643588
2 2 74 10.726676 92 7.838293
3
0 2 50 3.130500 92 5.994930
1 2 95 13.875186 90 2.647734
2 2 59 14.691375 53 8.608866
3
0 2 50 7.982274 73 4.366677
1 2 53 15.693469 73 5.174940
2 2 62 13.760031 76 5.078795
3
0 2 50 5.131063 69 9.984712
1 2 64 17.533675 86 1.545635
2 2 88 9.106569 86 4.813610
3
0 2 50 18.076958 81 10.686509
1 2 86 11.888874 53 4.221970
2 2 79 13.512002 82 8.790509
3
0 2 50 1.884807 97 6.797201
1 2 89 1.079609 75 16.321999
2 2 93 11.259145 72 4.214405
3
0 2 60 18.737462 69 15.737517
1 2 93 14.872689 67 11.395232
2 2 78 5.426184 97 9.942126
3
0 2 60 17.023142 74 10.834868
1 2 62 14.466375 81 12.893771
2 2 86 3.356875 91 2.411070
3
0 2 60 7.516052 83 2.033054
1 2 65 7.644854 88 19.887292
2 2 61 7.397065 73 15.568571
3
0 2 60 9.179039 83 16.215744
1 2 75 3.408494 79 6.880705
2 2 67 10.289460 97 1.251827
3
0 2 60 17.436147 69 18.143689
1 2 74 17.402124 89 19.921246
2 2 66 7.201066 75 12.546772
3
0 2 60 2.942232 93 3.577732
1 2 66 1.522584 70 7.716229
2 2 78 5.972810 77 15.291093
3
0 2 60 1.977630 63 7.701792
1 2 69 16.573413 85 19.922770
2 2 84 14.692324 90 18.851766
3
0 2 60 12.551851 69 13.849961
1 2 81 5.320573 77 7.318300
2 2 83 14.036031 75 10.462310
3
0 2 60 17.334200 72 6.676290
1 2 81 17.697540 93 13.586950
2 2 77 10.090867 72 1.041940
3
0 2 60 7.234201 62 6.509060
1 2 79 1.712822 75 15.249500
2 2 67 15.263898 71 7.304788
3
0 2 70 1.710787 71 8.382636
1 2 78 10.817463 87 9.160516
2 2 72 6.917793 83 3.013771
3
0 2 70 1.802284 95 17.280189
1 2 91 5.434916 73 16.286370
2 2 84 2.963492 82 14.468456
3
0 2 70 7.353104 73 1.239292
1 2 90 14.300614 73 7.970036
2 2 77 19.771068 84 9.159849
3
0 2 70 13.846191 83 6.857516
1 2 87 3.627212 70 16.734298
2 2 96 9.007005 98 4.077741
3
0 2 70 6.858039 85 17.345541
1 2 96 16.031476 95 15.396748
2 2 70 14.301546 79 4.760298
3
0 2 70 19.937265 88 19.454045
1 2 81 8.335238 92 18.677753
2 2 77 1.669578 73 7.970870
3
0 2 70 8.270852 81 4.839030
1 2 72 3.330955 75 3.261479
2 2 88 19.100241 96 14.940991
3
0 2 70 11.738906 98 2.625349
1 2 99 11.538998 94 2.196729
2 2 99 19.337917 96 9.911948
3
0 2 70 13.684797 83 5.649743
1 2 87 6.540506 77 13.846566
2 2 70 15.562547 74 11.787847
3
0 2 70 4.423669 93 14.567932
1 2 93 12.167376 70 18.936285
2 2 94 19.714023 76 8.806545
3
0 2 80 5.143192 95 19.755312
1 2 85 18.593429 93 1.905452
2 2 88 15.756021 97 6.386308
3
0 2 80 8.246868 93 12.484230
1 2 80 3.271734 99 2.508765
2 2 83 11.037864 94 17.971753
3
0 2 80 13.721500 86 10.009016
1 2 81 18.594595 91 15.629395
2 2 82 1.094451 85 15.940652
3
0 2 80 14.964184 87 1.809295
1 2 93 4.408508 81 7.101971
2 2 82 16.456877 92 19.749440
3
0 2 80 3.591253 91 9.931859
1 2 83 16.876511 89 12.592115
2 2 89 15.303732 80 15.819462
3
0 2 80 12.240497 98 6.720026
1 2 96 11.709213 98 4.042122
2 2 93 15.436917 98 18.114298
3
0 2 80 1.555660 92 19.425602
1 2 93 7.686121 83 13.301099
2 2 92 4.080865 82 13.460335
3
0 2 80 9.137633 99 19.705187
1 2 99 8.192047 91 6.169897
2 2 93 11.575840 84 8.838537
3
0 2 80 7.086430 83 11.989513
1 2 88 14.362493 83 9.684959
2 2 85 18.186978 93 8.699656
3
0 2 80 16.679015 84 10.287800
1 2 89 8.552636 82 18.362972
2 2 88 7.780700 99 8.745764
3
0 2 90 10.389806 92 19.119831
1 2 96 3.216525 93 12.426181
2 2 93 10.827573 98 15.584293
3
0 2 90 7.894463 91 17.207549
1 2 90 16.581754 94 16.158015
2 2 99 5.009601 97 13.061956
3
0 2 90 18.435622 99 14.663143
1 2 98 10.776307 96 3.608278
2 2 93 3.737295 99 12.406390
3
0 2 90 17.851763 97 16.829454
1 2 96 16.731085 91 5.440591
2 2 93 4.622893 98 7.263182
3
0 2 90 2.939337 96 15.530784
1 2 92 19.258197 94 8.260732
2 2 97 12.489590 94 3.612374
3
0 2 90 5.049239 91 14.209082
1 2 97 7.803589 99 11.439571
2 2 91 6.989441 94 4.515374
3
0 2 90 1.168456 91 10.398338
1 2 97 18.313859 91 9.922231
2 2 95 5.161778 99 14.819638
3
0 2 90 5.024938 96 14.719919
1 2 98 3.580131 94 5.200827
2 2 98 7.451361 96 14.100706
3
0 2 90 17.209379 97 12.932143
1 2 97 3.363620 92 2.275200
2 2 92 12.715410 98 3.525770
3
0 2 90 15.401091 99 6.751305
1 2 97 3.342157 99 7.805525
2 2 95 7.809812 94 12.176133
3
0 2 99 6.204976 99 3.535821
1 2 99 10.401220 99 15.321970
2 2 99 13.774208 99 7.341518
3
0 2 99 4.734806 99 2.451040
1 2 99 6.182868 99 2.849565
2 2 99 8.611659 99 14.079082
3
0 2 99 1.393391 99 2.273642
1 2 99 7.217213 99 3.872718
2 2 99 19.078474 99 1.498452
3
0 2 99 7.553817 99 15.764379
1 2 99 2.614841 99 18.794483
2 2 99 17.272043 99 15.015955
3
0 2 99 15.097153 99 6.927647
1 2 99 3.293697 99 6.393894
2 2 99 18.353869 99 5.120220
3
0 2 99 19.429984 99 15.526119
1 2 99 18.597611 99 9.502876
2 2 99 9.109944 99 8.773326
3
0 2 99 11.568126 99 14.972054
1 2 99 8.118221 99 5.618236
2 2 99 11.974689 99 12.730424
3
0 2 99 9.592901 99 8.180442
1 2 99 2.045597 99 1.830690
2 2 99 7.867817 99 10.098266
3
0 2 99 4.239627 99 11.199721
1 2 99 9.332629 99 3.890396
2 2 99 16.025620 99 3.304053
0
