100 99
3
0 2 10 7.036612 22 19.278218
1 2 35 3.188954 21 14.207412
2 2 61 4.854919 50 4.726026
3
0 2 10 14.300643 23 4.609253
1 2 42 12.823626 33 14.878900
2 2 35 5.961643 57 19.500011
3
0 2 10 19.833973 54 12.838588
1 2 20 11.566062 18 1.441803
2 2 65 14.047032 83 10.385362
3
0 2 10 9.886560 20 19.895032
1 2 91 16.119364 63 12.624399
2 2 72 14.487049 18 8.149259
3
0 2 10 13.382846 91 3.419763
1 2 80 18.525579 93 15.497059
2 2 69 13.805871 73 14.032697
3
0 2 10 16.926496 71 11.883588
1 2 47 6.845225 51 15.091311
2 2 98 4.507179 25 13.260018
3
0 2 10 1.042268 17 19.411728
1 2 42 11.013695 68 12.498362
2 2 35 15.060202 58 18.617050
3
0 2 10 13.412540 82 7.120523
1 2 64 12.910899 57 13.509385
2 2 90 5.850251 53 4.196417
3
0 2 10 15.053918 15 11.212641
1 2 85 16.714205 96 16.421848
2 2 76 11.068435 31 4.810492
3
0 2 10 18.080201 86 2.276226
1 2 76 9.390245 17 9.312843
2 2 69 2.503314 83 18.545324
3
0 2 20 15.936304 82 10.838014
1 2 83 11.457358 30 6.476267
2 2 96 16.464656 88 2.206581
3
0 2 20 4.784045 38 13.599405
1 2 21 5.718326 52 2.036261
2 2 95 3.744052 50 7.262608
3
0 2 20 14.895434 86 16.309873
1 2 43 4.389736 39 18.047754
2 2 88 11.233982 68 16.224384
3
0 2 20 2.991633 85 2.111027
1 2 85 17.700040 78 18.010292
2 2 77 16.435287 24 14.501489
3
0 2 20 3.579254 98 7.259778
1 2 59 18.002927 51 3.571883
2 2 38 11.523376 61 17.929145
3
0 2 20 6.641711 38 2.113033
1 2 68 19.940953 96 13.886862
2 2 68 7.860243 52 6.903870
3
0 2 20 11.517277 89 12.802305
1 2 28 15.355283 74 11.430009
2 2 89 9.385476 93 5.518815
3
0 2 20 15.454722 48 19.043116
1 2 23 1.661011 30 14.879008
2 2 62 11.221504 50 7.622705
3
0 2 20 14.122849 97 4.497506
1 2 55 5.869567 58 5.848839
2 2 39 1.369508 49 19.688450
3
0 2 20 17.826188 47 11.520724
1 2 20 8.481875 70 18.108745
2 2 97 16.693087 72 9.128047
3
0 2 30 5.273413 61 13.765748
1 2 97 15.266411 88 11.930355
2 2 76 9.371705 42 17.419415
3
0 2 30 15.158778 53 2.651392
1 2 50 15.576472 57 2.652339
2 2 69 3.110439 59 8.562728
3
0 2 30 5.454804 77 2.728963
1 2 39 18.767471 31 1.537023
2 2 53 9.977966 68 4.455569
3
0 2 30 14.401733 55 4.268138
1 2 58 14.480484 42 10.466083
2 2 43 16.125710 99 15.464258
3
0 2 30 15.608729 81 12.182730
1 2 90 2.803266 38 4.176894
2 2 70 15.558896 87 16.026763
3
0 2 30 1.911049 56 14.282843
1 2 48 15.659477 91 4.977371
2 2 92 2.868183 36 2.144377
3
0 2 30 6.590295 72 1.010361
1 2 84 12.788606 94 12.079250
2 2 90 8.154407 42 7.983633
3
0 2 30 9.422233 75 13.343753
1 2 79 10.210381 43 3.482714
2 2 59 18.298821 50 15.295579
3
0 2 30 18.942177 96 14.651504
1 2 95 17.694550 58 18.113077
2 2 33 18.549872 95 12.568431
3
0 2 30 13.042698 55 9.739395
1 2 36 8.106122 80 6.503188
2 2 84 13.084753 78 3.464419
3
0 2 40 15.713307 52 7.191494
1 2 75 15.860832 77 2.730622
2 2 57 11.157761 68 4.471795
3
0 2 40 3.759450 77 17.282051
1 2 75 10.503024 98 2.567960
2 2 79 19.336162 50 2.586361
3
0 2 40 11.764648 87 10.426399
1 2 54 5.136226 65 5.626355
2 2 89 8.381019 92 5.052407
3
0 2 40 11.516493 93 18.802891
1 2 47 18.592314 77 8.777724
2 2 74 5.258450 50 18.941352
3
0 2 40 6.822909 80 14.585995
1 2 57 4.422374 58 1.401038
2 2 51 7.345764 94 2.350915
3
0 2 40 16.164643 95 2.478321
1 2 78 8.612416 46 14.872244
2 2 94 2.999387 83 14.095697
3
0 2 40 9.916503 96 11.083066
1 2 63 13.173006 51 5.672996
2 2 72 6.625472 66 17.515529
3
0 2 40 8.586024 46 16.145135
1 2 43 12.406519 61 9.239439
2 2 57 11.963773 65 12.022115
3
0 2 40 15.897942 82 10.905290
1 2 90 2.882285 67 9.707804
2 2 60 14.987959 71 6.063662
3
0 2 40 6.386102 71 13.364049
1 2 57 17.368394 74 9.826793
2 2 95 9.905912 41 8.111513
3
0 2 50 11.306466 94 11.334843
1 2 95 10.591592 55 3.885537
2 2 65 1.448828 87 4.157493
3
0 2 50 8.485701 86 5.476371
1 2 88 2.991347 64 7.512334
2 2 58 17.603916 79 15.468605
3
0 2 50 18.531862 51 4.344918
1 2 75 6.842211 57 4.514550
2 2 97 17.281551 68 13.590452
3
0 2 50 8.646551 74 8.235564
1 2 82 17.097002 85 8.227040
2 2 70 17.636002 57 16.150105
3
0 2 50 8.654432 98 6.810859
1 2 91 15.070403 92 15.473953
2 2 59 4.071259 63 3.183378
3
0 2 50 16.455755 94 9.165998
1 2 89 4.802515 88 15.957041
2 2 74 16.179981 86 14.160951
3
0 2 50 13.672361 73 17.905127
1 2 77 11.898915 96 18.364934
2 2 74 9.152887 95 8.608543
3
0 2 50 3.350301 98 7.304579
1 2 93 8.060077 77 12.924413
2 2 55 9.169840 61 14.298704
3
0 2 50 4.459764 81 16.172552
1 2 75 16.342332 95 15.305905
2 2 85 1.484640 87 17.058513
3
0 2 50 14.322094 67 4.775692
1 2 58 8.825599 85 10.542701
2 2 99 15.292124 58 11.990094
3
0 2 60 1.864056 87 11.266606
1 2 78 18.948203 62 9.095207
2 2 94 2.374574 80 16.071080
3
0 2 60 16.350628 76 2.522036
1 2 69 4.881314 62 17.666425
2 2 63 5.927290 98 8.821275
3
0 2 60 3.357037 79 9.485089
1 2 85 16.940296 61 9.698382
2 2 99 4.895155 87 4.032692
3
0 2 60 17.548668 77 17.378868
1 2 93 16.562358 64 2.353244
2 2 90 12.790832 62 10.888865
3
0 2 60 18.598702 76 13.254464
1 2 90 15.116082 66 3.966569
2 2 89 5.771200 93 12.253283
3
0 2 60 6.218949 69 3.449685
1 2 63 13.370729 79 19.608601
2 2 75 15.126649 93 12.656511
3
0 2 60 18.811019 63 16.178932
1 2 93 4.384485 65 16.646480
2 2 74 13.826469 99 18.742784
3
0 2 60 15.503071 65 2.469775
1 2 90 18.096624 70 19.189335
2 2 87 7.790065 91 6.837211
3
0 2 60 17.108881 91 15.480287
1 2 97 16.211046 69 15.260784
2 2 60 9.237507 61 11.598064
3
0 2 60 16.823592 81 2.614912
1 2 85 8.258406 92 2.853949
2 2 75 11.526496 73 8.172065
3
0 2 70 12.849955 83 13.944084
1 2 77 17.343446 95 19.515357
2 2 95 11.857774 87 12.030376
3
0 2 70 1.679641 73 9.866151
1 2 79 2.905669 84 12.169066
2 2 81 3.224762 85 17.515787
3
0 2 70 13.077138 87 15.970822
1 2 94 14.529777 80 2.153906
2 2 92 17.994866 84 16.714099
3
0 2 70 1.028423 77 17.761704
1 2 82 4.674654 85 13.406968
2 2 99 12.085332 87 10.085410
3
0 2 70 13.351313 81 13.207894
1 2 76 8.892792 87 18.725258
2 2 94 1.042942 92 4.723150
3
0 2 70 19.168409 80 10.520382
1 2 71 4.119583 99 14.191495
2 2 88 10.817080 76 16.939978
3
0 2 70 14.460245 99 5.325060
1 2 77 7.718200 96 11.650286
2 2 99 18.823357 95 18.603108
3
0 2 70 2.130236 96 19.936104
1 2 74 14.732744 82 15.630704
2 2 91 10.100723 89 5.343734
3
0 2 70 5.529261 93 10.815063
1 2 88 12.795409 98 4.643355
2 2 89 9.367933 98 19.403239
3
0 2 70 10.448817 81 19.005501
1 2 70 9.885793 90 15.358730
2 2 99 3.823678 98 14.900952
3
0 2 80 15.239916 98 12.304484
1 2 80 18.846878 93 13.245297
2 2 86 16.278367 92 17.299472
3
0 2 80 3.228863 90 10.438741
1 2 87 1.363753 88 17.131889
2 2 82 12.909697 95 18.571784
3
0 2 80 2.292636 90 10.900923
1 2 87 8.864320 92 7.199075
2 2 96 15.457864 95 18.981771
3
0 2 80 19.021562 93 13.354977
1 2 99 11.430242 90 12.478089
2 2 96 7.877240 88 18.666427
3
0 2 80 4.593480 90 19.458521
1 2 81 2.619645 80 9.527936
2 2 81 4.904825 96 2.805545
3
0 2 80 9.532200 85 10.687530
1 2 80 3.924874 98 10.118569
2 2 90 14.600155 87 5.187725
3
0 2 80 6.833523 90 4.487095
1 2 97 10.290626 86 7.254245
2 2 94 12.680195 99 16.660527
3
0 2 80 9.615413 98 12.021154
1 2 89 17.558512 84 9.426492
2 2 90 14.289811 97 5.958061
3
0 2 80 7.503451 84 18.649046
1 2 90 2.914191 91 18.801781
2 2 84 13.069771 82 16.331637
3
0 2 80 11.527967 94 19.068372
1 2 97 3.819926 92 10.857536
2 2 89 15.382917 94 1.665351
3
0 2 90 2.979920 92 10.950111
1 2 94 13.209848 92 3.737257
2 2 96 2.653500 94 18.759009
3
0 2 90 1.020489 98 8.518695
1 2 90 1.619914 99 8.697357
2 2 95 10.867434 97 6.224817
3
0 2 90 17.349549 93 7.900156
1 2 93 14.426272 96 5.804209
2 2 92 8.965623 98 19.976056
3
0 2 90 15.050910 94 19.636043
1 2 91 16.594504 97 4.937663
2 2 97 7.114199 90 15.255624
3
0 2 90 19.862190 97 9.318528
1 2 90 1.707458 97 2.466908
2 2 95 10.518391 94 17.237432
3
0 2 90 15.102635 95 8.008579
1 2 95 15.750233 96 6.359456
2 2 98 12.033048 90 10.192609
3
0 2 90 11.571712 93 19.041285
1 2 93 18.989067 97 1.007428
2 2 92 4.003394 91 14.761080
3
0 2 90 12.588581 92 10.757363
1 2 98 3.646411 92 8.591540
2 2 96 11.341355 97 2.621746
3
0 2 90 3.830299 94 9.821762
1 2 92 18.495611 90 14.101059
2 2 98 15.644721 90 1.907643
3
0 2 90 11.455874 91 6.969259
1 2 93 14.775296 95 8.313770
2 2 94 4.857625 97 15.526832
3
0 1 99 16.561432
1 1 99 18.215776
2 1 99 14.487176
3
0 1 99 11.044659
1 1 99 11.764559
2 1 99 12.124656
3
0 1 99 11.999359
1 1 99 13.273552
2 1 99 8.643085
3
0 1 99 18.464659
1 1 99 4.198171
2 1 99 12.454216
3
0 1 99 8.781608
1 1 99 14.461387
2 1 99 2.056770
3
0 1 99 10.584700
1 1 99 14.542697
2 1 99 13.051903
3
0 1 99 11.510497
1 1 99 4.560958
2 1 99 15.855671
3
0 1 99 15.745328
1 1 99 15.566076
2 1 99 19.729263
3
0 1 99 2.857332
1 1 99 11.119323
2 1 99 13.827743
0
