50 49
3
0 2 5 7.554229 40 2.921433
1 2 6 9.526793 9 14.137812
2 2 36 2.760099 22 5.922504
3
0 2 5 17.621560 20 3.117364
1 2 40 14.810643 27 5.783480
2 2 23 14.262558 5 12.970162
3
0 2 5 1.552361 16 4.759939
1 2 47 17.972928 31 4.221010
2 2 19 17.114335 24 19.608329
3
0 2 5 19.984840 35 4.603010
1 2 13 4.802598 36 5.992995
2 2 20 14.133526 41 18.536026
3
0 2 5 2.615573 42 7.535094
1 2 14 11.756633 49 19.355861
2 2 37 6.172998 8 17.473274
3
0 2 10 11.618507 45 16.292115
1 2 41 15.254656 28 4.894239
2 2 11 5.323195 42 19.712987
3
0 2 10 16.998646 25 7.030029
1 2 32 6.551387 44 9.352919
2 2 46 4.958612 28 13.924421
3
0 2 10 19.095925 12 8.996627
1 2 16 8.116389 38 14.178990
2 2 37 14.487183 18 3.321392
3
0 2 10 4.340349 49 12.383293
1 2 44 6.160407 28 6.925257
2 2 41 4.852797 29 5.605940
3
0 2 10 1.118624 45 8.903586
1 2 29 5.229961 44 2.879719
2 2 16 13.094543 29 18.151747
3
0 2 15 16.209185 49 8.571588
1 2 40 10.131787 39 1.992727
2 2 21 19.608702 37 4.654700
3
0 2 15 4.081657 23 10.579357
1 2 25 17.324575 22 4.615192
2 2 37 15.694202 39 13.067410
3
0 2 15 8.963039 41 13.284833
1 2 25 11.189192 47 11.077440
2 2 32 10.836841 30 18.514008
3
0 2 15 4.382034 18 13.843872
1 2 15 9.750132 28 2.857971
2 2 38 18.461792 23 2.403631
3
0 2 15 14.086411 29 10.362362
1 2 41 8.894526 42 19.600707
2 2 31 19.828520 43 3.532594
3
0 2 20 9.771348 38 8.695151
1 2 20 5.946341 41 12.081638
2 2 33 18.101922 40 8.773033
3
0 2 20 6.414165 25 19.498458
1 2 44 6.096412 26 16.462704
2 2 40 16.335360 24 6.200889
3
0 2 20 1.276883 38 8.166329
1 2 20 9.780060 29 9.297301
2 2 47 5.615611 41 15.495851
3
0 2 20 14.718175 42 4.955541
1 2 31 9.656371 21 1.071534
2 2 36 5.238283 38 18.179656
3
0 2 20 17.319348 31 8.526095
1 2 36 1.421263 49 14.727553
2 2 25 4.508424 41 10.188855
3
0 2 25 19.266708 31 17.608585
1 2 44 6.520193 31 1.408000
2 2 48 6.219026 26 15.664151
3
0 2 25 17.574895 28 13.537946
1 2 43 19.604906 30 10.677297
2 2 34 12.970436 37 19.590948
3
0 2 25 10.952492 43 4.581586
1 2 33 7.135612 41 5.474757
2 2 37 15.068081 38 2.111087
3
0 2 25 12.980501 31 3.617731
1 2 37 12.703224 28 15.434391
2 2 28 18.387072 38 2.291901
3
0 2 25 5.185692 40 15.248247
1 2 49 7.615823 37 3.687221
2 2 26 13.587478 27 6.472035
3
0 2 30 11.440436 49 9.727539
1 2 38 1.837484 48 13.954617
2 2 48 12.466009 33 12.492500
3
0 2 30 9.799844 31 13.602999
1 2 44 16.819056 40 12.704849
2 2 32 1.312650 42 18.696126
3
0 2 30 7.757620 42 16.727554
1 2 38 3.703023 46 18.996089
2 2 44 16.917524 45 1.632324
3
0 2 30 4.213546 37 1.983014
1 2 45 11.293233 43 18.516646
2 2 39 17.507833 32 14.220931
3
0 2 30 12.744956 35 5.080380
1 2 30 8.514861 33 11.156633
2 2 42 19.107953 34 11.426641
3
0 2 35 2.846497 38 9.567501
1 2 42 5.592653 44 3.223293
2 2 39 19.601164 46 9.762413
3
0 2 35 8.763643 39 15.927140
1 2 37 9.430150 48 11.078428
2 2 35 12.689990 41 10.377396
3
0 2 35 11.096510 42 13.702899
1 2 43 1.498579 47 4.953051
2 2 37 16.688158 44 17.614913
3
0 2 35 10.256546 47 11.735849
1 2 49 16.555866 48 14.270159
2 2 44 15.125657 46 11.298201
3
0 2 35 4.005127 37 6.091116
1 2 37 16.900742 44 8.827569
2 2 35 14.133045 43 10.808246
3
0 2 40 13.761451 43 1.282495
1 2 45 8.150100 42 18.857269
2 2 48 18.483019 45 2.746419
3
0 2 40 15.543063 47 9.909734
1 2 44 12.882856 43 17.465961
2 2 49 9.950707 48 2.221415
3
0 2 40 8.816093 43 2.764034
1 2 40 12.041150 41 6.206699
2 2 41 10.836381 48 18.352567
3
0 2 40 11.426768 43 9.679408
1 2 46 18.316982 44 10.377321
2 2 47 9.347383 48 6.566368
3
0 2 40 11.425100 41 10.143082
1 2 46 8.459178 41 1.842292
2 2 45 1.589108 43 7.926010
3
0 2 45 16.546564 48 2.074251
1 2 45 12.693721 46 14.633656
2 2 46 13.370270 49 14.890128
3
0 2 45 18.820526 46 17.723657
1 2 45 8.970056 47 12.183880
2 2 49 16.508771 46 19.228467
3
0 2 45 6.032667 49 6.467616
1 2 47 6.395225 49 2.463977
2 2 48 19.062486 46 14.366492
3
0 2 45 9.017132 46 19.667769
1 2 48 10.054104 45 8.599535
2 2 47 11.353202 45 14.024160
3
0 2 45 2.120910 47 9.436764
1 2 45 3.796897 49 5.069544
2 2 48 4.533719 49 10.718251
3
0 2 49 6.833847 49 8.025781
1 2 49 11.207458 49 9.488408
2 2 49 12.953497 49 7.921545
3
0 2 49 10.005820 49 13.012551
1 2 49 19.522742 49 10.954817
2 2 49 7.804536 49 3.841455
3
0 2 49 9.113211 49 13.051830
1 2 49 10.415755 49 4.444983
2 2 49 9.187909 49 10.366681
3
0 2 49 11.389555 49 12.690485
1 2 49 19.853286 49 13.965502
2 2 49 15.023939 49 19.825080
0
