20 19
3
0 2 5 17.941286 16 14.728324
1 2 14 9.003320 7 12.437688
2 2 15 3.374800 8 11.385015
3
0 2 5 5.290227 10 6.850458
1 2 16 9.162423 7 12.366829
2 2 8 10.404523 15 15.537249
3
0 2 5 6.728381 15 3.543580
1 2 18 8.776370 16 19.996555
2 2 10 10.904438 17 15.251050
3
0 2 5 10.042510 6 3.324477
1 2 9 9.631857 15 1.305795
2 2 5 16.812347 9 8.146783
3
0 2 5 12.068638 19 8.425776
1 2 15 17.861762 5 3.459344
2 2 7 8.425616 19 1.424957
3
0 2 10 14.874076 16 16.462271
1 2 11 19.405891 10 3.597003
2 2 13 12.206625 14 2.724236
3
0 2 10 14.887107 15 15.163252
1 2 12 16.464612 17 7.522892
2 2 19 19.859061 18 3.023873
3
0 2 10 8.433045 14 19.119308
1 2 13 10.547980 17 9.634348
2 2 12 4.122360 10 3.953267
3
0 2 10 8.270061 19 16.498067
1 2 10 18.535423 15 2.897599
2 2 10 5.147427 18 11.406487
3
0 2 10 4.172038 13 14.986272
1 2 19 1.692531 14 18.794921
2 2 17 17.785727 16 5.982688
3
0 2 15 6.150295 17 14.623304
1 2 18 16.666511 19 11.828702
2 2 18 6.537911 16 13.468135
3
0 2 15 6.459596 16 17.611019
1 2 19 8.681306 15 11.746891
2 2 17 3.446166 19 4.356601
3
0 2 15 11.017591 19 19.379063
1 2 17 10.176643 18 7.492596
2 2 18 9.610746 19 11.133839
3
0 2 15 8.276809 16 16.079140
1 2 16 6.194846 17 12.922613
2 2 19 16.907139 15 18.241495
3
0 2 15 5.405582 16 16.727370
1 2 18 17.938035 16 11.539389
2 2 19 15.487903 18 14.446380
3
0 2 19 2.648530 19 14.001558
1 2 19 1.633811 19 4.118771
2 2 19 10.067507 19 15.431757
3
0 2 19 14.955123 19 8.526919
1 2 19 8.941331 19 10.366496
2 2 19 8.907192 19 10.003971
3
0 2 19 1.708544 19 18.056196
1 2 19 10.541325 19 17.334032
2 2 19 14.494013 19 12.580564
3
0 2 19 12.397671 19 11.829868
1 2 19 10.137380 19 3.193800
2 2 19 9.884406 19 15.125596
0
