100 99
3
0 2 10 2.256200 36 7.018956
1 2 53 7.796590 42 12.123286
2 2 90 2.815662 68 18.708895
3
0 2 10 8.392953 38 10.170665
1 2 52 11.754037 99 2.127084
2 2 39 9.307627 18 13.519171
3
0 2 10 1.148647 12 18.055421
1 2 55 9.560489 63 15.657682
2 2 51 11.336042 20 8.001434
3
0 2 10 5.215516 94 4.160792
1 2 31 15.178416 21 13.111118
2 2 69 16.733847 66 18.709830
3
0 2 10 13.927221 32 11.547138
1 2 27 8.454965 13 7.702236
2 2 67 11.070166 12 12.618126
3
0 2 10 15.078342 49 13.829054
1 2 20 17.870594 60 5.014482
2 2 91 15.463289 96 8.178348
3
0 2 10 8.287422 67 13.844039
1 2 36 8.096267 76 6.738914
2 2 71 11.232818 95 16.561575
3
0 2 10 17.263402 91 7.834060
1 2 90 11.260543 58 15.011606
2 2 25 8.596812 52 3.178675
3
0 2 10 1.086455 60 9.499439
1 2 10 17.480757 98 1.935591
2 2 70 6.425900 38 13.220771
3
0 2 10 3.657181 78 7.093666
1 2 83 13.889631 33 4.413487
2 2 46 8.539078 93 6.520532
3
0 2 20 10.014963 81 9.543000
1 2 40 7.963687 85 6.336513
2 2 52 4.667204 63 18.208994
3
0 2 20 7.320661 95 5.807918
1 2 30 14.376291 99 3.487035
2 2 88 16.793147 62 17.219729
3
0 2 20 1.955407 80 17.353364
1 2 20 17.429473 58 3.277000
2 2 36 9.767088 57 17.789903
3
0 2 20 4.758775 35 10.640075
1 2 68 16.301573 20 15.320997
2 2 34 7.876464 63 10.604994
3
0 2 20 7.228496 64 8.879093
1 2 65 4.957483 23 6.017308
2 2 57 6.273035 35 6.411234
3
0 2 20 15.282031 63 9.523278
1 2 63 7.951398 22 12.527674
2 2 60 7.526389 56 10.292863
3
0 2 20 1.456280 98 11.778738
1 2 74 12.231382 35 11.801003
2 2 80 1.958208 50 13.533684
3
0 2 20 18.676322 89 15.292158
1 2 91 6.479332 46 4.759497
2 2 68 19.546842 79 18.563801
3
0 2 20 18.542194 33 13.636682
1 2 35 11.265517 50 14.023591
2 2 53 13.939263 54 12.655507
3
0 2 20 18.507354 80 4.076803
1 2 98 3.801603 70 19.817627
2 2 77 4.771996 85 4.280631
3
0 2 30 14.183933 72 19.225716
1 2 60 11.747705 97 1.224344
2 2 94 13.841599 33 8.355823
3
0 2 30 15.527599 95 12.334135
1 2 89 1.476037 92 18.945693
2 2 65 9.800940 80 16.365794
3
0 2 30 9.148326 64 15.170272
1 2 82 2.711201 87 16.313302
2 2 44 15.990337 73 10.251303
3
0 2 30 15.486737 39 19.677878
1 2 44 9.853500 60 9.549131
2 2 48 7.681256 45 2.972640
3
0 2 30 4.088206 81 16.377310
1 2 54 7.191659 66 7.706446
2 2 52 3.675713 40 9.949923
3
0 2 30 4.093087 52 3.878711
1 2 77 18.537248 35 4.740492
2 2 36 15.569340 33 12.052859
3
0 2 30 16.331320 61 1.353958
1 2 59 7.332901 34 3.279233
2 2 59 1.674045 66 18.920546
3
0 2 30 10.677532 78 10.255190
1 2 52 18.102154 56 10.109853
2 2 39 6.103662 58 16.521457
3
0 2 30 15.416913 75 19.839497
1 2 51 15.302091 88 7.390019
2 2 60 17.046276 47 4.442178
3
0 2 30 17.559557 84 11.649394
1 2 34 15.565145 60 16.548225
2 2 43 19.164981 68 16.835621
3
0 2 40 16.192166 88 18.192758
1 2 88 12.930240 78 6.112664
2 2 51 19.281828 68 11.505833
3
0 2 40 4.339676 83 4.651946
1 2 73 3.739843 80 2.810197
2 2 49 13.039223 85 17.915193
3
0 2 40 1.267229 68 2.999497
1 2 80 9.208675 87 4.433124
2 2 88 15.709633 86 4.018795
3
0 2 40 8.272714 64 10.992405
1 2 49 18.182589 41 3.044172
2 2 63 12.426280 77 12.452148
3
0 2 40 1.255099 88 14.205515
1 2 60 2.076280 67 13.746581
2 2 78 11.814682 66 1.163743
3
0 2 40 3.542428 61 1.196003
1 2 88 15.924303 79 1.356134
2 2 53 2.442509 94 5.835893
3
0 2 40 13.298558 60 2.991189
1 2 91 10.417685 74 17.960239
2 2 73 1.881682 96 17.999262
3
0 2 40 17.449472 43 12.470886
1 2 68 5.767276 92 5.811179
2 2 96 10.277744 59 4.259013
3
0 2 40 13.446883 48 14.475886
1 2 97 11.589925 65 11.162193
2 2 88 6.452123 76 7.839737
3
0 2 40 19.119867 58 6.073213
1 2 90 17.612795 89 13.974523
2 2 45 7.543726 61 11.621008
3
0 2 50 16.062772 59 16.749892
1 2 67 8.536853 79 17.236904
2 2 57 12.242946 61 1.580641
3
0 2 50 8.153787 96 18.265722
1 2 78 3.611248 57 15.402594
2 2 65 2.934262 75 6.784576
3
0 2 50 9.717783 89 3.682066
1 2 97 18.386495 89 11.812280
2 2 96 8.884334 66 3.938988
3
0 2 50 10.149005 69 8.973097
1 2 96 7.001740 82 14.546536
2 2 70 17.505112 51 2.416672
3
0 2 50 13.425151 53 17.672589
1 2 67 10.602960 94 5.156931
2 2 75 12.266140 90 15.835694
3
0 2 50 13.692587 96 18.467660
1 2 99 12.348624 69 19.051889
2 2 64 8.448151 57 12.549218
3
0 2 50 19.660151 54 18.951728
1 2 91 7.570458 81 19.712266
2 2 85 7.355891 65 7.305523
3
0 2 50 16.520400 95 2.252741
1 2 61 7.200583 59 5.571576
2 2 84 19.407982 93 1.058634
3
0 2 50 11.598207 64 16.322772
1 2 76 19.818308 88 16.478439
2 2 77 3.733734 59 17.869396
3
0 2 50 18.373778 56 15.545578
1 2 61 5.777321 73 16.769612
2 2 68 11.687574 98 8.647537
3
0 2 60 13.080345 77 7.881695
1 2 81 6.552149 95 16.869313
2 2 98 18.860478 84 18.329950
3
0 2 60 9.172310 76 4.397592
1 2 65 17.857039 62 15.959860
2 2 86 14.823316 73 17.213214
3
0 2 60 5.838380 81 15.351097
1 2 71 6.141313 72 13.094272
2 2 84 14.426314 70 5.172888
3
0 2 60 15.290176 95 19.210985
1 2 62 13.162819 63 10.071413
2 2 69 11.621316 89 2.726939
3
0 2 60 9.839039 62 17.226857
1 2 82 13.959075 69 7.984399
2 2 87 7.151123 67 7.179396
3
0 2 60 10.182245 96 10.115685
1 2 83 14.317976 94 3.586302
2 2 67 12.483213 78 14.824311
3
0 2 60 14.544393 83 11.026983
1 2 88 1.056418 61 4.813523
2 2 89 17.574268 68 2.854249
3
0 2 60 12.687824 62 13.803264
1 2 77 10.820716 90 11.047605
2 2 76 8.652080 97 11.390644
3
0 2 60 1.678519 80 3.336865
1 2 76 13.751432 82 11.992032
2 2 86 8.547007 70 8.658286
3
0 2 60 17.396554 71 15.777203
1 2 63 19.433888 69 5.262478
2 2 70 1.534348 97 2.781014
3
0 2 70 16.405399 84 14.930212
1 2 90 9.530840 93 15.934541
2 2 81 5.655207 84 7.820382
3
0 2 70 1.171772 79 4.657056
1 2 97 14.102301 98 12.569229
2 2 90 17.010313 94 9.611219
3
0 2 70 2.563972 80 3.903952
1 2 88 7.256738 99 13.888620
2 2 77 12.560871 71 10.559806
3
0 2 70 3.521943 75 16.085871
1 2 87 2.037405 79 4.887973
2 2 99 8.153292 76 1.221657
3
0 2 70 6.044477 81 19.276332
1 2 77 19.358158 87 8.232361
2 2 98 14.186095 92 11.465769
3
0 2 70 1.081365 91 17.831671
1 2 85 8.686244 90 1.774006
2 2 75 4.059576 77 3.007648
3
0 2 70 19.897590 98 1.479370
1 2 93 4.936836 80 2.143429
2 2 76 4.792861 97 8.274709
3
0 2 70 13.760969 80 19.231479
1 2 80 3.766189 73 16.258699
2 2 85 4.336615 76 5.681287
3
0 2 70 1.249340 87 2.967954
1 2 96 10.945039 98 9.935540
2 2 87 18.326422 89 14.605150
3
0 2 70 13.764134 71 2.730496
1 2 76 2.008996 88 10.234895
2 2 95 9.771963 98 5.517759
3
0 2 80 12.590099 99 19.490854
1 2 94 5.679282 85 5.157832
2 2 91 19.928028 85 17.158034
3
0 2 80 8.652988 83 17.863173
1 2 90 5.001193 92 2.037117
2 2 91 16.169426 83 19.631638
3
0 2 80 1.166307 92 15.432399
1 2 96 19.329801 90 15.409639
2 2 82 1.985629 90 19.333072
3
0 2 80 19.783882 95 4.739838
1 2 89 8.876413 90 3.985303
2 2 86 3.733295 95 1.692228
3
0 2 80 4.229032 92 18.957306
1 2 93 8.469420 92 11.068707
2 2 88 17.027624 97 17.197528
3
0 2 80 7.072623 84 1.568357
1 2 90 13.325166 85 6.078500
2 2 96 7.203273 80 11.861328
3
0 2 80 10.074825 81 3.262799
1 2 97 7.559960 98 13.129138
2 2 83 18.933894 81 18.493241
3
0 2 80 10.331416 97 14.548664
1 2 93 1.061499 94 12.824994
2 2 97 7.744924 92 8.735432
3
0 2 80 5.989395 85 12.118475
1 2 80 19.697938 86 3.790091
2 2 86 11.768328 99 11.395225
3
0 2 80 14.922285 81 3.117252
1 2 80 4.356194 84 1.619848
2 2 88 15.765717 87 8.179768
3
0 2 90 13.995473 93 2.633842
1 2 97 18.465583 92 11.367782
2 2 91 14.779254 97 6.025927
3
0 2 90 16.967500 93 7.563513
1 2 97 17.602892 90 3.621649
2 2 99 2.693331 95 8.032175
3
0 2 90 6.724222 98 3.856606
1 2 92 18.040612 90 4.917085
2 2 97 12.989313 91 6.490849
3
0 2 90 1.742717 96 5.230072
1 2 96 12.785961 90 11.067243
2 2 91 10.287733 96 5.798760
3
0 2 90 10.927724 96 3.769755
1 2 90 13.608890 98 15.962082
2 2 93 5.974523 96 17.832231
3
0 2 90 3.039765 94 19.461363
1 2 95 9.205330 93 16.831501
2 2 96 15.380226 98 3.002173
3
0 2 90 10.640829 91 4.362356
1 2 95 14.074507 99 11.762046
2 2 98 1.964096 91 5.826581
3
0 2 90 12.707787 93 11.770447
1 2 97 8.932923 98 1.057303
2 2 92 19.287201 99 3.736211
3
0 2 90 10.886360 91 2.904836
1 2 98 6.674363 97 15.013657
2 2 94 2.730718 99 16.506912
3
0 2 90 5.692855 91 5.313245
1 2 99 19.423832 90 4.669462
2 2 95 2.895221 92 12.103856
3
0 2 99 17.368154 99 12.440133
1 2 99 1.390668 99 12.260549
2 2 99 9.185637 99 14.047625
3
0 2 99 9.891674 99 9.189197
1 2 99 16.873902 99 5.325774
2 2 99 10.610245 99 4.195946
3
0 2 99 4.848792 99 8.990509
1 2 99 17.744977 99 18.206135
2 2 99 11.038805 99 12.630475
3
0 2 99 13.685479 99 17.391993
1 2 99 15.263999 99 8.030600
2 2 99 2.497170 99 12.077801
3
0 2 99 4.988671 99 7.463057
1 2 99 13.652369 99 14.716737
2 2 99 12.854384 99 1.167562
3
0 2 99 2.316579 99 13.793374
1 2 99 6.373818 99 4.696314
2 2 99 1.681582 99 12.901520
3
0 2 99 14.770180 99 19.829641
1 2 99 4.181774 99 3.449035
2 2 99 6.707617 99 18.298864
3
0 2 99 3.698146 99 3.987338
1 2 99 15.144788 99 8.931029
2 2 99 1.488629 99 19.733419
3
0 2 99 17.934216 99 6.122099
1 2 99 10.915471 99 16.927337
2 2 99 11.241200 99 19.936257
0
