100 99
3
0 2 10 6.537862 32 14.733888
1 2 21 2.824261 97 2.216386
2 2 48 4.252467 21 16.654028
3
0 2 10 7.828947 22 4.609094
1 2 75 16.943191 53 1.215047
2 2 66 17.474257 70 15.087157
3
0 2 10 15.632352 40 12.164749
1 2 14 7.556490 15 8.781061
2 2 15 14.415548 77 18.718029
3
0 2 10 2.753277 69 13.871284
1 2 49 13.641522 12 17.915622
2 2 88 1.494926 20 5.473786
3
0 2 10 16.878677 90 18.820717
1 2 36 10.141431 55 17.042906
2 2 67 3.630175 52 5.817036
3
0 2 10 5.755482 97 10.742529
1 2 88 16.908517 97 16.095038
2 2 36 19.849290 54 1.382503
3
0 2 10 12.487770 75 9.279383
1 2 64 3.488794 86 14.320550
2 2 68 18.027880 38 1.458906
3
0 2 10 5.134948 98 12.282217
1 2 98 4.066552 22 2.156147
2 2 36 6.039451 19 10.985457
3
0 2 10 16.526743 63 10.446115
1 2 35 8.529801 89 19.285264
2 2 16 12.900287 74 5.045031
3
0 2 10 7.342738 22 12.628198
1 2 70 15.610714 80 14.831331
2 2 29 10.450441 41 2.043861
3
0 2 20 6.088273 40 4.897597
1 2 89 3.350714 33 1.609268
2 2 81 6.130070 25 9.338520
3
0 2 20 15.856634 67 12.742981
1 2 23 6.261560 26 14.188682
2 2 68 15.655758 76 8.555166
3
0 2 20 13.063357 38 2.286722
1 2 55 17.612046 41 18.509928
2 2 22 6.971238 84 18.001647
3
0 2 20 16.366186 84 2.353950
1 2 46 18.970068 48 12.379150
2 2 79 15.136059 57 8.935980
3
0 2 20 7.427380 77 1.600635
1 2 86 14.927063 36 1.761445
2 2 51 6.382266 60 6.120331
3
0 2 20 12.788230 23 4.795488
1 2 42 11.022609 57 9.808065
2 2 71 9.911327 44 14.593927
3
0 2 20 12.522664 25 4.426587
1 2 52 8.838231 55 2.504611
2 2 35 14.688564 65 3.687183
3
0 2 20 7.954072 35 12.194804
1 2 48 6.470308 45 4.926149
2 2 93 6.391424 48 7.168115
3
0 2 20 3.592221 50 12.752548
1 2 76 10.352959 52 10.537821
2 2 25 5.161504 57 11.383579
3
0 2 20 19.568011 51 19.008149
1 2 92 3.446156 58 1.334739
2 2 31 17.248415 27 15.203193
3
0 2 30 14.052551 72 9.562859
1 2 36 5.021028 94 8.288136
2 2 32 5.633322 79 19.273174
3
0 2 30 12.977024 89 17.205365
1 2 46 9.735938 59 1.377375
2 2 41 4.457137 55 19.821731
3
0 2 30 15.782006 61 3.671695
1 2 98 18.367079 67 14.085111
2 2 74 18.364519 72 10.295904
3
0 2 30 16.547085 45 18.152097
1 2 31 2.689488 35 16.994761
2 2 47 6.838036 77 9.641018
3
0 2 30 15.431900 78 18.478681
1 2 35 2.596268 80 12.581489
2 2 51 18.525572 46 13.978848
3
0 2 30 12.561508 38 6.609724
1 2 47 2.928935 87 14.840631
2 2 56 18.101486 36 18.413150
3
0 2 30 14.504139 76 9.453958
1 2 30 4.511556 37 10.388147
2 2 37 12.632811 93 16.561336
3
0 2 30 12.650422 50 13.024062
1 2 41 6.408967 44 16.603759
2 2 57 4.971449 78 12.926538
3
0 2 30 5.286950 66 13.690892
1 2 46 4.561810 90 6.925692
2 2 79 10.372578 80 19.218183
3
0 2 30 6.391728 36 3.560182
1 2 99 14.927866 51 16.049873
2 2 32 4.798238 91 6.469798
3
0 2 40 4.988253 70 17.846024
1 2 50 3.609363 64 18.364886
2 2 59 2.600714 93 17.344337
3
0 2 40 11.483712 76 16.305457
1 2 89 16.214046 90 7.429739
2 2 47 16.982283 44 11.704353
3
0 2 40 13.843510 47 12.990849
1 2 80 4.111120 81 19.790796
2 2 65 15.279376 99 5.983879
3
0 2 40 14.979435 69 14.539759
1 2 41 1.323278 79 6.629284
2 2 96 7.320009 62 4.480626
3
0 2 40 7.817017 74 10.020745
1 2 88 16.139118 48 17.761830
2 2 48 18.551185 66 19.136755
3
0 2 40 14.663588 86 15.205141
1 2 61 2.623971 54 15.327678
2 2 65 3.706846 81 4.335715
3
0 2 40 1.640118 88 15.216595
1 2 86 1.714682 85 17.008133
2 2 40 10.648909 55 6.713223
3
0 2 40 7.158261 89 8.193888
1 2 52 10.625758 62 1.757900
2 2 40 3.320191 61 6.220562
3
0 2 40 19.561516 50 13.998488
1 2 79 13.485266 50 19.466657
2 2 96 19.169653 65 3.508129
3
0 2 40 19.463440 98 14.342401
1 2 73 8.792852 82 2.832523
2 2 84 8.138508 56 17.576025
3
0 2 50 6.508345 54 18.482426
1 2 84 10.544748 83 1.926735
2 2 54 10.985506 65 9.431113
3
0 2 50 17.456606 97 17.682293
1 2 74 17.035595 71 19.419457
2 2 61 9.223536 81 9.510256
3
0 2 50 11.046143 88 18.419964
1 2 75 9.149724 62 5.271162
2 2 56 19.295064 92 16.894482
3
0 2 50 3.588495 93 11.299311
1 2 62 18.088801 97 1.310412
2 2 66 4.978095 96 1.633369
3
0 2 50 3.004295 89 14.617012
1 2 78 7.206106 57 1.283898
2 2 57 11.301333 59 10.741054
3
0 2 50 12.381303 76 10.292295
1 2 79 9.904538 92 5.436265
2 2 94 13.095290 77 9.864690
3
0 2 50 4.169186 89 2.202287
1 2 51 11.497749 70 2.618269
2 2 63 9.182784 74 2.734950
3
0 2 50 17.378789 90 13.300618
1 2 55 4.935952 51 7.714919
2 2 64 14.095545 67 5.208731
3
0 2 50 17.828298 55 5.280139
1 2 71 19.092281 96 8.248789
2 2 83 11.256242 84 9.229936
3
0 2 50 14.694166 96 6.772126
1 2 83 18.492750 74 13.899069
2 2 79 2.421443 83 10.661025
3
0 2 60 4.245679 95 9.614712
1 2 61 19.361483 80 11.757664
2 2 93 11.268584 71 8.153161
3
0 2 60 15.392503 67 2.207137
1 2 79 4.786354 92 17.985514
2 2 72 9.876618 79 11.006750
3
0 2 60 19.684330 72 19.595851
1 2 83 8.438285 94 2.450006
2 2 60 16.153688 72 1.410517
3
0 2 60 18.403984 62 17.071348
1 2 64 18.042338 83 6.757188
2 2 61 8.174691 99 2.822424
3
0 2 60 13.459793 89 6.498979
1 2 75 17.659262 69 17.515246
2 2 92 5.265444 86 13.330184
3
0 2 60 7.083311 82 2.623698
1 2 70 11.574003 86 14.374724
2 2 74 2.119550 95 14.035758
3
0 2 60 15.920336 79 8.767179
1 2 75 12.512887 66 19.076718
2 2 91 18.891422 92 16.441939
3
0 2 60 2.272852 97 7.966910
1 2 95 14.754431 91 18.585023
2 2 79 14.403214 86 19.288250
3
0 2 60 9.172754 97 11.215686
1 2 79 13.042330 98 2.930754
2 2 72 2.209628 67 1.761308
3
0 2 60 16.738707 82 8.361427
1 2 96 10.552702 99 9.425658
2 2 68 10.909153 77 19.075340
3
0 2 70 3.474192 85 8.650512
1 2 88 1.847868 89 11.930377
2 2 79 7.228930 74 14.527894
3
0 2 70 5.372640 79 17.961297
1 2 79 13.754528 76 19.104147
2 2 88 3.626525 71 12.878366
3
0 2 70 18.991890 92 15.718702
1 2 96 3.059868 87 2.357941
2 2 71 1.833313 81 9.229202
3
0 2 70 15.305007 88 10.796229
1 2 96 19.204163 79 19.718252
2 2 95 11.777561 86 6.790268
3
0 2 70 8.103924 91 11.534327
1 2 71 5.951561 82 13.537947
2 2 98 2.928608 81 4.552350
3
0 2 70 4.522240 95 10.587454
1 2 94 10.123585 97 16.700115
2 2 82 9.030651 74 2.436588
3
0 2 70 12.692862 98 1.666759
1 2 85 14.494660 77 8.926035
2 2 78 17.232594 89 2.865084
3
0 2 70 15.965068 89 1.233687
1 2 99 18.943021 80 8.811633
2 2 95 5.363647 97 18.088827
3
0 2 70 1.365159 77 17.028718
1 2 88 1.066096 81 6.596641
2 2 80 15.103423 98 11.504955
3
0 2 70 3.788015 81 3.978113
1 2 98 11.212108 85 9.432419
2 2 91 10.761371 72 16.600853
3
0 2 80 15.876616 94 15.446159
1 2 97 1.070612 98 15.822430
2 2 91 10.248008 86 18.627297
3
0 2 80 15.976723 82 3.609514
1 2 85 7.216524 93 2.463500
2 2 85 6.464349 91 19.348321
3
0 2 80 8.720156 91 18.427878
1 2 95 9.529921 82 8.580268
2 2 97 14.587793 93 5.027420
3
0 2 80 7.866284 82 9.379131
1 2 92 6.431963 89 5.267984
2 2 94 11.802672 86 19.794213
3
0 2 80 16.652927 96 7.178613
1 2 82 5.628412 97 9.148156
2 2 93 4.248983 90 18.031936
3
0 2 80 11.785826 91 12.278452
1 2 95 11.152643 98 6.479606
2 2 81 17.273593 99 18.948535
3
0 2 80 12.116977 96 14.114517
1 2 95 10.208588 87 15.406778
2 2 82 13.176736 92 10.774809
3
0 2 80 1.128625 96 9.017274
1 2 87 14.764532 89 14.441447
2 2 87 15.604777 83 13.446374
3
0 2 80 9.410586 95 12.311406
1 2 86 1.352590 93 10.160873
2 2 94 2.153958 91 16.472632
3
0 2 80 15.014507 98 17.172812
1 2 80 17.254684 89 14.970394
2 2 80 5.285416 93 16.234273
3
0 2 90 2.273949 99 3.152382
1 2 95 17.702194 92 16.519639
2 2 90 13.527076 98 8.703161
3
0 2 90 13.522495 96 17.853451
1 2 94 3.585775 98 13.241531
2 2 92 1.461109 93 13.125826
3
0 2 90 2.741267 91 16.383205
1 2 98 7.618662 95 3.232680
2 2 96 8.810665 97 7.893869
3
0 2 90 19.712526 97 15.442331
1 2 95 14.932475 98 15.453825
2 2 96 18.930986 99 14.242525
3
0 2 90 6.788888 92 4.724739
1 2 97 1.403915 98 16.248964
2 2 92 13.101046 98 9.552732
3
0 2 90 19.236885 94 17.047337
1 2 93 16.892746 98 1.037765
2 2 96 17.226597 98 19.532241
3
0 2 90 15.828960 91 8.532309
1 2 98 8.726878 91 6.776428
2 2 94 15.694898 91 15.054485
3
0 2 90 6.353523 91 2.876159
1 2 97 19.282006 95 1.567479
2 2 90 1.417991 95 5.419137
3
0 2 90 7.981909 98 3.554987
1 2 93 5.367082 96 13.212507
2 2 91 14.602626 95 5.501526
3
0 2 90 9.866942 94 8.031551
1 2 92 18.986561 95 4.252139
2 2 92 14.282598 90 7.087411
3
0 2 99 5.565882 99 5.524659
1 2 99 19.663572 99 19.821972
2 2 99 17.536752 99 14.553686
3
0 2 99 1.250213 99 8.972840
1 2 99 5.229417 99 11.403350
2 2 99 15.424142 99 12.054048
3
0 2 99 10.229491 99 14.529964
1 2 99 11.269984 99 6.830623
2 2 99 13.557085 99 18.239589
3
0 2 99 6.901914 99 19.357101
1 2 99 6.391570 99 11.273049
2 2 99 10.949377 99 2.109120
3
0 2 99 1.806614 99 10.706100
1 2 99 1.958803 99 15.908986
2 2 99 13.583413 99 15.773684
3
0 2 99 19.065833 99 3.141988
1 2 99 4.844889 99 9.313070
2 2 99 3.493570 99 4.925931
3
0 2 99 6.982162 99 18.695535
1 2 99 13.160077 99 13.807435
2 2 99 18.135698 99 1.845126
3
0 2 99 10.168242 99 14.739398
1 2 99 17.608236 99 6.396666
2 2 99 14.649201 99 19.742389
3
0 2 99 8.186748 99 11.418505
1 2 99 13.249131 99 1.200012
2 2 99 14.512530 99 2.158780
0
