50 49
3
0 2 5 3.799851 14 3.482766
1 2 19 19.709191 6 10.288209
2 2 39 13.488854 5 13.896617
3
0 2 5 7.820825 36 1.591817
1 2 10 15.042003 6 5.580531
2 2 35 7.460778 23 9.490056
3
0 2 5 7.348945 9 14.790227
1 2 27 11.042341 32 18.168674
2 2 10 17.531273 26 1.299227
3
0 2 5 2.793548 18 17.912124
1 2 12 12.653448 6 8.792241
2 2 49 1.576147 22 9.860257
3
0 2 5 14.293147 44 13.670784
1 2 26 6.504536 6 10.136001
2 2 8 7.878498 36 7.585078
3
0 2 10 6.428694 21 11.411044
1 2 25 17.219398 12 19.904923
2 2 19 9.459141 29 10.069584
3
0 2 10 9.912289 45 12.221009
1 2 37 15.845287 21 12.262591
2 2 14 11.082648 17 18.919455
3
0 2 10 11.870944 33 4.056790
1 2 30 12.293059 39 14.922138
2 2 34 5.528426 47 4.879361
3
0 2 10 15.696914 47 7.232284
1 2 46 11.667680 28 8.989879
2 2 48 5.769631 31 17.383255
3
0 2 10 2.492407 30 11.004419
1 2 16 16.251460 38 13.193541
2 2 36 13.805654 31 9.871810
3
0 2 15 1.704245 38 14.648731
1 2 23 15.846690 44 11.620432
2 2 49 3.967592 19 2.034949
3
0 2 15 2.824847 35 15.526180
1 2 27 12.649052 17 10.827116
2 2 26 2.680515 16 8.219066
3
0 2 15 17.499738 48 9.066700
1 2 43 15.675219 23 8.813861
2 2 46 13.052746 35 12.714194
3
0 2 15 3.170616 25 16.750212
1 2 37 8.624612 15 12.827080
2 2 38 2.215569 22 12.774571
3
0 2 15 16.122356 38 3.961344
1 2 38 5.964873 49 10.610117
2 2 31 9.236617 39 17.929707
3
0 2 20 18.424707 41 18.345642
1 2 45 3.905987 34 11.096285
2 2 34 14.318188 26 14.173600
3
0 2 20 1.299181 30 14.113050
1 2 45 6.916268 49 5.456163
2 2 38 1.480939 20 4.882786
3
0 2 20 6.522003 34 6.824613
1 2 43 16.744530 49 3.327337
2 2 26 19.008125 42 4.658522
3
0 2 20 19.828347 23 9.150836
1 2 21 9.645287 37 12.283167
2 2 27 3.656818 23 13.724580
3
0 2 20 2.729323 45 2.519167
1 2 40 19.589484 41 3.672903
2 2 26 15.534629 23 7.446617
3
0 2 25 12.035263 49 7.328790
1 2 36 13.683643 39 7.280266
2 2 30 10.508201 33 4.235872
3
0 2 25 12.132923 37 5.342376
1 2 35 10.979386 46 15.208975
2 2 38 10.447825 33 12.087163
3
0 2 25 12.761343 42 6.372470
1 2 26 7.658135 31 4.065105
2 2 29 12.584889 37 7.284606
3
0 2 25 6.099328 44 14.804740
1 2 28 8.416538 29 10.162707
2 2 33 2.150422 40 14.802971
3
0 2 25 16.581478 45 1.132072
1 2 26 16.177575 32 3.548720
2 2 37 14.099591 29 3.363072
3
0 2 30 15.182751 48 16.199077
1 2 46 14.928607 32 19.285858
2 2 34 12.366457 44 19.513493
3
0 2 30 4.149044 48 2.453443
1 2 32 6.924621 40 11.417617
2 2 41 9.691106 40 13.868743
3
0 2 30 7.661408 46 6.011627
1 2 31 7.840418 49 8.287598
2 2 30 5.006983 36 16.459182
3
0 2 30 5.024956 36 17.262217
1 2 39 9.879674 49 15.172567
2 2 39 8.283356 49 4.093123
3
0 2 30 12.595461 47 5.739241
1 2 30 3.780402 44 10.744699
2 2 35 1.839053 48 14.529337
3
0 2 35 17.342154 37 9.198609
1 2 35 5.524511 46 11.040529
2 2 43 18.381318 47 17.407868
3
0 2 35 10.199562 42 8.226132
1 2 46 4.925929 43 14.412832
2 2 47 5.842475 43 14.810862
3
0 2 35 13.618377 41 19.734428
1 2 39 16.627499 36 8.279384
2 2 46 14.008279 47 8.116272
3
0 2 35 8.581295 38 9.061230
1 2 48 7.992527 44 15.147555
2 2 44 13.516581 35 7.488808
3
0 2 35 18.469884 40 5.265883
1 2 41 14.443969 35 1.889473
2 2 44 4.488176 48 19.849495
3
0 2 40 14.046129 46 10.555119
1 2 46 12.445891 44 10.939311
2 2 41 15.208037 42 17.702456
3
0 2 40 17.443511 43 15.063106
1 2 40 10.588238 47 12.150423
2 2 44 15.929491 49 18.920846
3
0 2 40 11.424884 42 15.706688
1 2 48 18.703134 46 17.785189
2 2 43 1.196634 40 2.993571
3
0 2 40 19.925000 44 12.415240
1 2 41 12.650589 48 13.716768
2 2 41 14.807791 44 2.548056
3
0 2 40 11.316555 42 3.456148
1 2 46 7.626955 47 9.101761
2 2 45 9.853629 47 5.782561
3
0 2 45 12.261068 46 18.392836
1 2 48 15.250051 47 9.988497
2 2 48 13.135149 49 8.903477
3
0 2 45 3.904712 46 18.858942
1 2 49 15.657598 45 4.829465
2 2 49 1.870473 46 6.370242
3
0 2 45 13.792799 48 7.454689
1 2 49 8.723994 46 19.889402
2 2 45 12.338587 49 15.731121
3
0 2 45 2.709193 49 10.472675
1 2 47 9.796364 45 1.961511
2 2 45 19.593495 47 16.263977
3
0 2 45 7.981506 49 8.210540
1 2 45 10.020314 49 10.147612
2 2 45 18.574245 47 1.684652
3
0 2 49 19.220469 49 9.336901
1 2 49 12.918643 49 14.579076
2 2 49 17.155041 49 15.798688
3
0 2 49 15.961290 49 2.369895
1 2 49 15.109934 49 13.470492
2 2 49 12.712405 49 1.057383
3
0 2 49 12.101343 49 10.918106
1 2 49 8.808699 49 18.903481
2 2 49 9.994719 49 10.373167
3
0 2 49 6.119152 49 11.380090
1 2 49 14.727271 49 5.018846
2 2 49 5.194845 49 7.996444
0
