20 19
3
0 2 5 5.263373 15 11.222977
1 2 10 13.941103 5 11.627449
2 2 17 18.822051 8 18.684251
3
0 2 5 8.251104 6 16.359076
1 2 18 13.556071 9 2.804377
2 2 8 2.001107 10 16.974086
3
0 2 5 9.503196 9 4.195578
1 2 7 10.478378 9 2.323798
2 2 8 1.748591 10 7.570966
3
0 2 5 8.934149 15 5.008691
1 2 12 18.677128 15 3.855195
2 2 14 8.693289 10 4.341415
3
0 2 5 13.057868 13 8.703934
1 2 17 7.569603 18 6.070331
2 2 16 11.422296 8 6.062060
3
0 2 10 18.232583 19 8.969892
1 2 19 3.237432 10 4.156186
2 2 14 3.647437 12 14.182102
3
0 2 10 5.341074 18 13.654342
1 2 17 14.818003 18 11.576497
2 2 17 16.112796 14 2.157213
3
0 2 10 1.861117 17 5.563358
1 2 15 7.156671 14 5.600688
2 2 10 2.475892 12 1.439760
3
0 2 10 10.167846 18 12.601782
1 2 16 4.861604 10 12.205228
2 2 15 19.234007 13 1.518848
3
0 2 10 9.670074 16 18.248165
1 2 12 10.067276 13 3.260714
2 2 12 18.640105 10 13.063916
3
0 2 15 6.993192 19 13.152847
1 2 16 4.388302 18 11.779137
2 2 15 18.380229 18 17.588549
3
0 2 15 8.912679 19 19.405892
1 2 17 6.367981 16 9.876750
2 2 17 4.262741 16 4.631184
3
0 2 15 16.810337 17 1.863705
1 2 17 9.738704 15 5.376018
2 2 16 9.351233 18 2.601440
3
0 2 15 2.160142 18 14.593531
1 2 15 13.256311 17 18.796037
2 2 15 19.182388 18 3.677365
3
0 2 15 13.248506 19 17.881765
1 2 18 7.155876 15 4.286813
2 2 19 5.759698 17 8.850091
3
0 1 19 15.889374
1 1 19 18.846710
2 1 19 1.923282
3
0 1 19 18.715743
1 1 19 6.675374
2 1 19 1.848136
3
0 1 19 8.652204
1 1 19 17.214255
2 1 19 11.817181
3
0 1 19 4.087119
1 1 19 15.944030
2 1 19 9.018174
0
