100 99
3
0 2 10 9.548403 16 2.544276
1 2 27 9.789854 12 3.494881
2 2 80 5.383979 39 13.279957
3
0 2 10 8.063439 61 18.969397
1 2 27 16.069602 98 17.175967
2 2 27 9.193512 34 3.360621
3
0 2 10 5.223734 31 15.501378
1 2 32 7.419213 71 4.043863
2 2 75 12.154717 93 17.626918
3
0 2 10 15.026348 60 3.563768
1 2 88 14.839452 10 4.922401
2 2 72 16.444510 40 8.015469
3
0 2 10 2.724094 37 6.086007
1 2 78 19.327153 98 11.615049
2 2 63 19.997119 68 7.258987
3
0 2 10 7.489556 53 15.276611
1 2 64 9.421675 55 17.097239
2 2 66 4.665541 44 15.364138
3
0 2 10 15.920615 17 18.390040
1 2 98 9.417005 39 13.029220
2 2 34 6.755042 79 5.418197
3
0 2 10 17.853618 99 5.507619
1 2 72 19.111492 20 5.103424
2 2 76 5.319044 55 3.416392
3
0 2 10 17.707157 66 5.519645
1 2 16 14.867879 76 7.195308
2 2 21 12.024618 84 7.519011
3
0 2 10 7.311484 67 14.583736
1 2 11 6.634762 49 5.269221
2 2 17 12.155227 92 1.467867
3
0 2 20 9.959530 87 19.119174
1 2 70 14.519335 74 19.790086
2 2 98 3.177566 75 14.767201
3
0 2 20 11.833380 99 7.539351
1 2 39 9.899783 52 1.268656
2 2 22 11.787820 49 16.952818
3
0 2 20 5.041700 73 14.318202
1 2 80 16.424298 70 6.258098
2 2 45 14.688903 66 11.877180
3
0 2 20 8.358260 39 18.899565
1 2 76 6.180829 46 2.439630
2 2 38 16.169098 42 9.784713
3
0 2 20 9.585737 64 6.026985
1 2 20 11.919600 21 2.776399
2 2 82 17.249855 49 8.160784
3
0 2 20 10.931440 63 15.751591
1 2 45 7.806274 41 10.523817
2 2 83 8.151377 39 16.330111
3
0 2 20 2.460415 86 2.629647
1 2 33 2.087927 67 19.570924
2 2 46 9.388992 92 3.149149
3
0 2 20 7.317873 36 12.250630
1 2 78 10.220203 54 7.204213
2 2 32 13.088088 23 17.875072
3
0 2 20 11.931721 57 9.455473
1 2 35 7.579731 37 19.117777
2 2 87 8.018915 26 10.219995
3
0 2 20 14.633610 76 19.893728
1 2 60 16.260996 50 13.408426
2 2 55 9.002613 77 5.506389
3
0 2 30 15.915776 33 14.505174
1 2 96 6.787645 72 3.150678
2 2 39 7.921602 62 9.986725
3
0 2 30 18.530380 47 19.018016
1 2 70 18.579058 76 12.980844
2 2 81 4.183416 87 17.330650
3
0 2 30 3.569295 72 1.710272
1 2 65 4.394244 67 19.749535
2 2 64 14.690823 35 1.441640
3
0 2 30 1.410103 44 13.301239
1 2 61 10.218614 93 16.176697
2 2 99 12.065353 79 18.951398
3
0 2 30 8.161423 41 13.843010
1 2 60 10.648383 50 9.073030
2 2 73 8.709644 51 18.695997
3
0 2 30 3.125012 60 3.367570
1 2 72 8.677725 59 13.495454
2 2 86 5.817416 81 12.901012
3
0 2 30 19.721618 63 1.320892
1 2 30 11.371156 32 11.312879
2 2 39 5.966777 48 16.105024
3
0 2 30 17.888297 96 14.224923
1 2 73 3.945828 37 14.623514
2 2 72 16.811998 33 7.674121
3
0 2 30 11.934136 63 13.380458
1 2 94 6.332782 97 19.725621
2 2 73 16.521130 38 17.659752
3
0 2 30 12.225015 51 5.378823
1 2 79 19.860080 39 16.102827
2 2 36 17.835758 69 5.904249
3
0 2 40 9.299996 95 9.251928
1 2 81 5.724739 71 2.440639
2 2 68 16.503049 63 4.455584
3
0 2 40 5.958728 59 12.165913
1 2 48 5.127970 46 1.043564
2 2 45 19.376056 85 12.100332
3
0 2 40 1.480074 67 13.128112
1 2 64 14.279347 84 2.368797
2 2 95 6.476117 55 14.338621
3
0 2 40 5.141156 60 3.479222
1 2 80 1.193006 92 9.488836
2 2 91 14.946810 62 15.317058
3
0 2 40 13.056071 59 11.702631
1 2 71 17.825579 52 9.519860
2 2 91 9.350283 67 16.891658
3
0 2 40 6.545336 67 11.642781
1 2 76 11.310059 62 1.955118
2 2 77 4.886334 92 15.016034
3
0 2 40 12.567454 64 3.520613
1 2 40 12.398084 73 13.794326
2 2 79 12.579222 61 13.043670
3
0 2 40 10.497348 88 10.669014
1 2 89 11.874713 67 15.316959
2 2 62 11.297142 72 12.449717
3
0 2 40 12.563238 99 8.836113
1 2 89 9.945734 66 11.535929
2 2 44 15.301981 63 11.472500
3
0 2 40 4.898903 56 11.495881
1 2 99 3.411101 79 10.045227
2 2 97 3.522089 86 12.418563
3
0 2 50 3.586191 85 10.117750
1 2 80 8.119504 74 13.945097
2 2 98 2.340630 67 7.794349
3
0 2 50 7.578772 53 12.281900
1 2 71 16.014407 77 6.724754
2 2 77 7.498401 99 10.582285
3
0 2 50 10.333751 89 12.392707
1 2 81 12.894217 79 5.991272
2 2 64 9.952913 82 9.539191
3
0 2 50 13.067625 80 8.878862
1 2 65 7.314007 89 6.701105
2 2 90 6.323762 52 10.322074
3
0 2 50 15.329648 80 1.343717
1 2 85 1.156723 68 8.862627
2 2 70 13.331141 59 6.194855
3
0 2 50 9.531844 92 3.137834
1 2 94 6.558900 90 3.996861
2 2 77 13.218199 80 13.485511
3
0 2 50 7.759626 58 18.799500
1 2 79 7.433594 56 3.638010
2 2 92 4.894596 57 8.316973
3
0 2 50 4.754232 84 10.339298
1 2 65 12.397613 96 7.534550
2 2 64 19.501346 98 1.289175
3
0 2 50 12.481184 77 9.981038
1 2 51 3.765166 88 12.104392
2 2 95 10.389043 86 9.989827
3
0 2 50 3.951724 70 12.251520
1 2 61 13.351439 70 18.820513
2 2 65 11.979863 80 19.686182
3
0 2 60 4.522695 94 5.226142
1 2 98 13.452412 77 12.370877
2 2 92 13.368695 61 10.256030
3
0 2 60 19.882968 92 11.063034
1 2 70 1.994234 67 12.411389
2 2 64 14.171201 79 2.661044
3
0 2 60 6.472378 88 19.922515
1 2 90 12.901873 74 1.367804
2 2 61 17.630513 88 10.199394
3
0 2 60 6.652941 65 12.573616
1 2 66 8.051018 74 9.618029
2 2 72 12.691314 82 2.239879
3
0 2 60 11.767729 83 2.937982
1 2 94 18.028236 71 15.032341
2 2 60 15.738674 78 14.639359
3
0 2 60 10.189095 80 2.512291
1 2 70 9.568960 71 5.084409
2 2 82 15.989333 83 14.304725
3
0 2 60 13.148447 97 5.554360
1 2 89 14.658606 62 8.165701
2 2 99 14.042030 90 9.021456
3
0 2 60 10.059474 97 16.160719
1 2 69 1.982847 89 2.948236
2 2 83 10.009030 82 2.387731
3
0 2 60 14.044679 96 16.071432
1 2 91 6.149948 90 6.680828
2 2 62 7.460136 61 7.231830
3
0 2 60 3.267444 78 15.497857
1 2 77 13.813926 90 15.395152
2 2 61 7.566018 90 15.575781
3
0 2 70 6.107869 76 12.651562
1 2 70 18.717954 74 5.254121
2 2 94 4.048161 85 11.888771
3
0 2 70 9.708328 97 11.433333
1 2 75 13.315944 86 13.669552
2 2 77 6.331594 71 7.660440
3
0 2 70 10.440905 81 18.328781
1 2 81 7.788206 95 16.471625
2 2 93 4.600769 87 8.809873
3
0 2 70 13.743850 83 5.074616
1 2 99 16.338475 81 7.638941
2 2 97 15.369124 79 14.646787
3
0 2 70 16.867994 93 8.701653
1 2 75 3.279211 86 4.148226
2 2 84 3.480811 99 18.568916
3
0 2 70 5.763740 78 18.700830
1 2 74 6.532851 73 15.344578
2 2 76 15.908926 98 2.098392
3
0 2 70 2.811490 95 11.067377
1 2 98 11.725813 75 10.691795
2 2 78 9.266804 96 18.001670
3
0 2 70 18.834960 90 19.475552
1 2 71 12.844395 80 8.403154
2 2 76 9.253348 99 19.808034
3
0 2 70 18.879127 89 2.394943
1 2 75 19.429258 97 2.204055
2 2 80 8.382751 76 9.501975
3
0 2 70 5.071757 94 10.039439
1 2 77 4.799633 79 17.954646
2 2 72 16.092958 74 9.834303
3
0 2 80 1.180889 84 16.978616
1 2 83 5.303350 99 18.138046
2 2 88 10.980484 98 18.057712
3
0 2 80 14.899929 93 1.733096
1 2 86 1.306877 88 4.901809
2 2 93 19.505429 87 8.377658
3
0 2 80 3.471485 90 12.353004
1 2 99 17.734602 95 14.854412
2 2 93 13.307158 99 18.486039
3
0 2 80 16.882348 97 16.429178
1 2 84 9.818896 91 16.148725
2 2 80 2.856852 91 11.640221
3
0 2 80 10.858720 89 15.504350
1 2 83 2.004374 96 17.962594
2 2 86 8.796459 89 9.932266
3
0 2 80 13.844309 92 17.177203
1 2 81 1.161946 99 11.140639
2 2 90 8.374236 99 15.973874
3
0 2 80 8.505875 96 15.922049
1 2 94 2.914596 97 9.389414
2 2 93 4.328042 92 3.031171
3
0 2 80 14.438857 94 10.662476
1 2 82 10.866371 99 19.216955
2 2 84 12.343869 87 10.216847
3
0 2 80 16.672514 91 4.508212
1 2 98 9.817476 88 13.268599
2 2 94 6.608657 87 9.306698
3
0 2 80 8.199770 93 13.715191
1 2 90 18.868810 95 10.308373
2 2 96 19.490526 94 16.211415
3
0 2 90 5.515721 91 19.046153
1 2 93 5.456012 96 12.193501
2 2 90 6.515864 97 11.119209
3
0 2 90 12.160077 91 15.556856
1 2 90 12.292706 92 7.526770
2 2 97 16.806000 96 13.372278
3
0 2 90 9.801095 97 18.689754
1 2 93 9.311803 99 4.707127
2 2 95 4.733123 93 17.988580
3
0 2 90 7.344256 92 11.135478
1 2 94 16.367079 90 14.868491
2 2 94 14.635318 98 5.838761
3
0 2 90 9.147862 99 16.590328
1 2 92 16.826075 99 8.912646
2 2 92 17.726305 95 18.365068
3
0 2 90 3.717975 99 13.743739
1 2 92 4.402447 97 1.015005
2 2 95 17.704071 92 4.817840
3
0 2 90 12.771601 99 19.366948
1 2 91 10.223662 92 13.660221
2 2 93 4.388367 91 14.114826
3
0 2 90 15.527920 98 13.939642
1 2 94 2.652623 93 16.115120
2 2 98 18.899686 95 3.399377
3
0 2 90 2.468723 97 4.305059
1 2 93 9.122956 90 2.704932
2 2 93 4.442323 95 4.433423
3
0 2 90 8.367241 94 7.891314
1 2 99 15.002309 90 14.522373
2 2 98 7.014081 90 13.980466
3
0 1 99 15.630248
1 1 99 16.444770
2 1 99 10.194422
3
0 1 99 5.314207
1 1 99 2.783233
2 1 99 6.310166
3
0 1 99 4.463688
1 1 99 11.933594
2 1 99 2.621030
3
0 1 99 16.096659
1 1 99 17.317092
2 1 99 1.759826
3
0 1 99 13.935748
1 1 99 5.072531
2 1 99 5.864580
3
0 1 99 19.810959
1 1 99 5.979289
2 1 99 19.973869
3
0 1 99 1.841886
1 1 99 8.757835
2 1 99 9.049878
3
0 1 99 9.464208
1 1 99 6.367576
2 1 99 13.916706
3
0 1 99 13.820769
1 1 99 6.471206
2 1 99 5.647458
0
