200 199
3
0 2 20 2.324656 101 11.715340
1 2 51 16.359945 135 18.729217
2 2 109 2.256949 163 9.787655
3
0 2 20 16.168571 154 19.085088
1 2 167 15.351505 135 13.519452
2 2 180 7.868122 54 6.240988
3
0 2 20 7.894590 118 19.335287
1 2 128 14.050779 27 2.670093
2 2 120 10.639246 113 11.058130
3
0 2 20 9.167624 145 12.391542
1 2 95 19.470942 115 6.808841
2 2 198 10.423622 165 8.258833
3
0 2 20 17.938741 68 7.268118
1 2 133 3.754465 112 2.753512
2 2 176 18.184394 199 13.872422
3
0 2 20 16.447990 125 10.359577
1 2 136 7.387291 177 17.544621
2 2 28 13.780510 123 15.995324
3
0 2 20 14.590388 175 3.405188
1 2 25 1.788449 196 12.013800
2 2 169 10.339239 58 11.723472
3
0 2 20 19.904543 45 17.920706
1 2 73 18.356467 33 16.306664
2 2 47 1.007018 96 12.458237
3
0 2 20 11.030640 46 11.471897
1 2 39 4.121020 132 14.000186
2 2 159 5.220862 100 17.757280
3
0 2 20 9.287688 107 19.324782
1 2 80 16.345784 162 16.860217
2 2 193 13.333879 187 18.391178
3
0 2 20 1.695796 148 2.338254
1 2 160 5.200517 129 5.788075
2 2 186 14.873993 103 9.444688
3
0 2 20 9.701188 115 2.099815
1 2 114 10.461375 89 14.579861
2 2 155 1.954413 133 17.467054
3
0 2 20 17.471130 59 9.024387
1 2 105 4.625906 100 3.526196
2 2 20 12.616281 30 17.999659
3
0 2 20 3.179734 169 17.626022
1 2 50 4.042132 166 9.185170
2 2 61 17.993959 85 13.270455
3
0 2 20 12.124262 46 4.092289
1 2 88 10.800238 149 19.001896
2 2 174 11.218497 152 3.455401
3
0 2 20 19.202664 40 5.753839
1 2 95 12.155156 160 7.526225
2 2 38 12.938576 89 4.203255
3
0 2 20 14.983708 120 9.531187
1 2 83 2.294541 161 16.819797
2 2 164 9.940079 21 14.798312
3
0 2 20 14.184260 66 6.622624
1 2 199 4.855786 163 3.893289
2 2 103 4.353998 152 17.335874
3
0 2 20 10.123436 168 11.429793
1 2 182 8.966212 138 8.840527
2 2 64 17.683752 88 18.634102
3
0 2 20 7.962553 63 5.281270
1 2 179 9.139869 52 7.752006
2 2 61 6.972507 148 9.448709
3
0 2 40 17.771272 59 1.493801
1 2 175 1.744460 124 1.151106
2 2 117 16.485992 87 7.663708
3
0 2 40 7.067013 168 19.153612
1 2 47 13.723858 98 8.653376
2 2 155 15.483264 100 1.792069
3
0 2 40 9.167821 98 15.422076
1 2 138 9.703657 68 8.480932
2 2 84 8.755841 155 16.265945
3
0 2 40 15.967851 150 4.519729
1 2 129 5.961819 41 16.328190
2 2 68 12.290008 199 19.627705
3
0 2 40 3.590997 103 9.676785
1 2 98 5.652342 120 10.565018
2 2 130 19.954579 152 12.316369
3
0 2 40 7.643027 60 13.132490
1 2 197 2.443687 172 12.768459
2 2 73 7.900382 102 5.739141
3
0 2 40 13.832573 188 2.463418
1 2 171 15.509849 83 12.808796
2 2 62 14.615038 115 16.880897
3
0 2 40 15.890703 186 7.997353
1 2 184 18.644050 135 12.796112
2 2 160 13.612920 166 13.705988
3
0 2 40 13.865299 145 13.633820
1 2 143 16.005662 196 2.638335
2 2 150 7.428638 89 8.068493
3
0 2 40 5.569693 152 7.801463
1 2 180 9.266037 161 5.174000
2 2 62 13.123736 117 10.124221
3
0 2 40 14.506153 51 3.570110
1 2 108 3.272818 65 16.201068
2 2 47 14.318122 55 17.548444
3
0 2 40 15.611688 85 11.946467
1 2 154 11.572833 62 9.758583
2 2 54 9.734075 171 6.383968
3
0 2 40 16.590339 49 9.035230
1 2 192 3.735004 171 9.704099
2 2 76 8.977289 123 14.208188
3
0 2 40 9.049904 86 19.876945
1 2 113 6.609094 55 10.937392
2 2 125 4.118544 140 10.923751
3
0 2 40 2.926288 179 16.088285
1 2 111 1.997155 55 9.908264
2 2 66 17.537578 103 11.596923
3
0 2 40 5.915856 171 16.437833
1 2 113 7.118147 68 14.749169
2 2 163 9.815941 78 16.758425
3
0 2 40 2.154678 165 9.709738
1 2 147 18.300137 109 6.167177
2 2 172 19.637763 46 19.226931
3
0 2 40 16.153579 59 14.253266
1 2 44 6.988604 120 6.706017
2 2 110 10.435833 140 5.690513
3
0 2 40 16.854691 108 11.347054
1 2 166 4.520419 92 18.954501
2 2 131 19.865433 180 18.235058
3
0 2 40 8.871370 105 3.040564
1 2 146 5.306211 147 9.243074
2 2 75 5.015785 154 15.272299
3
0 2 60 11.450207 76 8.640672
1 2 158 3.145292 174 8.574592
2 2 180 7.974616 98 9.542136
3
0 2 60 12.387561 122 16.442852
1 2 76 6.282163 188 9.895105
2 2 83 9.678943 118 14.356305
3
0 2 60 15.982244 66 5.250397
1 2 175 17.070269 148 2.271966
2 2 124 2.318591 184 7.594557
3
0 2 60 7.016658 88 8.444365
1 2 141 9.596701 195 14.538713
2 2 95 17.785475 119 3.535188
3
0 2 60 17.332335 64 17.966185
1 2 134 16.910423 64 17.222264
2 2 60 1.490351 111 5.235170
3
0 2 60 14.283634 120 8.737282
1 2 78 3.650577 143 3.071416
2 2 89 19.550115 90 19.243076
3
0 2 60 15.427944 86 11.633050
1 2 142 6.166906 165 16.799693
2 2 174 12.961721 157 2.866789
3
0 2 60 3.673933 130 6.470099
1 2 146 13.581211 76 10.805140
2 2 177 18.507913 199 13.786930
3
0 2 60 13.163694 97 5.798376
1 2 136 12.031780 110 8.618246
2 2 120 1.042756 70 19.539348
3
0 2 60 10.713769 154 17.785412
1 2 112 13.167010 64 12.831145
2 2 89 19.382253 157 17.730936
3
0 2 60 15.728598 102 1.340639
1 2 174 6.885485 63 11.895008
2 2 123 15.975917 170 9.375859
3
0 2 60 15.562325 188 15.065549
1 2 155 9.878477 150 4.609248
2 2 132 5.290128 168 8.059846
3
0 2 60 2.934152 86 1.372257
1 2 131 8.432400 139 18.636062
2 2 86 8.933429 172 14.883205
3
0 2 60 11.869715 109 1.568479
1 2 68 3.721344 106 15.071703
2 2 170 2.298635 162 17.975145
3
0 2 60 19.011699 63 11.561299
1 2 171 10.445947 91 18.063884
2 2 176 2.051708 125 15.848328
3
0 2 60 3.895310 165 13.553632
1 2 172 8.187213 138 3.136025
2 2 74 9.691258 112 7.034119
3
0 2 60 18.701407 172 9.256993
1 2 170 3.425216 194 15.870483
2 2 187 15.839147 130 4.915777
3
0 2 60 9.046858 91 14.009850
1 2 117 13.804683 106 18.810318
2 2 163 14.301595 191 9.753897
3
0 2 60 13.389137 179 5.164243
1 2 135 11.535246 81 12.327008
2 2 122 5.189453 155 4.263353
3
0 2 60 11.147068 153 7.831405
1 2 155 5.291716 172 3.900891
2 2 153 3.909995 164 19.713519
3
0 2 80 10.858713 113 14.949943
1 2 129 7.141146 197 7.278155
2 2 169 19.449018 128 10.953918
3
0 2 80 5.260091 159 8.189997
1 2 133 6.924477 147 17.519433
2 2 81 6.076054 112 4.356680
3
0 2 80 9.040281 128 7.998376
1 2 101 12.206249 91 18.641747
2 2 90 17.804780 131 7.310763
3
0 2 80 5.198411 148 6.847695
1 2 83 1.708051 126 10.918334
2 2 116 7.622272 177 10.948921
3
0 2 80 7.593013 88 13.848772
1 2 176 11.055239 89 1.515765
2 2 161 17.301637 129 4.899786
3
0 2 80 6.830874 101 10.411648
1 2 175 19.754745 86 7.512108
2 2 108 18.437191 172 6.659011
3
0 2 80 19.653444 195 12.196770
1 2 81 6.039087 185 17.048740
2 2 156 11.365038 134 3.371891
3
0 2 80 15.521092 91 12.917696
1 2 190 18.178565 135 1.940789
2 2 105 17.371173 171 17.731514
3
0 2 80 11.464327 186 5.007867
1 2 199 17.436558 180 6.679684
2 2 130 3.503027 91 5.353924
3
0 2 80 4.358931 185 9.757697
1 2 196 16.127376 163 7.015884
2 2 138 13.948039 105 7.180985
3
0 2 80 7.385908 159 9.549554
1 2 198 1.434873 119 17.645314
2 2 171 7.364736 109 5.411310
3
0 2 80 7.407353 197 7.671341
1 2 107 16.860049 192 1.641193
2 2 111 10.602157 83 5.477584
3
0 2 80 3.031951 111 3.221204
1 2 177 12.278847 156 18.370215
2 2 180 15.883705 161 5.804566
3
0 2 80 5.961698 88 3.173596
1 2 85 18.344725 158 15.292534
2 2 124 10.546048 100 18.095091
3
0 2 80 3.705735 159 2.327404
1 2 129 13.874654 169 13.291199
2 2 108 4.241983 160 14.698133
3
0 2 80 5.738691 141 18.732882
1 2 81 19.150614 110 3.784327
2 2 188 4.406944 125 3.128557
3
0 2 80 16.192880 119 17.585013
1 2 80 10.302934 155 12.683289
2 2 170 10.991430 189 6.088410
3
0 2 80 19.554909 131 10.873227
1 2 150 17.597277 98 8.300684
2 2 191 15.600331 151 16.424260
3
0 2 80 10.995245 94 7.746587
1 2 82 17.026190 112 2.327051
2 2 183 2.362746 186 3.179169
3
0 2 80 4.447461 85 13.146447
1 2 192 3.244520 131 9.619916
2 2 98 7.654248 149 19.304374
3
0 2 100 9.889798 176 8.054887
1 2 115 4.512262 122 11.916529
2 2 105 10.972685 106 10.543630
3
0 2 100 10.192423 146 12.689986
1 2 139 12.039012 104 17.110303
2 2 101 19.490460 191 16.940494
3
0 2 100 15.854479 190 17.904564
1 2 114 3.264382 121 16.743803
2 2 188 2.290659 129 18.030164
3
0 2 100 13.369891 185 17.922417
1 2 116 3.529755 110 4.841044
2 2 169 10.055187 134 8.424417
3
0 2 100 1.873182 110 19.733616
1 2 179 13.608729 151 15.919802
2 2 101 11.616860 138 5.957422
3
0 2 100 6.735998 148 11.518241
1 2 184 15.873825 127 2.703560
2 2 190 8.547028 145 13.876346
3
0 2 100 7.811217 199 7.270112
1 2 120 5.577356 155 15.470268
2 2 187 9.366081 167 10.805165
3
0 2 100 13.551408 151 18.031349
1 2 107 18.705116 142 5.169399
2 2 131 13.563945 141 7.611141
3
0 2 100 15.276255 103 14.498365
1 2 143 15.100825 168 5.545915
2 2 177 19.716003 160 13.943466
3
0 2 100 11.293703 157 8.948262
1 2 144 16.127602 179 3.557085
2 2 150 19.345709 138 11.381333
3
0 2 100 6.005261 102 16.379446
1 2 107 18.880009 106 14.495749
2 2 117 18.696331 194 2.231875
3
0 2 100 18.422362 134 12.137310
1 2 152 17.525234 142 2.460729
2 2 101 2.415843 162 2.853501
3
0 2 100 9.122027 151 19.885128
1 2 198 10.355663 109 6.600242
2 2 109 13.578632 122 5.525805
3
0 2 100 8.850911 166 15.464039
1 2 122 16.666457 158 3.496693
2 2 167 7.160634 104 13.561449
3
0 2 100 6.537606 195 5.292779
1 2 134 15.873122 101 3.595951
2 2 116 11.455769 139 17.788270
3
0 2 100 18.281607 150 17.511518
1 2 100 14.573929 169 14.913070
2 2 157 10.435948 174 8.789319
3
0 2 100 13.228802 128 15.265277
1 2 108 14.430967 134 15.618338
2 2 150 8.473096 136 17.656633
3
0 2 100 6.353085 191 19.933366
1 2 105 7.294774 136 6.608655
2 2 130 18.240053 194 18.707916
3
0 2 100 11.090723 195 6.324405
1 2 157 13.285409 118 1.784604
2 2 161 18.770078 142 15.676619
3
0 2 100 3.516086 195 3.409340
1 2 125 14.805138 168 19.725371
2 2 113 11.170245 164 17.973718
3
0 2 120 15.664351 130 13.300722
1 2 154 17.186955 148 17.299398
2 2 126 2.235915 182 6.334157
3
0 2 120 16.343433 156 12.060506
1 2 121 16.373988 151 17.015870
2 2 183 19.656928 177 19.927763
3
0 2 120 10.777805 168 2.830694
1 2 175 3.134631 163 12.872922
2 2 125 5.449709 162 14.702350
3
0 2 120 16.075921 191 1.632684
1 2 129 16.565194 198 4.658140
2 2 153 5.824651 157 15.497119
3
0 2 120 8.580887 182 14.894103
1 2 145 17.359773 129 6.392586
2 2 121 15.859741 142 8.888901
3
0 2 120 15.401093 168 2.433998
1 2 174 17.919759 128 11.816449
2 2 194 15.695839 138 19.390861
3
0 2 120 13.436873 163 4.567963
1 2 181 1.882252 180 6.114011
2 2 148 1.142356 193 19.281016
3
0 2 120 2.547353 144 4.537775
1 2 146 16.000578 142 9.849613
2 2 142 16.455546 150 4.003867
3
0 2 120 7.278083 144 6.306661
1 2 150 4.223865 133 18.326217
2 2 186 11.314187 136 7.417030
3
0 2 120 12.930308 199 1.407260
1 2 181 4.644821 133 13.653664
2 2 190 19.641714 151 13.174928
3
0 2 120 6.182821 172 13.023232
1 2 148 11.622677 137 3.536172
2 2 131 13.076279 138 6.982333
3
0 2 120 8.731290 146 19.763453
1 2 123 12.501654 163 14.838331
2 2 125 15.766349 152 1.247511
3
0 2 120 14.704445 195 19.946418
1 2 187 8.126827 166 14.021227
2 2 133 11.286454 171 19.085142
3
0 2 120 19.866851 134 1.944162
1 2 169 16.852874 160 9.987852
2 2 125 3.025071 120 17.286631
3
0 2 120 12.072780 152 11.355999
1 2 131 5.800593 155 16.874032
2 2 197 16.785020 121 18.600875
3
0 2 120 2.244939 182 1.668020
1 2 185 4.183382 154 8.597763
2 2 195 19.250222 197 8.318697
3
0 2 120 13.047026 188 8.898447
1 2 146 12.760616 195 5.457478
2 2 163 2.642269 122 13.391069
3
0 2 120 19.924736 173 7.022355
1 2 134 16.891139 140 3.556032
2 2 199 4.349670 145 1.154046
3
0 2 120 15.589703 164 1.076464
1 2 178 14.595972 134 18.267626
2 2 137 18.699004 149 18.877973
3
0 2 120 10.915996 139 1.238820
1 2 181 19.589402 127 19.516431
2 2 144 17.582183 176 16.791296
3
0 2 140 8.118508 170 12.832103
1 2 146 11.349188 192 17.113904
2 2 179 12.937672 175 5.338840
3
0 2 140 1.623499 155 9.944271
1 2 144 2.033734 185 4.958616
2 2 169 1.390821 199 7.758792
3
0 2 140 4.353414 147 3.446240
1 2 165 5.039020 189 2.156719
2 2 140 6.926413 164 19.899425
3
0 2 140 3.779878 183 6.667327
1 2 168 19.183102 167 10.974776
2 2 183 5.301956 196 17.411269
3
0 2 140 5.494139 194 16.231148
1 2 154 16.874041 166 19.370273
2 2 177 11.987123 181 4.763411
3
0 2 140 1.317143 195 18.930040
1 2 189 10.758154 169 16.382393
2 2 198 5.029097 140 15.995904
3
0 2 140 14.270188 189 6.009522
1 2 160 8.932713 169 10.524064
2 2 181 1.143296 165 14.760784
3
0 2 140 16.370396 179 9.143921
1 2 190 3.834890 167 15.316395
2 2 195 12.620664 141 11.579796
3
0 2 140 3.584725 170 3.681540
1 2 148 8.938636 155 10.886977
2 2 185 18.669081 179 15.889936
3
0 2 140 11.707463 162 13.410043
1 2 156 11.250709 187 11.208312
2 2 181 10.120301 154 17.963381
3
0 2 140 6.903746 193 2.132725
1 2 157 18.440212 183 13.827835
2 2 184 3.020233 160 6.857393
3
0 2 140 16.530890 141 11.499840
1 2 196 13.545995 183 18.492531
2 2 178 18.636801 148 11.511148
3
0 2 140 14.871540 146 5.110090
1 2 155 16.639922 157 12.996801
2 2 154 18.061373 165 19.312295
3
0 2 140 13.817496 168 12.776833
1 2 141 11.754124 160 19.305793
2 2 163 7.176631 149 5.686870
3
0 2 140 2.704041 153 8.070137
1 2 193 18.901183 184 16.712470
2 2 167 3.054971 150 3.762130
3
0 2 140 2.502032 159 3.289248
1 2 145 13.663678 157 1.419466
2 2 199 5.744687 150 19.343965
3
0 2 140 16.715824 177 7.612105
1 2 159 4.490338 195 9.646551
2 2 193 2.019077 157 17.293255
3
0 2 140 11.681213 169 8.469482
1 2 171 7.598610 149 3.639486
2 2 193 4.188664 166 16.896076
3
0 2 140 11.984566 180 4.380372
1 2 184 2.344250 181 7.382506
2 2 180 11.078143 187 19.628098
3
0 2 140 3.493292 150 8.454744
1 2 150 12.815526 175 2.775119
2 2 184 10.337964 167 2.900828
3
0 2 160 12.235220 187 5.708373
1 2 198 6.148668 196 3.769281
2 2 163 15.694445 181 7.542642
3
0 2 160 14.603017 162 8.374164
1 2 191 16.391260 189 9.157462
2 2 163 17.486524 166 15.723293
3
0 2 160 15.133078 187 6.481148
1 2 183 6.839952 192 11.548615
2 2 176 15.890604 174 9.185657
3
0 2 160 4.341605 198 10.670090
1 2 188 5.504634 180 4.727988
2 2 164 3.162652 190 18.542970
3
0 2 160 1.222286 196 18.502963
1 2 160 5.424088 189 7.015548
2 2 184 12.350721 180 4.874301
3
0 2 160 15.097369 181 2.242074
1 2 191 1.041550 196 12.899437
2 2 195 7.550893 192 14.066898
3
0 2 160 3.223081 189 5.210449
1 2 183 10.775074 185 19.368212
2 2 181 15.261632 187 11.288250
3
0 2 160 2.206171 188 18.757113
1 2 191 13.857792 196 2.392409
2 2 162 16.539428 187 3.094009
3
0 2 160 9.454661 197 16.408982
1 2 167 14.682875 176 17.660370
2 2 181 14.128743 166 14.506030
3
0 2 160 9.763166 170 8.802412
1 2 176 19.201045 164 13.905089
2 2 184 19.839967 195 3.118555
3
0 2 160 2.774942 161 17.340930
1 2 171 15.926344 170 17.257098
2 2 168 12.726611 173 11.492906
3
0 2 160 7.388934 184 11.136180
1 2 191 9.917426 173 5.836319
2 2 195 7.206379 176 3.846717
3
0 2 160 1.632777 186 14.310817
1 2 184 12.826695 194 8.265939
2 2 178 11.712546 199 1.053190
3
0 2 160 11.900156 198 6.082012
1 2 192 15.752804 183 19.317001
2 2 165 17.860119 176 16.269840
3
0 2 160 10.218897 177 8.189497
1 2 166 15.596039 171 11.193843
2 2 168 14.984699 186 15.240527
3
0 2 160 7.549779 175 8.288083
1 2 179 5.765091 189 11.130891
2 2 168 12.662500 162 18.706184
3
0 2 160 3.065551 167 11.128982
1 2 175 6.213407 195 18.382400
2 2 168 14.860968 194 19.043834
3
0 2 160 14.071276 187 13.450726
1 2 184 12.684176 194 4.457702
2 2 193 14.831478 177 13.342530
3
0 2 160 12.299324 192 7.580889
1 2 174 17.864654 169 5.599018
2 2 168 7.220000 184 12.864816
3
0 2 160 6.515510 182 11.974172
1 2 189 11.098862 174 7.494157
2 2 194 7.087463 166 16.352532
3
0 2 180 18.657892 193 15.992955
1 2 198 11.391589 183 13.016882
2 2 182 12.564751 185 5.776508
3
0 2 180 6.605597 182 6.048445
1 2 183 2.471352 196 16.126325
2 2 189 3.781763 183 11.837038
3
0 2 180 10.407607 183 13.979259
1 2 181 7.607910 188 6.762392
2 2 183 3.719891 198 13.682995
3
0 2 180 18.069952 199 13.274400
1 2 198 5.110199 187 16.134157
2 2 185 14.367075 197 14.922740
3
0 2 180 18.385172 199 1.099567
1 2 182 5.023064 194 19.142740
2 2 195 10.626590 188 7.156541
3
0 2 180 9.539505 194 7.370454
1 2 193 7.104797 186 1.614178
2 2 186 17.312668 185 19.982306
3
0 2 180 3.256342 185 3.546524
1 2 193 6.344465 195 13.679265
2 2 190 14.549284 182 19.305672
3
0 2 180 14.966589 198 2.441528
1 2 199 7.803305 194 16.957725
2 2 197 14.343143 188 5.704065
3
0 2 180 2.281184 197 17.549095
1 2 183 6.883194 191 19.817917
2 2 193 1.518160 196 18.425514
3
0 2 180 9.408107 192 6.047553
1 2 190 8.500155 191 19.910077
2 2 192 18.126963 185 1.136947
3
0 2 180 17.091284 183 5.611053
1 2 195 19.381419 182 18.398772
2 2 189 3.510250 182 4.564764
3
0 2 180 11.430688 192 12.088685
1 2 180 12.981057 181 12.194765
2 2 196 6.643856 186 9.730294
3
0 2 180 17.644023 181 19.619293
1 2 196 18.241193 189 3.361787
2 2 186 2.863872 182 3.627555
3
0 2 180 10.137375 194 3.660902
1 2 188 13.413409 180 17.581635
2 2 190 4.243624 187 7.515143
3
0 2 180 17.180892 198 9.269464
1 2 180 18.215380 185 15.303543
2 2 199 12.667889 197 12.262596
3
0 2 180 13.306123 188 10.977848
1 2 181 9.918513 198 5.261740
2 2 184 7.666622 196 7.532862
3
0 2 180 7.878575 190 14.756512
1 2 198 16.852070 194 12.653919
2 2 180 5.146377 196 8.483966
3
0 2 180 6.472052 181 7.459760
1 2 183 17.084699 198 6.814603
2 2 186 11.143298 190 18.506443
3
0 2 180 4.345823 188 15.827521
1 2 189 1.947675 196 1.210577
2 2 187 17.281254 197 19.137812
3
0 2 180 6.827557 193 4.769278
1 2 186 16.441917 193 8.974202
2 2 190 2.666250 187 14.789054
3
0 2 199 16.942695 199 14.091034
1 2 199 13.612059 199 4.244714
2 2 199 16.950620 199 11.019423
3
0 2 199 8.879199 199 8.973320
1 2 199 12.937496 199 4.810761
2 2 199 9.908046 199 12.224262
3
0 2 199 15.497282 199 18.916439
1 2 199 18.394271 199 5.971940
2 2 199 6.029556 199 3.848871
3
0 2 199 14.630531 199 14.328678
1 2 199 1.440148 199 3.515221
2 2 199 13.972397 199 10.996802
3
0 2 199 1.824561 199 5.022577
1 2 199 4.750490 199 8.491194
2 2 199 14.831036 199 1.472547
3
0 2 199 5.736175 199 15.257645
1 2 199 12.982388 199 1.048954
2 2 199 16.976518 199 8.825797
3
0 2 199 4.472348 199 17.313317
1 2 199 19.069251 199 10.107939
2 2 199 16.136886 199 7.242651
3
0 2 199 2.051036 199 15.168996
1 2 199 8.536582 199 10.711687
2 2 199 11.468318 199 1.596168
3
0 2 199 7.572445 199 10.121640
1 2 199 1.409867 199 6.638717
2 2 199 6.735216 199 11.029881
3
0 2 199 19.830331 199 16.753220
1 2 199 7.084679 199 16.770577
2 2 199 10.766458 199 10.971593
3
0 2 199 17.075937 199 10.198839
1 2 199 19.089699 199 8.934433
2 2 199 16.400832 199 7.516633
3
0 2 199 17.980002 199 14.891471
1 2 199 16.147202 199 7.413220
2 2 199 1.331277 199 1.432878
3
0 2 199 15.651904 199 19.862094
1 2 199 16.644686 199 15.205518
2 2 199 15.966576 199 12.186667
3
0 2 199 12.922527 199 6.981993
1 2 199 13.862249 199 13.006131
2 2 199 10.791702 199 5.640692
3
0 2 199 12.503767 199 10.185164
1 2 199 6.598684 199 14.647750
2 2 199 1.151779 199 19.047702
3
0 2 199 18.026445 199 16.553179
1 2 199 2.981963 199 10.474057
2 2 199 3.103652 199 17.146188
3
0 2 199 14.049206 199 11.413769
1 2 199 5.852465 199 11.219174
2 2 199 14.460948 199 7.964468
3
0 2 199 1.098119 199 2.442955
1 2 199 2.133015 199 8.261504
2 2 199 7.036852 199 10.460023
3
0 2 199 12.843536 199 13.930825
1 2 199 7.850682 199 7.470946
2 2 199 19.129915 199 16.179843
0
