100 99
3
0 2 10 5.268680 96 2.015838
1 2 29 12.273569 20 17.772691
2 2 96 14.760638 27 16.348970
3
0 2 10 15.331537 98 1.942390
1 2 31 4.666883 72 2.852391
2 2 77 7.029181 76 7.293430
3
0 2 10 14.494050 65 12.862803
1 2 59 14.456547 88 11.242426
2 2 36 9.935676 79 9.880680
3
0 2 10 4.808871 86 19.988223
1 2 10 18.350882 56 18.510259
2 2 26 14.872015 35 18.459080
3
0 2 10 17.084884 54 13.035823
1 2 28 19.014821 59 4.216652
2 2 20 5.817788 70 8.959839
3
0 2 10 2.539218 29 15.073618
1 2 94 18.532188 51 15.505799
2 2 58 3.176638 17 11.972774
3
0 2 10 1.046933 30 11.914856
1 2 43 11.851654 31 2.494004
2 2 92 4.748964 72 8.892020
3
0 2 10 11.060892 96 4.963894
1 2 85 17.736404 14 4.517878
2 2 42 16.155000 91 11.685658
3
0 2 10 1.238440 16 9.220770
1 2 35 13.763596 23 15.331593
2 2 14 3.313307 71 18.098477
3
0 2 10 9.606569 14 14.761160
1 2 10 19.673307 42 19.059853
2 2 20 11.058669 51 4.250433
3
0 2 20 13.825686 68 1.981558
1 2 20 14.810800 33 14.854473
2 2 40 15.178560 67 15.102408
3
0 2 20 12.646734 21 6.084705
1 2 95 5.174649 31 19.986715
2 2 75 9.195820 95 9.840587
3
0 2 20 5.864147 82 4.751855
1 2 47 6.310846 78 8.380568
2 2 96 10.110364 71 13.073684
3
0 2 20 4.569660 64 2.730952
1 2 99 11.395006 79 1.672038
2 2 58 7.591072 41 18.222608
3
0 2 20 3.703760 23 3.025307
1 2 76 18.209155 33 11.879005
2 2 26 13.289218 72 4.826627
3
0 2 20 16.598573 98 1.271979
1 2 27 19.293937 58 19.060141
2 2 66 12.593558 95 13.991293
3
0 2 20 13.432535 39 12.922369
1 2 42 16.315521 76 18.392391
2 2 81 6.276342 35 14.431491
3
0 2 20 7.506235 80 8.291970
1 2 86 17.402133 74 14.505281
2 2 42 8.398614 95 4.173755
3
0 2 20 8.647259 72 1.171135
1 2 37 13.427259 97 2.750258
2 2 88 6.520244 75 15.147195
3
0 2 20 5.791768 37 10.974954
1 2 20 3.216261 32 11.904666
2 2 55 5.981274 36 5.977596
3
0 2 30 18.462481 59 14.052854
1 2 74 19.462077 36 3.805663
2 2 69 3.510709 94 2.122314
3
0 2 30 17.402907 58 16.822134
1 2 62 4.593527 71 12.461072
2 2 40 1.947982 35 19.968576
3
0 2 30 4.354184 56 17.838127
1 2 68 12.244692 46 15.960194
2 2 51 4.408494 69 10.988364
3
0 2 30 14.566050 70 16.507862
1 2 49 17.505825 86 8.297505
2 2 73 15.818729 37 3.600911
3
0 2 30 17.550129 58 9.027084
1 2 81 7.062379 65 11.030661
2 2 41 1.550331 49 17.073053
3
0 2 30 3.584066 90 11.029154
1 2 88 1.637085 65 5.910524
2 2 43 7.385733 65 13.669059
3
0 2 30 2.224291 47 10.704377
1 2 88 10.209429 64 6.169534
2 2 86 6.510109 62 14.181389
3
0 2 30 9.269094 98 12.118441
1 2 81 6.781726 93 18.215175
2 2 83 13.382446 46 8.355628
3
0 2 30 11.329547 75 9.707146
1 2 98 14.382190 84 4.471913
2 2 58 2.844052 34 4.161858
3
0 2 30 11.368678 56 2.747276
1 2 52 10.229224 93 16.829401
2 2 86 7.005206 91 8.620114
3
0 2 40 5.724299 60 18.727328
1 2 59 8.887115 63 12.719756
2 2 86 13.674456 81 10.323805
3
0 2 40 19.663822 87 10.098520
1 2 40 11.021563 64 7.324169
2 2 96 6.711066 40 12.403679
3
0 2 40 14.478254 47 18.254989
1 2 92 10.072180 42 12.216893
2 2 67 5.812306 89 3.518695
3
0 2 40 18.788665 66 2.545197
1 2 85 19.508651 99 19.940122
2 2 91 17.332084 93 14.217838
3
0 2 40 18.399426 58 3.306395
1 2 79 17.076935 83 14.155889
2 2 48 18.293147 97 5.893376
3
0 2 40 18.642746 65 13.605572
1 2 67 16.262618 66 15.050266
2 2 55 15.529608 44 18.131180
3
0 2 40 9.805134 84 13.034470
1 2 92 13.034300 78 5.568019
2 2 70 8.185686 65 19.915665
3
0 2 40 3.648210 64 13.332763
1 2 50 3.684427 43 13.640294
2 2 52 16.145575 49 16.901178
3
0 2 40 15.746091 53 4.239715
1 2 96 1.076858 87 1.334790
2 2 55 13.007210 99 1.427370
3
0 2 40 5.276615 75 10.499925
1 2 90 9.108009 44 6.582131
2 2 97 7.796732 92 3.315423
3
0 2 50 18.049599 58 16.289850
1 2 76 17.326564 88 11.176508
2 2 77 17.425712 65 4.674204
3
0 2 50 17.688008 80 5.987715
1 2 80 19.965024 52 3.229450
2 2 95 15.786063 98 16.472495
3
0 2 50 6.959664 87 17.817018
1 2 89 3.948641 86 2.532250
2 2 95 12.582817 65 11.357255
3
0 2 50 4.035226 81 19.601340
1 2 57 3.917246 68 1.130624
2 2 92 18.826643 59 10.684155
3
0 2 50 17.106862 79 14.193248
1 2 93 4.121490 88 3.080451
2 2 73 15.904406 65 6.953489
3
0 2 50 10.313452 90 14.855099
1 2 71 6.192489 89 3.230154
2 2 84 15.905975 63 12.145888
3
0 2 50 9.641038 90 3.828575
1 2 74 13.271042 83 8.408140
2 2 88 4.068276 80 14.387296
3
0 2 50 1.217707 79 13.322146
1 2 53 1.322742 89 9.845325
2 2 51 18.632755 97 19.386471
3
0 2 50 10.085428 60 7.353082
1 2 61 16.936172 63 19.442010
2 2 79 3.923420 55 12.243250
3
0 2 50 9.877340 66 10.521425
1 2 82 10.295968 98 1.162067
2 2 64 16.183195 79 19.407572
3
0 2 60 1.685554 86 8.315985
1 2 72 5.283284 93 17.594927
2 2 81 12.349250 73 2.386303
3
0 2 60 4.260510 85 18.616210
1 2 69 11.375329 77 18.766814
2 2 72 7.830215 92 15.712990
3
0 2 60 11.169959 93 4.325920
1 2 79 7.015016 98 4.508094
2 2 85 4.955977 78 15.452929
3
0 2 60 12.973036 73 11.028053
1 2 66 11.182546 77 9.517296
2 2 66 4.310844 68 8.925733
3
0 2 60 3.843837 68 18.833531
1 2 61 19.315976 64 13.056671
2 2 98 15.720362 77 2.455156
3
0 2 60 2.689459 94 8.521905
1 2 96 12.613804 94 8.938659
2 2 63 6.918453 64 2.485165
3
0 2 60 10.729802 75 12.875449
1 2 81 6.322403 74 7.522251
2 2 96 9.833295 87 6.012026
3
0 2 60 15.621681 70 7.529984
1 2 83 7.901796 66 14.554513
2 2 82 10.748219 69 7.098013
3
0 2 60 15.121379 98 18.756357
1 2 67 14.982149 76 6.179803
2 2 78 14.369557 68 15.725418
3
0 2 60 8.307967 91 14.900806
1 2 68 18.434805 74 19.529698
2 2 63 6.431525 73 2.788173
3
0 2 70 6.130892 98 2.459645
1 2 95 8.729533 74 7.140408
2 2 96 4.383919 94 8.276826
3
0 2 70 4.293073 74 3.196649
1 2 79 12.666750 78 3.777457
2 2 80 10.633272 70 6.333163
3
0 2 70 4.033743 88 11.827891
1 2 97 2.928024 84 3.793495
2 2 83 3.957318 87 14.971173
3
0 2 70 15.245563 78 14.046947
1 2 89 15.137601 96 15.417656
2 2 82 1.278337 80 14.662925
3
0 2 70 2.234335 84 9.319140
1 2 70 9.656744 84 10.929150
2 2 74 1.002962 87 17.620911
3
0 2 70 12.407656 74 1.139121
1 2 90 14.117948 70 14.164717
2 2 82 4.582851 79 19.859432
3
0 2 70 8.072935 76 7.726688
1 2 84 19.314868 99 13.689651
2 2 74 18.564068 81 6.961234
3
0 2 70 9.892808 87 13.182981
1 2 95 13.586673 82 11.781515
2 2 94 16.531945 92 18.315254
3
0 2 70 11.671805 85 7.736952
1 2 96 5.598959 75 3.311449
2 2 91 6.312388 80 1.716269
3
0 2 70 18.961888 82 11.312642
1 2 98 18.009507 76 6.386488
2 2 77 3.019388 99 16.680081
3
0 2 80 1.388945 83 9.660627
1 2 81 12.111074 96 16.868365
2 2 86 16.693225 89 7.399955
3
0 2 80 17.385052 95 8.286685
1 2 81 8.310839 89 1.842190
2 2 82 15.476508 80 9.452025
3
0 2 80 11.248840 99 16.681430
1 2 86 6.748744 88 2.719635
2 2 84 10.213555 98 10.703822
3
0 2 80 2.957781 89 9.045281
1 2 88 19.117890 98 14.960427
2 2 98 8.077872 90 2.661596
3
0 2 80 11.202680 85 2.122120
1 2 87 8.215832 94 4.458595
2 2 80 8.978734 95 9.760785
3
0 2 80 5.780118 86 6.019618
1 2 91 6.251155 90 8.394919
2 2 99 3.253811 95 2.974597
3
0 2 80 1.730546 99 8.576143
1 2 83 15.648093 84 9.744287
2 2 84 19.332630 85 18.570385
3
0 2 80 5.747048 87 6.106548
1 2 94 15.517128 80 12.199577
2 2 92 8.496489 88 11.319669
3
0 2 80 14.936047 84 19.320303
1 2 97 14.994336 86 5.783496
2 2 95 10.055884 87 6.203175
3
0 2 80 12.089984 82 18.225896
1 2 86 8.241175 97 3.621302
2 2 97 2.931791 93 14.253929
3
0 2 90 13.258333 97 6.761266
1 2 98 9.792393 97 11.709066
2 2 94 10.640271 91 4.758327
3
0 2 90 5.700175 92 1.539649
1 2 97 9.476199 92 4.741241
2 2 92 9.701026 98 2.322583
3
0 2 90 19.870153 91 3.211861
1 2 93 1.536831 99 15.218993
2 2 90 16.790012 92 8.494882
3
0 2 90 5.872568 97 17.857056
1 2 91 3.717847 95 10.960137
2 2 98 4.567747 91 5.675554
3
0 2 90 5.622108 93 19.047812
1 2 92 2.945135 97 14.784411
2 2 93 10.389628 91 8.051707
3
0 2 90 14.188036 96 17.530910
1 2 98 16.203860 96 6.182200
2 2 92 13.006121 93 5.923548
3
0 2 90 11.339009 99 7.092273
1 2 97 13.051444 99 16.204555
2 2 91 14.843641 98 15.071116
3
0 2 90 3.454377 94 14.184769
1 2 95 15.891009 96 7.997492
2 2 91 2.447088 90 5.122592
3
0 2 90 13.708793 92 3.138375
1 2 98 2.558862 94 11.018020
2 2 91 8.028352 98 11.793875
3
0 2 90 9.826388 97 5.678252
1 2 93 16.977994 90 4.717779
2 2 95 7.289658 90 5.279999
3
0 1 99 1.749168
1 1 99 15.311298
2 1 99 17.530853
3
0 1 99 2.074735
1 1 99 7.820311
2 1 99 16.549230
3
0 1 99 3.457026
1 1 99 7.042397
2 1 99 7.724638
3
0 1 99 9.141889
1 1 99 4.947565
2 1 99 14.421485
3
0 1 99 17.434860
1 1 99 10.831396
2 1 99 18.935556
3
0 1 99 19.152656
1 1 99 3.307605
2 1 99 14.105629
3
0 1 99 2.986633
1 1 99 13.060871
2 1 99 9.077782
3
0 1 99 16.496572
1 1 99 19.584463
2 1 99 4.144200
3
0 1 99 5.519563
1 1 99 7.778273
2 1 99 10.368865
0
