20 19
3
0 2 5 12.240971 6 1.269050
1 2 19 15.236281 13 19.768002
2 2 18 1.559886 7 16.111967
3
0 2 5 19.213851 19 16.798003
1 2 13 2.735389 19 10.917836
2 2 11 1.049943 7 10.047534
3
0 2 5 15.999204 19 7.130699
1 2 11 14.112398 17 6.180958
2 2 10 13.206209 9 3.259998
3
0 2 5 19.634604 17 18.298075
1 2 8 18.634556 16 1.416395
2 2 16 2.768515 11 1.766945
3
0 2 5 10.837269 17 18.229599
1 2 15 15.079900 10 1.699062
2 2 8 15.931475 16 8.055967
3
0 2 10 7.710335 13 16.726574
1 2 14 12.268599 18 19.819027
2 2 11 15.412004 17 19.058375
3
0 2 10 11.565374 16 5.770593
1 2 17 2.045442 13 13.038083
2 2 10 4.726937 16 18.732847
3
0 2 10 17.205902 14 2.659045
1 2 17 14.457143 15 2.680410
2 2 10 18.077699 11 12.283835
3
0 2 10 8.875232 13 6.584147
1 2 14 16.114356 17 10.772040
2 2 15 13.663097 17 12.706214
3
0 2 10 7.676537 12 8.059288
1 2 12 6.383038 13 18.891225
2 2 13 17.074934 16 3.970522
3
0 2 15 5.448220 16 18.104230
1 2 19 13.572478 15 7.526503
2 2 16 7.099627 17 9.791983
3
0 2 15 14.355968 19 12.391465
1 2 16 1.515265 15 8.160235
2 2 17 15.491393 19 9.816810
3
0 2 15 15.567324 16 10.348486
1 2 18 12.686574 15 19.754751
2 2 18 5.117662 19 17.191252
3
0 2 15 2.219961 19 6.678240
1 2 17 5.327344 19 6.634476
2 2 15 16.567143 19 19.068780
3
0 2 15 18.744683 19 16.632758
1 2 15 7.574890 17 6.360516
2 2 19 7.026807 17 18.644629
3
0 2 19 4.487345 19 12.872199
1 2 19 9.788904 19 3.190712
2 2 19 17.587559 19 7.687282
3
0 2 19 19.416005 19 1.109722
1 2 19 1.395274 19 3.316624
2 2 19 8.495092 19 7.178226
3
0 2 19 18.506923 19 17.823377
1 2 19 3.805089 19 12.700295
2 2 19 4.192863 19 13.148158
3
0 2 19 11.995556 19 5.203726
1 2 19 2.345150 19 19.080875
2 2 19 3.044515 19 10.477434
0
