20 19
3
0 2 5 19.332921 18 7.968606
1 2 17 11.554609 7 5.813409
2 2 18 17.301812 14 19.739564
3
0 2 5 15.236630 10 19.260168
1 2 6 18.312927 11 15.186679
2 2 17 1.147135 6 7.059645
3
0 2 5 4.170930 7 8.986354
1 2 12 4.890054 9 4.206409
2 2 17 11.055775 6 15.747464
3
0 2 5 2.265836 6 16.565742
1 2 18 12.032167 13 1.435798
2 2 7 16.104037 9 1.409173
3
0 2 5 18.548633 7 4.995701
1 2 9 13.912232 17 15.115254
2 2 6 10.713421 17 17.431635
3
0 2 10 13.475385 19 17.247002
1 2 12 8.052294 19 6.278639
2 2 10 12.571899 13 11.259181
3
0 2 10 4.710702 14 17.127378
1 2 11 13.813399 16 2.943719
2 2 15 18.718079 17 19.470588
3
0 2 10 3.007404 11 11.907046
1 2 14 10.497588 12 14.552244
2 2 15 15.038051 18 15.934156
3
0 2 10 1.898503 11 18.359912
1 2 19 6.649648 17 4.835256
2 2 10 9.602516 12 14.553482
3
0 2 10 2.442263 13 4.139534
1 2 13 13.419116 18 16.849986
2 2 18 16.080033 14 16.358144
3
0 2 15 2.762670 16 9.363865
1 2 15 13.360402 19 12.859644
2 2 18 5.239325 19 1.830175
3
0 2 15 19.124609 18 4.819970
1 2 18 8.632319 16 5.321841
2 2 16 10.087880 19 19.832238
3
0 2 15 16.581720 18 6.678985
1 2 18 14.614613 15 14.330832
2 2 16 18.905218 19 4.969678
3
0 2 15 5.601583 18 1.299479
1 2 19 10.816396 15 18.705565
2 2 18 14.847714 15 8.943879
3
0 2 15 5.896331 19 11.670450
1 2 18 1.251179 15 11.858500
2 2 16 9.960547 19 2.345131
3
0 2 19 8.804344 19 9.657593
1 2 19 15.766508 19 3.768049
2 2 19 5.764730 19 18.749406
3
0 2 19 13.203180 19 5.523840
1 2 19 4.218820 19 4.492818
2 2 19 3.955375 19 9.764740
3
0 2 19 4.925662 19 7.440137
1 2 19 6.328547 19 14.642271
2 2 19 14.822960 19 13.898959
3
0 2 19 16.378338 19 11.860870
1 2 19 15.527094 19 16.747611
2 2 19 14.897789 19 7.170643
0
