50 49
3
0 2 5 7.165018 45 2.083766
1 2 39 6.169620 20 4.087324
2 2 43 10.536316 16 6.137365
3
0 2 5 10.577308 18 16.625827
1 2 44 18.606570 27 13.480646
2 2 38 10.529372 24 1.979175
3
0 2 5 8.200845 34 14.701721
1 2 19 17.401379 11 9.234073
2 2 30 13.489786 7 13.731402
3
0 2 5 9.324342 22 5.592428
1 2 31 8.070075 8 3.865314
2 2 41 14.396172 48 12.579466
3
0 2 5 13.754294 37 10.162419
1 2 44 4.599718 38 10.363204
2 2 15 2.930997 31 3.684379
3
0 2 10 13.139844 47 11.465631
1 2 17 12.852682 15 13.431180
2 2 20 19.194253 42 8.867703
3
0 2 10 7.537446 34 15.770249
1 2 29 6.699140 45 17.521405
2 2 37 1.668337 40 7.543330
3
0 2 10 3.991851 21 3.016140
1 2 34 8.716014 18 6.694287
2 2 24 13.466393 15 14.523157
3
0 2 10 16.171252 26 8.573216
1 2 43 18.145838 17 6.915631
2 2 49 19.857926 34 1.870279
3
0 2 10 6.001696 27 10.485342
1 2 46 1.726343 34 6.992815
2 2 22 4.182524 13 15.448343
3
0 2 15 13.756216 33 15.586818
1 2 19 12.270787 34 16.938943
2 2 22 9.444204 18 13.048912
3
0 2 15 17.443872 44 1.687535
1 2 32 11.637262 22 15.282556
2 2 46 5.537252 31 17.505246
3
0 2 15 9.051425 41 19.657088
1 2 28 13.160664 20 9.022057
2 2 46 3.479387 18 14.585025
3
0 2 15 3.326859 16 14.616754
1 2 48 10.641786 44 8.383909
2 2 17 9.621962 32 14.650781
3
0 2 15 4.275123 34 7.703045
1 2 35 7.772264 39 11.279985
2 2 46 11.690728 15 6.983022
3
0 2 20 7.505885 47 14.093300
1 2 35 5.566932 22 5.703790
2 2 25 8.864010 36 10.562736
3
0 2 20 17.404301 34 12.552135
1 2 41 14.033920 45 5.654023
2 2 35 14.986032 21 6.340067
3
0 2 20 5.600757 32 2.301316
1 2 36 19.363417 24 6.381233
2 2 22 2.436408 43 16.930424
3
0 2 20 17.816425 45 6.240944
1 2 20 6.043274 41 8.681001
2 2 36 14.177233 35 11.107825
3
0 2 20 3.269185 24 3.082105
1 2 41 16.544381 45 5.483841
2 2 21 1.731225 46 12.876119
3
0 2 25 9.857695 29 11.014759
1 2 41 11.015101 28 3.715545
2 2 26 9.159847 38 17.891129
3
0 2 25 18.368549 34 2.035878
1 2 38 12.531678 29 16.722487
2 2 38 7.587652 46 10.227440
3
0 2 25 15.143516 46 14.064685
1 2 41 13.310406 45 5.955438
2 2 25 12.385228 49 15.208186
3
0 2 25 6.471898 42 18.051291
1 2 35 19.840380 38 2.043373
2 2 36 13.725603 43 3.095640
3
0 2 25 14.662411 44 10.240047
1 2 44 8.214103 42 13.829925
2 2 31 2.619792 36 6.595625
3
0 2 30 18.351644 34 16.019568
1 2 32 16.661619 30 19.695080
2 2 39 19.938382 47 8.417418
3
0 2 30 18.802629 36 8.913197
1 2 42 19.281405 35 13.487457
2 2 39 3.368912 38 5.068461
3
0 2 30 17.025901 41 8.352224
1 2 45 5.684992 30 19.795227
2 2 49 6.097267 33 1.661870
3
0 2 30 9.526944 47 7.341786
1 2 45 7.395723 33 3.545459
2 2 47 11.150138 48 7.962723
3
0 2 30 10.361391 38 15.198161
1 2 30 17.241933 31 11.195868
2 2 44 1.505594 47 1.399260
3
0 2 35 2.678083 40 2.366448
1 2 45 15.215512 49 19.791522
2 2 43 8.041546 36 8.559289
3
0 2 35 18.512032 47 7.254348
1 2 49 6.182224 36 18.937563
2 2 47 2.183598 49 3.289616
3
0 2 35 2.314255 38 15.160661
1 2 45 5.438902 47 11.048390
2 2 46 15.065923 43 10.358969
3
0 2 35 19.208447 38 2.267402
1 2 35 5.557517 39 3.752841
2 2 45 2.543518 47 10.580972
3
0 2 35 13.906431 49 8.954913
1 2 40 9.491321 39 12.561568
2 2 48 9.806716 46 9.532663
3
0 2 40 6.550804 45 10.454012
1 2 42 6.738180 48 5.391209
2 2 49 13.284433 46 8.675149
3
0 2 40 6.768954 47 18.999233
1 2 41 7.494893 49 19.610955
2 2 43 18.701618 40 1.403154
3
0 2 40 18.097034 43 6.138768
1 2 48 8.595522 46 11.118265
2 2 48 16.707655 47 18.074726
3
0 2 40 17.437407 45 5.059748
1 2 47 13.735949 40 10.348053
2 2 44 9.786672 41 2.148917
3
0 2 40 15.255298 49 5.974275
1 2 42 14.019900 47 18.227493
2 2 43 18.448490 44 16.598306
3
0 2 45 5.731436 49 18.797034
1 2 49 15.354311 46 14.152467
2 2 47 14.900170 46 3.918308
3
0 2 45 6.638444 46 7.342175
1 2 49 18.688109 48 1.124935
2 2 46 3.082564 49 10.292720
3
0 2 45 6.204116 47 9.018624
1 2 48 15.861227 46 19.636260
2 2 47 18.009026 49 15.077378
3
0 2 45 10.850770 49 2.461332
1 2 47 17.185190 46 13.819190
2 2 49 16.141547 48 1.380936
3
0 2 45 15.011742 47 8.311225
1 2 46 6.759396 48 15.951363
2 2 45 6.649758 46 9.886171
3
0 2 49 15.353021 49 3.999359
1 2 49 17.383103 49 17.921245
2 2 49 6.516399 49 5.802699
3
0 2 49 6.517427 49 13.188738
1 2 49 19.279635 49 1.036537
2 2 49 4.963911 49 10.222886
3
0 2 49 18.756536 49 1.685257
1 2 49 12.715251 49 17.930088
2 2 49 14.053478 49 11.573938
3
0 2 49 9.796783 49 10.640865
1 2 49 10.603405 49 1.709765
2 2 49 6.651796 49 10.591109
0
