50 49
3
0 2 5 11.699704 35 2.586140
1 2 17 7.444544 7 9.072211
2 2 17 6.702106 32 16.484315
3
0 2 5 12.967795 8 17.632066
1 2 21 5.781969 44 17.845671
2 2 15 1.457116 20 7.710874
3
0 2 5 19.019708 7 3.483290
1 2 41 16.044806 34 15.826933
2 2 28 6.155376 6 9.891617
3
0 2 5 6.564985 7 14.502210
1 2 48 15.241406 25 8.164521
2 2 23 13.303312 18 7.975591
3
0 2 5 19.377083 42 14.354119
1 2 9 15.744045 35 15.185683
2 2 30 12.782214 10 2.964138
3
0 2 10 4.754936 35 7.524447
1 2 47 4.704229 33 7.550717
2 2 43 6.019196 20 12.113094
3
0 2 10 5.691773 45 18.969384
1 2 44 4.578640 15 18.224739
2 2 28 8.820751 21 3.040974
3
0 2 10 5.882047 49 3.579532
1 2 39 13.710818 43 19.491891
2 2 10 19.165613 49 11.179350
3
0 2 10 17.040801 23 9.400373
1 2 37 15.727582 18 1.425762
2 2 27 1.778267 16 14.760073
3
0 2 10 14.126060 35 18.812134
1 2 10 13.547022 37 9.538443
2 2 20 9.033673 26 10.931916
3
0 2 15 9.587404 16 12.453119
1 2 41 14.236409 31 11.115029
2 2 40 15.292676 20 13.933355
3
0 2 15 10.356695 31 14.878862
1 2 32 14.122490 31 8.848544
2 2 23 13.702197 26 5.631376
3
0 2 15 18.580721 48 12.012272
1 2 22 8.571886 15 15.797547
2 2 38 4.724643 46 17.775788
3
0 2 15 8.433718 31 2.449444
1 2 24 15.741085 49 17.935783
2 2 47 1.439092 37 4.747676
3
0 2 15 10.630553 24 9.036118
1 2 39 10.962376 35 2.017768
2 2 28 12.048709 40 2.037596
3
0 2 20 11.757804 40 3.650137
1 2 29 9.296914 35 1.175398
2 2 33 15.152630 29 8.424487
3
0 2 20 7.929767 37 13.120129
1 2 36 11.808209 33 8.626523
2 2 47 10.812436 26 19.863643
3
0 2 20 19.765873 45 1.175407
1 2 30 2.411505 24 5.802526
2 2 36 16.138111 41 7.526398
3
0 2 20 14.245447 22 14.684031
1 2 27 17.280529 26 18.978360
2 2 30 16.821879 48 17.518983
3
0 2 20 9.779202 24 9.020500
1 2 33 2.852049 27 18.373964
2 2 26 9.911783 40 15.780106
3
0 2 25 8.767984 49 1.997450
1 2 37 15.442961 49 2.326146
2 2 38 13.721973 31 2.664133
3
0 2 25 17.450717 43 1.688852
1 2 35 18.218665 27 5.496663
2 2 41 11.660546 25 6.079237
3
0 2 25 14.386156 35 15.364250
1 2 28 9.639445 46 9.574829
2 2 44 8.409837 49 15.613836
3
0 2 25 9.570884 49 6.789954
1 2 32 3.392516 45 7.133455
2 2 34 11.341127 47 19.106893
3
0 2 25 10.842770 47 17.605312
1 2 29 3.817687 27 4.769895
2 2 30 1.378457 47 4.840412
3
0 2 30 12.975726 45 4.237050
1 2 32 1.537704 43 10.683914
2 2 42 4.324547 46 19.301637
3
0 2 30 11.031559 40 2.608875
1 2 35 10.269837 49 17.094104
2 2 38 3.469943 47 2.072598
3
0 2 30 18.422679 49 7.937575
1 2 43 18.884775 31 13.823986
2 2 40 7.032318 34 15.512819
3
0 2 30 9.626005 34 10.190587
1 2 33 18.356957 38 19.268894
2 2 40 1.812445 39 15.978800
3
0 2 30 2.632430 37 4.940520
1 2 42 3.616466 44 8.655813
2 2 43 1.743120 40 10.117609
3
0 2 35 8.228551 48 6.558490
1 2 45 13.395973 37 6.313255
2 2 48 15.241303 39 3.786477
3
0 2 35 13.210316 37 16.431928
1 2 39 19.957844 49 8.478538
2 2 48 10.017497 46 11.803245
3
0 2 35 2.602457 43 11.381949
1 2 47 12.314587 43 1.100789
2 2 41 10.896721 36 7.372745
3
0 2 35 15.560010 37 5.550351
1 2 36 14.310887 35 13.050606
2 2 43 1.993289 37 7.187502
3
0 2 35 16.027366 40 1.407732
1 2 35 2.195065 40 19.465166
2 2 49 7.405544 36 17.507374
3
0 2 40 3.708556 45 19.698054
1 2 45 18.485802 47 2.061984
2 2 46 19.123526 44 15.821817
3
0 2 40 2.085367 44 14.687661
1 2 42 8.486778 46 7.174708
2 2 44 7.387864 49 12.601078
3
0 2 40 1.655244 41 8.926619
1 2 46 12.025939 47 16.141621
2 2 41 8.413560 40 12.490796
3
0 2 40 6.766310 41 11.610214
1 2 47 16.094476 46 16.463488
2 2 40 12.062215 41 14.275704
3
0 2 40 2.722069 44 12.429455
1 2 46 1.729503 40 8.794473
2 2 41 18.654542 43 5.344789
3
0 2 45 10.869063 49 5.998181
1 2 48 9.813287 46 3.229995
2 2 46 9.714501 48 6.588573
3
0 2 45 15.196132 46 8.053926
1 2 49 17.046478 47 7.983574
2 2 48 11.667898 45 1.406194
3
0 2 45 5.367624 47 15.467737
1 2 48 5.840080 49 2.437004
2 2 47 19.525265 46 15.517418
3
0 2 45 12.327218 47 10.769455
1 2 47 14.920171 48 12.776004
2 2 46 13.383006 49 1.737548
3
0 2 45 11.468151 49 18.059760
1 2 45 1.431270 47 8.400029
2 2 45 14.936983 47 3.165687
3
0 2 49 19.752976 49 8.297504
1 2 49 2.254486 49 19.812512
2 2 49 6.576946 49 2.297460
3
0 2 49 4.855451 49 3.132682
1 2 49 17.902867 49 11.226147
2 2 49 7.561276 49 8.884622
3
0 2 49 3.235442 49 15.659443
1 2 49 3.716859 49 4.457483
2 2 49 6.619375 49 17.071433
3
0 2 49 13.038641 49 10.549979
1 2 49 19.804283 49 17.725022
2 2 49 9.101278 49 6.797083
0
