100 99
3
0 2 10 13.379793 88 7.560246
1 2 42 15.110324 61 12.998441
2 2 64 7.987433 50 8.163239
3
0 2 10 14.187157 51 16.035404
1 2 28 17.158716 98 15.660529
2 2 36 15.420079 43 19.251245
3
0 2 10 9.515809 53 4.866444
1 2 53 17.294828 80 5.982246
2 2 85 12.549603 52 13.202175
3
0 2 10 1.370042 99 11.489469
1 2 15 19.416403 68 11.020694
2 2 11 7.882712 13 19.446741
3
0 2 10 5.919770 70 16.249421
1 2 17 19.720395 34 19.521968
2 2 87 9.042281 13 8.648578
3
0 2 10 9.036304 52 9.505901
1 2 36 17.989823 59 5.253038
2 2 43 11.689930 72 3.643869
3
0 2 10 8.497972 40 4.052486
1 2 84 8.178332 68 10.178401
2 2 87 11.915093 59 5.953038
3
0 2 10 18.050734 86 2.848771
1 2 97 11.377067 64 7.987155
2 2 21 19.498962 26 10.559197
3
0 2 10 12.487064 82 14.297910
1 2 67 5.289196 58 1.010736
2 2 49 9.522840 60 2.586440
3
0 2 10 14.865033 77 8.144713
1 2 94 6.567761 18 2.299029
2 2 21 19.828495 93 10.355479
3
0 2 20 13.103911 73 19.613443
1 2 28 17.624417 99 14.203335
2 2 58 10.410977 83 16.961512
3
0 2 20 1.891072 40 12.077257
1 2 32 11.039007 30 6.442493
2 2 26 4.226488 68 8.682986
3
0 2 20 14.965637 35 13.645374
1 2 68 1.370400 86 6.605376
2 2 87 5.282814 92 3.236558
3
0 2 20 1.655770 61 4.934251
1 2 39 10.373109 20 11.194449
2 2 30 15.008604 25 12.926763
3
0 2 20 4.579453 85 14.739763
1 2 99 15.657585 51 2.013911
2 2 38 17.520384 87 3.393494
3
0 2 20 13.937691 84 4.419697
1 2 47 16.330646 45 19.118902
2 2 77 10.115890 52 15.286090
3
0 2 20 14.796228 93 11.716648
1 2 67 17.907027 92 10.824572
2 2 39 8.329367 45 14.087357
3
0 2 20 15.324059 51 10.839949
1 2 97 2.155764 57 15.803270
2 2 97 3.878444 74 12.881334
3
0 2 20 5.448526 72 9.824580
1 2 56 4.079528 32 10.402701
2 2 76 19.648209 20 19.228956
3
0 2 20 17.362465 50 3.392532
1 2 61 5.223691 33 18.907484
2 2 65 3.276025 48 6.655148
3
0 2 30 13.910181 34 9.248999
1 2 42 11.189110 88 18.026722
2 2 94 3.015984 71 1.268193
3
0 2 30 1.311662 45 15.965483
1 2 79 13.800541 44 19.525113
2 2 71 16.478867 32 13.233306
3
0 2 30 13.979801 52 17.713532
1 2 87 1.711021 84 10.691338
2 2 92 6.237556 87 5.026769
3
0 2 30 17.064201 80 9.327560
1 2 32 1.056559 57 5.917483
2 2 69 15.402129 70 3.522879
3
0 2 30 10.465720 75 17.905819
1 2 42 10.932631 71 2.498550
2 2 45 8.666064 42 19.106663
3
0 2 30 8.865007 45 11.844337
1 2 95 3.168849 34 17.469069
2 2 44 3.749613 63 9.581430
3
0 2 30 15.607249 32 11.930476
1 2 79 5.562178 46 1.289571
2 2 54 8.000399 92 10.654308
3
0 2 30 12.842327 66 14.594630
1 2 67 18.523444 33 4.333067
2 2 37 12.868627 84 17.631415
3
0 2 30 11.957258 60 4.917098
1 2 62 6.249275 41 19.304747
2 2 81 2.358781 75 6.662284
3
0 2 30 10.184298 65 13.830000
1 2 42 5.047371 40 9.096220
2 2 39 13.236803 54 6.067335
3
0 2 40 19.073912 66 2.306684
1 2 63 14.038595 93 13.195715
2 2 69 11.046928 41 11.604819
3
0 2 40 11.703906 53 9.806866
1 2 92 19.928578 45 18.960466
2 2 65 4.047911 80 8.189437
3
0 2 40 15.338373 90 14.296069
1 2 78 1.638511 89 2.494580
2 2 58 14.268626 71 13.930116
3
0 2 40 16.285640 67 15.108573
1 2 73 19.245236 83 10.942145
2 2 44 13.797471 89 16.427910
3
0 2 40 6.399787 96 7.804600
1 2 73 7.568864 82 6.842594
2 2 65 9.909006 67 4.229592
3
0 2 40 10.780182 96 11.452198
1 2 86 1.952826 65 17.211587
2 2 47 7.727419 53 12.325787
3
0 2 40 10.855330 80 2.070663
1 2 63 4.942127 69 6.527703
2 2 44 15.603695 45 15.097092
3
0 2 40 10.709709 53 9.536203
1 2 47 13.783741 45 2.944707
2 2 65 7.346157 51 6.677689
3
0 2 40 18.648996 45 4.349715
1 2 71 9.060857 82 10.652131
2 2 48 8.739252 63 6.654195
3
0 2 40 17.185896 51 7.685111
1 2 75 5.987240 94 14.081644
2 2 50 11.687012 95 17.297529
3
0 2 50 7.495763 87 3.103189
1 2 57 5.356564 64 19.311753
2 2 84 8.119862 76 10.146295
3
0 2 50 6.741181 95 9.036512
1 2 97 11.396727 55 2.674837
2 2 56 19.758837 63 8.149740
3
0 2 50 9.986308 92 2.730038
1 2 53 14.183653 77 19.527870
2 2 87 5.388211 78 7.312248
3
0 2 50 3.800550 87 6.300104
1 2 95 10.012272 50 10.249348
2 2 54 3.511325 69 1.588108
3
0 2 50 13.920895 80 12.473060
1 2 72 7.827491 82 17.547896
2 2 73 12.354810 79 2.801230
3
0 2 50 15.940532 78 13.671363
1 2 91 8.523824 74 6.097910
2 2 72 12.145810 95 14.966210
3
0 2 50 9.497232 76 1.494338
1 2 63 4.983434 84 18.935207
2 2 65 9.103196 95 14.183900
3
0 2 50 12.985838 79 1.079766
1 2 54 13.051200 63 10.591660
2 2 57 19.317713 68 8.009617
3
0 2 50 10.325843 93 16.766590
1 2 83 15.103696 70 16.776956
2 2 79 15.366455 87 5.843788
3
0 2 50 15.904041 53 6.779961
1 2 87 2.599594 56 8.525445
2 2 80 8.573504 86 6.160501
3
0 2 60 13.581689 63 5.400495
1 2 87 16.014263 89 16.916366
2 2 93 8.331556 96 4.907444
3
0 2 60 17.430728 73 13.858921
1 2 77 3.307021 83 7.129471
2 2 66 4.351099 87 2.661431
3
0 2 60 17.724910 67 9.614594
1 2 61 10.680080 87 12.334752
2 2 99 17.890822 88 5.726523
3
0 2 60 6.881047 95 8.629173
1 2 75 6.977267 90 3.189514
2 2 60 15.146827 79 14.730221
3
0 2 60 4.858632 69 6.382181
1 2 82 15.523084 76 8.935278
2 2 85 14.083377 80 6.843173
3
0 2 60 19.396587 66 18.599580
1 2 65 12.276123 88 19.879413
2 2 65 1.849697 64 4.317287
3
0 2 60 17.917726 61 13.264635
1 2 98 7.356663 84 17.533183
2 2 68 1.205875 67 2.923485
3
0 2 60 1.166319 61 9.810764
1 2 60 6.582503 75 3.683074
2 2 72 18.601655 61 12.945280
3
0 2 60 19.448016 63 5.649414
1 2 61 2.992181 92 19.249082
2 2 68 10.873204 99 11.190777
3
0 2 60 4.323417 93 2.354118
1 2 85 3.548756 71 11.594295
2 2 72 3.089103 83 6.955514
3
0 2 70 1.825157 92 18.031822
1 2 99 15.578474 80 12.346239
2 2 79 10.884570 96 15.412215
3
0 2 70 6.544628 95 13.415510
1 2 74 7.280773 81 16.524857
2 2 81 3.794623 89 9.379247
3
0 2 70 12.764001 84 15.038995
1 2 89 1.274189 74 13.387758
2 2 72 19.302676 99 16.841506
3
0 2 70 14.381763 77 3.680808
1 2 86 16.531384 72 14.600730
2 2 83 13.619596 85 4.080772
3
0 2 70 5.697684 84 8.502852
1 2 99 7.228344 91 13.496071
2 2 87 5.750607 93 6.166419
3
0 2 70 15.729598 71 18.713557
1 2 74 7.742351 76 5.615433
2 2 80 8.076848 87 5.354133
3
0 2 70 14.516436 87 17.121128
1 2 90 4.301849 99 7.054144
2 2 94 9.679291 73 7.208894
3
0 2 70 3.613539 90 10.026371
1 2 99 2.601022 80 7.137231
2 2 74 5.135635 91 9.815526
3
0 2 70 13.567615 78 9.160272
1 2 95 13.097685 79 6.797866
2 2 70 7.365313 98 18.626051
3
0 2 70 18.476001 79 8.074893
1 2 74 10.447787 77 2.646348
2 2 96 7.597948 82 8.027688
3
0 2 80 18.676590 87 9.330386
1 2 84 15.835643 83 10.327465
2 2 85 9.736379 92 3.698858
3
0 2 80 15.230848 86 7.549141
1 2 85 19.559893 90 14.345031
2 2 97 18.829589 87 13.098349
3
0 2 80 15.429289 95 3.482055
1 2 98 16.655809 91 4.083660
2 2 95 7.795221 91 19.238838
3
0 2 80 11.409798 99 8.474587
1 2 93 13.895368 98 4.357183
2 2 95 19.618435 91 15.157601
3
0 2 80 3.030840 89 8.508649
1 2 96 2.995597 80 3.703105
2 2 89 18.828992 88 12.557417
3
0 2 80 14.019991 97 14.153288
1 2 90 15.177438 89 6.527250
2 2 85 1.819026 94 3.901781
3
0 2 80 14.665004 96 18.499327
1 2 85 11.352056 80 15.390182
2 2 93 19.492917 84 3.262850
3
0 2 80 2.712562 98 17.492646
1 2 99 3.575625 84 18.490376
2 2 89 5.539744 92 15.492472
3
0 2 80 13.135699 84 7.066008
1 2 89 1.396699 97 14.177539
2 2 93 18.900937 99 13.653606
3
0 2 80 19.328865 89 7.138222
1 2 92 12.699375 88 16.953265
2 2 96 2.731582 80 12.985985
3
0 2 90 16.209334 93 2.206639
1 2 96 16.206622 95 13.674773
2 2 96 15.573321 93 18.873402
3
0 2 90 8.431738 97 6.911733
1 2 99 11.151653 94 7.656995
2 2 95 1.744175 90 19.342454
3
0 2 90 10.102363 97 18.374717
1 2 90 8.678788 91 15.708403
2 2 90 18.089534 91 19.977604
3
0 2 90 9.245463 92 10.279797
1 2 91 1.821581 97 7.349929
2 2 93 18.251269 92 1.921218
3
0 2 90 18.559298 95 11.842170
1 2 90 14.851356 94 13.288068
2 2 97 2.592077 90 9.673904
3
0 2 90 8.308878 99 19.425359
1 2 94 9.637543 97 15.199364
2 2 95 12.204598 92 2.372897
3
0 2 90 1.277356 95 6.139745
1 2 96 2.924434 90 4.445019
2 2 99 11.335805 92 5.739590
3
0 2 90 10.888219 95 17.102262
1 2 98 8.570425 92 4.127058
2 2 97 10.405329 99 14.127577
3
0 2 90 19.399484 96 7.977833
1 2 95 10.663708 91 12.490327
2 2 92 9.765606 95 18.019516
3
0 2 90 3.666654 92 3.517392
1 2 94 12.499810 95 11.582796
2 2 96 12.159083 99 3.828255
3
0 1 99 16.642053
1 1 99 11.782656
2 1 99 3.921755
3
0 1 99 5.313200
1 1 99 8.109692
2 1 99 4.025787
3
0 1 99 5.640576
1 1 99 9.932136
2 1 99 4.246766
3
0 1 99 2.495892
1 1 99 4.752093
2 1 99 7.163519
3
0 1 99 5.471635
1 1 99 2.710809
2 1 99 16.671200
3
0 1 99 12.176588
1 1 99 9.205768
2 1 99 1.665237
3
0 1 99 13.892999
1 1 99 15.767431
2 1 99 18.132069
3
0 1 99 14.258844
1 1 99 1.252501
2 1 99 13.445145
3
0 1 99 16.052081
1 1 99 14.222518
2 1 99 15.706516
0
