50 49
3
0 2 5 1.149214 14 11.815093
1 2 45 19.757218 43 10.748384
2 2 15 15.844480 10 12.251801
3
0 2 5 7.044955 21 3.165781
1 2 33 17.480521 49 16.102072
2 2 7 10.852762 29 2.004206
3
0 2 5 17.466916 41 10.753932
1 2 45 2.386583 11 9.186610
2 2 7 18.728853 36 8.900124
3
0 2 5 15.238656 9 8.402320
1 2 29 3.708413 15 15.103963
2 2 42 7.866402 47 9.014130
3
0 2 5 3.250946 23 19.475539
1 2 10 6.841842 22 15.162046
2 2 46 18.884007 7 4.764982
3
0 2 10 18.633772 43 3.285588
1 2 26 14.740918 42 2.550380
2 2 39 16.714239 32 19.047713
3
0 2 10 11.101868 42 14.683326
1 2 44 10.237712 11 2.362829
2 2 19 12.435941 11 12.221465
3
0 2 10 1.394010 35 5.261168
1 2 37 12.914904 48 1.351396
2 2 49 17.416266 17 13.116091
3
0 2 10 14.787524 24 3.394080
1 2 23 12.539117 48 17.480126
2 2 17 9.621519 26 6.310537
3
0 2 10 4.903085 49 12.483172
1 2 20 16.343315 24 3.615833
2 2 12 1.923240 29 11.446501
3
0 2 15 19.343929 27 11.401526
1 2 19 1.808110 28 6.026870
2 2 34 3.014855 28 15.206896
3
0 2 15 10.871388 37 13.394315
1 2 44 17.540906 33 13.650641
2 2 46 18.921416 19 6.418852
3
0 2 15 1.904654 44 16.300037
1 2 45 17.389743 49 16.021068
2 2 44 4.477309 37 10.575301
3
0 2 15 5.527948 43 8.745856
1 2 39 9.455268 21 10.067852
2 2 47 12.761739 28 16.474396
3
0 2 15 14.748519 23 9.377951
1 2 39 18.117083 26 16.781048
2 2 35 16.423158 39 5.811355
3
0 2 20 1.011270 38 13.197181
1 2 43 12.913213 21 5.318926
2 2 28 7.586169 45 13.480158
3
0 2 20 16.158801 32 9.457728
1 2 39 6.037990 32 14.726655
2 2 29 7.447559 48 10.691563
3
0 2 20 6.299802 49 6.784316
1 2 41 5.700300 29 18.200309
2 2 25 15.175119 20 17.272144
3
0 2 20 9.189269 39 10.953171
1 2 23 9.408216 29 1.031664
2 2 24 8.880403 39 5.783848
3
0 2 20 3.077639 46 4.744688
1 2 35 2.035751 44 6.579622
2 2 39 8.063597 49 10.338122
3
0 2 25 13.960914 32 15.818294
1 2 29 12.484455 30 7.271406
2 2 32 15.827384 42 6.946748
3
0 2 25 10.612565 42 12.975091
1 2 29 18.362809 46 6.131829
2 2 39 17.293565 27 11.257140
3
0 2 25 1.964325 28 1.127214
1 2 33 18.671017 26 7.672967
2 2 25 11.569621 36 10.457301
3
0 2 25 11.196658 32 9.725849
1 2 27 12.329401 49 8.497228
2 2 32 9.446277 27 9.886424
3
0 2 25 6.970157 37 2.721697
1 2 48 16.774489 49 12.899102
2 2 31 11.115741 29 8.450841
3
0 2 30 16.476667 43 19.800764
1 2 43 2.440200 36 5.308808
2 2 41 14.377361 32 8.570478
3
0 2 30 16.717104 31 9.432229
1 2 48 19.565162 34 18.428699
2 2 41 13.263723 39 10.327692
3
0 2 30 3.398323 33 4.791551
1 2 31 15.445126 45 16.152905
2 2 45 6.476185 39 13.419606
3
0 2 30 10.412627 48 16.442397
1 2 41 14.246270 47 12.343244
2 2 48 14.982807 38 9.955203
3
0 2 30 13.771420 47 15.243623
1 2 46 3.634790 34 2.849632
2 2 48 19.904230 37 7.912786
3
0 2 35 16.565958 39 14.025159
1 2 38 19.889504 49 6.519527
2 2 35 9.416168 44 3.724385
3
0 2 35 4.725226 45 18.393346
1 2 44 14.700367 49 19.222127
2 2 41 3.576341 42 4.929292
3
0 2 35 8.016277 45 10.981359
1 2 45 1.596587 35 16.517582
2 2 41 12.123241 43 4.740851
3
0 2 35 5.215714 40 9.595008
1 2 45 3.712819 36 1.489636
2 2 37 17.868349 49 1.276069
3
0 2 35 15.732911 41 6.954111
1 2 38 8.330079 39 13.249183
2 2 46 19.416555 40 8.755774
3
0 2 40 12.833340 48 10.483497
1 2 40 7.942391 47 13.828501
2 2 47 8.164371 44 7.586169
3
0 2 40 18.067470 44 10.965742
1 2 44 4.747406 47 18.937794
2 2 43 6.059004 44 5.406302
3
0 2 40 2.980797 42 3.371662
1 2 48 14.150871 40 15.953594
2 2 49 4.846501 42 12.865723
3
0 2 40 8.805422 48 1.728608
1 2 49 14.552507 41 16.321135
2 2 43 4.826700 47 16.227545
3
0 2 40 10.334602 43 17.610210
1 2 41 19.524645 47 4.942053
2 2 43 7.457497 46 10.904406
3
0 2 45 10.364235 47 13.006770
1 2 45 18.270047 48 17.698796
2 2 46 12.759986 49 8.035337
3
0 2 45 15.124305 48 9.907713
1 2 48 2.461217 45 1.424875
2 2 46 19.306717 49 14.559267
3
0 2 45 8.794063 48 5.448477
1 2 49 6.716633 47 10.587797
2 2 46 3.621716 49 5.014521
3
0 2 45 12.309980 48 6.962102
1 2 47 14.539788 48 17.105722
2 2 47 9.201315 48 9.499255
3
0 2 45 8.449920 49 8.132056
1 2 46 14.835775 48 19.229429
2 2 46 15.349481 49 6.908735
3
0 2 49 4.944915 49 19.156125
1 2 49 1.476027 49 7.140682
2 2 49 6.150423 49 5.916142
3
0 2 49 5.178968 49 10.850237
1 2 49 16.571655 49 13.273370
2 2 49 16.441657 49 17.675515
3
0 2 49 13.956796 49 15.825893
1 2 49 2.133328 49 6.324909
2 2 49 19.560037 49 12.848847
3
0 2 49 3.728011 49 16.987036
1 2 49 10.763556 49 13.926572
2 2 49 7.979057 49 12.631440
0
