20 19
3
0 2 5 8.471560 14 13.287492
1 2 17 18.824782 16 5.751032
2 2 12 18.642050 14 7.028635
3
0 2 5 18.709129 16 19.197721
1 2 19 8.535584 12 12.269339
2 2 6 15.226185 5 12.128332
3
0 2 5 14.064915 11 3.606320
1 2 12 10.965640 9 13.851185
2 2 12 13.543919 17 7.981612
3
0 2 5 11.306113 19 8.029985
1 2 17 11.005800 9 16.886484
2 2 10 3.622610 9 18.422655
3
0 2 5 2.726587 15 14.056012
1 2 13 16.658552 8 7.410322
2 2 5 13.875064 18 4.185512
3
0 2 10 16.820542 19 4.343383
1 2 14 9.607132 15 19.022094
2 2 18 11.599321 16 18.831092
3
0 2 10 1.004222 19 6.954109
1 2 17 16.544461 13 5.289549
2 2 14 7.265572 19 15.846662
3
0 2 10 1.246806 18 10.067236
1 2 13 3.177972 10 9.275892
2 2 19 4.519027 10 9.145199
3
0 2 10 5.233479 13 10.007460
1 2 14 5.907119 13 2.094890
2 2 16 16.904791 17 3.766423
3
0 2 10 10.579699 11 18.430722
1 2 13 11.820707 15 10.596503
2 2 19 17.440251 17 11.715791
3
0 2 15 6.049092 16 4.088188
1 2 15 1.575606 18 2.416186
2 2 16 15.274657 18 6.016652
3
0 2 15 5.620785 19 17.611436
1 2 17 16.164402 16 7.937797
2 2 19 3.310541 18 17.901102
3
0 2 15 19.878434 18 3.173527
1 2 18 4.515637 17 15.234928
2 2 15 11.802352 17 19.426614
3
0 2 15 15.536629 16 1.848548
1 2 18 7.799086 17 5.208713
2 2 16 7.722248 17 11.170341
3
0 2 15 5.106339 18 11.585726
1 2 16 1.892009 18 8.515844
2 2 19 12.576047 17 7.809753
3
0 1 19 14.937034
1 1 19 6.184129
2 1 19 14.390281
3
0 1 19 10.148087
1 1 19 15.015837
2 1 19 9.403359
3
0 1 19 13.243629
1 1 19 1.457508
2 1 19 8.819336
3
0 1 19 6.897167
1 1 19 18.849097
2 1 19 19.567008
0
