50 49
3
0 2 5 17.436275 45 16.502022
1 2 44 12.502873 38 19.010829
2 2 30 10.345746 31 8.874486
3
0 2 5 1.550617 39 7.702240
1 2 25 8.895243 17 7.590510
2 2 24 14.439204 21 13.595975
3
0 2 5 12.711700 24 15.644446
1 2 19 4.894116 8 5.419042
2 2 49 18.905354 10 2.864154
3
0 2 5 12.366896 37 16.575192
1 2 35 2.960509 15 3.268954
2 2 49 1.721472 5 14.162730
3
0 2 5 3.001608 43 5.561270
1 2 15 5.055759 34 19.047576
2 2 10 1.181789 18 18.106406
3
0 2 10 8.361537 23 5.473904
1 2 13 1.561519 33 10.800081
2 2 23 14.872510 27 15.586679
3
0 2 10 10.665540 16 17.367272
1 2 43 7.648656 30 5.394403
2 2 41 14.420593 37 10.511092
3
0 2 10 15.639682 26 11.785903
1 2 46 5.196927 32 2.372443
2 2 38 8.985201 41 2.306038
3
0 2 10 11.339735 43 11.591811
1 2 37 11.098850 26 19.998291
2 2 48 1.993378 34 9.263390
3
0 2 10 7.754365 44 16.650444
1 2 33 1.531687 21 17.672347
2 2 11 8.178694 49 14.666666
3
0 2 15 18.222793 39 1.244822
1 2 36 9.928601 40 3.989938
2 2 17 11.301111 28 8.423289
3
0 2 15 16.165202 49 12.855174
1 2 43 13.949193 28 11.543855
2 2 34 13.661817 47 15.631111
3
0 2 15 9.700401 33 9.034160
1 2 39 1.919236 19 13.943350
2 2 40 13.580971 16 15.168270
3
0 2 15 15.547894 21 9.887655
1 2 25 9.548038 29 12.858492
2 2 22 5.123285 38 19.622185
3
0 2 15 6.257833 32 1.900147
1 2 48 5.955398 39 17.829372
2 2 31 12.889670 36 7.234977
3
0 2 20 10.190194 22 10.040074
1 2 36 2.179592 30 2.515526
2 2 28 4.957582 42 19.156719
3
0 2 20 5.462373 29 6.227577
1 2 32 17.833107 36 13.554393
2 2 38 8.745588 45 2.667202
3
0 2 20 11.297425 22 17.917112
1 2 45 8.712439 43 7.627534
2 2 41 19.803421 32 6.140778
3
0 2 20 2.383692 42 15.097309
1 2 48 1.631953 36 2.182105
2 2 30 13.959396 33 15.887704
3
0 2 20 3.098544 38 6.683212
1 2 25 18.626646 24 15.408920
2 2 45 19.588908 31 7.526468
3
0 2 25 16.805818 40 15.110191
1 2 30 14.219590 32 11.899392
2 2 40 5.604339 34 7.433407
3
0 2 25 12.843728 28 4.811268
1 2 38 16.369936 33 4.547709
2 2 30 10.798987 28 7.053386
3
0 2 25 19.992550 33 11.167456
1 2 33 10.025633 40 3.018075
2 2 45 5.282844 28 5.077432
3
0 2 25 8.587567 49 19.939835
1 2 45 17.243698 36 1.076773
2 2 26 19.481758 42 19.333635
3
0 2 25 1.100371 30 18.080097
1 2 38 6.856355 36 4.464584
2 2 43 15.628761 26 4.518309
3
0 2 30 8.664872 47 7.480952
1 2 35 15.700063 46 5.408636
2 2 42 14.420453 48 15.440401
3
0 2 30 14.703825 32 10.985753
1 2 45 15.175483 47 12.251007
2 2 33 1.166143 35 8.448345
3
0 2 30 5.212838 34 6.697113
1 2 47 11.107995 49 18.870364
2 2 32 15.153581 37 1.622200
3
0 2 30 4.365165 49 9.362040
1 2 40 11.026912 41 11.454907
2 2 46 15.825605 34 14.412655
3
0 2 30 12.467207 37 11.637935
1 2 42 1.405645 30 7.156160
2 2 39 12.199061 34 14.252007
3
0 2 35 14.693512 36 15.853946
1 2 49 16.404825 46 14.135368
2 2 40 16.031427 44 11.791094
3
0 2 35 14.011610 47 18.637989
1 2 46 11.381908 35 13.794757
2 2 43 17.897547 39 15.947065
3
0 2 35 10.881070 46 7.783059
1 2 35 6.552762 36 5.701985
2 2 42 18.810972 43 12.414002
3
0 2 35 8.160680 47 3.894668
1 2 45 2.598505 47 17.506179
2 2 49 1.869973 46 10.562506
3
0 2 35 4.957268 48 16.058871
1 2 39 4.203322 44 6.622534
2 2 38 2.576965 46 5.390315
3
0 2 40 5.324076 48 19.355883
1 2 41 4.396160 46 12.081803
2 2 40 10.884623 42 14.873420
3
0 2 40 15.485694 42 16.769259
1 2 45 5.720477 41 9.312421
2 2 48 3.100279 45 7.878302
3
0 2 40 9.028801 46 10.784847
1 2 41 5.043071 46 18.116149
2 2 40 6.558195 43 5.323068
3
0 2 40 18.150543 44 7.760367
1 2 45 17.970152 40 19.437449
2 2 45 18.438431 48 14.340442
3
0 2 40 10.378952 47 13.791483
1 2 40 4.838975 48 19.271177
2 2 44 11.031043 40 13.094205
3
0 2 45 12.141315 48 9.367501
1 2 47 19.221052 45 18.499183
2 2 45 9.581685 47 1.167147
3
0 2 45 8.787126 49 18.391519
1 2 47 3.747938 48 7.644526
2 2 46 9.561100 48 13.790944
3
0 2 45 6.446750 49 16.968011
1 2 45 6.266458 47 10.541704
2 2 47 8.602488 46 8.580988
3
0 2 45 1.685545 46 12.477036
1 2 47 7.207134 48 9.396087
2 2 48 7.300632 46 7.935017
3
0 2 45 6.873934 47 17.035484
1 2 48 10.075110 47 3.343989
2 2 46 10.461722 47 17.711068
3
0 2 49 9.920678 49 16.058690
1 2 49 17.151158 49 17.510073
2 2 49 16.913111 49 18.181433
3
0 2 49 12.788663 49 7.426914
1 2 49 14.656367 49 1.736603
2 2 49 16.677567 49 8.023789
3
0 2 49 13.112535 49 17.895020
1 2 49 3.112613 49 16.699464
2 2 49 12.871976 49 1.861896
3
0 2 49 19.091173 49 12.492854
1 2 49 8.262287 49 11.290379
2 2 49 2.877697 49 14.130325
0
