200 199
3
0 2 20 4.899889 117 17.687986
1 2 89 18.617949 64 17.254327
2 2 65 19.610481 47 4.415248
3
0 2 20 10.315064 72 13.424004
1 2 78 18.998037 83 8.892011
2 2 114 6.211881 134 18.541596
3
0 2 20 18.768572 37 15.010271
1 2 199 2.917316 61 10.827890
2 2 150 12.321403 121 6.852019
3
0 2 20 19.691662 129 4.108153
1 2 114 3.696043 45 19.832526
2 2 78 7.414647 146 2.172156
3
0 2 20 15.195707 198 13.682416
1 2 160 2.316772 58 7.366469
2 2 180 9.397946 50 9.329494
3
0 2 20 2.824446 132 12.121879
1 2 41 19.548662 180 16.402646
2 2 116 5.427675 22 12.564341
3
0 2 20 12.508475 151 7.053807
1 2 187 3.719310 168 12.320322
2 2 44 12.905332 103 14.993670
3
0 2 20 2.402250 134 10.064228
1 2 135 10.794395 31 13.215481
2 2 87 11.486524 135 10.709654
3
0 2 20 17.502674 43 7.839226
1 2 165 15.593884 74 2.718990
2 2 157 18.430571 150 18.076025
3
0 2 20 16.053329 126 16.456855
1 2 64 3.565469 36 6.155839
2 2 165 6.668390 171 13.363362
3
0 2 20 7.977230 21 5.779043
1 2 34 6.557883 180 6.957440
2 2 191 11.429263 30 10.374326
3
0 2 20 17.264363 79 3.908041
1 2 61 16.994784 24 19.234235
2 2 39 3.024082 78 14.567922
3
0 2 20 17.151146 57 10.806126
1 2 117 16.847211 189 17.000980
2 2 93 1.566097 75 3.842553
3
0 2 20 14.143901 27 17.089725
1 2 21 5.223292 62 10.125484
2 2 84 1.543564 35 9.325167
3
0 2 20 6.772033 174 15.112684
1 2 183 6.502802 145 3.439855
2 2 59 15.630107 25 15.963480
3
0 2 20 14.322535 59 16.574989
1 2 29 12.383651 165 9.469903
2 2 149 10.247653 179 19.035348
3
0 2 20 7.755428 41 10.930991
1 2 139 10.763744 86 6.462913
2 2 87 18.834432 86 10.128832
3
0 2 20 19.660899 166 11.404470
1 2 136 15.476011 186 16.565870
2 2 194 6.180876 170 2.488741
3
0 2 20 1.471933 160 19.946509
1 2 148 19.286530 138 16.506670
2 2 116 19.015648 192 4.691423
3
0 2 20 16.768551 22 2.405960
1 2 43 18.351677 177 6.834949
2 2 108 13.873126 175 10.299956
3
0 2 40 5.165684 113 15.646396
1 2 40 16.834232 150 10.095409
2 2 101 5.432633 130 17.035365
3
0 2 40 17.171213 113 10.992109
1 2 184 14.568368 76 7.527131
2 2 167 13.948607 87 7.372912
3
0 2 40 18.424103 42 4.742010
1 2 137 11.105165 155 7.372208
2 2 113 4.628884 199 12.370845
3
0 2 40 5.278679 175 18.006484
1 2 108 3.611581 137 9.356301
2 2 55 6.503710 165 18.588761
3
0 2 40 14.893193 133 11.083853
1 2 48 10.780835 46 5.870829
2 2 58 17.267979 99 10.496445
3
0 2 40 17.837449 154 6.284134
1 2 186 7.112693 171 6.641200
2 2 46 1.592253 182 7.001187
3
0 2 40 16.380710 119 9.728713
1 2 179 2.863501 192 18.783677
2 2 196 16.086697 175 17.573944
3
0 2 40 18.561485 138 7.612902
1 2 64 2.800787 180 1.786385
2 2 55 15.350169 133 14.856085
3
0 2 40 3.168507 76 13.842879
1 2 84 10.872369 163 19.133058
2 2 157 8.425361 78 15.778351
3
0 2 40 1.449498 186 8.151574
1 2 130 12.822185 113 7.186054
2 2 154 14.631696 114 12.972919
3
0 2 40 18.287894 109 17.759780
1 2 83 5.492989 44 1.890089
2 2 144 17.648116 108 2.120742
3
0 2 40 5.098651 195 4.180368
1 2 53 8.150369 186 9.580941
2 2 134 7.993710 144 19.030858
3
0 2 40 17.322540 195 6.396835
1 2 82 15.658998 48 5.098276
2 2 160 17.646153 91 19.998229
3
0 2 40 8.828367 87 16.633689
1 2 51 4.863305 180 17.796089
2 2 119 17.238423 56 3.091933
3
0 2 40 14.052059 77 18.188204
1 2 171 8.152438 68 19.752952
2 2 151 3.082223 189 17.279088
3
0 2 40 10.914501 144 14.116513
1 2 178 18.892566 183 12.529078
2 2 67 12.103429 105 4.597481
3
0 2 40 16.856700 47 7.417564
1 2 146 16.928206 78 13.801423
2 2 165 1.934714 43 16.001808
3
0 2 40 19.537942 95 6.254547
1 2 126 19.888407 196 10.051248
2 2 195 8.986217 196 19.975912
3
0 2 40 8.292897 70 12.145659
1 2 93 16.558909 90 18.786042
2 2 75 17.580909 143 2.986225
3
0 2 40 17.862708 110 14.713777
1 2 187 5.781378 61 4.266412
2 2 143 3.429239 158 8.082272
3
0 2 60 14.462954 76 5.156233
1 2 79 5.819162 102 3.482005
2 2 119 15.792724 145 16.846108
3
0 2 60 15.513874 181 1.457871
1 2 169 16.230615 175 10.388723
2 2 116 10.964132 173 3.657798
3
0 2 60 16.740346 164 9.818684
1 2 195 5.503522 150 15.343183
2 2 92 16.972027 111 16.361489
3
0 2 60 19.096607 72 1.059399
1 2 159 3.594760 70 8.662139
2 2 67 10.524850 118 7.573950
3
0 2 60 7.739889 95 15.812078
1 2 133 6.294289 158 9.502590
2 2 73 16.570256 116 6.128342
3
0 2 60 1.383191 65 14.228479
1 2 191 7.974206 87 4.673273
2 2 85 19.692957 143 8.907641
3
0 2 60 18.225305 80 7.418673
1 2 79 17.095887 113 5.824941
2 2 79 7.174260 126 11.772297
3
0 2 60 12.309875 61 15.823348
1 2 181 10.045773 99 7.256588
2 2 74 3.552504 156 4.181061
3
0 2 60 12.277858 137 17.005674
1 2 130 13.471183 114 6.658490
2 2 166 5.131600 187 5.583785
3
0 2 60 19.641521 124 11.305561
1 2 144 7.266942 156 14.941568
2 2 82 1.780541 105 19.087606
3
0 2 60 4.430330 113 18.510819
1 2 92 1.345723 78 2.529333
2 2 174 18.716674 120 9.372783
3
0 2 60 16.896011 80 14.417573
1 2 92 5.248224 199 2.652658
2 2 109 13.475509 82 15.567406
3
0 2 60 2.962229 169 11.409525
1 2 171 7.853704 78 2.645955
2 2 93 12.707013 67 9.889865
3
0 2 60 2.021971 125 17.804420
1 2 96 8.840752 88 6.526341
2 2 113 10.944275 88 14.554004
3
0 2 60 13.877052 154 12.257401
1 2 129 5.294331 64 7.149650
2 2 101 12.855087 86 17.497721
3
0 2 60 3.500895 127 4.030647
1 2 97 13.955052 193 9.721190
2 2 199 15.565820 139 9.297986
3
0 2 60 4.574824 103 5.187203
1 2 134 5.767212 100 18.139919
2 2 172 15.906581 129 13.646056
3
0 2 60 8.582232 110 10.288741
1 2 94 13.981822 89 10.688471
2 2 154 9.259127 164 3.324836
3
0 2 60 1.337362 158 15.886208
1 2 175 18.049521 84 7.001619
2 2 173 11.834255 82 19.334549
3
0 2 60 11.542063 81 14.370761
1 2 131 13.536160 126 15.373468
2 2 104 19.337848 67 4.234810
3
0 2 80 19.843670 188 4.649789
1 2 165 1.963286 188 9.602244
2 2 167 8.014151 191 5.348671
3
0 2 80 9.899329 187 6.657255
1 2 199 7.112810 123 7.110806
2 2 101 17.752500 110 15.822876
3
0 2 80 15.183885 148 18.400622
1 2 138 16.540406 160 5.380201
2 2 195 12.710702 168 12.356237
3
0 2 80 11.289396 181 9.603425
1 2 156 10.489140 169 8.269160
2 2 116 9.921797 149 2.356805
3
0 2 80 19.400043 155 5.471254
1 2 87 8.825577 193 19.989376
2 2 94 3.028730 198 5.415581
3
0 2 80 10.852141 152 4.504975
1 2 192 6.871207 89 6.736912
2 2 117 14.344783 144 5.590721
3
0 2 80 7.151399 132 14.686895
1 2 137 11.862035 80 4.808245
2 2 125 4.973298 154 17.727373
3
0 2 80 3.932589 92 3.253382
1 2 97 14.380285 141 8.916993
2 2 141 13.326385 149 5.165896
3
0 2 80 13.066974 139 2.215521
1 2 161 15.362606 197 12.745477
2 2 166 11.802454 116 16.444936
3
0 2 80 4.737668 131 12.676700
1 2 196 16.938945 112 9.854399
2 2 148 9.802997 137 5.340035
3
0 2 80 12.543006 194 15.718458
1 2 120 14.404386 153 19.614693
2 2 103 14.886591 115 12.324744
3
0 2 80 10.294605 95 18.881234
1 2 168 3.586648 91 14.367438
2 2 149 1.225940 193 8.629902
3
0 2 80 3.590776 124 10.591108
1 2 130 14.189928 155 5.106815
2 2 176 9.411935 117 7.524121
3
0 2 80 5.535660 111 12.457795
1 2 165 1.353167 136 13.027749
2 2 113 12.655103 180 2.830497
3
0 2 80 11.586298 85 10.360120
1 2 128 4.216500 129 1.019232
2 2 182 7.441704 155 4.071618
3
0 2 80 8.100275 106 10.563572
1 2 104 10.585227 144 2.623185
2 2 140 17.193983 150 12.622334
3
0 2 80 13.665260 165 13.086948
1 2 151 4.872020 193 17.466413
2 2 87 7.766799 99 16.966846
3
0 2 80 10.517340 130 2.069530
1 2 81 5.125919 189 5.268336
2 2 184 5.862620 91 11.344504
3
0 2 80 14.634613 148 15.933138
1 2 117 6.515694 150 10.889758
2 2 98 1.916214 137 10.591674
3
0 2 80 13.128439 177 17.948428
1 2 135 19.639717 180 8.612494
2 2 88 6.876774 93 5.276587
3
0 2 100 5.363329 156 18.904599
1 2 183 10.860771 181 13.117595
2 2 147 2.886147 123 4.541160
3
0 2 100 6.169484 137 13.708172
1 2 115 6.233519 154 10.789532
2 2 119 16.931199 125 18.085670
3
0 2 100 1.238645 193 13.061638
1 2 147 2.231463 114 9.400810
2 2 163 7.406730 125 9.150344
3
0 2 100 5.973182 182 2.027269
1 2 189 3.170112 119 8.937049
2 2 155 6.211142 164 2.311456
3
0 2 100 16.539001 173 17.608115
1 2 134 11.779868 174 10.478568
2 2 196 2.970343 154 11.817879
3
0 2 100 6.506592 138 17.011715
1 2 180 2.485330 129 11.405457
2 2 177 12.465398 165 17.893871
3
0 2 100 19.204496 152 5.345315
1 2 102 7.949055 155 15.893111
2 2 151 9.840227 150 17.631602
3
0 2 100 9.007225 198 15.937120
1 2 105 2.458342 158 12.522737
2 2 187 13.585156 146 1.944163
3
0 2 100 3.829782 174 17.705349
1 2 100 11.472260 102 6.952877
2 2 119 3.542062 158 4.579531
3
0 2 100 8.928965 111 18.154245
1 2 152 14.244320 108 18.333651
2 2 159 3.206806 192 1.502573
3
0 2 100 17.952387 138 12.339942
1 2 128 9.202072 189 17.615660
2 2 169 5.523770 165 4.577436
3
0 2 100 5.191439 168 2.125090
1 2 175 10.193682 171 8.554245
2 2 155 1.877717 144 17.375712
3
0 2 100 1.541042 106 3.026967
1 2 192 16.153485 177 5.163091
2 2 181 8.840345 175 6.348437
3
0 2 100 17.163040 126 18.989571
1 2 111 3.440873 189 4.967338
2 2 169 19.733423 108 6.568729
3
0 2 100 19.728841 180 4.686077
1 2 132 9.497524 174 8.440102
2 2 199 12.460551 184 5.518968
3
0 2 100 14.178529 143 1.519317
1 2 104 1.140891 174 6.061928
2 2 108 11.619826 113 11.030747
3
0 2 100 6.685954 184 10.539913
1 2 131 9.387396 105 18.485275
2 2 145 11.719552 168 4.821120
3
0 2 100 9.142593 187 9.308389
1 2 199 5.081549 190 17.025901
2 2 119 6.355075 143 16.497987
3
0 2 100 7.480457 151 9.314875
1 2 170 19.116377 169 4.619168
2 2 199 7.254694 173 18.058806
3
0 2 100 4.198999 131 12.503434
1 2 134 16.032826 176 5.169415
2 2 125 5.658766 124 4.326000
3
0 2 120 17.884748 159 11.966029
1 2 178 18.975475 144 4.985523
2 2 145 19.299676 175 2.586600
3
0 2 120 8.130479 153 3.988510
1 2 135 19.768870 157 9.186389
2 2 144 11.869858 129 13.482361
3
0 2 120 16.721157 134 5.984867
1 2 127 17.478305 159 4.409339
2 2 165 17.996931 179 19.490696
3
0 2 120 15.736329 185 9.995703
1 2 128 7.671201 120 19.608881
2 2 185 18.939314 147 11.097720
3
0 2 120 4.811505 180 5.024084
1 2 188 10.961633 177 1.759526
2 2 188 2.764706 169 13.874688
3
0 2 120 10.656787 151 11.934456
1 2 198 11.125532 155 9.888727
2 2 173 18.791755 156 7.732905
3
0 2 120 2.764792 132 7.856764
1 2 172 14.035319 146 15.875171
2 2 186 4.837666 121 14.133463
3
0 2 120 6.356779 138 16.444628
1 2 123 7.131723 133 13.512669
2 2 179 3.537526 195 9.775506
3
0 2 120 15.696840 121 5.607605
1 2 195 18.152666 140 6.326260
2 2 133 1.083859 175 15.436001
3
0 2 120 2.566152 191 6.433814
1 2 142 7.193643 128 16.934210
2 2 194 16.829299 196 15.009854
3
0 2 120 15.156206 147 18.123051
1 2 171 18.765968 122 19.192357
2 2 120 2.787935 130 1.514118
3
0 2 120 13.482195 147 13.489692
1 2 160 14.887098 147 6.282764
2 2 170 16.417950 168 14.535237
3
0 2 120 12.782891 171 1.181150
1 2 148 15.607065 184 10.936211
2 2 147 16.783698 194 8.973396
3
0 2 120 6.828182 185 18.937479
1 2 185 11.388068 148 9.619937
2 2 167 9.905914 166 19.596807
3
0 2 120 8.065385 142 10.694318
1 2 195 14.049575 139 17.298113
2 2 169 15.129975 147 1.775812
3
0 2 120 6.370527 149 5.720418
1 2 198 14.490288 176 19.437841
2 2 127 16.982001 188 2.460597
3
0 2 120 3.986262 172 1.731108
1 2 182 8.103464 191 4.969257
2 2 138 2.115646 151 11.332211
3
0 2 120 7.181971 133 13.038569
1 2 120 11.675135 137 14.493905
2 2 197 19.596389 199 10.493139
3
0 2 120 15.296899 184 17.025854
1 2 178 13.646463 182 15.257682
2 2 120 7.498653 192 1.406329
3
0 2 120 15.672128 196 1.231069
1 2 161 15.836325 197 9.229566
2 2 195 6.909280 155 14.273650
3
0 2 140 5.334117 175 4.093313
1 2 161 6.494629 149 6.791033
2 2 169 17.544027 148 2.116095
3
0 2 140 14.636149 175 19.696125
1 2 157 5.235933 164 19.087177
2 2 189 1.961421 199 15.541669
3
0 2 140 14.332063 168 4.233774
1 2 153 4.850684 166 11.574589
2 2 194 2.615247 171 17.420776
3
0 2 140 12.737382 153 9.331595
1 2 181 13.844247 187 13.113944
2 2 171 10.636665 166 19.049165
3
0 2 140 17.753190 152 7.430094
1 2 157 3.137689 174 2.810887
2 2 184 1.659328 145 6.512623
3
0 2 140 7.774308 189 7.737853
1 2 151 15.348894 169 14.367314
2 2 156 19.115793 185 19.617563
3
0 2 140 3.483012 196 9.804805
1 2 165 8.340174 154 5.368153
2 2 166 8.734486 172 7.596979
3
0 2 140 14.025970 195 18.575864
1 2 190 5.885518 185 19.573981
2 2 167 15.513035 152 16.251193
3
0 2 140 11.756970 194 8.340666
1 2 198 6.279272 153 7.996435
2 2 163 19.849456 158 7.125648
3
0 2 140 14.226794 175 1.342879
1 2 189 17.282284 147 9.353770
2 2 170 6.900527 180 15.667311
3
0 2 140 3.582841 159 15.189997
1 2 183 14.982484 168 6.498647
2 2 186 19.885074 183 19.016974
3
0 2 140 1.509956 178 6.996836
1 2 194 10.679450 161 12.542972
2 2 147 4.605807 196 11.910079
3
0 2 140 7.630847 199 6.187620
1 2 179 9.792173 178 19.724021
2 2 145 8.916784 184 10.385294
3
0 2 140 4.733982 166 7.910919
1 2 187 3.561340 191 8.320812
2 2 175 13.457206 160 3.783042
3
0 2 140 12.914365 165 12.080612
1 2 163 13.872138 170 18.099281
2 2 199 17.335964 158 6.086562
3
0 2 140 14.285495 173 14.906428
1 2 178 15.295296 146 18.506678
2 2 173 14.738756 177 19.011529
3
0 2 140 8.304615 193 4.916222
1 2 146 19.934672 180 13.223317
2 2 147 11.997610 182 10.684093
3
0 2 140 12.217624 186 16.932157
1 2 185 12.259785 193 17.279324
2 2 149 10.304405 163 17.300066
3
0 2 140 8.210329 175 9.256422
1 2 162 16.451250 174 8.938639
2 2 153 18.297941 165 7.834824
3
0 2 140 6.152603 157 2.904025
1 2 146 19.905313 195 1.326390
2 2 168 15.751661 191 8.256923
3
0 2 160 3.063087 179 4.049302
1 2 191 3.423569 180 4.442108
2 2 194 11.794160 197 15.370632
3
0 2 160 11.760265 173 2.683072
1 2 169 8.426160 163 5.726095
2 2 192 16.587922 162 10.825920
3
0 2 160 18.649126 162 5.830713
1 2 168 16.920130 194 6.898811
2 2 174 15.221425 195 17.247688
3
0 2 160 11.386232 163 4.677143
1 2 197 6.736688 169 17.612815
2 2 171 2.606913 181 4.268631
3
0 2 160 11.868080 181 7.150847
1 2 187 9.894461 185 1.427902
2 2 179 12.942363 184 4.815696
3
0 2 160 6.290981 184 12.412537
1 2 187 9.075870 198 19.441969
2 2 198 2.418661 167 12.621971
3
0 2 160 3.955811 194 10.647395
1 2 183 19.381515 176 4.270685
2 2 191 1.705342 196 19.203603
3
0 2 160 11.568217 170 12.390412
1 2 175 17.733646 183 15.650263
2 2 179 19.298730 193 11.472462
3
0 2 160 3.928490 197 2.479576
1 2 188 17.754852 196 6.618655
2 2 176 6.263314 188 17.182719
3
0 2 160 9.507067 170 18.947580
1 2 162 19.157479 173 3.969650
2 2 188 15.441780 192 9.793942
3
0 2 160 11.947593 170 4.501024
1 2 183 7.682591 192 5.388392
2 2 192 8.285592 167 5.947587
3
0 2 160 6.988599 168 7.289007
1 2 196 12.602903 164 8.362967
2 2 189 9.530253 172 12.151597
3
0 2 160 13.383646 183 18.512852
1 2 173 16.329001 174 18.889923
2 2 166 10.506681 199 1.140733
3
0 2 160 17.430494 188 7.852875
1 2 168 19.748499 167 12.028758
2 2 164 4.350471 184 8.801736
3
0 2 160 16.054389 190 1.721620
1 2 194 15.462079 183 2.445829
2 2 195 13.539747 166 1.122777
3
0 2 160 11.272083 165 11.359569
1 2 164 12.764875 180 10.460337
2 2 181 7.494131 187 10.833182
3
0 2 160 3.932749 183 13.027701
1 2 181 2.780984 164 5.656505
2 2 165 19.197282 173 11.898248
3
0 2 160 12.447917 177 9.761636
1 2 174 12.359668 192 6.475283
2 2 171 17.742339 173 5.939409
3
0 2 160 13.340299 170 13.216759
1 2 169 16.586202 180 16.354490
2 2 191 3.526521 171 12.719923
3
0 2 160 11.193799 194 14.476711
1 2 161 8.513844 175 15.148220
2 2 182 13.484796 167 18.607825
3
0 2 180 5.967296 198 12.549481
1 2 181 4.514823 192 10.247193
2 2 188 3.750027 199 12.420463
3
0 2 180 16.370282 196 4.805244
1 2 197 13.101206 192 19.230012
2 2 183 3.726668 188 5.079830
3
0 2 180 14.310406 184 4.077298
1 2 185 4.913113 180 17.804780
2 2 189 2.732184 185 7.367848
3
0 2 180 12.516846 199 14.637378
1 2 198 8.896205 192 2.236775
2 2 181 2.301355 198 10.481621
3
0 2 180 17.586789 197 9.600154
1 2 188 10.178309 182 14.419556
2 2 187 14.808351 195 12.086857
3
0 2 180 13.526122 199 6.042271
1 2 196 1.209404 193 11.544329
2 2 190 17.365430 191 9.997220
3
0 2 180 14.143074 189 5.245178
1 2 186 6.703283 189 7.966601
2 2 197 7.952279 183 11.694923
3
0 2 180 18.854427 185 10.486483
1 2 183 1.858157 192 18.147797
2 2 188 11.419446 181 13.287692
3
0 2 180 18.805852 186 19.072790
1 2 197 16.206741 184 16.297916
2 2 196 3.349740 193 13.414414
3
0 2 180 1.447039 183 8.062838
1 2 185 14.126756 196 13.770282
2 2 193 17.850443 194 11.771915
3
0 2 180 16.016572 190 5.195431
1 2 186 19.862460 191 7.950299
2 2 180 19.803675 189 7.448637
3
0 2 180 10.971531 196 12.222501
1 2 184 3.332901 195 11.759095
2 2 199 8.067113 193 9.581843
3
0 2 180 2.109119 191 16.340545
1 2 184 1.040888 180 16.561013
2 2 182 17.311273 187 7.843273
3
0 2 180 4.169995 194 10.834734
1 2 188 3.394036 193 13.838186
2 2 190 11.762077 193 17.254544
3
0 2 180 10.735221 189 15.763308
1 2 180 13.817119 196 11.381716
2 2 182 7.876451 192 18.726500
3
0 2 180 17.180034 188 11.790252
1 2 193 14.158897 192 16.445579
2 2 189 12.669195 183 10.918619
3
0 2 180 1.509321 196 14.118368
1 2 181 1.063085 197 2.825743
2 2 181 1.004995 180 11.101933
3
0 2 180 11.873726 188 11.805877
1 2 185 18.915355 181 19.921791
2 2 194 8.906519 187 5.196100
3
0 2 180 8.228616 184 10.379918
1 2 181 12.234209 182 8.868446
2 2 193 11.586239 184 16.802979
3
0 2 180 7.060065 187 14.293750
1 2 180 13.198502 183 15.683445
2 2 180 11.724573 181 5.406680
3
0 2 199 14.557308 199 15.868552
1 2 199 4.496073 199 17.965450
2 2 199 12.945608 199 15.453207
3
0 2 199 16.694394 199 3.220273
1 2 199 9.225695 199 15.648535
2 2 199 3.771341 199 6.542995
3
0 2 199 1.397580 199 3.574310
1 2 199 16.192916 199 16.083444
2 2 199 16.893002 199 7.132918
3
0 2 199 9.044403 199 19.995585
1 2 199 4.989019 199 7.156111
2 2 199 4.306270 199 13.762482
3
0 2 199 12.881416 199 1.050519
1 2 199 10.225302 199 12.284598
2 2 199 18.787480 199 13.410399
3
0 2 199 7.284798 199 7.388025
1 2 199 16.575130 199 7.510926
2 2 199 6.659702 199 17.023905
3
0 2 199 5.354916 199 8.469184
1 2 199 12.786640 199 18.538795
2 2 199 2.745144 199 14.747867
3
0 2 199 5.908104 199 15.015004
1 2 199 17.124165 199 2.517000
2 2 199 10.297805 199 12.299498
3
0 2 199 7.877535 199 15.901723
1 2 199 3.577565 199 13.538077
2 2 199 10.824205 199 17.387467
3
0 2 199 5.203385 199 9.572877
1 2 199 14.722767 199 5.993415
2 2 199 5.201278 199 4.538980
3
0 2 199 14.791303 199 11.454847
1 2 199 8.909042 199 14.463128
2 2 199 12.926268 199 17.287295
3
0 2 199 8.817603 199 9.599684
1 2 199 7.193249 199 18.254125
2 2 199 19.124740 199 5.301850
3
0 2 199 17.243725 199 16.493646
1 2 199 10.803799 199 17.471853
2 2 199 12.234658 199 5.289239
3
0 2 199 12.281373 199 4.011212
1 2 199 1.787221 199 15.663658
2 2 199 12.289908 199 13.235022
3
0 2 199 15.659736 199 11.791164
1 2 199 1.797186 199 8.121980
2 2 199 15.758498 199 1.350409
3
0 2 199 17.510936 199 19.013390
1 2 199 15.440237 199 15.058169
2 2 199 8.027548 199 10.573336
3
0 2 199 3.749841 199 4.538769
1 2 199 6.064456 199 1.156299
2 2 199 16.677233 199 4.839540
3
0 2 199 4.796984 199 11.568723
1 2 199 17.909788 199 13.996327
2 2 199 14.074263 199 18.532959
3
0 2 199 13.967304 199 15.744219
1 2 199 12.861528 199 8.085530
2 2 199 9.149323 199 11.880628
0
