200 199
3
0 2 20 14.885130 145 18.437491
1 2 76 16.879305 164 3.415121
2 2 121 13.450877 113 11.775902
3
0 2 20 1.621841 175 10.168997
1 2 38 8.421631 187 16.357165
2 2 49 15.262542 22 15.428472
3
0 2 20 10.743134 29 19.878350
1 2 45 14.715120 67 12.916395
2 2 91 16.177521 37 15.789721
3
0 2 20 13.706375 56 13.912400
1 2 33 18.195811 94 7.152969
2 2 110 8.216110 105 2.446318
3
0 2 20 13.465440 147 6.120272
1 2 119 3.974624 108 2.426083
2 2 181 8.366234 139 10.769967
3
0 2 20 4.931930 141 9.370581
1 2 170 13.512989 92 17.409868
2 2 102 14.238230 89 2.418531
3
0 2 20 5.780509 58 16.358851
1 2 80 6.743514 56 18.293482
2 2 100 3.071130 45 10.511029
3
0 2 20 15.549246 111 18.116155
1 2 116 10.952901 118 14.655943
2 2 158 16.309000 142 5.193286
3
0 2 20 15.095156 107 10.887673
1 2 185 15.669591 114 14.034433
2 2 40 7.828700 98 13.775124
3
0 2 20 15.194101 39 10.545406
1 2 140 9.114125 148 13.080760
2 2 103 19.759378 174 1.042793
3
0 2 20 13.334274 125 16.737153
1 2 160 5.254472 149 1.946013
2 2 40 10.339276 131 15.843492
3
0 2 20 11.131690 134 2.741729
1 2 102 5.371182 190 17.840045
2 2 86 15.595110 32 11.218236
3
0 2 20 11.799679 143 10.708260
1 2 135 9.324183 52 19.468987
2 2 119 19.736156 70 3.951351
3
0 2 20 19.940834 126 7.255037
1 2 115 15.824702 132 5.896151
2 2 120 7.306746 145 8.718060
3
0 2 20 17.751332 89 18.265944
1 2 42 12.716747 156 10.187377
2 2 139 4.299563 50 12.036525
3
0 2 20 12.240119 53 17.358587
1 2 190 3.451157 159 2.488783
2 2 91 7.840908 96 11.680807
3
0 2 20 10.707052 114 8.779951
1 2 177 4.574358 113 3.119823
2 2 123 18.983368 58 10.274178
3
0 2 20 19.292836 28 16.246917
1 2 120 8.040960 96 17.760817
2 2 37 10.280340 158 9.740857
3
0 2 20 19.806347 32 14.811971
1 2 193 1.425632 182 5.160203
2 2 165 7.144647 62 18.714206
3
0 2 20 10.818447 189 1.753748
1 2 181 4.943682 170 18.952340
2 2 23 2.050864 179 8.579586
3
0 2 40 19.810726 168 8.751430
1 2 127 12.132468 153 18.820235
2 2 193 4.145041 122 4.443315
3
0 2 40 16.792362 165 1.175738
1 2 53 19.221337 142 6.130969
2 2 159 18.075781 58 17.321405
3
0 2 40 17.642045 61 14.739526
1 2 199 8.282230 143 15.199580
2 2 127 11.877700 125 1.082869
3
0 2 40 19.176240 150 3.195574
1 2 86 12.234268 100 16.660388
2 2 120 1.287068 147 2.534220
3
0 2 40 8.664666 71 9.616567
1 2 72 16.936232 80 6.981992
2 2 187 10.060857 133 13.521246
3
0 2 40 8.739194 105 14.313150
1 2 80 18.643813 71 19.132546
2 2 100 12.625758 99 14.015911
3
0 2 40 4.206113 56 17.259520
1 2 62 11.229792 95 2.466358
2 2 130 13.988584 145 15.988636
3
0 2 40 4.762838 49 14.388908
1 2 191 2.971468 158 8.253707
2 2 116 12.841883 70 16.691146
3
0 2 40 5.284719 56 9.530092
1 2 96 13.595102 97 11.048595
2 2 74 6.553408 138 19.522092
3
0 2 40 15.150106 79 15.904130
1 2 102 9.299467 152 4.717567
2 2 161 3.974580 175 12.870551
3
0 2 40 2.177584 41 14.393845
1 2 52 17.620557 74 18.815057
2 2 45 13.982487 97 3.039516
3
0 2 40 12.704101 46 14.278913
1 2 105 16.893267 54 7.231203
2 2 177 17.833398 96 14.408614
3
0 2 40 11.366718 90 7.987186
1 2 74 13.493661 160 12.584460
2 2 131 10.505711 145 3.786767
3
0 2 40 11.705850 43 1.576108
1 2 109 19.883816 127 17.995588
2 2 111 10.588643 195 9.118128
3
0 2 40 9.319885 66 5.014285
1 2 125 3.905019 84 8.483974
2 2 143 5.104708 55 11.349850
3
0 2 40 18.771817 165 13.841965
1 2 133 2.029091 145 3.279146
2 2 128 2.482425 158 19.029262
3
0 2 40 17.071795 81 1.412697
1 2 116 12.654219 87 18.292570
2 2 172 3.980649 93 10.397190
3
0 2 40 13.970628 126 17.700958
1 2 185 17.666042 179 17.724280
2 2 119 11.789172 47 13.090041
3
0 2 40 18.718143 79 2.078228
1 2 44 11.912259 109 1.842660
2 2 62 19.754210 90 7.700807
3
0 2 40 13.214763 45 11.361094
1 2 89 4.890934 79 13.167210
2 2 153 17.161291 189 6.032277
3
0 2 60 4.845536 94 5.497544
1 2 162 6.852459 87 19.099516
2 2 125 15.808289 70 11.024561
3
0 2 60 10.332997 192 9.200528
1 2 130 14.870634 184 10.594781
2 2 149 6.575603 153 5.787282
3
0 2 60 10.503542 115 9.911967
1 2 153 19.755950 94 2.486911
2 2 196 4.465536 64 18.096516
3
0 2 60 17.979185 107 15.221451
1 2 135 4.518236 187 15.469073
2 2 99 13.908441 191 2.309682
3
0 2 60 7.325067 136 7.069873
1 2 147 6.243209 186 1.019970
2 2 128 10.675403 156 19.336169
3
0 2 60 4.125028 134 9.525201
1 2 62 12.214186 87 19.322243
2 2 108 13.999805 106 5.621596
3
0 2 60 2.639457 115 6.612019
1 2 195 12.684082 158 10.307368
2 2 113 9.702842 142 16.003909
3
0 2 60 8.746355 106 14.559841
1 2 172 14.702059 140 7.254886
2 2 62 11.394938 74 18.356936
3
0 2 60 8.900491 197 4.514364
1 2 100 11.486434 73 1.028723
2 2 183 15.138439 150 17.503304
3
0 2 60 8.955712 109 11.853029
1 2 157 7.287224 153 9.432109
2 2 133 12.608854 91 1.238791
3
0 2 60 1.081193 168 19.167522
1 2 164 12.496315 65 2.924958
2 2 145 3.426233 106 17.822365
3
0 2 60 11.349685 103 18.715851
1 2 115 10.173209 157 7.746440
2 2 96 16.114870 108 13.720152
3
0 2 60 6.163646 145 12.921816
1 2 164 16.188748 199 4.169147
2 2 78 8.841786 65 17.413790
3
0 2 60 1.839333 122 6.152222
1 2 67 8.628705 121 5.337774
2 2 163 19.401499 121 3.721342
3
0 2 60 6.136291 87 13.572943
1 2 189 13.707598 62 4.682755
2 2 181 12.245109 147 7.585204
3
0 2 60 17.681180 106 2.395850
1 2 195 15.983066 101 6.085113
2 2 179 8.390267 84 7.089475
3
0 2 60 10.003495 119 19.662578
1 2 170 17.173772 122 9.483126
2 2 68 16.108511 196 5.288903
3
0 2 60 5.986337 146 15.767983
1 2 66 1.748412 188 5.453874
2 2 142 2.426444 164 7.406458
3
0 2 60 18.500279 189 1.737807
1 2 83 12.240923 139 2.285226
2 2 119 7.497621 175 12.729983
3
0 2 60 14.677846 136 13.785751
1 2 92 15.358709 191 15.023197
2 2 197 11.063702 184 9.578141
3
0 2 80 19.106605 90 10.064715
1 2 138 9.870331 162 1.087662
2 2 89 17.147181 150 15.251686
3
0 2 80 6.017214 87 19.009921
1 2 199 13.310060 120 5.418285
2 2 142 9.634557 94 7.038181
3
0 2 80 3.013017 102 19.012367
1 2 134 3.947614 90 9.747792
2 2 166 15.029905 104 5.676748
3
0 2 80 19.480505 174 11.125365
1 2 124 11.499342 175 7.483742
2 2 98 19.213980 139 10.415224
3
0 2 80 12.585525 186 19.588024
1 2 84 9.388908 193 12.439436
2 2 171 5.098923 110 8.155710
3
0 2 80 15.562619 183 2.186908
1 2 109 18.644679 141 16.999290
2 2 171 6.406863 152 15.994677
3
0 2 80 9.862136 123 6.743072
1 2 179 18.420567 156 5.590547
2 2 174 16.499104 173 4.240260
3
0 2 80 10.353156 130 18.580380
1 2 169 8.324295 150 14.294202
2 2 152 16.860681 181 18.360779
3
0 2 80 10.775488 148 16.957447
1 2 107 1.037032 152 15.325925
2 2 181 2.480824 191 10.239160
3
0 2 80 11.983824 94 11.614420
1 2 93 16.408347 92 17.822613
2 2 161 14.353918 179 2.045915
3
0 2 80 11.154848 154 9.732257
1 2 92 13.934452 86 16.070932
2 2 115 5.846468 191 3.049157
3
0 2 80 7.206595 183 12.517910
1 2 170 4.020352 82 12.262397
2 2 104 6.198282 162 8.486769
3
0 2 80 4.422694 129 5.953167
1 2 175 11.770145 89 5.326615
2 2 93 15.515629 130 18.679253
3
0 2 80 8.697728 196 17.129372
1 2 157 18.966654 152 16.706172
2 2 182 13.726254 136 17.949039
3
0 2 80 5.389819 178 13.847179
1 2 181 4.108571 188 19.777020
2 2 89 2.157821 188 11.548203
3
0 2 80 19.887234 89 4.777469
1 2 152 16.631639 180 3.153338
2 2 155 12.651571 114 9.726223
3
0 2 80 19.860875 183 4.010352
1 2 93 4.957760 143 19.744214
2 2 151 17.848193 166 18.646264
3
0 2 80 9.778307 104 7.617959
1 2 139 10.071758 166 10.326076
2 2 94 17.610152 111 14.924026
3
0 2 80 8.006755 160 1.818875
1 2 194 13.760908 104 19.967415
2 2 199 11.990996 127 14.281535
3
0 2 80 2.764976 86 9.158753
1 2 163 12.424412 88 9.567678
2 2 116 14.985530 111 11.224688
3
0 2 100 12.003175 141 4.770174
1 2 104 9.572531 167 4.247193
2 2 100 5.841522 114 8.476820
3
0 2 100 16.243624 141 16.188379
1 2 182 12.817235 114 19.451345
2 2 194 9.586377 120 12.611725
3
0 2 100 1.989593 103 9.780226
1 2 144 17.754676 195 6.922588
2 2 188 4.938000 113 9.735967
3
0 2 100 4.320982 131 13.811610
1 2 193 4.509328 171 5.248957
2 2 124 11.051440 168 19.693009
3
0 2 100 9.804226 123 1.817921
1 2 106 13.815930 147 12.441201
2 2 127 11.983873 133 14.955962
3
0 2 100 18.033055 188 2.866047
1 2 104 9.263635 106 12.889432
2 2 148 13.448903 111 17.205862
3
0 2 100 12.480537 119 18.889913
1 2 134 15.377344 194 3.372376
2 2 196 8.071710 170 15.988856
3
0 2 100 19.146598 111 14.237720
1 2 129 9.343411 143 19.127664
2 2 169 6.074538 115 17.209574
3
0 2 100 4.664142 179 18.426524
1 2 158 14.235860 189 17.334388
2 2 177 5.711915 149 9.596271
3
0 2 100 11.776323 145 3.266513
1 2 119 3.859958 174 3.592640
2 2 137 9.451670 125 10.891633
3
0 2 100 17.489555 130 12.761838
1 2 158 7.256363 149 16.224854
2 2 170 16.807914 171 14.931369
3
0 2 100 18.120515 115 15.090304
1 2 121 6.575945 154 17.512986
2 2 163 10.278028 122 18.201154
3
0 2 100 8.634385 115 16.285633
1 2 145 5.324294 151 11.253250
2 2 182 10.323213 121 12.570541
3
0 2 100 1.525707 136 8.678789
1 2 188 3.079659 186 12.406952
2 2 143 1.374166 107 12.052149
3
0 2 100 8.665289 163 9.799998
1 2 122 9.922003 119 5.161872
2 2 157 5.068712 158 14.397682
3
0 2 100 18.360547 145 1.736521
1 2 125 5.520103 196 8.695520
2 2 150 2.761517 147 3.193988
3
0 2 100 16.495863 119 10.936370
1 2 146 10.614277 139 3.139825
2 2 158 4.864954 186 7.771111
3
0 2 100 17.393094 155 2.611834
1 2 127 12.311045 193 15.986872
2 2 175 6.117278 156 3.368919
3
0 2 100 7.709622 129 18.713058
1 2 109 16.257955 142 7.337642
2 2 121 8.746176 176 13.797556
3
0 2 100 3.459789 168 8.878359
1 2 141 11.960327 151 19.992779
2 2 171 11.170389 144 16.671959
3
0 2 120 3.835982 172 5.689410
1 2 179 14.562822 167 1.003684
2 2 148 8.167537 128 19.053941
3
0 2 120 4.788859 184 2.484186
1 2 168 13.306687 155 8.832790
2 2 189 2.921552 137 7.884928
3
0 2 120 17.953133 143 18.548418
1 2 183 10.198170 192 15.750797
2 2 164 8.631199 129 16.285068
3
0 2 120 9.749038 183 15.174937
1 2 165 14.022464 188 16.509996
2 2 126 3.317479 151 19.579458
3
0 2 120 8.794292 170 6.628662
1 2 131 7.871152 187 13.835513
2 2 177 16.740341 198 11.203480
3
0 2 120 9.502368 194 1.072076
1 2 176 9.817897 170 18.583896
2 2 170 7.005326 198 12.628400
3
0 2 120 7.160328 127 1.770247
1 2 123 7.331553 143 10.956501
2 2 194 15.933108 178 3.676707
3
0 2 120 15.893691 143 13.128049
1 2 198 18.511782 124 15.099300
2 2 147 6.774212 167 3.475646
3
0 2 120 13.420895 195 13.548029
1 2 176 11.164684 196 16.608632
2 2 120 11.745099 194 9.320016
3
0 2 120 8.767764 125 1.449309
1 2 196 19.831606 140 18.696867
2 2 130 14.357371 154 14.588014
3
0 2 120 12.504342 196 18.621179
1 2 140 16.366704 139 2.909469
2 2 164 8.440195 182 3.275600
3
0 2 120 3.285022 190 13.457992
1 2 121 19.322861 138 14.632620
2 2 127 14.215598 171 12.978266
3
0 2 120 15.182333 194 19.426823
1 2 150 1.401383 179 13.157205
2 2 175 15.767111 156 4.797601
3
0 2 120 17.767897 152 16.263647
1 2 145 6.625348 125 6.725409
2 2 153 6.860902 138 5.854792
3
0 2 120 1.662762 173 19.322508
1 2 145 19.750833 160 15.486433
2 2 139 5.810740 126 1.987917
3
0 2 120 11.861809 162 11.880000
1 2 175 13.819688 178 6.149514
2 2 151 16.698627 171 5.823200
3
0 2 120 17.144000 122 2.747243
1 2 154 2.797279 189 7.406612
2 2 146 9.723425 184 3.300809
3
0 2 120 19.858075 186 5.382144
1 2 142 18.988523 184 13.183879
2 2 172 9.363893 198 9.141466
3
0 2 120 6.656868 167 6.045014
1 2 159 3.603446 193 18.974381
2 2 145 16.563074 172 17.701669
3
0 2 120 17.434536 141 16.868452
1 2 174 8.576801 186 14.340070
2 2 139 15.690016 154 14.003857
3
0 2 140 2.148380 188 3.696387
1 2 180 3.454473 174 3.467975
2 2 143 4.614530 190 18.481052
3
0 2 140 10.004742 153 14.878198
1 2 165 2.662996 157 6.751743
2 2 146 4.778643 157 5.523830
3
0 2 140 2.984877 181 6.293380
1 2 154 8.596422 198 6.885168
2 2 147 19.091874 193 15.179683
3
0 2 140 11.667381 141 15.089151
1 2 194 18.876873 172 16.760947
2 2 188 10.110514 194 2.950188
3
0 2 140 5.945446 152 10.919032
1 2 197 16.802305 180 19.960722
2 2 166 5.592814 184 6.792087
3
0 2 140 10.852555 157 3.937937
1 2 190 12.028846 168 11.802689
2 2 158 6.120209 145 3.156694
3
0 2 140 4.548547 165 2.505071
1 2 180 12.927280 195 7.808481
2 2 191 11.368027 173 11.631785
3
0 2 140 13.059187 185 15.535441
1 2 142 5.218811 187 11.733415
2 2 173 19.279446 166 9.810489
3
0 2 140 4.571259 141 16.777840
1 2 188 11.344690 187 4.752413
2 2 196 14.295702 198 4.581343
3
0 2 140 1.256908 199 12.058123
1 2 183 6.846807 148 6.378889
2 2 188 6.797680 169 1.515533
3
0 2 140 14.094791 147 12.929713
1 2 179 2.020687 143 15.272356
2 2 187 15.520663 168 5.115660
3
0 2 140 17.574908 185 1.878874
1 2 198 13.137305 166 13.859713
2 2 189 18.972144 185 10.675096
3
0 2 140 5.792475 188 11.376826
1 2 179 2.877280 187 14.169401
2 2 153 17.006962 191 13.128892
3
0 2 140 14.837276 169 13.297038
1 2 160 3.772538 189 16.856562
2 2 175 17.860164 166 3.549143
3
0 2 140 2.899821 151 19.731934
1 2 194 17.397828 143 4.673544
2 2 166 13.486555 176 1.967265
3
0 2 140 11.637048 175 18.173136
1 2 155 1.419412 195 7.537071
2 2 163 11.729205 157 7.162448
3
0 2 140 7.502937 173 4.761288
1 2 189 4.731868 195 6.994210
2 2 141 8.739975 180 16.592350
3
0 2 140 9.977626 162 8.822306
1 2 177 8.212341 181 13.785619
2 2 194 7.187916 179 13.180215
3
0 2 140 15.418755 174 10.571191
1 2 161 7.920616 146 1.548710
2 2 144 2.398027 177 4.148640
3
0 2 140 11.971939 194 4.030129
1 2 154 13.725639 176 11.770514
2 2 167 17.809647 199 19.561722
3
0 2 160 3.350545 181 19.449932
1 2 162 7.072871 194 7.870506
2 2 190 5.814978 166 19.910208
3
0 2 160 6.509595 184 8.428581
1 2 169 17.974399 198 2.024023
2 2 178 10.426856 174 7.571361
3
0 2 160 12.697639 195 14.200656
1 2 187 1.667049 174 10.048637
2 2 176 14.551193 191 6.583994
3
0 2 160 18.303113 170 15.459682
1 2 169 15.720797 186 12.918930
2 2 178 6.099033 176 5.884722
3
0 2 160 17.290864 182 12.821029
1 2 160 10.371003 174 19.932689
2 2 178 9.719669 161 3.502989
3
0 2 160 1.043178 185 12.823949
1 2 193 15.236924 179 3.225752
2 2 187 12.764705 168 18.711772
3
0 2 160 5.243840 196 2.626296
1 2 188 11.118514 176 3.088391
2 2 192 13.418907 183 5.669295
3
0 2 160 2.489464 163 17.220739
1 2 199 8.794676 185 3.286661
2 2 178 14.854210 167 19.182399
3
0 2 160 7.849344 190 1.414139
1 2 183 6.421624 188 5.049432
2 2 168 19.552025 175 9.129014
3
0 2 160 6.405798 163 18.728927
1 2 176 2.829421 189 17.011332
2 2 164 12.377640 182 13.935105
3
0 2 160 19.542445 161 17.967181
1 2 168 3.065652 170 11.058475
2 2 192 11.918049 183 16.923041
3
0 2 160 7.904183 177 12.750413
1 2 173 7.842374 175 12.216340
2 2 198 2.408179 195 5.757064
3
0 2 160 18.833265 161 16.610772
1 2 185 2.759404 171 10.536825
2 2 174 1.929388 160 4.466915
3
0 2 160 11.199805 168 4.195876
1 2 194 8.777611 188 11.226739
2 2 171 10.971586 180 15.551317
3
0 2 160 13.866784 173 19.527057
1 2 170 15.710362 174 18.063309
2 2 192 4.084396 181 12.690046
3
0 2 160 4.560717 196 17.594198
1 2 160 17.462630 163 10.094786
2 2 179 18.875156 192 2.921397
3
0 2 160 10.538089 197 14.572557
1 2 160 7.988409 188 1.616305
2 2 170 12.381445 191 16.938076
3
0 2 160 3.590012 182 17.331830
1 2 189 13.582156 167 10.100922
2 2 175 16.031887 197 4.388227
3
0 2 160 12.393820 193 10.988199
1 2 187 11.302181 182 11.616187
2 2 179 11.291625 165 15.110915
3
0 2 160 7.975090 185 2.685210
1 2 188 8.223748 195 10.911860
2 2 183 2.873062 191 8.895615
3
0 2 180 18.496267 194 7.102747
1 2 184 16.078087 192 15.015215
2 2 191 12.878961 190 15.849422
3
0 2 180 18.286279 183 7.689309
1 2 196 4.352027 181 13.882438
2 2 181 15.379456 191 17.657713
3
0 2 180 12.155875 189 18.736285
1 2 189 17.660373 188 7.411919
2 2 191 14.233985 181 19.399811
3
0 2 180 12.174677 183 14.486029
1 2 199 11.575833 192 1.097969
2 2 184 19.742722 197 11.007418
3
0 2 180 18.808324 187 17.462540
1 2 181 10.581822 183 19.257581
2 2 187 13.733949 190 7.446527
3
0 2 180 16.530930 184 10.315748
1 2 188 15.833576 180 18.320032
2 2 195 4.772792 185 7.873414
3
0 2 180 2.917706 198 4.369668
1 2 199 8.153285 195 16.104735
2 2 186 18.149162 183 9.696385
3
0 2 180 15.852227 197 19.932504
1 2 180 18.936803 181 6.880111
2 2 194 15.509941 192 3.659018
3
0 2 180 2.673487 181 11.457792
1 2 196 9.283678 187 13.036800
2 2 186 17.736473 195 8.367163
3
0 2 180 10.726819 192 8.556615
1 2 187 8.301660 195 14.989364
2 2 189 3.663699 196 17.957338
3
0 2 180 12.329150 185 1.669079
1 2 197 1.316198 181 9.610926
2 2 183 18.220309 187 14.396120
3
0 2 180 6.416364 194 12.813977
1 2 193 12.304542 196 3.237671
2 2 191 4.090904 182 6.487620
3
0 2 180 13.224609 187 12.255906
1 2 189 13.817480 197 5.839571
2 2 189 17.573423 185 11.845787
3
0 2 180 14.128956 188 11.615838
1 2 194 13.529466 186 18.820316
2 2 194 16.745597 191 13.899352
3
0 2 180 2.003124 197 15.198751
1 2 197 2.217481 192 1.682112
2 2 185 17.077777 187 16.473093
3
0 2 180 4.117893 192 18.482394
1 2 198 19.697616 183 16.542375
2 2 184 19.499940 188 6.702956
3
0 2 180 19.439707 186 15.097929
1 2 192 17.985410 194 12.484258
2 2 186 13.139502 183 1.082030
3
0 2 180 13.260339 190 8.809730
1 2 198 2.172044 187 2.737506
2 2 187 8.521318 198 9.830836
3
0 2 180 7.497938 197 15.992230
1 2 197 19.757875 193 1.698939
2 2 181 11.986352 198 2.767385
3
0 2 180 17.834077 188 14.606946
1 2 192 12.115134 199 14.811987
2 2 186 15.254859 199 14.871070
3
0 1 199 10.248906
1 1 199 12.066545
2 1 199 14.308765
3
0 1 199 12.978680
1 1 199 17.774495
2 1 199 13.303220
3
0 1 199 11.741637
1 1 199 14.809150
2 1 199 4.021968
3
0 1 199 19.301497
1 1 199 16.059672
2 1 199 17.786271
3
0 1 199 3.726298
1 1 199 12.861821
2 1 199 8.701922
3
0 1 199 5.855966
1 1 199 15.878626
2 1 199 4.888651
3
0 1 199 15.401240
1 1 199 3.092745
2 1 199 3.194139
3
0 1 199 9.468110
1 1 199 13.856036
2 1 199 3.474769
3
0 1 199 8.627815
1 1 199 5.481322
2 1 199 1.009759
3
0 1 199 18.085071
1 1 199 4.990957
2 1 199 8.915070
3
0 1 199 10.719579
1 1 199 13.254338
2 1 199 2.428002
3
0 1 199 10.888418
1 1 199 10.041612
2 1 199 12.895928
3
0 1 199 7.264859
1 1 199 2.352579
2 1 199 8.661393
3
0 1 199 15.140581
1 1 199 4.955027
2 1 199 15.050183
3
0 1 199 6.562500
1 1 199 6.182612
2 1 199 13.217353
3
0 1 199 19.567289
1 1 199 18.609675
2 1 199 15.170169
3
0 1 199 14.445736
1 1 199 1.582597
2 1 199 16.128022
3
0 1 199 13.537792
1 1 199 5.154010
2 1 199 19.768029
3
0 1 199 6.178846
1 1 199 7.643631
2 1 199 9.766882
0
