100 99
3
0 2 10 2.944157 56 12.261282
1 2 99 3.924111 35 3.576861
2 2 79 8.888745 24 15.913799
3
0 2 10 3.715309 61 4.900732
1 2 16 19.055110 17 1.605625
2 2 42 2.848171 77 15.550421
3
0 2 10 2.352518 80 7.221076
1 2 90 12.707629 67 12.159328
2 2 93 13.015341 43 10.020297
3
0 2 10 2.051703 41 16.330252
1 2 28 3.774195 13 10.821969
2 2 30 13.650827 41 7.652967
3
0 2 10 14.853844 65 11.025231
1 2 33 14.890408 11 8.531551
2 2 67 3.529307 89 15.618900
3
0 2 10 13.897579 99 18.870386
1 2 46 10.578199 24 5.396895
2 2 96 19.551857 41 6.192960
3
0 2 10 16.391490 54 18.192778
1 2 53 13.456723 69 2.975628
2 2 49 1.101480 35 11.026779
3
0 2 10 13.818662 97 14.336117
1 2 56 2.520851 32 11.501355
2 2 34 12.195651 36 19.305590
3
0 2 10 16.219352 40 10.380087
1 2 23 15.492446 78 12.036515
2 2 27 19.036808 26 12.289977
3
0 2 10 5.521654 74 14.898475
1 2 72 13.300087 53 10.045752
2 2 89 6.160968 22 9.515172
3
0 2 20 9.423627 46 10.392713
1 2 58 13.340226 75 16.482774
2 2 52 14.840498 48 13.599463
3
0 2 20 17.449293 25 18.289307
1 2 48 13.584693 22 5.329163
2 2 70 10.926926 40 7.773293
3
0 2 20 3.708112 63 19.665348
1 2 38 15.039558 37 1.056190
2 2 74 15.981873 54 5.035716
3
0 2 20 16.955439 59 8.131767
1 2 50 3.574286 35 2.239170
2 2 30 1.071975 59 16.480697
3
0 2 20 12.771959 95 19.057734
1 2 36 12.064405 53 14.338081
2 2 98 15.879237 23 1.580056
3
0 2 20 8.432076 62 5.378212
1 2 97 15.480731 67 17.270532
2 2 59 10.412772 93 1.393875
3
0 2 20 13.705454 90 13.218087
1 2 75 14.805580 45 6.681947
2 2 93 8.327116 70 14.581004
3
0 2 20 8.559220 22 14.352882
1 2 71 4.518601 84 11.474461
2 2 49 14.809040 88 11.151247
3
0 2 20 10.781541 30 14.963123
1 2 66 14.664300 58 18.953258
2 2 76 14.470192 34 7.382758
3
0 2 20 19.552530 85 19.488769
1 2 51 12.682708 82 19.856939
2 2 23 1.203809 76 11.102881
3
0 2 30 1.041245 55 17.109673
1 2 58 5.102516 73 15.013960
2 2 65 1.985346 54 7.270671
3
0 2 30 1.608298 89 13.357342
1 2 82 9.036997 54 7.967828
2 2 94 14.377282 77 14.118408
3
0 2 30 13.784137 60 14.091409
1 2 72 19.032676 65 8.294353
2 2 67 19.478905 32 15.730121
3
0 2 30 12.574219 40 9.107646
1 2 45 9.146119 32 4.338618
2 2 89 18.633215 63 11.962773
3
0 2 30 8.183393 33 4.881147
1 2 43 18.727309 76 4.270606
2 2 52 12.124930 80 11.876309
3
0 2 30 15.992369 72 8.444079
1 2 81 5.519131 71 19.138084
2 2 43 7.817334 57 4.219590
3
0 2 30 2.963110 50 3.046205
1 2 89 19.654455 70 19.276302
2 2 46 14.167486 84 16.027127
3
0 2 30 11.754552 84 14.329139
1 2 92 9.312464 82 10.157726
2 2 83 2.790150 82 5.508141
3
0 2 30 2.230379 69 3.427745
1 2 72 15.388095 88 8.724918
2 2 90 16.763724 63 14.612219
3
0 2 30 13.410244 48 5.634856
1 2 78 16.215205 34 5.664262
2 2 47 3.444642 39 3.215603
3
0 2 40 7.210506 59 7.898776
1 2 88 6.788006 89 6.317707
2 2 92 11.581050 47 10.809905
3
0 2 40 4.083506 67 2.496091
1 2 87 16.644213 69 4.038746
2 2 90 12.290354 67 6.278464
3
0 2 40 16.974179 59 15.296288
1 2 55 1.665954 90 17.144263
2 2 95 1.049309 81 12.188491
3
0 2 40 5.827744 64 9.349384
1 2 48 3.222514 69 17.435756
2 2 93 14.434358 72 9.006520
3
0 2 40 4.851141 61 15.044469
1 2 72 15.744996 89 19.384958
2 2 89 19.032699 93 4.923554
3
0 2 40 12.194440 47 9.583832
1 2 51 18.805777 57 17.942977
2 2 83 17.998315 62 6.079648
3
0 2 40 6.522957 78 17.573842
1 2 70 6.204244 85 11.878816
2 2 72 17.396967 86 8.496816
3
0 2 40 1.826385 53 13.539174
1 2 82 19.075361 87 16.637644
2 2 95 12.784309 62 15.410703
3
0 2 40 11.434692 83 10.724567
1 2 89 4.492312 88 10.596325
2 2 96 10.021662 50 17.667134
3
0 2 40 18.326609 98 15.055212
1 2 88 12.646810 49 8.648898
2 2 59 6.575268 70 14.837997
3
0 2 50 15.273159 80 15.384990
1 2 72 5.563878 75 11.050037
2 2 62 10.366849 79 18.649915
3
0 2 50 15.919194 92 2.120167
1 2 71 7.422561 73 9.511730
2 2 89 14.170070 90 19.747819
3
0 2 50 3.219837 81 16.719997
1 2 67 10.104417 76 5.667498
2 2 90 13.572398 52 6.051278
3
0 2 50 7.228145 61 17.722410
1 2 59 7.132182 82 16.708718
2 2 79 4.828341 71 13.397777
3
0 2 50 14.031712 68 17.032161
1 2 89 19.905594 68 10.246403
2 2 58 12.065775 93 19.304244
3
0 2 50 8.815091 89 7.623934
1 2 91 12.193032 86 2.956284
2 2 69 11.124998 64 12.726580
3
0 2 50 5.862893 86 7.831057
1 2 64 12.805647 65 19.242210
2 2 68 14.994863 66 15.081727
3
0 2 50 1.958071 81 15.934829
1 2 71 11.862372 64 5.018927
2 2 97 6.268584 78 19.518750
3
0 2 50 1.891837 89 12.057979
1 2 84 10.564956 53 6.859234
2 2 95 16.011155 93 17.037492
3
0 2 50 8.048448 57 6.435835
1 2 72 6.981095 67 16.174930
2 2 53 4.226443 67 11.793717
3
0 2 60 19.042033 86 18.407170
1 2 72 5.441367 83 4.555436
2 2 75 7.132792 88 7.286791
3
0 2 60 15.563965 61 4.194208
1 2 89 15.752115 82 2.144260
2 2 82 8.635644 91 3.667145
3
0 2 60 18.692058 61 12.099282
1 2 61 2.938163 99 13.903747
2 2 86 18.555697 68 11.179456
3
0 2 60 2.210377 91 12.433666
1 2 98 12.880505 60 17.403717
2 2 60 18.615872 85 2.045038
3
0 2 60 19.778149 67 19.831920
1 2 83 5.308124 87 15.117921
2 2 80 5.558031 62 5.707517
3
0 2 60 5.428867 81 2.622400
1 2 78 12.036116 60 19.225123
2 2 86 12.264962 98 14.580744
3
0 2 60 2.926580 76 15.565510
1 2 61 15.661564 90 4.447980
2 2 77 9.463636 93 18.162781
3
0 2 60 9.960310 92 19.503349
1 2 97 10.225201 66 14.317509
2 2 73 5.388689 77 3.629930
3
0 2 60 2.070131 93 12.950080
1 2 76 2.992704 81 11.026416
2 2 72 19.929471 77 15.807059
3
0 2 60 2.110386 78 12.310491
1 2 66 15.729250 74 19.889231
2 2 60 19.862378 69 11.392956
3
0 2 70 4.141712 88 19.732814
1 2 87 5.144178 90 4.865152
2 2 89 14.876738 94 16.779429
3
0 2 70 18.431013 93 13.563060
1 2 87 3.089192 72 9.266069
2 2 79 12.229910 96 14.368721
3
0 2 70 7.030054 82 10.917057
1 2 70 1.673878 92 14.019738
2 2 95 6.581521 91 16.606883
3
0 2 70 8.200087 74 17.900052
1 2 79 10.873350 80 12.381845
2 2 70 17.056035 87 2.732150
3
0 2 70 5.084486 98 19.445688
1 2 91 7.743715 82 13.525639
2 2 93 6.927349 85 9.767057
3
0 2 70 1.778087 85 14.727671
1 2 89 8.845068 99 19.726207
2 2 76 1.288173 84 14.984850
3
0 2 70 2.867263 81 19.869514
1 2 79 5.710184 70 10.945366
2 2 70 7.647497 82 6.061049
3
0 2 70 2.689036 79 9.742857
1 2 83 7.448344 97 1.238975
2 2 95 10.223859 92 12.228488
3
0 2 70 4.495599 82 1.998055
1 2 82 4.077543 72 3.287724
2 2 74 12.201409 91 18.709525
3
0 2 70 7.499903 89 13.591282
1 2 92 7.764783 87 10.333188
2 2 77 11.855391 83 1.689883
3
0 2 80 9.417815 86 13.824714
1 2 81 1.798806 85 16.867976
2 2 94 3.383369 98 7.487928
3
0 2 80 3.996379 84 3.673056
1 2 97 14.573787 88 11.421596
2 2 87 9.830404 97 11.068212
3
0 2 80 17.054322 90 13.889958
1 2 83 17.328297 92 4.203161
2 2 81 1.231725 99 18.355358
3
0 2 80 14.711286 82 19.311375
1 2 89 16.701879 92 17.471326
2 2 80 15.280876 93 18.944666
3
0 2 80 4.788685 83 11.933399
1 2 88 1.153419 89 12.706982
2 2 86 18.701447 84 9.718626
3
0 2 80 11.161623 92 3.431096
1 2 98 12.887751 82 10.214297
2 2 87 12.998778 89 18.328449
3
0 2 80 7.010559 81 10.849250
1 2 90 15.881922 81 2.233341
2 2 94 19.738474 95 17.671029
3
0 2 80 6.487174 87 12.851799
1 2 90 12.950121 99 4.613054
2 2 86 12.524615 99 12.723062
3
0 2 80 12.379112 84 3.203963
1 2 88 4.686858 80 3.954167
2 2 83 12.491517 86 10.536477
3
0 2 80 11.839371 82 14.045573
1 2 91 11.184062 82 16.670573
2 2 89 8.974714 83 6.049644
3
0 2 90 18.730671 96 3.797790
1 2 94 6.353732 98 16.002934
2 2 97 14.555638 94 8.564769
3
0 2 90 17.730318 94 7.440824
1 2 92 18.564800 95 2.559497
2 2 98 8.740185 93 10.197174
3
0 2 90 1.311961 94 10.577775
1 2 98 4.863834 90 1.722933
2 2 99 17.006487 97 5.194989
3
0 2 90 17.731264 97 14.095696
1 2 98 10.672661 94 16.126138
2 2 92 2.621688 98 9.248469
3
0 2 90 5.992373 95 14.291062
1 2 98 3.860567 93 7.453344
2 2 99 2.664881 97 17.015156
3
0 2 90 17.309426 98 6.101403
1 2 97 14.229863 91 19.644439
2 2 93 19.860305 99 10.570182
3
0 2 90 13.754955 95 17.260474
1 2 90 17.255056 91 7.869941
2 2 95 5.087517 90 12.788764
3
0 2 90 11.644985 98 17.650086
1 2 96 13.192191 99 6.840754
2 2 93 13.946999 92 15.491966
3
0 2 90 3.894057 96 16.965238
1 2 98 7.994926 90 15.599416
2 2 98 2.913150 90 5.420765
3
0 2 90 7.686871 93 15.967492
1 2 98 4.002761 97 5.993659
2 2 90 14.070675 98 15.962111
3
0 1 99 2.816423
1 1 99 7.347381
2 1 99 2.578747
3
0 1 99 8.100665
1 1 99 3.618896
2 1 99 3.451234
3
0 1 99 19.847833
1 1 99 16.868347
2 1 99 15.561370
3
0 1 99 9.620268
1 1 99 4.332429
2 1 99 16.232331
3
0 1 99 2.949689
1 1 99 3.139844
2 1 99 15.152373
3
0 1 99 5.844262
1 1 99 7.024542
2 1 99 4.426671
3
0 1 99 11.557022
1 1 99 9.003381
2 1 99 10.143115
3
0 1 99 11.258754
1 1 99 13.748334
2 1 99 6.833750
3
0 1 99 17.946968
1 1 99 15.925207
2 1 99 14.273225
0
