20 19
3
0 2 5 18.869805 10 16.467244
1 2 7 14.239939 19 9.295380
2 2 18 12.627863 14 5.066770
3
0 2 5 8.336809 16 7.761674
1 2 15 3.336099 16 7.935504
2 2 16 12.205859 17 14.255165
3
0 2 5 5.742176 11 8.972837
1 2 5 2.936708 9 9.535406
2 2 14 8.075035 16 8.647844
3
0 2 5 4.399920 11 10.214688
1 2 7 4.870778 19 18.156194
2 2 17 12.714178 8 17.992966
3
0 2 5 1.052221 17 11.927119
1 2 6 1.300670 5 8.469016
2 2 16 11.042868 6 19.056609
3
0 2 10 3.151128 17 5.475331
1 2 12 14.743316 19 14.533341
2 2 14 6.550997 13 16.347094
3
0 2 10 9.546313 16 15.091069
1 2 16 5.727942 14 17.489343
2 2 10 13.212967 13 3.729259
3
0 2 10 10.294923 11 6.280718
1 2 18 7.961498 12 19.565904
2 2 11 1.578226 16 19.103232
3
0 2 10 9.935149 16 10.682260
1 2 15 16.950433 16 8.940316
2 2 11 6.808386 19 6.394650
3
0 2 10 12.509624 19 10.511850
1 2 16 4.940096 19 13.400539
2 2 19 7.083994 16 1.575427
3
0 2 15 14.281395 16 4.808823
1 2 19 15.952566 18 7.888729
2 2 18 11.145861 17 3.252543
3
0 2 15 6.378508 19 10.548619
1 2 18 14.915584 16 18.170944
2 2 18 18.373445 17 2.901278
3
0 2 15 8.457357 17 15.719985
1 2 15 16.357818 16 10.054211
2 2 15 11.164735 18 16.077410
3
0 2 15 1.680868 17 3.698525
1 2 16 9.529098 18 13.051320
2 2 18 3.175750 15 8.850053
3
0 2 15 9.648422 18 17.701737
1 2 18 16.871229 19 9.909125
2 2 19 7.473994 17 13.650529
3
0 2 19 11.663188 19 13.062013
1 2 19 15.081580 19 13.627292
2 2 19 15.124979 19 11.542269
3
0 2 19 5.262895 19 6.678349
1 2 19 15.269667 19 1.394590
2 2 19 2.885683 19 1.371362
3
0 2 19 17.574535 19 3.854540
1 2 19 10.945967 19 13.902447
2 2 19 15.574190 19 11.918798
3
0 2 19 18.352673 19 19.838472
1 2 19 12.281019 19 5.766909
2 2 19 18.456327 19 2.553685
0
