20 19
3
0 2 5 10.237892 13 2.783174
1 2 18 4.093584 15 10.243958
2 2 9 9.367033 17 3.134339
3
0 2 5 12.220621 9 6.353159
1 2 9 7.047471 18 17.859396
2 2 10 15.624268 8 8.582119
3
0 2 5 10.712096 17 3.888934
1 2 16 19.641004 14 15.285736
2 2 8 12.275592 7 10.460309
3
0 2 5 11.942055 17 13.219083
1 2 5 5.309650 13 8.654141
2 2 13 8.102995 11 9.826790
3
0 2 5 4.808374 19 15.522135
1 2 13 7.542330 18 11.215143
2 2 14 9.335958 9 14.628349
3
0 2 10 11.157133 19 6.311560
1 2 14 6.548620 16 9.752239
2 2 10 10.411192 18 6.958105
3
0 2 10 5.428261 12 16.027238
1 2 15 8.460788 17 6.935542
2 2 17 15.435967 10 19.365840
3
0 2 10 9.667703 18 10.595274
1 2 16 9.529399 18 8.090628
2 2 15 3.395713 10 19.690410
3
0 2 10 2.453534 11 4.499475
1 2 17 7.752839 13 10.613129
2 2 18 13.340872 13 18.101814
3
0 2 10 14.265790 17 13.314950
1 2 14 10.015624 17 19.974613
2 2 16 10.809426 11 3.073923
3
0 2 15 5.745622 18 9.617252
1 2 19 7.603166 16 7.519325
2 2 18 9.863491 15 13.506342
3
0 2 15 1.583297 17 6.871848
1 2 15 19.410386 16 19.992967
2 2 16 10.394544 18 16.988577
3
0 2 15 17.431574 18 11.655418
1 2 16 13.604221 19 12.704238
2 2 16 16.046171 15 5.214071
3
0 2 15 9.654154 17 11.831445
1 2 18 16.628353 19 1.849584
2 2 18 9.290811 15 5.443966
3
0 2 15 4.053480 17 15.908521
1 2 15 8.438178 18 6.063924
2 2 18 3.514305 15 15.476535
3
0 2 19 13.070510 19 4.305074
1 2 19 14.454890 19 13.458202
2 2 19 8.327003 19 12.473031
3
0 2 19 18.463368 19 14.047855
1 2 19 2.916946 19 6.396481
2 2 19 11.853452 19 19.572205
3
0 2 19 6.514845 19 15.027893
1 2 19 15.678163 19 12.293640
2 2 19 1.448022 19 16.199904
3
0 2 19 18.954502 19 19.711218
1 2 19 18.405948 19 2.075162
2 2 19 16.532438 19 15.209650
0
