100 99
3
0 2 10 13.224240 96 8.147978
1 2 94 7.418305 17 3.743813
2 2 65 3.835484 41 2.925489
3
0 2 10 3.015497 43 15.308232
1 2 41 3.962139 44 3.032453
2 2 46 13.587011 62 15.616211
3
0 2 10 7.629763 68 8.828345
1 2 69 18.066561 61 15.134547
2 2 36 17.623062 89 12.268635
3
0 2 10 16.299157 73 3.432519
1 2 43 8.221593 85 11.860111
2 2 78 9.866522 48 12.409306
3
0 2 10 8.602509 45 6.789358
1 2 28 10.584056 18 4.038088
2 2 30 11.554373 55 11.730661
3
0 2 10 19.772969 85 13.624363
1 2 26 2.664345 10 11.597600
2 2 92 10.255355 58 16.200597
3
0 2 10 10.092759 48 7.788668
1 2 25 3.727422 34 18.433535
2 2 67 13.048604 37 6.891359
3
0 2 10 16.784253 69 1.827291
1 2 38 5.286794 78 15.269551
2 2 43 6.307575 17 14.055441
3
0 2 10 17.581518 40 12.284774
1 2 16 5.068002 50 15.588201
2 2 78 1.991113 69 19.419125
3
0 2 10 17.452705 25 6.435128
1 2 70 13.821901 98 8.021777
2 2 57 5.696716 12 3.762147
3
0 2 20 14.845022 67 13.358308
1 2 26 5.049014 92 6.808909
2 2 78 19.802598 84 17.370066
3
0 2 20 17.134950 84 6.365432
1 2 33 7.797970 34 1.362356
2 2 30 6.274386 92 16.362287
3
0 2 20 14.677472 38 12.399568
1 2 86 8.705334 30 3.325809
2 2 84 12.691278 74 15.782310
3
0 2 20 9.514574 31 5.672497
1 2 28 7.272314 32 10.832468
2 2 94 3.214206 46 4.518451
3
0 2 20 10.652310 42 6.578239
1 2 74 19.569503 70 17.069400
2 2 92 6.890044 59 1.329618
3
0 2 20 14.057039 76 7.230680
1 2 79 5.006563 35 3.306572
2 2 47 11.976966 53 11.506143
3
0 2 20 9.021074 89 1.949022
1 2 57 6.770108 31 12.058185
2 2 20 5.487654 47 8.054209
3
0 2 20 2.435901 67 2.328144
1 2 60 15.666949 83 6.083674
2 2 49 2.331752 72 9.650226
3
0 2 20 4.844504 42 18.766136
1 2 88 16.471495 74 6.805526
2 2 25 15.000025 66 11.447011
3
0 2 20 7.206936 28 8.847378
1 2 63 1.877537 50 13.559324
2 2 44 15.044637 37 16.220328
3
0 2 30 13.582071 82 11.307195
1 2 62 15.919718 98 4.853338
2 2 53 11.246857 91 11.611578
3
0 2 30 10.616252 78 19.068358
1 2 58 3.733176 62 7.681098
2 2 47 18.296936 64 11.245127
3
0 2 30 15.275745 71 12.121931
1 2 75 11.537632 34 19.528731
2 2 90 17.807894 47 4.949735
3
0 2 30 8.529833 36 15.887106
1 2 76 16.591720 65 8.770817
2 2 84 15.977301 87 8.771405
3
0 2 30 2.926863 91 17.842201
1 2 60 13.769394 92 7.834840
2 2 82 19.696287 80 10.649963
3
0 2 30 4.130535 95 1.985729
1 2 49 5.219273 51 7.049386
2 2 58 13.011267 36 17.995866
3
0 2 30 5.305712 92 18.897357
1 2 65 1.388436 67 13.494350
2 2 70 16.657296 73 13.910153
3
0 2 30 8.472077 69 13.351624
1 2 81 16.003516 49 11.274522
2 2 75 11.090226 79 13.152872
3
0 2 30 11.241299 93 19.511215
1 2 44 16.290398 54 6.329271
2 2 46 3.988280 72 8.240307
3
0 2 30 15.076174 84 16.201451
1 2 96 16.040006 92 16.539724
2 2 93 12.632998 78 17.216162
3
0 2 40 13.147625 88 11.428270
1 2 95 18.473337 40 18.194770
2 2 77 2.452580 67 7.179745
3
0 2 40 17.279297 55 8.462900
1 2 72 18.764984 90 4.686976
2 2 45 3.620401 95 16.296130
3
0 2 40 13.294780 97 10.818500
1 2 55 8.610203 41 2.847941
2 2 83 17.498063 62 3.970393
3
0 2 40 19.777642 63 15.378324
1 2 69 2.695014 77 13.556047
2 2 90 10.330693 88 9.601759
3
0 2 40 18.643602 86 11.231268
1 2 59 9.717120 72 12.584789
2 2 72 17.562170 81 8.992060
3
0 2 40 5.932572 70 15.096052
1 2 44 14.845864 93 5.732329
2 2 73 11.543887 50 9.877324
3
0 2 40 6.670165 81 14.846747
1 2 42 5.631492 91 17.349070
2 2 62 17.777470 51 19.286054
3
0 2 40 11.472996 64 15.314877
1 2 81 13.330059 51 3.938139
2 2 52 19.274201 43 5.444970
3
0 2 40 7.674136 53 3.930199
1 2 43 13.519748 49 15.015440
2 2 64 16.737557 71 19.396252
3
0 2 40 19.664470 51 1.765178
1 2 44 16.718447 71 5.917932
2 2 77 5.409224 57 11.768309
3
0 2 50 9.092434 63 4.805672
1 2 54 5.624039 95 11.138441
2 2 89 11.030017 58 19.664539
3
0 2 50 5.290467 67 9.192039
1 2 72 11.645318 61 5.363980
2 2 63 12.063828 64 3.523688
3
0 2 50 4.191087 72 5.449556
1 2 87 5.333971 96 1.052431
2 2 80 13.475214 76 3.368953
3
0 2 50 6.150616 84 10.309702
1 2 63 2.313479 73 4.813010
2 2 71 4.323104 56 2.839196
3
0 2 50 3.398153 55 9.822454
1 2 80 18.683004 56 12.366046
2 2 89 13.449095 72 18.597232
3
0 2 50 2.304610 74 5.172276
1 2 55 3.773637 78 18.323868
2 2 53 9.280991 63 19.557815
3
0 2 50 10.252588 53 6.095994
1 2 59 13.292091 83 6.674388
2 2 72 9.257754 96 6.808120
3
0 2 50 2.276332 95 16.222097
1 2 71 3.150883 52 3.954285
2 2 91 8.776107 78 7.702153
3
0 2 50 9.830213 59 18.472103
1 2 58 16.627130 61 19.477836
2 2 96 6.876726 90 14.270342
3
0 2 50 2.315810 90 15.761601
1 2 65 11.031184 77 5.020297
2 2 96 13.783856 86 10.304077
3
0 2 60 17.109600 88 18.221272
1 2 82 8.839646 86 6.575460
2 2 61 6.023355 66 15.905602
3
0 2 60 10.004685 83 4.808484
1 2 65 3.811858 93 14.525309
2 2 76 3.306231 97 15.461920
3
0 2 60 10.608732 98 12.423836
1 2 96 12.973949 84 16.898334
2 2 85 13.736138 77 14.131650
3
0 2 60 11.431128 83 1.017010
1 2 84 16.256224 91 3.990942
2 2 63 3.711033 85 17.034893
3
0 2 60 16.510094 86 7.625423
1 2 93 2.281873 70 14.475682
2 2 87 19.020452 92 6.472829
3
0 2 60 17.478657 63 10.895383
1 2 79 13.261787 70 16.365993
2 2 88 4.020168 93 16.465715
3
0 2 60 12.440808 81 12.038357
1 2 75 1.578973 66 17.546895
2 2 92 13.039407 70 19.361271
3
0 2 60 13.804199 63 3.586028
1 2 88 11.528408 74 12.427806
2 2 63 13.341719 92 19.342489
3
0 2 60 8.292028 80 13.537121
1 2 73 8.780460 82 11.363439
2 2 95 15.525964 89 14.564937
3
0 2 60 17.880841 83 13.026223
1 2 86 5.745413 60 9.565136
2 2 86 1.698116 94 2.979789
3
0 2 70 6.571687 89 10.518362
1 2 71 14.528748 97 13.337643
2 2 74 19.439834 81 5.834802
3
0 2 70 16.973783 98 18.832241
1 2 74 16.172809 79 5.290025
2 2 73 11.977250 96 13.002547
3
0 2 70 5.646555 98 7.937225
1 2 70 16.996543 71 8.637816
2 2 83 11.630466 91 8.709991
3
0 2 70 10.382440 82 17.861761
1 2 81 15.501943 79 5.167484
2 2 87 2.843719 89 9.254317
3
0 2 70 11.717710 95 17.877976
1 2 90 5.430588 74 17.728500
2 2 70 9.295788 77 11.773007
3
0 2 70 19.518376 75 7.330464
1 2 74 8.727926 80 7.286597
2 2 90 16.986149 73 14.836866
3
0 2 70 3.335328 71 9.505608
1 2 75 10.815010 76 12.400897
2 2 74 2.400376 72 2.574958
3
0 2 70 4.385590 86 1.121438
1 2 91 15.314922 76 15.463276
2 2 90 11.363000 89 4.584388
3
0 2 70 16.512810 84 8.115140
1 2 96 15.864879 97 18.805575
2 2 91 4.821538 86 15.416464
3
0 2 70 5.791846 91 5.556436
1 2 80 8.242471 71 3.555613
2 2 70 17.080357 92 6.040469
3
0 2 80 3.049871 97 14.479832
1 2 94 7.148111 90 7.026740
2 2 88 5.169948 82 7.772270
3
0 2 80 4.526157 91 6.809447
1 2 93 18.792355 98 3.077599
2 2 99 15.218658 97 11.675275
3
0 2 80 11.410140 81 5.097636
1 2 85 19.058676 93 5.788814
2 2 86 8.996752 91 6.991180
3
0 2 80 18.373679 88 1.389025
1 2 91 19.368260 80 5.615589
2 2 96 19.510483 86 17.655568
3
0 2 80 14.130960 90 4.875672
1 2 92 10.936173 89 16.666339
2 2 93 15.595644 94 11.995985
3
0 2 80 9.174290 98 6.382915
1 2 96 6.687173 95 14.469833
2 2 83 16.987435 93 18.250949
3
0 2 80 12.681820 96 2.354652
1 2 98 4.914496 86 17.974793
2 2 84 14.421148 82 11.328292
3
0 2 80 4.650346 88 13.342004
1 2 83 14.745613 85 18.337743
2 2 91 11.024110 97 7.025213
3
0 2 80 5.156889 82 5.113258
1 2 87 2.978481 93 15.884347
2 2 96 12.188822 91 9.153475
3
0 2 80 8.430962 94 2.883512
1 2 91 8.437496 98 3.133029
2 2 94 17.726824 97 19.231504
3
0 2 90 1.285884 92 10.431551
1 2 97 6.466084 92 14.502212
2 2 97 3.776390 92 6.726182
3
0 2 90 7.262813 94 5.247550
1 2 92 17.119475 97 5.142492
2 2 92 19.162538 98 4.812195
3
0 2 90 2.511003 98 15.470510
1 2 95 8.600279 96 11.770055
2 2 94 13.948386 92 2.486115
3
0 2 90 4.085306 98 1.526364
1 2 97 16.104486 99 15.383365
2 2 92 13.650319 91 10.198865
3
0 2 90 15.107204 99 17.588783
1 2 90 17.893645 99 13.496864
2 2 96 8.729706 92 10.564523
3
0 2 90 9.187397 97 8.943986
1 2 96 1.309910 94 11.145849
2 2 97 4.227574 99 16.357361
3
0 2 90 11.626099 95 6.972693
1 2 94 12.195208 91 16.830553
2 2 93 12.129275 95 16.757627
3
0 2 90 4.588304 98 8.160843
1 2 93 2.867861 92 19.561629
2 2 96 11.157972 99 7.861906
3
0 2 90 15.566401 91 8.367436
1 2 91 10.347985 94 7.995528
2 2 90 4.302943 95 10.562267
3
0 2 90 4.591289 97 15.306898
1 2 99 15.953067 92 11.981582
2 2 91 14.485396 94 9.183080
3
0 2 99 10.030066 99 12.921976
1 2 99 17.426298 99 19.059737
2 2 99 5.945880 99 6.011280
3
0 2 99 12.019957 99 13.130764
1 2 99 11.740354 99 12.881740
2 2 99 5.171429 99 18.504270
3
0 2 99 13.418682 99 5.452525
1 2 99 1.840191 99 18.141600
2 2 99 18.728208 99 12.973135
3
0 2 99 17.462594 99 8.655664
1 2 99 13.742488 99 15.248919
2 2 99 6.364380 99 10.475636
3
0 2 99 7.641350 99 3.939704
1 2 99 12.264871 99 1.739977
2 2 99 18.428586 99 9.672101
3
0 2 99 3.772421 99 7.837899
1 2 99 14.993070 99 5.218930
2 2 99 10.668508 99 1.508674
3
0 2 99 8.493083 99 17.172197
1 2 99 8.066438 99 6.762539
2 2 99 5.960221 99 5.909708
3
0 2 99 6.328211 99 16.202559
1 2 99 6.314799 99 13.859506
2 2 99 16.279571 99 1.295126
3
0 2 99 16.987130 99 1.960075
1 2 99 1.721864 99 13.780269
2 2 99 16.960450 99 16.979187
0
