100 99
3
0 2 10 2.023470 67 5.234202
1 2 65 17.910865 31 13.833410
2 2 47 16.674619 91 16.519137
3
0 2 10 4.937338 23 4.745803
1 2 93 4.286404 89 10.659879
2 2 90 5.070313 27 5.078082
3
0 2 10 11.768658 43 5.987019
1 2 67 8.627995 74 19.310131
2 2 32 15.455751 95 15.161931
3
0 2 10 7.341584 70 9.550288
1 2 55 15.137336 22 5.123629
2 2 38 19.651348 41 13.351860
3
0 2 10 19.268445 88 12.132875
1 2 80 15.153328 81 14.667480
2 2 81 8.108952 84 14.782572
3
0 2 10 3.214371 11 17.395541
1 2 32 10.844092 74 1.571060
2 2 71 3.674980 19 2.596233
3
0 2 10 2.970635 44 9.859012
1 2 82 1.655634 26 11.608937
2 2 77 2.411391 42 5.010627
3
0 2 10 6.889039 78 17.052916
1 2 56 7.555254 53 5.518447
2 2 61 5.496434 11 19.176780
3
0 2 10 18.916721 98 13.316323
1 2 72 16.875588 41 19.640111
2 2 55 11.559362 48 11.434228
3
0 2 10 10.029775 95 11.187037
1 2 16 13.385524 80 8.800768
2 2 66 11.081304 61 15.960225
3
0 2 20 15.643133 65 3.343234
1 2 51 14.927891 93 14.625190
2 2 72 16.213305 92 1.714606
3
0 2 20 14.767021 71 19.263013
1 2 54 17.298588 94 8.199341
2 2 47 8.213997 56 12.060410
3
0 2 20 11.548213 24 15.132942
1 2 48 7.093517 87 1.880028
2 2 95 2.208482 67 16.192822
3
0 2 20 17.916706 72 17.899544
1 2 21 16.743563 99 1.527576
2 2 35 15.377548 26 8.958303
3
0 2 20 19.047380 70 9.695564
1 2 20 12.366121 83 13.448222
2 2 95 16.377050 88 15.953554
3
0 2 20 3.908338 52 2.951659
1 2 92 4.410672 50 3.993228
2 2 31 3.802152 48 10.161019
3
0 2 20 10.267500 47 9.295435
1 2 69 11.225156 61 10.875580
2 2 85 2.286253 99 13.943963
3
0 2 20 18.739724 47 19.530931
1 2 37 19.221968 87 19.448435
2 2 37 15.280790 95 14.033408
3
0 2 20 2.325875 25 11.861614
1 2 31 2.312561 60 2.391265
2 2 93 4.119945 21 7.599343
3
0 2 20 9.527784 26 14.600886
1 2 29 7.044929 36 9.456752
2 2 31 11.975762 65 3.309695
3
0 2 30 2.209289 41 2.262408
1 2 56 7.270446 44 10.387371
2 2 63 14.958979 65 14.302073
3
0 2 30 3.191221 44 16.312880
1 2 86 17.277010 31 11.119863
2 2 44 14.420485 75 16.420541
3
0 2 30 14.012033 48 5.716063
1 2 98 8.154314 68 6.657266
2 2 71 18.805527 99 9.034482
3
0 2 30 1.787101 82 11.062668
1 2 94 9.403415 31 6.858043
2 2 62 13.731104 41 12.175198
3
0 2 30 10.898526 70 8.901855
1 2 46 13.376110 66 2.043991
2 2 92 3.725763 59 19.786159
3
0 2 30 13.897387 85 17.824014
1 2 97 10.019158 31 11.679738
2 2 66 14.542483 38 1.734331
3
0 2 30 1.569683 49 5.301510
1 2 40 2.891691 81 2.207273
2 2 61 16.535674 71 12.329714
3
0 2 30 16.170342 34 8.904110
1 2 50 7.580637 38 18.183395
2 2 60 2.859927 48 9.038859
3
0 2 30 9.519237 41 9.747220
1 2 44 2.308080 39 4.620156
2 2 59 3.345815 91 9.045358
3
0 2 30 9.555400 86 6.670792
1 2 55 10.912091 63 2.471879
2 2 99 13.218165 76 5.005255
3
0 2 40 8.547483 58 17.410571
1 2 60 3.974229 43 15.100402
2 2 43 16.810515 48 16.548101
3
0 2 40 9.022374 84 3.809417
1 2 99 7.202862 90 17.224674
2 2 57 15.869931 81 14.947663
3
0 2 40 16.026563 67 3.127551
1 2 44 19.552281 95 6.701532
2 2 49 7.756104 50 5.174004
3
0 2 40 2.434739 54 18.591730
1 2 89 4.257186 49 6.494371
2 2 71 13.325346 91 11.818841
3
0 2 40 6.304762 99 16.688646
1 2 68 11.302913 78 3.796121
2 2 56 4.048379 89 6.611509
3
0 2 40 3.588556 55 16.502294
1 2 59 13.535057 70 16.796999
2 2 69 15.820461 98 18.736725
3
0 2 40 7.365553 97 10.958896
1 2 89 4.174808 86 6.415676
2 2 52 19.764868 70 9.770455
3
0 2 40 16.194453 45 9.946267
1 2 77 2.491282 79 17.297991
2 2 44 14.332271 48 15.767562
3
0 2 40 6.738686 51 2.051836
1 2 98 3.418257 92 2.567648
2 2 86 18.622173 92 16.144204
3
0 2 40 10.578998 46 10.653142
1 2 49 19.823433 57 11.334085
2 2 86 5.416973 44 13.631746
3
0 2 50 18.621017 97 8.723697
1 2 79 16.981379 59 12.243938
2 2 99 19.075616 84 8.306932
3
0 2 50 7.776436 56 10.097967
1 2 65 13.745567 72 1.950697
2 2 50 19.124057 87 4.754955
3
0 2 50 18.620347 86 2.707685
1 2 73 3.812827 90 9.957478
2 2 90 18.923644 50 10.818829
3
0 2 50 12.231295 75 6.809680
1 2 55 18.575117 91 16.712607
2 2 66 6.694501 94 3.334405
3
0 2 50 16.933223 83 7.994492
1 2 62 4.580201 57 11.732233
2 2 53 8.988300 64 13.549604
3
0 2 50 14.622004 76 16.215466
1 2 60 5.907033 80 7.826131
2 2 83 14.447027 85 7.808579
3
0 2 50 5.140376 68 15.818208
1 2 95 10.151909 70 12.601268
2 2 61 11.933540 91 18.573110
3
0 2 50 19.629647 93 16.574725
1 2 70 5.576299 82 5.517803
2 2 97 2.768120 67 13.599095
3
0 2 50 4.179242 51 12.234748
1 2 74 9.402921 84 7.880618
2 2 85 11.168631 69 3.240760
3
0 2 50 14.983328 80 10.250691
1 2 98 7.834081 93 17.830548
2 2 50 2.031253 89 2.445593
3
0 2 60 5.126821 93 13.827304
1 2 91 15.254240 70 17.615276
2 2 89 10.242559 62 19.679221
3
0 2 60 1.560110 87 15.138664
1 2 87 14.044469 99 5.336045
2 2 70 3.133254 69 8.382577
3
0 2 60 9.161002 81 9.911104
1 2 60 4.820636 68 6.973896
2 2 83 10.053410 93 7.713572
3
0 2 60 14.365178 73 16.177165
1 2 81 11.341856 95 4.811971
2 2 72 6.854130 76 9.999901
3
0 2 60 18.691050 97 12.573580
1 2 75 6.470105 89 9.864737
2 2 90 10.804386 84 10.795050
3
0 2 60 4.352855 86 17.542556
1 2 60 16.428738 92 4.520926
2 2 70 3.078382 93 7.423674
3
0 2 60 8.358038 99 5.817421
1 2 99 15.809484 84 13.498640
2 2 91 12.608757 80 13.398359
3
0 2 60 8.968145 96 3.652536
1 2 75 11.872423 98 19.787888
2 2 73 2.538530 91 2.288769
3
0 2 60 8.568943 94 14.995382
1 2 69 2.875651 70 17.092865
2 2 64 14.250247 91 16.275456
3
0 2 60 18.661356 81 6.850537
1 2 87 18.046348 75 14.406381
2 2 69 14.000963 80 17.745104
3
0 2 70 6.333725 74 8.440511
1 2 90 7.389660 70 9.013445
2 2 87 14.200546 80 18.496714
3
0 2 70 9.095215 73 17.442098
1 2 88 16.637932 97 5.560995
2 2 87 8.159480 77 16.790262
3
0 2 70 10.945817 71 16.709558
1 2 71 10.564893 81 6.474927
2 2 83 14.985195 75 4.168369
3
0 2 70 13.983893 81 14.307247
1 2 81 8.224242 88 11.537731
2 2 84 4.131865 97 13.739585
3
0 2 70 16.731632 81 14.504120
1 2 91 14.708109 78 2.287988
2 2 96 5.585281 76 6.391219
3
0 2 70 1.998534 80 6.955895
1 2 90 11.887563 94 16.992883
2 2 82 18.756181 80 3.782629
3
0 2 70 16.860964 77 5.547010
1 2 85 16.521121 70 15.008276
2 2 99 12.773158 71 15.128127
3
0 2 70 12.979315 78 2.171076
1 2 71 8.432369 77 15.660858
2 2 70 9.843696 88 10.101120
3
0 2 70 15.155095 71 14.886660
1 2 79 6.536463 93 6.265066
2 2 77 5.320511 75 2.145205
3
0 2 70 14.617269 99 11.359748
1 2 86 12.165570 97 2.090842
2 2 79 9.068511 99 8.554865
3
0 2 80 12.748695 95 13.398832
1 2 99 11.592471 89 14.985156
2 2 80 14.019225 94 6.666647
3
0 2 80 14.854189 91 14.008899
1 2 88 3.481698 90 8.388142
2 2 96 18.509560 85 1.637318
3
0 2 80 12.147571 81 2.786764
1 2 96 9.389463 97 9.422262
2 2 94 2.989676 89 14.599684
3
0 2 80 17.537719 89 4.188505
1 2 85 8.246534 98 19.044503
2 2 85 1.069043 87 2.285761
3
0 2 80 13.284991 82 16.048998
1 2 92 13.384511 93 18.369542
2 2 99 7.314512 89 8.537585
3
0 2 80 15.574799 90 3.909991
1 2 83 8.455198 80 6.345821
2 2 81 14.470199 92 14.063468
3
0 2 80 5.885010 95 11.116515
1 2 89 7.124832 98 7.608956
2 2 84 18.383408 95 12.678085
3
0 2 80 19.561449 92 11.636349
1 2 84 14.295439 85 2.550911
2 2 95 11.906592 97 15.137609
3
0 2 80 15.099807 93 15.602978
1 2 90 1.279865 83 6.184912
2 2 98 4.506030 81 16.120725
3
0 2 80 14.344116 84 16.806396
1 2 84 7.753559 90 11.763590
2 2 98 10.760381 82 11.232862
3
0 2 90 16.969497 97 11.790889
1 2 99 13.411144 93 6.033676
2 2 99 17.830687 96 14.440106
3
0 2 90 19.042626 99 4.664664
1 2 93 7.296381 92 9.391584
2 2 97 6.509932 91 8.545747
3
0 2 90 17.008908 98 9.925758
1 2 98 17.745569 90 4.765984
2 2 94 12.765034 95 12.180863
3
0 2 90 3.272347 91 6.298886
1 2 96 3.478657 92 17.217763
2 2 97 6.646323 92 5.408685
3
0 2 90 12.755795 95 14.469827
1 2 90 2.117537 92 5.705931
2 2 93 11.025006 99 3.007332
3
0 2 90 14.965551 96 19.434391
1 2 94 2.683736 91 14.290957
2 2 96 13.574179 97 15.808616
3
0 2 90 9.753604 94 6.578340
1 2 96 14.935464 91 8.695830
2 2 97 6.573963 99 18.932267
3
0 2 90 15.041151 94 12.762577
1 2 91 12.262938 94 18.180590
2 2 91 15.031996 98 5.151397
3
0 2 90 3.646025 92 13.675527
1 2 95 9.780625 96 17.765647
2 2 98 18.429471 96 4.838127
3
0 2 90 4.481408 98 9.428964
1 2 92 18.433821 98 15.383467
2 2 95 12.329241 96 13.367158
3
0 2 99 19.118402 99 11.258022
1 2 99 3.048999 99 16.835662
2 2 99 2.478300 99 18.394500
3
0 2 99 6.566135 99 1.857953
1 2 99 1.483351 99 8.255297
2 2 99 8.810010 99 4.740580
3
0 2 99 15.884134 99 7.780710
1 2 99 16.836479 99 17.895781
2 2 99 8.719008 99 10.176403
3
0 2 99 6.977548 99 13.440545
1 2 99 19.972644 99 9.901885
2 2 99 5.687960 99 17.356267
3
0 2 99 1.508414 99 9.023744
1 2 99 9.533731 99 4.891110
2 2 99 8.225920 99 13.288509
3
0 2 99 12.496193 99 11.430281
1 2 99 1.209474 99 15.821073
2 2 99 7.373101 99 3.699094
3
0 2 99 4.906969 99 10.223763
1 2 99 11.139663 99 9.990598
2 2 99 7.462652 99 1.864599
3
0 2 99 4.450810 99 19.881723
1 2 99 6.899537 99 14.058929
2 2 99 12.719681 99 18.719902
3
0 2 99 12.641161 99 13.402012
1 2 99 5.488042 99 15.826967
2 2 99 9.857757 99 14.334449
0
