100 99
3
0 2 10 14.817158 42 16.792925
1 2 90 2.803167 19 17.102906
2 2 87 6.473756 64 7.755471
3
0 2 10 1.897492 97 7.542212
1 2 74 11.882760 88 8.766452
2 2 73 8.386528 95 16.560626
3
0 2 10 3.374316 85 9.355059
1 2 13 9.023385 16 19.885227
2 2 76 15.225760 94 13.656047
3
0 2 10 1.989946 70 1.161471
1 2 35 9.143779 32 9.989027
2 2 30 8.248699 50 7.324396
3
0 2 10 2.382918 87 10.644860
1 2 13 15.477506 42 15.849166
2 2 37 12.426613 88 9.373426
3
0 2 10 1.278649 40 12.072683
1 2 93 3.369588 87 18.629075
2 2 53 10.565868 85 2.943493
3
0 2 10 5.925443 60 1.075980
1 2 71 14.251473 45 1.484302
2 2 30 13.072339 85 2.748533
3
0 2 10 12.819525 87 8.637425
1 2 28 8.964436 31 14.836854
2 2 54 5.971510 64 5.747030
3
0 2 10 3.873387 91 14.036069
1 2 84 13.162736 93 1.371449
2 2 53 1.860769 62 18.188833
3
0 2 10 15.279207 44 4.218740
1 2 77 6.648028 13 19.694213
2 2 71 11.557171 35 4.461107
3
0 2 20 2.967819 50 13.940914
1 2 23 5.940108 68 9.266010
2 2 57 15.293046 43 14.334281
3
0 2 20 2.162420 82 10.121516
1 2 46 15.088424 93 3.717746
2 2 70 2.284585 99 16.012816
3
0 2 20 13.021397 71 14.946687
1 2 70 4.143259 45 11.679089
2 2 69 3.856844 21 2.681637
3
0 2 20 12.900896 57 2.673289
1 2 86 4.679646 27 5.942051
2 2 45 8.878277 54 16.817288
3
0 2 20 11.436036 36 12.932424
1 2 72 2.960671 80 6.683024
2 2 44 9.855582 56 3.684191
3
0 2 20 15.120394 28 3.130906
1 2 96 10.409263 35 6.695128
2 2 98 18.544388 76 7.322127
3
0 2 20 11.157680 97 4.780398
1 2 62 16.273376 27 11.190374
2 2 58 11.240112 92 14.315626
3
0 2 20 12.575721 31 2.447831
1 2 55 18.145211 24 5.558985
2 2 77 6.127452 91 16.023882
3
0 2 20 10.942669 63 11.529726
1 2 75 8.943613 52 10.211605
2 2 38 9.473280 80 15.207121
3
0 2 20 13.145764 30 11.040602
1 2 46 15.973189 96 10.627410
2 2 98 17.464757 71 3.084492
3
0 2 30 10.502469 94 8.529231
1 2 59 19.989666 95 4.451098
2 2 35 12.983281 36 1.211287
3
0 2 30 3.993560 82 5.771310
1 2 49 11.169655 98 1.009180
2 2 93 18.083506 78 10.727214
3
0 2 30 6.820749 55 17.053942
1 2 90 14.415446 89 5.482451
2 2 48 17.488133 82 7.172603
3
0 2 30 12.418183 86 12.386514
1 2 84 18.493147 77 18.664666
2 2 45 5.501522 32 13.181468
3
0 2 30 7.396735 84 12.967959
1 2 95 2.634436 88 19.696195
2 2 62 11.460064 69 11.014317
3
0 2 30 12.044785 35 8.067815
1 2 42 18.647231 79 15.754510
2 2 54 7.859465 71 8.540203
3
0 2 30 17.780922 91 16.934651
1 2 64 4.503671 62 11.501305
2 2 42 19.708265 32 6.389078
3
0 2 30 3.093395 49 9.680230
1 2 47 14.296997 55 19.358420
2 2 99 6.129713 60 7.889645
3
0 2 30 15.844159 80 17.230994
1 2 83 17.111018 63 16.361632
2 2 52 16.350416 44 8.582575
3
0 2 30 18.709317 88 10.377601
1 2 94 11.218873 30 17.584098
2 2 63 9.611819 50 11.354303
3
0 2 40 7.719335 60 9.633474
1 2 78 17.735530 98 11.511965
2 2 79 15.766140 89 16.353684
3
0 2 40 14.431577 81 18.885290
1 2 43 17.240335 90 5.889680
2 2 98 3.479356 83 19.929243
3
0 2 40 9.098167 58 15.509984
1 2 92 5.311406 54 1.725052
2 2 71 18.687390 80 2.819272
3
0 2 40 9.189304 72 14.603078
1 2 73 17.526821 77 7.107342
2 2 93 6.151713 67 16.854118
3
0 2 40 17.756491 42 8.304028
1 2 46 16.663572 63 13.240494
2 2 61 15.830139 98 6.276890
3
0 2 40 2.543602 64 8.041039
1 2 62 4.855910 71 6.508911
2 2 59 18.924797 63 14.812744
3
0 2 40 8.296838 53 13.005187
1 2 84 9.321230 43 12.212132
2 2 46 18.166047 64 8.808312
3
0 2 40 13.691746 52 13.182640
1 2 43 8.589363 68 14.167365
2 2 59 2.153720 77 3.776634
3
0 2 40 2.685077 80 7.605873
1 2 82 12.326332 62 5.115671
2 2 80 13.850338 88 19.221955
3
0 2 40 11.185220 67 8.370802
1 2 54 11.291880 99 3.515859
2 2 96 8.246323 65 6.786410
3
0 2 50 4.289918 69 5.469796
1 2 75 13.942986 76 8.909364
2 2 64 2.337967 99 12.367763
3
0 2 50 3.172275 93 6.919170
1 2 54 19.624366 73 9.721791
2 2 55 11.953683 93 18.763895
3
0 2 50 9.647047 62 17.506969
1 2 76 10.011192 95 2.815499
2 2 72 17.628062 59 8.605858
3
0 2 50 13.342460 91 15.329685
1 2 88 2.316514 86 16.083199
2 2 98 12.390267 70 11.153111
3
0 2 50 16.274623 78 16.700602
1 2 69 19.874987 62 10.952312
2 2 71 17.946694 67 3.975954
3
0 2 50 17.310084 57 6.131040
1 2 66 4.203707 70 2.408217
2 2 83 10.848856 61 18.453568
3
0 2 50 11.887514 52 14.366947
1 2 94 10.753463 67 10.700905
2 2 60 18.038335 77 19.936652
3
0 2 50 16.873011 89 10.156329
1 2 52 15.593898 94 10.221054
2 2 65 5.947186 82 7.883156
3
0 2 50 19.415776 72 8.768824
1 2 87 12.750045 90 14.352479
2 2 88 12.645681 54 1.000532
3
0 2 50 12.332296 97 6.851488
1 2 53 14.051521 58 18.752400
2 2 91 18.862796 92 1.135317
3
0 2 60 5.718463 66 15.318077
1 2 86 4.760384 66 14.868381
2 2 82 7.172744 79 15.114385
3
0 2 60 18.897146 97 10.352124
1 2 61 18.208326 91 13.860188
2 2 73 18.855570 88 7.922478
3
0 2 60 11.550941 68 2.887856
1 2 79 12.023142 75 7.211819
2 2 86 10.940969 93 1.103959
3
0 2 60 10.987992 81 10.337465
1 2 84 7.302831 73 11.292256
2 2 75 7.063239 61 5.934578
3
0 2 60 11.962579 89 14.965775
1 2 83 17.266710 76 12.170347
2 2 83 16.577269 78 1.159446
3
0 2 60 14.614479 63 6.615171
1 2 69 2.571301 71 8.683068
2 2 67 11.778584 60 6.436767
3
0 2 60 17.252183 88 1.871737
1 2 61 1.951606 66 8.099227
2 2 87 7.445907 69 8.426144
3
0 2 60 7.359847 73 15.753943
1 2 84 15.541801 89 11.262832
2 2 77 9.743047 60 11.367415
3
0 2 60 1.505108 87 5.543951
1 2 62 6.438007 86 3.725128
2 2 68 17.673540 66 2.112591
3
0 2 60 8.783604 63 12.144747
1 2 71 9.477765 78 11.486821
2 2 72 2.225990 91 5.035422
3
0 2 70 5.669698 76 5.211209
1 2 76 10.210582 98 12.335919
2 2 94 9.534434 85 16.078985
3
0 2 70 14.811190 83 18.212285
1 2 99 17.516611 96 2.510152
2 2 74 3.093524 93 19.880828
3
0 2 70 19.351176 87 7.149143
1 2 84 7.040256 72 2.666891
2 2 75 15.357960 82 10.793318
3
0 2 70 2.890494 89 16.070936
1 2 73 13.328157 85 2.624088
2 2 75 19.304033 79 10.565826
3
0 2 70 9.868234 93 2.587308
1 2 94 13.963126 86 19.532536
2 2 93 6.871661 95 4.129116
3
0 2 70 5.874128 94 3.282598
1 2 94 10.584418 72 18.205476
2 2 74 6.284901 84 7.047175
3
0 2 70 7.956372 88 9.091230
1 2 94 2.264467 71 10.626763
2 2 78 15.840745 90 4.794257
3
0 2 70 11.838827 72 5.408133
1 2 97 3.906385 83 18.701954
2 2 74 10.388640 97 2.339100
3
0 2 70 2.129738 91 3.322095
1 2 90 1.960272 75 19.896682
2 2 73 5.610726 76 19.100623
3
0 2 70 3.350780 90 18.544748
1 2 99 6.810594 87 10.857522
2 2 98 13.338237 79 15.472729
3
0 2 80 12.897110 83 15.834118
1 2 91 16.981416 88 1.033590
2 2 99 2.179244 98 15.759578
3
0 2 80 9.073590 92 16.937275
1 2 93 4.049085 83 4.975743
2 2 86 11.871403 82 16.098629
3
0 2 80 17.205134 92 17.407309
1 2 94 5.553909 91 5.801847
2 2 96 16.320640 81 1.422416
3
0 2 80 8.157678 83 17.148575
1 2 86 16.175260 98 11.828537
2 2 81 1.004698 83 11.560222
3
0 2 80 15.405538 89 9.317574
1 2 81 10.029871 85 2.524253
2 2 88 10.350871 94 8.968387
3
0 2 80 11.060298 88 11.029679
1 2 84 19.723291 98 8.411780
2 2 87 13.045729 98 10.621120
3
0 2 80 17.992539 85 1.069904
1 2 92 3.365562 96 9.611851
2 2 97 13.269394 99 18.257577
3
0 2 80 10.944447 83 13.436251
1 2 94 11.040159 86 17.496214
2 2 95 6.080506 90 9.737739
3
0 2 80 14.839477 94 12.847331
1 2 96 7.589927 94 15.642818
2 2 94 13.735560 97 9.740140
3
0 2 80 16.329846 88 13.294462
1 2 94 13.191289 99 13.215054
2 2 99 12.574091 87 18.964571
3
0 2 90 10.699778 94 9.790566
1 2 93 19.140296 90 4.357414
2 2 94 5.942409 93 1.854655
3
0 2 90 8.856996 97 15.613992
1 2 92 14.775256 90 9.185187
2 2 95 11.477598 99 13.833203
3
0 2 90 18.724168 91 19.842125
1 2 91 7.134516 99 4.078495
2 2 90 12.701048 94 11.258717
3
0 2 90 15.452723 99 5.646920
1 2 90 8.958592 97 8.821496
2 2 95 11.826293 96 2.760403
3
0 2 90 12.878503 92 10.419464
1 2 98 19.534260 91 6.540969
2 2 91 14.917931 96 3.909614
3
0 2 90 10.450665 97 8.422979
1 2 93 18.605019 95 18.765132
2 2 95 1.993304 99 2.859597
3
0 2 90 4.907120 92 2.888498
1 2 95 13.355471 90 5.569965
2 2 91 16.473306 95 14.358002
3
0 2 90 18.574781 95 12.599468
1 2 96 7.074203 90 6.407428
2 2 91 2.397601 95 11.083320
3
0 2 90 13.699457 99 1.659119
1 2 98 15.800647 94 12.727072
2 2 90 14.759998 92 19.163497
3
0 2 90 1.844123 96 12.391064
1 2 95 6.876441 94 8.232870
2 2 99 3.838924 91 11.478060
3
0 2 99 7.311278 99 5.088907
1 2 99 7.164974 99 13.407989
2 2 99 18.441024 99 8.136120
3
0 2 99 12.356114 99 11.891673
1 2 99 1.770185 99 9.291219
2 2 99 10.400807 99 7.612848
3
0 2 99 8.582626 99 3.980470
1 2 99 5.572607 99 18.128608
2 2 99 9.633959 99 11.715741
3
0 2 99 2.059926 99 1.040397
1 2 99 4.035908 99 15.666624
2 2 99 14.682811 99 11.461243
3
0 2 99 17.588996 99 8.554224
1 2 99 10.179734 99 17.177042
2 2 99 10.793957 99 11.661447
3
0 2 99 17.198508 99 8.822262
1 2 99 8.734850 99 6.879640
2 2 99 12.912070 99 12.891170
3
0 2 99 4.864888 99 10.508170
1 2 99 14.298547 99 10.046097
2 2 99 14.061787 99 16.548088
3
0 2 99 16.504107 99 5.276390
1 2 99 15.364609 99 5.469594
2 2 99 17.381485 99 17.522325
3
0 2 99 15.851280 99 5.912544
1 2 99 7.498516 99 1.256191
2 2 99 9.186611 99 7.387284
0
