20 19
3
0 2 5 16.475740 19 10.295077
1 2 11 9.816884 10 2.824508
2 2 19 11.347816 9 7.630539
3
0 2 5 9.307777 9 18.941667
1 2 16 19.484929 17 2.196744
2 2 8 4.513115 13 1.562460
3
0 2 5 13.713182 14 18.481809
1 2 6 2.345711 10 6.780728
2 2 7 12.468635 17 3.305603
3
0 2 5 4.294939 16 3.035146
1 2 16 5.564958 17 14.534938
2 2 11 14.372244 16 3.447585
3
0 2 5 18.551929 11 9.338942
1 2 17 16.477028 7 4.358212
2 2 11 5.914376 6 13.151992
3
0 2 10 15.364925 12 10.443961
1 2 18 19.179782 16 7.385641
2 2 16 12.201017 12 1.550729
3
0 2 10 11.686016 16 3.729180
1 2 11 14.736010 14 17.321846
2 2 16 15.298507 11 3.869737
3
0 2 10 16.949774 17 7.028911
1 2 12 14.920215 13 16.127493
2 2 13 14.662425 10 16.470746
3
0 2 10 14.119267 15 5.461048
1 2 12 7.472812 10 3.599227
2 2 15 12.471194 16 7.683164
3
0 2 10 18.748105 17 13.740318
1 2 11 15.923452 14 14.667726
2 2 17 5.387222 16 9.424774
3
0 2 15 14.851961 17 5.292003
1 2 15 16.808815 16 1.023212
2 2 17 5.727962 16 10.570982
3
0 2 15 16.518281 18 18.600812
1 2 16 12.123071 19 18.572422
2 2 16 2.087295 17 3.264007
3
0 2 15 16.938236 16 9.655711
1 2 19 17.020495 16 15.001604
2 2 19 9.765456 15 18.207460
3
0 2 15 13.379555 16 5.404471
1 2 15 13.032252 19 4.595967
2 2 15 1.458010 19 3.627634
3
0 2 15 17.249948 17 9.014295
1 2 19 18.773432 18 2.080749
2 2 16 17.071654 15 5.357794
3
0 2 19 9.345528 19 10.864736
1 2 19 12.642110 19 17.805241
2 2 19 11.239313 19 3.301008
3
0 2 19 4.300171 19 5.226444
1 2 19 6.912523 19 12.374259
2 2 19 14.650388 19 8.275340
3
0 2 19 19.907689 19 12.487521
1 2 19 16.371055 19 19.633709
2 2 19 8.113493 19 19.854057
3
0 2 19 4.723241 19 13.227593
1 2 19 1.934773 19 18.573268
2 2 19 7.129485 19 4.834103
0
