100 99
3
0 2 10 17.544018 86 12.297198
1 2 10 3.904510 89 11.631649
2 2 52 2.990518 16 19.590163
3
0 2 10 3.138812 58 2.698424
1 2 73 19.296569 56 7.399807
2 2 19 7.740891 58 14.772726
3
0 2 10 11.877295 22 18.686012
1 2 83 6.981521 65 1.867837
2 2 20 2.883454 87 10.275219
3
0 2 10 12.213074 37 12.610827
1 2 93 7.322867 46 16.903147
2 2 62 11.563826 19 19.153164
3
0 2 10 18.687958 65 5.467841
1 2 78 10.797302 94 16.709330
2 2 69 4.232898 98 12.559654
3
0 2 10 8.197839 97 11.799092
1 2 16 3.810008 87 15.104392
2 2 35 6.977096 97 3.692758
3
0 2 10 2.414872 55 14.050091
1 2 92 11.583287 21 8.963357
2 2 72 3.318652 91 3.873448
3
0 2 10 16.823720 80 19.688299
1 2 89 5.847095 45 11.421444
2 2 14 5.477492 45 17.592578
3
0 2 10 14.428299 42 5.407299
1 2 18 17.772356 85 10.958149
2 2 86 19.778711 45 5.559944
3
0 2 10 10.456688 97 16.325206
1 2 63 18.711966 59 12.461115
2 2 20 2.034521 66 17.801956
3
0 2 20 19.806911 66 11.384291
1 2 82 4.813582 42 18.330340
2 2 60 2.133296 61 5.215292
3
0 2 20 4.894228 90 6.562721
1 2 67 12.067776 28 3.620157
2 2 53 9.735178 51 9.056618
3
0 2 20 16.028368 65 11.684214
1 2 61 15.078264 98 5.859408
2 2 43 16.794616 71 12.454377
3
0 2 20 17.462518 33 4.928072
1 2 22 1.066490 77 6.063488
2 2 70 16.864380 64 14.051838
3
0 2 20 18.266321 56 19.276070
1 2 68 15.930203 33 13.334481
2 2 49 17.153725 30 7.856739
3
0 2 20 19.353968 81 13.667643
1 2 52 10.983228 42 12.338783
2 2 77 2.566122 28 9.094149
3
0 2 20 18.408982 62 3.893878
1 2 75 10.913418 44 16.097736
2 2 90 17.419357 70 19.546892
3
0 2 20 3.558945 99 3.184486
1 2 27 18.401490 60 10.543739
2 2 38 8.944603 86 11.206264
3
0 2 20 3.903987 21 3.777777
1 2 44 8.266297 74 16.208387
2 2 74 13.556153 45 2.709475
3
0 2 20 13.267141 32 12.327923
1 2 39 16.755321 34 16.791226
2 2 94 4.587076 30 13.061643
3
0 2 30 13.663203 85 16.063957
1 2 31 17.244494 99 11.109871
2 2 35 8.070783 53 19.460222
3
0 2 30 10.461406 58 13.095287
1 2 52 11.610590 99 15.012968
2 2 62 17.474161 32 8.236450
3
0 2 30 14.516723 99 18.648277
1 2 56 13.029692 33 11.679600
2 2 37 11.006353 85 2.857332
3
0 2 30 7.864965 85 17.899685
1 2 41 11.399022 88 19.554196
2 2 54 3.645343 75 5.307141
3
0 2 30 6.401997 90 16.067872
1 2 49 15.149765 82 14.786306
2 2 88 4.315315 47 6.149687
3
0 2 30 1.351986 45 19.364843
1 2 38 11.647563 45 15.630316
2 2 67 10.392115 46 14.305482
3
0 2 30 1.208913 62 19.073941
1 2 54 11.445584 78 10.366564
2 2 70 10.924843 47 13.063314
3
0 2 30 4.376105 46 4.856176
1 2 45 2.745869 69 8.576939
2 2 32 19.849004 54 19.074188
3
0 2 30 7.816204 92 2.939679
1 2 41 10.613021 62 9.229306
2 2 79 4.688917 36 15.134072
3
0 2 30 17.187130 99 18.261466
1 2 30 17.787711 83 12.219797
2 2 95 18.607983 81 2.714007
3
0 2 40 3.071695 78 13.715197
1 2 83 19.858478 95 15.610628
2 2 51 8.593757 92 9.281098
3
0 2 40 6.088654 67 12.312609
1 2 77 14.454167 67 12.589531
2 2 99 10.264139 48 9.707675
3
0 2 40 1.038031 57 15.061846
1 2 56 16.724356 77 8.993758
2 2 47 16.678648 84 3.897452
3
0 2 40 4.364526 58 18.530262
1 2 56 3.878146 88 17.455901
2 2 42 5.837782 57 7.513855
3
0 2 40 11.190135 54 8.966302
1 2 70 1.386321 51 9.151502
2 2 79 6.448074 96 5.216706
3
0 2 40 16.401586 55 15.888141
1 2 66 16.729040 53 4.612294
2 2 95 17.305496 92 18.955057
3
0 2 40 2.380515 43 3.990784
1 2 51 15.346474 72 15.098832
2 2 82 11.377054 85 18.505280
3
0 2 40 8.706000 54 6.396263
1 2 68 17.005014 73 1.395637
2 2 78 5.408840 92 18.893760
3
0 2 40 6.538349 92 2.598636
1 2 63 8.729210 91 1.097061
2 2 70 1.340969 53 16.612114
3
0 2 40 16.487688 60 11.352520
1 2 45 3.264952 69 10.557105
2 2 70 16.189198 46 12.294412
3
0 2 50 14.454954 94 2.713540
1 2 67 13.590181 88 6.937993
2 2 91 13.700863 64 6.399859
3
0 2 50 14.408696 60 9.108187
1 2 69 5.064546 88 3.228973
2 2 61 11.647730 97 16.099190
3
0 2 50 12.369161 96 19.258429
1 2 83 15.609149 66 7.981869
2 2 62 19.736789 97 18.926199
3
0 2 50 11.632393 98 11.631007
1 2 91 2.276446 65 7.552550
2 2 84 16.260254 70 16.615028
3
0 2 50 6.475463 74 18.303245
1 2 83 7.173692 63 15.573825
2 2 84 9.513583 55 5.558755
3
0 2 50 5.662528 80 1.232909
1 2 96 5.945306 77 13.153566
2 2 58 13.408056 66 14.616670
3
0 2 50 7.340820 98 1.031692
1 2 66 5.222121 58 11.317587
2 2 53 3.680741 69 11.933026
3
0 2 50 16.287580 84 13.962805
1 2 92 10.400116 90 15.235142
2 2 86 16.079472 87 13.922055
3
0 2 50 1.824169 57 2.799000
1 2 52 3.391784 68 9.315805
2 2 79 19.739809 62 8.542341
3
0 2 50 2.490735 54 6.430076
1 2 63 8.620855 89 18.110416
2 2 56 17.401876 55 17.329763
3
0 2 60 10.469696 61 2.328706
1 2 61 11.528439 64 17.491769
2 2 82 11.696298 74 13.226013
3
0 2 60 14.388294 96 13.877832
1 2 83 16.945073 70 9.735872
2 2 71 16.391452 85 2.855777
3
0 2 60 5.379742 92 6.738227
1 2 61 9.682401 87 9.330036
2 2 69 17.693793 90 8.632588
3
0 2 60 8.795371 69 15.052362
1 2 75 4.935887 62 3.133328
2 2 81 19.986585 86 16.952847
3
0 2 60 18.862189 64 17.619564
1 2 75 15.340469 98 4.506216
2 2 69 16.890343 70 4.602449
3
0 2 60 13.555289 93 9.775372
1 2 65 19.658434 86 17.618078
2 2 90 6.812428 65 5.554483
3
0 2 60 19.462863 75 8.564192
1 2 81 11.389858 95 18.233614
2 2 64 18.423935 80 14.473233
3
0 2 60 6.104896 93 3.528880
1 2 82 6.155154 85 14.106782
2 2 65 4.415686 85 16.176140
3
0 2 60 13.431563 85 3.529992
1 2 67 16.097602 63 4.015178
2 2 89 13.123500 96 11.572484
3
0 2 60 5.677406 89 10.979374
1 2 74 10.511794 76 2.768204
2 2 86 9.811151 75 1.481557
3
0 2 70 19.662948 75 14.549714
1 2 88 4.791421 94 17.312703
2 2 86 1.038134 88 17.689126
3
0 2 70 17.385252 84 7.091720
1 2 80 9.150314 86 16.307936
2 2 94 17.037314 85 18.631203
3
0 2 70 17.956325 84 3.373776
1 2 90 6.373190 78 12.548615
2 2 97 13.541697 83 5.817112
3
0 2 70 4.801893 97 11.823478
1 2 73 13.528027 81 19.473073
2 2 98 15.871476 83 14.635364
3
0 2 70 4.183862 77 16.513019
1 2 79 9.422714 78 9.107752
2 2 72 10.487600 81 18.841961
3
0 2 70 16.370804 81 14.640588
1 2 97 12.900475 80 7.832132
2 2 72 11.548222 85 2.169655
3
0 2 70 15.063586 89 3.373441
1 2 76 3.169538 99 17.586720
2 2 90 18.253041 71 4.096488
3
0 2 70 15.305928 81 18.019275
1 2 78 14.428944 90 9.347681
2 2 91 6.115382 86 9.431808
3
0 2 70 7.547308 86 11.684372
1 2 73 2.845527 86 10.138952
2 2 72 14.053068 87 17.511723
3
0 2 70 16.581324 99 1.308704
1 2 80 12.729116 97 4.601010
2 2 91 15.796014 83 9.790646
3
0 2 80 8.412023 91 5.009297
1 2 89 16.552024 93 16.779503
2 2 82 8.965421 83 6.352883
3
0 2 80 15.764478 95 1.030288
1 2 98 10.113673 95 2.816537
2 2 91 1.286172 81 7.578183
3
0 2 80 5.462155 97 7.877764
1 2 81 9.469637 84 19.514935
2 2 92 2.232095 81 15.674479
3
0 2 80 6.761839 84 1.367122
1 2 85 2.105112 98 8.682526
2 2 96 2.889451 92 19.477083
3
0 2 80 12.341404 93 17.812056
1 2 82 16.193495 99 11.598211
2 2 94 5.511658 80 10.873427
3
0 2 80 1.267071 81 5.825195
1 2 92 4.015388 83 1.667421
2 2 97 13.564692 94 4.342516
3
0 2 80 18.923716 83 6.138365
1 2 89 9.126383 91 11.415655
2 2 88 9.192541 99 17.090081
3
0 2 80 1.159482 85 9.660613
1 2 99 8.497886 97 2.900998
2 2 97 9.664446 90 17.284039
3
0 2 80 4.494194 92 5.498076
1 2 93 18.469616 88 13.536050
2 2 88 6.620416 99 17.881721
3
0 2 80 12.448700 88 5.637602
1 2 99 14.543175 94 10.044567
2 2 84 13.328624 99 16.156926
3
0 2 90 13.021003 97 12.265656
1 2 94 7.000469 93 10.931208
2 2 92 13.429523 90 6.073150
3
0 2 90 19.115668 99 18.221865
1 2 91 7.936598 98 15.889320
2 2 93 8.308760 96 19.715729
3
0 2 90 11.263735 94 6.943605
1 2 92 19.558445 97 14.702706
2 2 90 19.719686 92 5.428193
3
0 2 90 14.494525 98 7.355700
1 2 98 2.445796 97 6.308607
2 2 99 11.310565 90 6.459462
3
0 2 90 7.185193 93 17.479265
1 2 95 1.467470 96 8.741323
2 2 96 1.080886 97 4.953584
3
0 2 90 7.417126 94 15.453558
1 2 90 5.668601 93 17.224011
2 2 91 13.070264 97 5.670109
3
0 2 90 18.489287 94 19.700802
1 2 96 13.896724 97 12.104805
2 2 93 11.615385 94 16.166127
3
0 2 90 19.773855 96 2.657385
1 2 90 5.158492 91 18.414054
2 2 99 2.004112 98 2.682411
3
0 2 90 4.488660 94 18.241127
1 2 99 13.738560 94 15.605147
2 2 98 12.722749 96 9.091834
3
0 2 90 3.638603 98 13.050695
1 2 99 11.970606 94 2.037704
2 2 91 7.466366 96 10.954080
3
0 2 99 9.439188 99 7.517426
1 2 99 15.265173 99 16.440211
2 2 99 9.674480 99 10.960312
3
0 2 99 16.580506 99 15.384137
1 2 99 12.403320 99 4.203746
2 2 99 15.867904 99 10.468134
3
0 2 99 2.021265 99 11.782705
1 2 99 12.937513 99 6.961885
2 2 99 1.326963 99 15.107267
3
0 2 99 11.839206 99 14.848806
1 2 99 5.333271 99 13.506645
2 2 99 2.835056 99 1.742161
3
0 2 99 3.858176 99 4.603785
1 2 99 1.745419 99 16.565873
2 2 99 15.063643 99 3.603492
3
0 2 99 8.858889 99 11.856714
1 2 99 8.235938 99 1.401200
2 2 99 1.698391 99 4.604133
3
0 2 99 8.637435 99 11.799387
1 2 99 8.619391 99 17.452408
2 2 99 6.536692 99 14.961415
3
0 2 99 9.854048 99 10.998570
1 2 99 9.534678 99 18.823867
2 2 99 9.540968 99 12.863721
3
0 2 99 12.913628 99 12.204571
1 2 99 13.337020 99 14.289571
2 2 99 18.286285 99 14.904740
0
