200 199
3
0 2 20 11.656554 55 19.568379
1 2 73 7.371005 130 7.843026
2 2 150 7.786235 56 18.810814
3
0 2 20 13.464328 122 2.297282
1 2 142 11.541153 83 5.920970
2 2 111 10.565672 26 9.134635
3
0 2 20 6.601413 185 9.791970
1 2 31 18.959389 140 4.407462
2 2 30 3.735027 71 6.753475
3
0 2 20 10.324977 125 16.140674
1 2 41 2.447819 33 1.624998
2 2 112 10.030232 106 14.429020
3
0 2 20 11.753300 97 17.235980
1 2 65 16.848889 48 2.140510
2 2 42 2.667598 126 3.141316
3
0 2 20 4.134072 121 10.131510
1 2 173 4.449298 20 7.897599
2 2 81 14.527608 84 9.848398
3
0 2 20 5.175555 178 6.930309
1 2 146 1.548383 161 5.946026
2 2 177 10.063562 28 8.473335
3
0 2 20 13.913132 186 10.650839
1 2 168 3.053894 77 13.462727
2 2 104 4.477468 136 7.883093
3
0 2 20 2.465984 144 8.934644
1 2 55 3.394297 102 4.993466
2 2 182 8.207421 48 14.748245
3
0 2 20 11.065868 179 10.499978
1 2 191 8.414544 29 17.266680
2 2 139 9.870150 86 14.588933
3
0 2 20 19.314471 33 7.349297
1 2 110 12.454904 122 13.695312
2 2 110 1.080129 167 4.337700
3
0 2 20 6.708762 193 6.603791
1 2 96 2.144358 99 4.271260
2 2 71 4.542628 90 4.949706
3
0 2 20 2.428808 110 1.772039
1 2 136 2.556175 52 12.579977
2 2 103 9.607173 34 6.722070
3
0 2 20 6.388667 110 17.129057
1 2 107 6.916410 45 6.985305
2 2 193 18.937160 99 5.663737
3
0 2 20 2.704458 180 3.696691
1 2 85 13.739111 189 1.315672
2 2 170 6.394749 100 13.685789
3
0 2 20 12.767323 56 2.470147
1 2 62 4.188436 115 4.403155
2 2 129 9.050727 154 1.340349
3
0 2 20 19.641635 106 19.208381
1 2 185 10.626544 58 18.414909
2 2 30 13.381086 26 4.875005
3
0 2 20 6.850978 80 8.153293
1 2 46 15.177872 184 11.603719
2 2 154 1.338335 176 7.707085
3
0 2 20 15.826632 34 17.705959
1 2 173 11.941494 34 18.483651
2 2 71 4.670598 100 14.457417
3
0 2 20 15.890998 123 4.742625
1 2 190 18.166303 125 6.501381
2 2 92 1.474346 146 15.226635
3
0 2 40 18.483188 167 6.855599
1 2 150 14.103638 48 13.723362
2 2 194 8.264653 111 11.725414
3
0 2 40 15.388596 41 6.765371
1 2 127 6.336874 121 18.523760
2 2 68 1.404921 119 9.426397
3
0 2 40 4.234609 150 7.426109
1 2 66 9.192534 110 16.635603
2 2 90 7.554564 53 8.774978
3
0 2 40 16.450075 101 2.354884
1 2 185 8.746396 181 6.762553
2 2 182 6.480378 194 5.135517
3
0 2 40 12.671308 70 19.987235
1 2 149 13.924998 184 10.021386
2 2 140 17.177518 46 6.412281
3
0 2 40 7.896174 148 1.605633
1 2 117 8.599581 119 9.488770
2 2 90 11.409756 91 11.982884
3
0 2 40 10.571190 69 3.756958
1 2 112 2.167748 114 12.170956
2 2 143 13.780973 81 12.568547
3
0 2 40 13.279312 158 4.717461
1 2 183 18.558086 42 8.669331
2 2 199 1.597878 87 8.082415
3
0 2 40 13.421894 172 1.464571
1 2 80 7.610121 84 13.229480
2 2 174 7.731417 42 8.081694
3
0 2 40 4.084916 113 15.557684
1 2 129 17.777956 152 19.716490
2 2 41 14.730987 133 3.073161
3
0 2 40 3.340863 122 8.324242
1 2 113 10.111429 41 17.675556
2 2 185 8.195667 142 6.980506
3
0 2 40 14.608320 62 10.688951
1 2 48 5.792231 87 14.797738
2 2 88 9.245495 131 8.568699
3
0 2 40 9.120305 126 2.899350
1 2 143 9.282791 45 4.848825
2 2 171 13.012036 197 3.408572
3
0 2 40 15.107840 168 7.183499
1 2 163 15.513786 136 10.433717
2 2 81 14.945251 148 5.806217
3
0 2 40 12.113659 153 2.760776
1 2 81 18.794610 78 12.880102
2 2 135 18.574361 156 13.761495
3
0 2 40 10.254420 156 12.457302
1 2 174 19.207892 109 2.539197
2 2 132 4.216224 111 18.146006
3
0 2 40 13.009678 58 1.616037
1 2 98 13.247484 102 16.556945
2 2 52 8.879770 56 2.244208
3
0 2 40 8.711710 69 8.312507
1 2 85 14.808477 42 11.080256
2 2 162 11.081580 49 4.625971
3
0 2 40 10.958597 81 18.682009
1 2 134 1.348103 143 6.018698
2 2 116 18.928802 133 15.276388
3
0 2 40 14.596601 107 13.381024
1 2 90 3.577850 99 15.079934
2 2 171 11.935984 134 8.385675
3
0 2 60 3.503563 110 13.850910
1 2 165 9.943561 118 2.387045
2 2 163 4.131359 65 2.589767
3
0 2 60 13.577527 117 14.944269
1 2 122 1.103044 60 19.800688
2 2 82 18.374688 182 8.857459
3
0 2 60 5.374282 136 11.820392
1 2 101 17.692046 178 11.406375
2 2 147 1.134703 106 19.835100
3
0 2 60 18.692740 75 15.163954
1 2 107 5.041051 130 19.636843
2 2 142 19.485110 61 18.585567
3
0 2 60 3.350053 147 1.603941
1 2 110 8.929432 192 1.783629
2 2 135 8.785619 175 5.011278
3
0 2 60 16.098627 125 10.567649
1 2 193 18.988472 144 11.942906
2 2 125 6.629033 199 11.974737
3
0 2 60 2.660853 117 19.303469
1 2 86 6.032185 113 10.478318
2 2 121 14.384896 165 5.679484
3
0 2 60 17.605173 73 17.697334
1 2 160 6.502453 68 18.762844
2 2 194 18.562010 193 1.365360
3
0 2 60 11.330111 103 8.893843
1 2 98 19.486408 183 4.958432
2 2 192 16.581094 166 17.394113
3
0 2 60 8.928648 152 19.061396
1 2 121 3.515702 108 2.985948
2 2 64 15.591357 174 13.718896
3
0 2 60 2.404516 161 13.709878
1 2 193 12.014304 148 13.588136
2 2 182 6.912593 143 4.318033
3
0 2 60 3.795582 89 1.608626
1 2 96 15.115464 177 8.488680
2 2 159 14.717826 97 18.895687
3
0 2 60 8.497062 107 11.665004
1 2 117 17.659644 187 17.255215
2 2 193 5.421877 88 14.121915
3
0 2 60 3.163478 184 19.359310
1 2 147 1.655485 187 18.115607
2 2 181 8.477375 147 19.618564
3
0 2 60 5.422107 186 4.296152
1 2 63 17.450399 77 8.142251
2 2 124 6.700763 190 5.948498
3
0 2 60 14.266820 163 2.870003
1 2 138 15.844414 159 9.988417
2 2 137 15.981746 90 16.939102
3
0 2 60 13.526418 134 16.399327
1 2 102 15.324598 192 18.616250
2 2 168 10.212574 125 1.918003
3
0 2 60 5.761658 99 12.486709
1 2 127 9.638633 120 1.221224
2 2 119 10.945007 99 11.434430
3
0 2 60 18.470858 187 7.977160
1 2 172 3.311706 63 13.859096
2 2 158 14.050949 72 5.155003
3
0 2 60 16.345888 72 9.380654
1 2 169 16.780228 180 11.858401
2 2 111 11.042299 85 3.283444
3
0 2 80 3.537296 124 16.282230
1 2 131 3.184989 178 5.530287
2 2 125 15.285394 90 13.872689
3
0 2 80 11.008570 188 19.129712
1 2 141 13.073858 159 6.175999
2 2 196 1.342378 151 16.319592
3
0 2 80 16.842534 189 3.801124
1 2 194 15.921196 98 6.957082
2 2 197 11.091843 86 8.355761
3
0 2 80 6.605405 105 14.373642
1 2 152 13.110933 139 15.206297
2 2 198 2.753517 168 12.283446
3
0 2 80 9.795197 141 7.091221
1 2 133 16.912085 178 17.310446
2 2 168 11.146755 190 13.188716
3
0 2 80 15.851381 122 18.799792
1 2 184 12.173820 119 7.695723
2 2 155 16.972636 195 10.799405
3
0 2 80 12.752137 96 17.218839
1 2 147 19.898144 102 17.128514
2 2 108 19.489809 127 9.667792
3
0 2 80 1.481284 85 14.089541
1 2 172 8.935245 134 5.369630
2 2 136 13.194222 132 8.965997
3
0 2 80 11.274990 136 14.049739
1 2 165 18.395066 198 9.800561
2 2 185 10.705113 127 9.694743
3
0 2 80 4.268201 199 17.592543
1 2 122 8.930104 89 14.868995
2 2 144 4.964843 157 10.113090
3
0 2 80 4.843583 145 4.043788
1 2 185 2.989146 103 6.068736
2 2 111 7.384487 181 3.403623
3
0 2 80 18.831455 152 10.366079
1 2 168 16.182363 176 11.066479
2 2 84 5.984687 145 13.927707
3
0 2 80 13.906871 124 11.503919
1 2 131 2.060874 175 2.840132
2 2 165 9.671620 86 19.657259
3
0 2 80 9.465455 91 2.689220
1 2 82 5.789765 128 10.649205
2 2 176 19.713373 196 12.896606
3
0 2 80 2.417845 118 4.137807
1 2 92 8.646174 90 8.672822
2 2 100 16.180267 171 2.853016
3
0 2 80 12.722378 193 1.706627
1 2 145 16.762193 131 2.300587
2 2 161 3.632519 86 17.085886
3
0 2 80 3.804967 154 19.312372
1 2 89 12.119659 149 18.027748
2 2 137 13.522668 176 15.398485
3
0 2 80 3.525061 158 18.967891
1 2 161 10.472014 112 13.157722
2 2 90 3.868590 134 1.805887
3
0 2 80 5.585970 174 3.294589
1 2 95 18.203606 93 9.739886
2 2 196 11.882548 114 11.866536
3
0 2 80 18.868450 114 17.727143
1 2 133 17.039958 196 13.126655
2 2 180 16.980843 143 11.263126
3
0 2 100 19.403027 183 10.027220
1 2 136 4.529623 182 12.240143
2 2 129 3.402980 147 15.868324
3
0 2 100 8.584850 133 13.714954
1 2 193 4.273567 158 5.363683
2 2 151 15.060411 164 4.805988
3
0 2 100 3.687526 179 6.374948
1 2 178 17.012207 195 15.359102
2 2 141 16.427137 116 1.507691
3
0 2 100 9.092060 103 3.655869
1 2 199 14.050135 148 10.035104
2 2 199 19.386351 112 11.467452
3
0 2 100 14.925243 121 15.195747
1 2 196 17.723374 135 5.347824
2 2 181 12.830760 147 15.078992
3
0 2 100 1.370134 154 11.890944
1 2 195 13.816302 189 18.506405
2 2 114 14.069546 183 17.427614
3
0 2 100 9.880498 110 9.403741
1 2 189 4.571726 196 14.155095
2 2 112 2.264499 168 16.486437
3
0 2 100 2.549369 113 19.987466
1 2 186 6.505851 180 11.724305
2 2 185 16.244781 109 9.427373
3
0 2 100 1.677143 114 17.220010
1 2 109 11.233769 183 5.133451
2 2 152 11.168084 130 17.054323
3
0 2 100 7.522557 104 7.810777
1 2 178 11.871562 106 13.414832
2 2 108 4.921136 151 15.928611
3
0 2 100 3.425792 115 3.446193
1 2 189 14.343336 166 9.392913
2 2 133 8.116495 105 16.918673
3
0 2 100 18.242669 129 14.490983
1 2 185 13.962014 196 14.128946
2 2 184 19.321372 171 6.565625
3
0 2 100 15.474545 143 17.791870
1 2 125 16.850918 166 3.700791
2 2 184 8.656149 123 3.748560
3
0 2 100 18.349171 141 1.483711
1 2 166 13.774502 149 18.367277
2 2 105 15.646326 108 18.707175
3
0 2 100 1.838053 192 19.122031
1 2 170 18.224030 115 13.374410
2 2 118 13.755038 165 13.542050
3
0 2 100 2.776071 163 12.570113
1 2 131 2.872362 176 10.005283
2 2 145 8.355184 146 15.485266
3
0 2 100 1.745315 111 15.221164
1 2 150 10.902382 114 16.882986
2 2 174 14.597230 150 18.183377
3
0 2 100 3.137038 179 15.222076
1 2 140 19.120819 164 9.782849
2 2 175 14.731807 168 5.544057
3
0 2 100 16.804202 117 3.196968
1 2 178 8.556139 167 11.258193
2 2 166 8.489116 145 8.662678
3
0 2 100 7.503610 177 19.382914
1 2 104 13.616753 170 11.810027
2 2 178 19.932023 194 7.629333
3
0 2 120 8.016958 130 19.784609
1 2 154 2.962695 174 13.071613
2 2 167 7.467737 191 7.650856
3
0 2 120 16.561004 151 4.874988
1 2 131 4.668995 120 11.968779
2 2 170 18.674882 193 6.818845
3
0 2 120 11.324353 138 18.231835
1 2 192 10.997839 151 4.987010
2 2 125 4.199385 177 8.267319
3
0 2 120 19.164071 159 12.798445
1 2 180 8.597829 127 11.671000
2 2 128 10.791750 189 14.912609
3
0 2 120 16.133232 199 13.915900
1 2 190 12.846480 198 6.349842
2 2 175 13.054390 158 19.084285
3
0 2 120 18.607778 133 6.238514
1 2 154 15.629761 194 18.370436
2 2 184 4.103496 185 14.861888
3
0 2 120 16.872039 148 15.908439
1 2 163 2.480595 169 14.006388
2 2 178 16.312334 136 12.693058
3
0 2 120 8.894638 187 15.889886
1 2 158 8.542102 153 8.460935
2 2 175 6.908490 173 11.512517
3
0 2 120 7.492086 127 19.940656
1 2 175 14.823691 131 6.091951
2 2 173 9.485666 187 16.320903
3
0 2 120 9.779316 150 1.974741
1 2 148 14.035328 188 1.504100
2 2 160 9.636721 127 17.669487
3
0 2 120 8.110684 129 11.246217
1 2 140 15.443939 143 4.916057
2 2 154 7.103517 128 9.870802
3
0 2 120 17.391288 131 15.964687
1 2 197 13.664933 123 16.500460
2 2 158 5.255061 189 2.843248
3
0 2 120 19.754234 152 6.614742
1 2 138 15.513635 146 3.637376
2 2 195 19.471975 185 4.809763
3
0 2 120 5.390426 194 7.392198
1 2 136 18.987608 129 4.314380
2 2 174 14.063714 151 8.096979
3
0 2 120 7.846132 173 3.690687
1 2 156 2.829319 192 7.155671
2 2 161 19.782123 198 17.134795
3
0 2 120 19.705285 165 8.578011
1 2 195 14.955310 187 4.477347
2 2 160 17.004524 134 18.306789
3
0 2 120 14.118239 122 11.429695
1 2 155 18.471448 149 7.467146
2 2 187 17.049434 161 17.202132
3
0 2 120 16.015033 169 4.756244
1 2 169 5.213291 140 18.255950
2 2 136 14.787503 127 19.387905
3
0 2 120 19.145686 150 16.967973
1 2 121 2.929279 182 6.853519
2 2 181 16.903011 122 1.098756
3
0 2 120 12.118930 180 14.182097
1 2 183 2.422102 137 6.634763
2 2 188 9.689604 159 16.661123
3
0 2 140 7.402469 161 17.187957
1 2 166 17.719594 192 10.635066
2 2 169 6.434055 156 16.676540
3
0 2 140 15.662430 177 16.276669
1 2 151 6.286455 188 10.704058
2 2 160 11.498450 161 8.148999
3
0 2 140 15.185978 163 16.095615
1 2 143 7.915884 157 7.376601
2 2 153 15.804253 181 11.879885
3
0 2 140 17.728674 162 16.911710
1 2 148 11.374366 157 18.551645
2 2 182 19.074704 168 3.944281
3
0 2 140 5.487623 192 9.811363
1 2 143 8.223869 155 7.480290
2 2 162 10.980499 195 9.620128
3
0 2 140 15.944027 170 10.752831
1 2 154 8.113136 167 14.970895
2 2 159 18.356525 192 17.333623
3
0 2 140 5.509775 145 17.495280
1 2 146 13.955518 199 14.942086
2 2 149 10.942322 194 1.713007
3
0 2 140 9.204231 145 8.998005
1 2 160 6.157026 169 4.931059
2 2 149 19.227380 143 4.723681
3
0 2 140 15.165649 178 8.544154
1 2 171 1.590664 161 11.626825
2 2 180 8.835874 178 12.617101
3
0 2 140 2.419941 158 1.047461
1 2 179 16.189112 141 12.536331
2 2 167 4.988580 185 7.606838
3
0 2 140 7.834922 197 1.609987
1 2 178 6.014931 182 13.831703
2 2 172 16.189702 176 19.383388
3
0 2 140 9.976175 178 14.818452
1 2 142 5.686414 160 9.526467
2 2 166 2.684510 186 15.849132
3
0 2 140 7.529317 164 2.985446
1 2 177 10.377076 164 12.925576
2 2 165 14.772989 190 18.568823
3
0 2 140 12.990825 171 7.385421
1 2 193 16.397540 198 10.766724
2 2 198 1.604173 166 2.108279
3
0 2 140 13.325664 153 2.643640
1 2 158 4.295978 191 4.132348
2 2 157 7.273258 178 1.209028
3
0 2 140 14.578114 154 17.447683
1 2 178 7.460008 179 19.236849
2 2 144 6.454754 149 14.124370
3
0 2 140 6.072626 161 6.559392
1 2 175 17.597653 160 16.222298
2 2 145 4.514703 179 19.672632
3
0 2 140 14.419473 158 4.410111
1 2 172 3.177117 196 12.551975
2 2 153 16.858375 151 3.233880
3
0 2 140 8.859476 183 15.995510
1 2 187 11.703869 185 2.847431
2 2 185 17.766121 162 15.101175
3
0 2 140 6.596750 198 12.433410
1 2 161 10.367910 182 3.796556
2 2 185 3.864457 154 15.661966
3
0 2 160 1.918614 173 17.397881
1 2 169 4.329907 196 3.802611
2 2 193 4.161011 188 12.335512
3
0 2 160 3.998311 191 18.457209
1 2 188 17.421664 185 7.478095
2 2 171 3.071953 172 5.129488
3
0 2 160 13.698038 169 6.927247
1 2 174 11.626065 196 2.430121
2 2 188 6.919464 183 16.816549
3
0 2 160 10.420044 180 9.640691
1 2 194 2.312718 195 4.742524
2 2 166 7.816287 164 16.247781
3
0 2 160 2.992076 171 4.837339
1 2 160 13.132433 191 5.804368
2 2 185 11.179384 160 3.251272
3
0 2 160 1.598700 195 6.238964
1 2 181 8.381465 179 9.515604
2 2 168 1.168962 181 11.250571
3
0 2 160 5.028081 192 9.551294
1 2 172 14.580515 187 13.318997
2 2 162 10.863134 165 4.120253
3
0 2 160 4.915057 172 13.288275
1 2 168 15.734317 160 17.781397
2 2 167 19.224365 182 2.546760
3
0 2 160 12.705602 197 4.344271
1 2 198 9.129794 187 12.959987
2 2 164 11.371359 181 6.466452
3
0 2 160 6.490739 187 18.953855
1 2 198 13.436034 188 5.017294
2 2 176 2.379084 162 16.654217
3
0 2 160 12.433664 193 16.053427
1 2 194 3.568196 170 17.623955
2 2 174 13.191060 199 8.950934
3
0 2 160 10.842652 162 3.330138
1 2 179 16.228819 178 12.384616
2 2 198 9.224607 188 9.736118
3
0 2 160 5.274321 184 15.429237
1 2 186 5.526130 199 19.336680
2 2 181 6.393105 184 5.261753
3
0 2 160 3.142782 186 4.757737
1 2 199 7.827119 179 9.037585
2 2 166 2.239752 179 11.381472
3
0 2 160 14.429936 197 13.667122
1 2 192 11.833576 160 9.754241
2 2 193 13.389345 185 14.638847
3
0 2 160 4.058384 178 2.483716
1 2 190 5.706451 175 9.570685
2 2 175 19.427326 162 7.885921
3
0 2 160 16.611330 169 5.441474
1 2 177 2.948898 180 16.789648
2 2 179 14.690124 183 4.360886
3
0 2 160 16.152494 162 10.217496
1 2 161 10.854911 166 18.148312
2 2 168 6.505497 172 17.615457
3
0 2 160 1.258067 181 15.988081
1 2 161 4.792386 164 2.580677
2 2 189 9.149795 178 13.983999
3
0 2 160 16.496909 172 6.313559
1 2 187 2.917288 160 3.367356
2 2 180 6.650735 198 6.548878
3
0 2 180 8.818951 199 13.067798
1 2 194 13.184889 184 8.145517
2 2 183 16.358645 186 17.717507
3
0 2 180 3.768880 186 16.284058
1 2 195 18.163542 199 8.473628
2 2 188 14.332120 193 19.009697
3
0 2 180 18.874870 199 7.071877
1 2 189 16.112727 193 16.671217
2 2 195 5.831010 188 6.571423
3
0 2 180 9.836681 190 11.670629
1 2 188 17.296442 189 14.679992
2 2 180 9.756347 197 6.407563
3
0 2 180 3.938162 197 17.061489
1 2 196 16.057469 191 17.640502
2 2 191 14.732722 187 9.397056
3
0 2 180 1.111322 183 17.355013
1 2 191 9.162481 187 18.036146
2 2 189 15.096489 184 10.274752
3
0 2 180 14.636043 188 5.004548
1 2 194 8.778369 190 10.557756
2 2 189 5.450227 194 3.160948
3
0 2 180 1.297813 187 11.444447
1 2 198 3.688539 185 18.397505
2 2 184 4.092591 194 11.006131
3
0 2 180 17.116604 187 16.216746
1 2 187 11.849553 194 15.559919
2 2 192 18.731306 182 10.514937
3
0 2 180 9.004287 195 14.140407
1 2 192 7.426487 198 5.469627
2 2 195 2.569829 192 3.929075
3
0 2 180 3.883687 195 7.286801
1 2 195 14.695764 185 10.807884
2 2 183 16.072573 191 6.413239
3
0 2 180 18.631704 189 15.926470
1 2 182 5.776625 199 13.401365
2 2 199 2.368256 196 19.629894
3
0 2 180 5.299553 192 10.276004
1 2 180 2.967164 197 18.808465
2 2 183 2.203039 194 6.377996
3
0 2 180 2.387449 193 17.205004
1 2 182 3.218342 190 13.568708
2 2 183 4.576380 190 2.384881
3
0 2 180 16.073699 194 17.807569
1 2 181 15.476233 185 9.584027
2 2 187 9.644944 191 8.089059
3
0 2 180 9.306589 198 19.298974
1 2 198 18.671642 195 2.136819
2 2 196 1.901265 194 12.101573
3
0 2 180 3.301256 182 16.055547
1 2 183 6.460141 193 18.234320
2 2 194 16.603167 187 6.038084
3
0 2 180 3.400336 198 7.540453
1 2 181 16.933197 199 7.538504
2 2 196 13.299068 198 19.559290
3
0 2 180 17.309257 197 13.128618
1 2 191 17.022855 182 7.089881
2 2 181 15.501830 182 9.232115
3
0 2 180 6.312105 190 10.550855
1 2 190 19.455572 187 10.765494
2 2 189 10.255701 199 15.684315
3
0 2 199 6.705958 199 7.628301
1 2 199 2.917928 199 1.533990
2 2 199 4.236812 199 11.705677
3
0 2 199 17.037989 199 18.989518
1 2 199 18.256079 199 17.962985
2 2 199 19.170321 199 5.501532
3
0 2 199 12.290719 199 5.623701
1 2 199 15.680325 199 17.951371
2 2 199 12.508450 199 15.872948
3
0 2 199 9.703737 199 10.203147
1 2 199 9.132251 199 1.035578
2 2 199 13.363293 199 16.857236
3
0 2 199 16.054684 199 15.359272
1 2 199 16.164788 199 10.834230
2 2 199 2.371951 199 10.425543
3
0 2 199 16.482830 199 19.746223
1 2 199 17.785550 199 12.545094
2 2 199 11.306254 199 14.256999
3
0 2 199 19.801553 199 11.130046
1 2 199 1.125564 199 5.167408
2 2 199 5.313888 199 19.180770
3
0 2 199 7.847739 199 13.325609
1 2 199 11.031115 199 13.412119
2 2 199 18.628975 199 13.237454
3
0 2 199 16.629396 199 11.431323
1 2 199 14.567799 199 11.811019
2 2 199 10.512897 199 11.820945
3
0 2 199 7.538497 199 4.066390
1 2 199 13.502020 199 10.665634
2 2 199 1.487522 199 18.309006
3
0 2 199 16.019465 199 10.876418
1 2 199 12.218894 199 8.874371
2 2 199 16.860213 199 19.269593
3
0 2 199 11.580562 199 14.430295
1 2 199 16.125907 199 15.553448
2 2 199 11.369561 199 16.065418
3
0 2 199 14.764441 199 14.877511
1 2 199 13.360254 199 4.812217
2 2 199 2.912226 199 15.477320
3
0 2 199 6.646435 199 5.110634
1 2 199 6.777774 199 8.568507
2 2 199 18.804268 199 11.406404
3
0 2 199 1.094197 199 14.669492
1 2 199 14.271398 199 5.754058
2 2 199 9.304966 199 18.559825
3
0 2 199 13.170059 199 15.367022
1 2 199 8.767396 199 16.431913
2 2 199 12.507549 199 6.391989
3
0 2 199 4.891141 199 14.645944
1 2 199 4.219197 199 16.270319
2 2 199 18.042140 199 6.269731
3
0 2 199 14.114749 199 12.638879
1 2 199 9.142544 199 7.846478
2 2 199 15.415547 199 19.632111
3
0 2 199 13.458723 199 19.935433
1 2 199 9.277848 199 14.269042
2 2 199 16.583432 199 18.757667
0
