100 99
3
0 2 10 19.473887 44 10.818703
1 2 29 19.169495 99 16.360477
2 2 11 19.136491 13 17.454640
3
0 2 10 18.093175 26 9.308591
1 2 89 5.770295 58 15.105780
2 2 92 16.214828 91 13.667542
3
0 2 10 2.808810 52 9.968162
1 2 87 15.587382 30 3.545823
2 2 46 11.773596 69 12.347842
3
0 2 10 6.094632 22 19.117209
1 2 93 14.773804 67 17.168132
2 2 70 11.855258 86 14.772305
3
0 2 10 10.429524 11 7.974664
1 2 97 18.006649 86 13.119614
2 2 97 8.946947 24 2.512707
3
0 2 10 11.815978 57 7.658360
1 2 70 14.377268 97 3.605594
2 2 86 6.763573 67 2.973917
3
0 2 10 5.008456 60 9.384755
1 2 11 1.000310 26 16.157403
2 2 12 2.362993 83 6.286422
3
0 2 10 1.417673 55 9.769217
1 2 16 10.389710 44 16.544482
2 2 44 18.520802 54 3.332305
3
0 2 10 6.571595 20 1.820795
1 2 45 2.217321 70 10.769706
2 2 87 18.073781 31 5.960796
3
0 2 10 11.065188 15 18.101985
1 2 14 10.819009 82 11.949477
2 2 21 9.936492 14 1.491474
3
0 2 20 12.346429 37 14.774900
1 2 25 1.089850 24 9.690807
2 2 89 6.658064 82 13.173639
3
0 2 20 1.709943 67 18.245916
1 2 83 15.488145 79 7.747359
2 2 33 3.563968 54 18.273578
3
0 2 20 7.319495 41 12.687244
1 2 70 16.587086 26 15.813735
2 2 95 19.974808 70 13.630469
3
0 2 20 12.646070 55 10.633954
1 2 88 3.700007 41 8.855479
2 2 60 2.937594 24 6.600686
3
0 2 20 19.605080 26 19.921947
1 2 45 15.683699 21 15.529903
2 2 26 11.174176 71 10.962213
3
0 2 20 6.582889 41 6.003643
1 2 91 5.361394 71 7.976552
2 2 55 16.556029 46 14.225413
3
0 2 20 4.772684 55 16.231949
1 2 92 8.764225 26 10.462079
2 2 85 5.910942 98 13.491177
3
0 2 20 12.287120 55 5.892914
1 2 87 5.970638 26 3.480929
2 2 99 18.597909 91 12.694835
3
0 2 20 4.317959 87 15.851479
1 2 30 4.774189 57 2.981360
2 2 73 5.338255 29 12.851071
3
0 2 20 3.236026 69 11.067212
1 2 29 4.933002 92 8.746209
2 2 22 5.314227 34 6.323233
3
0 2 30 12.294628 59 18.320892
1 2 76 12.111364 42 14.506798
2 2 83 15.414363 36 9.531619
3
0 2 30 17.535648 69 10.517494
1 2 74 15.107663 83 4.612043
2 2 35 1.637913 72 2.655691
3
0 2 30 18.325069 44 14.566344
1 2 87 5.626392 43 19.471056
2 2 72 11.475991 66 10.231527
3
0 2 30 19.133130 88 7.362711
1 2 37 7.428568 72 3.292939
2 2 48 10.360279 81 10.609970
3
0 2 30 19.032356 67 19.249237
1 2 74 13.487855 47 10.583773
2 2 44 8.973609 34 1.271713
3
0 2 30 11.264453 87 3.088719
1 2 93 6.023248 66 15.533042
2 2 77 3.291636 78 4.142586
3
0 2 30 12.067881 49 2.051876
1 2 43 13.073816 40 4.392430
2 2 34 6.479706 76 3.537568
3
0 2 30 14.903503 69 7.429559
1 2 82 5.987695 31 2.188003
2 2 95 1.164077 62 6.118587
3
0 2 30 3.103629 50 13.034245
1 2 77 15.349548 73 14.807888
2 2 39 19.747421 82 10.546048
3
0 2 30 8.937719 58 10.206571
1 2 89 19.339622 30 16.866307
2 2 90 2.430920 69 15.833811
3
0 2 40 18.238135 46 13.758743
1 2 88 14.799556 64 8.903382
2 2 40 14.457208 91 4.865416
3
0 2 40 11.347343 72 3.685587
1 2 64 1.615655 69 9.870772
2 2 78 10.902023 88 17.536107
3
0 2 40 17.138069 94 18.542599
1 2 45 14.084984 56 2.043277
2 2 55 1.112741 78 18.864461
3
0 2 40 3.061952 97 13.489675
1 2 95 8.845481 63 11.601465
2 2 61 5.478375 69 11.651153
3
0 2 40 1.216592 82 17.349882
1 2 93 11.021045 47 13.536766
2 2 46 12.221598 96 15.753283
3
0 2 40 8.323946 82 4.552134
1 2 93 16.904837 63 14.484274
2 2 87 6.268371 67 9.562129
3
0 2 40 8.469591 63 11.211974
1 2 44 11.851513 60 1.301940
2 2 60 18.506407 86 19.963395
3
0 2 40 9.938863 80 9.939158
1 2 74 11.547442 64 6.403024
2 2 65 13.031672 72 12.994189
3
0 2 40 9.441205 45 11.236634
1 2 84 11.303565 51 14.147421
2 2 79 14.336753 96 9.606719
3
0 2 40 13.451506 83 2.862237
1 2 78 3.539709 47 5.728375
2 2 88 15.997419 82 15.778946
3
0 2 50 8.472726 78 12.796867
1 2 84 12.716823 91 4.681143
2 2 60 11.839143 72 1.136067
3
0 2 50 14.974311 97 16.378818
1 2 66 11.996126 88 18.703420
2 2 79 13.065967 93 15.410337
3
0 2 50 10.851835 74 1.517992
1 2 88 5.459889 94 1.663398
2 2 63 6.781476 82 7.007108
3
0 2 50 4.392221 90 19.761574
1 2 53 5.497293 67 14.741469
2 2 92 7.637260 80 9.286930
3
0 2 50 13.163609 53 16.951246
1 2 80 2.609165 73 7.595972
2 2 57 17.466950 91 4.058529
3
0 2 50 2.330709 91 2.807654
1 2 89 14.767043 97 15.104477
2 2 58 15.223992 55 3.518201
3
0 2 50 3.106653 68 15.530726
1 2 63 8.207996 73 10.918945
2 2 57 11.699104 72 16.071407
3
0 2 50 15.022015 57 13.796473
1 2 60 1.148513 86 16.787769
2 2 70 17.920957 83 7.060003
3
0 2 50 4.945469 84 1.895506
1 2 60 14.137441 71 1.978876
2 2 82 12.958308 74 11.419069
3
0 2 50 1.859315 63 4.468824
1 2 83 8.866098 52 19.801356
2 2 72 14.747398 62 1.096934
3
0 2 60 9.218980 73 17.440494
1 2 60 14.271898 99 3.257172
2 2 99 14.705437 73 2.109540
3
0 2 60 5.795192 90 19.181116
1 2 82 12.788544 97 11.210598
2 2 79 10.306945 83 9.379356
3
0 2 60 17.173507 63 13.211968
1 2 87 15.368458 84 13.046740
2 2 69 18.055665 85 12.030032
3
0 2 60 9.183589 81 19.836711
1 2 83 11.837179 92 19.448565
2 2 90 15.798692 66 14.071695
3
0 2 60 15.285329 70 5.940808
1 2 79 1.747974 68 9.952918
2 2 89 17.606617 61 2.288276
3
0 2 60 7.001378 61 15.435679
1 2 63 10.342102 91 7.732290
2 2 65 14.171988 93 15.509043
3
0 2 60 1.463895 98 15.461832
1 2 78 14.308424 70 11.903276
2 2 87 19.680421 97 8.233481
3
0 2 60 15.564399 71 14.383387
1 2 62 19.202165 83 7.018246
2 2 62 7.986143 64 15.090973
3
0 2 60 9.839881 71 19.242107
1 2 80 16.180424 62 4.683989
2 2 73 11.706077 97 5.125577
3
0 2 60 13.595682 82 4.968206
1 2 85 7.579883 78 17.732091
2 2 83 4.448499 74 18.958565
3
0 2 70 1.339820 94 17.365297
1 2 85 4.023522 70 5.986199
2 2 75 15.609792 70 1.526354
3
0 2 70 6.620937 89 6.387677
1 2 82 11.310895 99 10.189821
2 2 72 9.587311 95 7.430270
3
0 2 70 19.320817 76 18.923322
1 2 82 2.913359 92 3.737775
2 2 94 2.070531 77 9.462692
3
0 2 70 4.265676 76 8.691266
1 2 84 9.230681 81 2.586656
2 2 73 8.954507 88 11.865777
3
0 2 70 6.765016 91 8.845435
1 2 78 4.799673 93 13.103426
2 2 77 15.316628 79 18.411623
3
0 2 70 8.460953 93 8.832280
1 2 77 10.542918 92 2.983887
2 2 90 1.071091 92 4.260587
3
0 2 70 9.597331 73 17.251747
1 2 84 18.437207 86 14.197627
2 2 93 1.265951 96 1.520100
3
0 2 70 17.144974 97 14.554109
1 2 83 14.952658 75 1.932095
2 2 85 18.608161 77 5.316226
3
0 2 70 2.417514 88 6.904741
1 2 97 3.832492 83 6.758171
2 2 82 2.773904 79 1.405554
3
0 2 70 19.002528 94 16.755793
1 2 96 14.967036 73 12.188352
2 2 74 15.263794 93 3.127804
3
0 2 80 9.335846 93 2.397257
1 2 84 8.710604 94 19.226332
2 2 94 12.349216 99 18.437218
3
0 2 80 1.753304 97 11.211658
1 2 90 5.868064 80 8.157841
2 2 95 4.427505 87 1.661491
3
0 2 80 8.592819 97 15.527485
1 2 99 19.994302 89 6.207791
2 2 88 11.659088 91 12.622747
3
0 2 80 9.732253 90 9.327707
1 2 92 16.120998 83 14.022126
2 2 86 5.935965 87 15.838671
3
0 2 80 11.556481 90 5.597169
1 2 91 19.921450 86 15.060083
2 2 97 18.734511 86 6.248757
3
0 2 80 3.279745 95 16.748601
1 2 82 7.982358 90 5.159800
2 2 96 7.251094 95 19.399861
3
0 2 80 1.414711 87 14.339581
1 2 90 11.361025 94 15.981335
2 2 84 1.734566 87 4.007819
3
0 2 80 2.420500 98 6.256994
1 2 92 12.485243 84 15.073968
2 2 87 10.575007 90 5.124268
3
0 2 80 6.715670 85 17.362901
1 2 84 4.618757 90 9.117134
2 2 97 17.758058 99 5.335476
3
0 2 80 14.097100 97 4.805118
1 2 97 9.532318 94 9.738380
2 2 85 14.927144 91 18.619873
3
0 2 90 8.984082 96 5.268589
1 2 95 12.441719 97 14.915437
2 2 95 17.676257 93 11.253266
3
0 2 90 5.060336 98 3.671549
1 2 90 4.921920 95 5.112878
2 2 94 12.448288 98 14.681883
3
0 2 90 5.719059 92 17.182365
1 2 97 11.287427 96 5.301204
2 2 98 14.172568 93 14.703923
3
0 2 90 17.823359 95 11.222633
1 2 91 6.861791 90 1.713902
2 2 92 7.739034 91 1.016714
3
0 2 90 13.234633 96 17.322347
1 2 96 12.715997 98 3.208826
2 2 90 2.396914 91 16.149639
3
0 2 90 8.834363 94 18.753796
1 2 96 18.441222 95 6.336297
2 2 93 15.326330 92 11.917506
3
0 2 90 11.638337 97 19.561889
1 2 99 8.410988 95 10.293225
2 2 92 9.236938 93 8.971555
3
0 2 90 18.653577 93 5.315312
1 2 99 10.694389 94 19.861565
2 2 94 18.332124 97 6.494588
3
0 2 90 9.171750 95 5.829161
1 2 99 7.289157 93 1.749254
2 2 99 9.831157 90 3.687680
3
0 2 90 9.759102 92 14.222395
1 2 95 3.230526 98 5.673654
2 2 94 17.322864 93 17.904591
3
0 1 99 11.385048
1 1 99 8.403679
2 1 99 4.016949
3
0 1 99 6.345077
1 1 99 8.550364
2 1 99 5.455789
3
0 1 99 8.565839
1 1 99 6.711280
2 1 99 19.119963
3
0 1 99 19.198414
1 1 99 6.527458
2 1 99 12.084753
3
0 1 99 7.682595
1 1 99 4.408964
2 1 99 7.742089
3
0 1 99 5.050401
1 1 99 18.743650
2 1 99 5.421735
3
0 1 99 15.472653
1 1 99 13.985583
2 1 99 12.902332
3
0 1 99 16.490909
1 1 99 15.877507
2 1 99 5.971673
3
0 1 99 11.939742
1 1 99 18.632847
2 1 99 8.589577
0
