50 49
3
0 2 5 18.611048 32 3.387792
1 2 36 7.497932 41 4.460222
2 2 23 13.105419 24 16.387631
3
0 2 5 19.318380 24 11.120708
1 2 5 6.940073 42 14.063271
2 2 28 4.350986 22 7.992440
3
0 2 5 11.982261 29 14.469879
1 2 9 19.928381 14 2.622900
2 2 41 4.317186 42 19.839509
3
0 2 5 3.571353 24 10.468500
1 2 29 9.384913 19 9.812174
2 2 35 18.600845 29 6.208713
3
0 2 5 5.065965 18 1.379179
1 2 44 3.737333 5 11.442382
2 2 10 4.744995 49 5.657241
3
0 2 10 4.750619 21 3.927257
1 2 41 2.319662 43 14.256409
2 2 25 6.479064 39 5.742413
3
0 2 10 12.576073 27 3.795479
1 2 17 3.658131 37 1.542047
2 2 21 2.423942 24 6.443233
3
0 2 10 15.953894 40 7.184064
1 2 47 9.409000 23 9.868563
2 2 36 2.191128 30 1.873677
3
0 2 10 13.211729 15 19.049039
1 2 16 4.103380 32 2.132853
2 2 31 15.883366 18 3.023472
3
0 2 10 17.552903 29 8.240050
1 2 11 5.077376 33 5.528925
2 2 31 15.894589 42 8.214759
3
0 2 15 7.488995 21 8.601194
1 2 28 9.301525 20 13.588351
2 2 26 15.687458 40 11.273877
3
0 2 15 18.975698 29 4.006267
1 2 44 14.506975 42 10.708747
2 2 48 10.410233 28 2.780930
3
0 2 15 4.366470 16 12.354615
1 2 25 1.574447 40 15.333275
2 2 27 17.701049 24 9.307942
3
0 2 15 14.746481 24 8.755837
1 2 21 11.361964 28 2.163498
2 2 22 16.566861 46 15.397153
3
0 2 15 12.688876 19 19.865509
1 2 19 17.769150 24 8.020941
2 2 20 12.381384 23 17.127646
3
0 2 20 1.968737 35 5.574176
1 2 42 2.867726 41 17.309387
2 2 36 17.825113 26 18.682455
3
0 2 20 6.272091 49 10.568446
1 2 24 16.508320 44 19.992116
2 2 34 5.915944 46 9.034869
3
0 2 20 2.889608 26 11.375124
1 2 23 10.342221 48 9.133438
2 2 48 4.664792 22 8.007405
3
0 2 20 7.040286 35 8.708316
1 2 28 17.155337 23 19.394541
2 2 39 9.566355 34 17.823269
3
0 2 20 2.678558 44 1.084845
1 2 37 13.525121 44 12.018540
2 2 27 3.714005 48 2.729279
3
0 2 25 13.470882 47 1.446436
1 2 27 14.518720 49 11.639201
2 2 35 14.450070 49 19.494076
3
0 2 25 19.597483 27 11.338438
1 2 49 5.514697 38 8.372274
2 2 37 10.709523 48 11.392186
3
0 2 25 17.483933 48 19.804745
1 2 37 7.862900 31 14.792236
2 2 28 1.518298 29 6.996566
3
0 2 25 7.397244 29 12.662054
1 2 42 1.482890 33 12.774197
2 2 37 7.509668 45 11.067688
3
0 2 25 9.186980 40 15.444070
1 2 36 17.231946 29 13.495349
2 2 34 3.102580 40 8.559168
3
0 2 30 16.733582 40 1.444180
1 2 45 1.003007 46 18.579974
2 2 31 17.778535 39 15.919378
3
0 2 30 2.021633 45 10.053684
1 2 36 1.336902 38 14.007910
2 2 34 9.189690 44 2.173187
3
0 2 30 10.355847 38 11.515506
1 2 40 2.797806 39 13.492955
2 2 41 12.537882 31 8.631889
3
0 2 30 4.412080 48 15.521963
1 2 32 13.253825 37 9.152276
2 2 41 2.156747 36 1.544150
3
0 2 30 17.663348 37 19.727185
1 2 31 12.819933 42 17.953626
2 2 31 14.300942 42 10.572749
3
0 2 35 11.236415 38 8.027273
1 2 35 13.013052 39 18.385508
2 2 45 2.267803 36 4.805835
3
0 2 35 3.688221 37 3.979950
1 2 48 9.222210 45 18.471261
2 2 46 13.931812 44 11.665681
3
0 2 35 16.052690 48 18.807294
1 2 42 5.916329 36 19.349311
2 2 47 17.359655 39 19.883292
3
0 2 35 14.031264 44 12.351907
1 2 43 3.575407 36 7.431338
2 2 38 13.801324 42 4.479741
3
0 2 35 6.380368 43 14.431835
1 2 35 18.962475 44 11.018687
2 2 45 10.025134 39 7.732536
3
0 2 40 4.485824 42 2.946110
1 2 49 11.323134 47 14.886173
2 2 40 15.451669 48 12.703801
3
0 2 40 12.945595 47 1.225907
1 2 48 17.849979 46 7.732292
2 2 41 4.377957 44 12.455391
3
0 2 40 2.657054 47 6.351502
1 2 40 18.718918 42 12.186006
2 2 46 11.429795 49 9.238674
3
0 2 40 19.045560 48 7.788298
1 2 48 9.704046 40 16.341236
2 2 46 4.006527 42 11.432859
3
0 2 40 12.143580 47 8.736667
1 2 47 19.276354 44 1.164729
2 2 42 8.668683 46 12.603317
3
0 2 45 4.929517 47 15.583668
1 2 46 16.264003 45 8.993863
2 2 45 6.622455 48 13.479662
3
0 2 45 6.508707 47 8.051727
1 2 47 4.354034 45 11.558684
2 2 49 11.833902 45 13.417865
3
0 2 45 15.409798 47 4.764557
1 2 46 3.748991 45 17.575992
2 2 49 15.534368 45 5.018448
3
0 2 45 9.343888 48 6.806572
1 2 45 15.212078 48 14.339391
2 2 46 2.679796 47 15.774049
3
0 2 45 9.086042 49 16.554538
1 2 47 19.293612 48 13.310415
2 2 49 17.227523 45 14.488020
3
0 1 49 19.341964
1 1 49 4.418813
2 1 49 15.167813
3
0 1 49 18.652280
1 1 49 10.217574
2 1 49 17.925492
3
0 1 49 16.725988
1 1 49 2.435914
2 1 49 9.651953
3
0 1 49 18.796166
1 1 49 11.779133
2 1 49 14.528854
0
