20 19
3
0 2 5 14.218255 6 4.684595
1 2 5 17.431637 15 1.336585
2 2 9 3.800232 14 11.475203
3
0 2 5 11.808878 19 7.222360
1 2 7 8.967767 19 16.005840
2 2 8 10.525584 11 16.883554
3
0 2 5 9.350433 10 6.227890
1 2 11 11.783055 19 16.330098
2 2 10 5.975950 14 6.330743
3
0 2 5 2.533198 13 9.782085
1 2 14 9.910465 15 14.376660
2 2 17 6.240547 15 14.598977
3
0 2 5 4.754909 15 19.867108
1 2 18 7.466817 8 13.150786
2 2 5 16.247785 16 14.454873
3
0 2 10 16.336660 19 11.839450
1 2 18 7.433698 12 12.824922
2 2 18 18.007559 10 13.671283
3
0 2 10 4.440956 14 7.592749
1 2 10 1.898721 17 8.440539
2 2 14 7.718748 11 15.354740
3
0 2 10 15.978744 15 12.819728
1 2 15 13.600821 10 12.505580
2 2 13 7.178460 18 13.528136
3
0 2 10 18.332540 11 16.971355
1 2 12 11.528072 18 1.565064
2 2 11 19.821870 14 7.344152
3
0 2 10 6.242901 17 9.997251
1 2 15 5.649756 14 8.068585
2 2 12 1.475485 19 13.940928
3
0 2 15 7.596710 16 18.817685
1 2 17 1.475120 18 6.658438
2 2 17 11.519665 15 19.071902
3
0 2 15 18.391175 16 6.058755
1 2 17 13.715367 16 6.371234
2 2 16 19.428402 19 15.235521
3
0 2 15 18.591032 16 13.926225
1 2 15 2.213316 17 3.155690
2 2 17 11.377148 18 9.995351
3
0 2 15 6.791969 19 18.105435
1 2 18 9.905212 19 4.598889
2 2 19 18.011806 18 11.241256
3
0 2 15 8.099067 18 1.406905
1 2 17 13.216408 15 14.253265
2 2 17 15.612002 16 8.054886
3
0 2 19 13.801679 19 19.224559
1 2 19 11.896664 19 5.677237
2 2 19 2.022619 19 7.276904
3
0 2 19 10.154371 19 10.880077
1 2 19 2.803666 19 5.646575
2 2 19 2.238333 19 10.104614
3
0 2 19 6.099426 19 17.737623
1 2 19 18.643628 19 10.298264
2 2 19 2.762424 19 4.279683
3
0 2 19 3.743756 19 4.489872
1 2 19 19.959673 19 11.955682
2 2 19 12.711573 19 11.460878
0
