200 199
3
0 2 20 4.160506 62 1.663606
1 2 157 7.731566 67 17.697440
2 2 90 15.863838 50 7.316359
3
0 2 20 18.640139 121 11.435687
1 2 29 19.751951 108 3.052641
2 2 112 8.552960 103 17.202341
3
0 2 20 7.249716 127 15.349130
1 2 197 14.306250 193 2.768682
2 2 45 1.940490 135 6.226992
3
0 2 20 4.851993 85 12.061355
1 2 184 5.945142 151 2.305568
2 2 161 10.188595 117 5.212481
3
0 2 20 18.502444 44 7.772838
1 2 176 19.145187 148 6.540711
2 2 160 6.093251 43 5.459796
3
0 2 20 11.598716 152 15.278617
1 2 107 8.008581 84 15.703801
2 2 153 12.815672 104 12.052261
3
0 2 20 2.347028 160 4.739392
1 2 116 12.584577 160 16.770085
2 2 26 13.830177 136 16.669025
3
0 2 20 18.725460 106 18.220084
1 2 72 1.752217 117 10.750522
2 2 24 14.757996 135 11.868798
3
0 2 20 19.722331 126 11.631057
1 2 31 17.050701 69 1.486156
2 2 26 1.260130 67 7.151803
3
0 2 20 16.967498 194 18.389239
1 2 185 13.331045 105 19.599319
2 2 26 8.474784 79 14.333038
3
0 2 20 12.588005 74 15.650873
1 2 140 4.506857 82 9.423181
2 2 133 6.540544 118 7.357856
3
0 2 20 14.123590 90 8.552117
1 2 172 10.858865 186 16.042157
2 2 196 6.343151 199 2.961726
3
0 2 20 10.809403 69 14.097628
1 2 74 2.531087 184 13.710528
2 2 37 17.076650 141 17.154271
3
0 2 20 14.774943 168 7.276753
1 2 96 4.672700 85 14.836259
2 2 40 3.926702 86 8.904598
3
0 2 20 4.025438 172 5.142686
1 2 159 1.133805 97 15.436759
2 2 84 10.781923 76 1.848044
3
0 2 20 19.767597 27 18.652567
1 2 179 16.894066 92 19.232232
2 2 87 17.211723 67 13.215568
3
0 2 20 9.323113 53 12.463941
1 2 166 5.067802 198 16.294629
2 2 179 3.009571 58 1.328807
3
0 2 20 18.456934 77 17.657575
1 2 162 3.832284 77 14.194356
2 2 109 15.746319 110 19.047852
3
0 2 20 17.977656 98 9.402269
1 2 108 12.799850 143 10.244057
2 2 125 15.577561 181 2.027617
3
0 2 20 8.245195 32 4.333816
1 2 45 9.961335 152 5.064194
2 2 67 8.856276 164 9.165363
3
0 2 40 16.858264 92 15.938960
1 2 66 7.544067 61 7.565923
2 2 159 8.361898 103 15.082780
3
0 2 40 4.026818 155 8.298128
1 2 188 18.090914 190 16.674807
2 2 82 5.716197 41 4.168783
3
0 2 40 13.574597 111 12.605676
1 2 150 15.294336 104 15.955981
2 2 147 2.967720 58 12.073577
3
0 2 40 19.009747 82 4.181863
1 2 42 14.067865 56 12.858088
2 2 92 10.971585 135 2.605570
3
0 2 40 18.313593 164 7.338229
1 2 114 15.910239 199 18.159323
2 2 77 17.854939 85 10.857533
3
0 2 40 9.692770 45 4.751668
1 2 182 4.745680 166 16.783303
2 2 153 6.322195 71 5.399153
3
0 2 40 17.829091 151 8.012239
1 2 165 11.372922 94 8.331095
2 2 173 3.680479 124 5.253785
3
0 2 40 17.989550 120 2.571266
1 2 40 6.893540 128 12.584190
2 2 94 14.284822 126 17.806816
3
0 2 40 19.353892 41 4.111301
1 2 182 11.701720 112 14.423726
2 2 143 15.291963 197 15.794935
3
0 2 40 4.444499 109 16.213966
1 2 115 6.677785 74 19.684055
2 2 175 14.634524 132 6.893185
3
0 2 40 3.802975 103 11.366942
1 2 142 3.037196 51 12.098914
2 2 50 6.593965 97 3.901782
3
0 2 40 19.540072 143 15.109118
1 2 181 10.844344 42 15.053086
2 2 197 17.524950 188 7.977057
3
0 2 40 18.221663 45 6.725417
1 2 193 14.688862 119 16.340158
2 2 89 3.130830 66 4.835711
3
0 2 40 14.228059 43 18.839062
1 2 121 3.833836 70 4.298095
2 2 131 12.134153 129 5.627702
3
0 2 40 10.545058 170 9.486675
1 2 134 9.490520 156 2.442434
2 2 173 2.681857 46 19.946159
3
0 2 40 16.327028 83 5.998481
1 2 81 18.903601 99 8.831775
2 2 92 13.160375 179 16.616396
3
0 2 40 4.917714 41 19.116091
1 2 194 2.235084 158 1.119939
2 2 169 19.178785 43 15.055942
3
0 2 40 1.699863 109 3.463961
1 2 45 18.064119 46 5.095987
2 2 172 1.741116 98 18.474494
3
0 2 40 18.530990 122 14.243599
1 2 193 9.002305 49 16.704148
2 2 167 12.369561 67 14.793628
3
0 2 40 12.500156 52 13.267881
1 2 99 4.022387 72 8.165735
2 2 97 16.679992 170 15.891824
3
0 2 60 3.997006 165 16.275713
1 2 62 8.540699 87 3.368565
2 2 121 11.953733 160 15.187436
3
0 2 60 1.798754 67 9.812011
1 2 157 8.659559 152 6.315360
2 2 72 6.149783 198 19.670316
3
0 2 60 8.056649 72 8.176142
1 2 91 15.729788 144 12.616106
2 2 176 5.089702 98 10.360988
3
0 2 60 7.074242 90 6.819649
1 2 88 4.451183 76 10.622873
2 2 198 3.883508 177 8.621957
3
0 2 60 6.188079 193 3.711043
1 2 71 6.910377 62 1.168646
2 2 182 2.146649 193 6.026762
3
0 2 60 18.005729 139 11.809790
1 2 110 9.387648 85 6.977507
2 2 88 10.163109 109 14.813701
3
0 2 60 15.006920 138 4.274681
1 2 169 1.851016 155 15.554513
2 2 104 11.899391 137 8.657552
3
0 2 60 9.854606 119 1.490956
1 2 178 6.905883 67 18.572619
2 2 188 10.710891 82 19.440042
3
0 2 60 11.568591 75 10.917006
1 2 166 10.051732 119 12.021467
2 2 66 4.041704 84 11.391202
3
0 2 60 15.711625 192 14.288118
1 2 145 8.279611 172 11.888154
2 2 119 7.273982 166 9.953161
3
0 2 60 6.988578 117 3.397141
1 2 103 3.762845 83 9.645298
2 2 171 12.691835 80 5.964524
3
0 2 60 11.340198 151 16.455136
1 2 165 17.616837 169 5.911596
2 2 88 4.256008 98 1.289345
3
0 2 60 9.671067 119 9.197922
1 2 103 14.657589 69 2.154824
2 2 142 9.757168 107 8.267574
3
0 2 60 14.584505 147 11.295447
1 2 152 3.662456 135 8.749937
2 2 175 12.816064 177 15.213089
3
0 2 60 19.197335 100 14.983249
1 2 100 13.095543 117 4.489514
2 2 169 14.736624 88 8.858941
3
0 2 60 7.553130 94 14.180935
1 2 197 12.708053 156 13.227203
2 2 81 6.985061 173 13.771458
3
0 2 60 17.761838 68 3.364927
1 2 183 1.798412 149 18.771752
2 2 174 17.030318 142 1.744027
3
0 2 60 12.748952 81 11.974316
1 2 190 8.182043 116 4.984278
2 2 122 19.311978 104 15.248488
3
0 2 60 2.994368 141 18.458241
1 2 173 16.957411 142 15.653165
2 2 107 1.334495 135 15.541511
3
0 2 60 15.503540 89 19.592311
1 2 146 12.821063 179 5.203164
2 2 164 19.142565 181 18.837258
3
0 2 80 4.996327 180 17.508709
1 2 186 7.421737 82 17.602883
2 2 92 19.401251 194 19.283212
3
0 2 80 6.737802 176 2.952007
1 2 182 17.653404 125 9.492222
2 2 118 10.310765 138 16.129715
3
0 2 80 10.557169 194 5.528691
1 2 175 14.205360 127 8.992497
2 2 91 14.610801 135 16.303300
3
0 2 80 13.998248 186 2.829150
1 2 158 14.712519 96 14.538743
2 2 160 17.284868 196 10.927653
3
0 2 80 9.492059 180 15.776107
1 2 155 5.475459 162 4.059205
2 2 172 8.525568 96 11.662445
3
0 2 80 5.769189 128 9.600536
1 2 139 7.108021 85 19.955600
2 2 149 7.657643 82 8.253027
3
0 2 80 1.085644 131 14.921750
1 2 112 6.587385 107 3.471985
2 2 195 7.036758 168 2.349579
3
0 2 80 6.005989 169 17.658481
1 2 124 19.577543 134 12.485504
2 2 138 19.603647 106 17.016088
3
0 2 80 16.795722 195 7.177471
1 2 121 15.326123 182 10.289822
2 2 172 10.324679 183 2.045280
3
0 2 80 8.273049 189 2.440421
1 2 140 5.583046 174 13.398582
2 2 83 7.015216 90 10.053625
3
0 2 80 17.534756 173 9.940243
1 2 136 9.720865 196 15.136738
2 2 164 7.768359 87 6.554827
3
0 2 80 2.488803 156 2.656347
1 2 163 3.726689 173 19.930826
2 2 121 16.102028 109 1.533318
3
0 2 80 14.307715 120 16.400040
1 2 83 16.509600 175 4.460164
2 2 129 10.152828 142 8.023556
3
0 2 80 9.822109 115 10.212651
1 2 181 6.597156 168 14.030411
2 2 170 12.688713 158 19.895032
3
0 2 80 7.021206 199 17.380957
1 2 199 12.053726 195 2.908329
2 2 123 7.407240 137 16.274397
3
0 2 80 16.663041 94 15.574413
1 2 86 18.440372 169 9.095376
2 2 162 18.617594 186 3.819896
3
0 2 80 6.362059 173 16.105389
1 2 187 4.319218 143 6.076501
2 2 177 2.402375 91 4.678619
3
0 2 80 9.001896 98 1.533439
1 2 119 4.821180 150 8.633211
2 2 168 1.270238 176 13.292693
3
0 2 80 4.292635 155 16.915179
1 2 142 2.108877 94 9.787810
2 2 150 10.669490 136 2.693376
3
0 2 80 3.275578 140 5.344880
1 2 109 14.454594 156 1.021810
2 2 195 6.158865 90 1.705288
3
0 2 100 17.520411 189 19.050229
1 2 174 3.543378 187 17.762534
2 2 150 3.288363 180 10.735210
3
0 2 100 3.429593 113 1.071954
1 2 198 1.319452 151 4.414339
2 2 137 1.171757 187 14.748100
3
0 2 100 11.031711 134 18.386276
1 2 154 6.686084 177 16.113156
2 2 107 6.863525 177 6.182033
3
0 2 100 7.020284 113 18.614121
1 2 156 7.735382 179 18.246795
2 2 188 10.616208 196 3.001585
3
0 2 100 13.926616 138 3.627480
1 2 129 12.070281 188 7.752458
2 2 168 17.496017 170 15.399608
3
0 2 100 4.672827 115 13.855543
1 2 151 19.890294 169 15.794072
2 2 168 19.220904 152 19.503970
3
0 2 100 12.820470 103 3.607131
1 2 116 18.653615 146 9.336696
2 2 105 15.234470 116 17.707171
3
0 2 100 18.532491 148 9.232029
1 2 120 11.616299 151 12.178064
2 2 165 15.752299 110 18.964473
3
0 2 100 5.291442 183 8.949106
1 2 130 18.438719 177 13.299539
2 2 166 12.215280 110 11.398935
3
0 2 100 9.135908 133 3.660124
1 2 149 7.984651 142 19.478963
2 2 113 13.022202 134 4.856384
3
0 2 100 6.653120 142 2.531769
1 2 124 8.385880 180 1.853048
2 2 113 2.285774 151 2.030523
3
0 2 100 16.654167 162 17.577848
1 2 176 9.500070 113 17.567823
2 2 121 4.753789 101 19.245666
3
0 2 100 5.043496 131 7.745147
1 2 126 5.584678 101 19.270814
2 2 113 10.929999 198 19.194452
3
0 2 100 16.966632 195 10.135985
1 2 134 5.250783 113 18.933689
2 2 114 11.926754 124 12.867169
3
0 2 100 2.340888 147 12.749545
1 2 137 2.813407 132 16.984252
2 2 118 1.091545 164 17.778985
3
0 2 100 11.747709 153 17.328556
1 2 168 8.097792 103 13.732038
2 2 188 18.407260 175 4.998683
3
0 2 100 16.982688 159 7.586820
1 2 160 14.531361 172 1.678656
2 2 129 3.334435 137 13.595529
3
0 2 100 8.581126 136 13.008147
1 2 126 13.676958 140 10.878858
2 2 142 2.446064 109 10.259350
3
0 2 100 14.538247 136 15.546869
1 2 139 14.682764 113 15.145454
2 2 136 6.655713 178 14.934084
3
0 2 100 5.974096 190 5.745225
1 2 153 14.868842 157 17.954611
2 2 106 15.743247 155 15.343696
3
0 2 120 19.028760 147 14.191014
1 2 172 15.726210 180 5.367774
2 2 170 4.398542 133 3.312769
3
0 2 120 4.390376 141 10.540184
1 2 164 6.756390 138 5.284980
2 2 171 18.626324 166 13.605178
3
0 2 120 4.763868 199 17.821454
1 2 130 1.891206 141 17.972463
2 2 194 14.447839 167 14.339176
3
0 2 120 1.291247 155 13.543940
1 2 161 10.999057 171 19.003060
2 2 136 5.507369 149 11.511075
3
0 2 120 2.542770 139 12.077904
1 2 155 16.918289 129 1.926155
2 2 193 15.880091 182 2.581560
3
0 2 120 14.964581 180 18.636242
1 2 144 14.916343 170 17.861576
2 2 156 1.390250 157 5.243757
3
0 2 120 3.074567 168 19.853552
1 2 153 14.564385 199 9.701092
2 2 148 12.415223 187 18.484040
3
0 2 120 18.996078 141 11.335774
1 2 150 1.768333 156 1.009022
2 2 148 7.530158 167 14.212071
3
0 2 120 6.884553 148 9.262739
1 2 142 6.660763 170 3.462890
2 2 122 11.708617 163 10.901042
3
0 2 120 9.557275 180 10.512444
1 2 137 15.166721 184 17.819525
2 2 169 18.544921 143 11.073035
3
0 2 120 10.197354 190 9.443364
1 2 190 8.163921 163 12.910264
2 2 166 8.033112 125 16.067264
3
0 2 120 17.632374 136 18.756280
1 2 151 12.873067 131 11.407163
2 2 163 1.545819 125 8.132938
3
0 2 120 5.756696 194 15.147367
1 2 178 7.519588 177 17.985998
2 2 148 12.800035 138 11.255865
3
0 2 120 12.172199 158 17.021167
1 2 135 4.786673 144 12.411893
2 2 157 3.989844 186 16.144305
3
0 2 120 3.351975 195 16.391805
1 2 127 2.519278 178 15.266847
2 2 123 2.896631 192 3.716932
3
0 2 120 15.107998 194 11.856584
1 2 158 19.697740 143 17.971649
2 2 128 6.493126 198 4.544306
3
0 2 120 10.502691 134 6.420248
1 2 120 19.606238 181 13.575033
2 2 153 19.117354 157 17.527974
3
0 2 120 9.687109 191 19.131068
1 2 198 12.111902 166 18.481936
2 2 144 19.251157 135 17.466060
3
0 2 120 5.469819 179 14.102101
1 2 127 9.531291 176 18.330866
2 2 151 19.787132 140 1.404406
3
0 2 120 5.347697 143 11.524778
1 2 190 9.268699 148 5.195734
2 2 125 16.119902 145 11.171301
3
0 2 140 3.360261 187 9.208244
1 2 165 19.549366 146 6.082743
2 2 189 14.907081 171 8.159785
3
0 2 140 1.921474 181 16.627054
1 2 143 2.839987 197 1.450141
2 2 194 19.873458 152 9.392464
3
0 2 140 15.499038 151 6.392746
1 2 175 16.195038 152 7.678524
2 2 183 9.073307 151 6.730824
3
0 2 140 2.216631 189 19.551852
1 2 185 2.692120 140 8.736345
2 2 160 16.043408 158 7.844981
3
0 2 140 1.313330 186 14.858527
1 2 157 3.238183 148 7.474006
2 2 150 17.278570 177 17.509752
3
0 2 140 15.385132 193 13.108196
1 2 149 14.236047 199 5.137524
2 2 152 7.006868 158 7.282573
3
0 2 140 19.900171 184 19.045765
1 2 145 6.931275 174 4.022244
2 2 186 1.776543 140 4.187436
3
0 2 140 18.789085 180 3.184318
1 2 190 18.728313 195 9.066337
2 2 182 10.480440 157 7.394170
3
0 2 140 4.440344 169 8.791533
1 2 175 12.922063 187 19.500509
2 2 141 2.620795 189 13.573075
3
0 2 140 3.537138 189 2.856364
1 2 195 7.099397 175 5.232145
2 2 141 4.665357 173 7.202793
3
0 2 140 2.203988 171 15.068704
1 2 167 1.663085 170 8.648449
2 2 155 14.196752 156 5.722806
3
0 2 140 18.493148 150 4.643917
1 2 170 9.777760 186 4.148806
2 2 192 6.205549 141 5.585978
3
0 2 140 18.778122 144 4.689277
1 2 184 7.981034 181 7.099420
2 2 146 9.608556 194 17.907917
3
0 2 140 8.125244 171 10.132628
1 2 178 13.714745 152 7.616160
2 2 148 13.261855 179 10.181435
3
0 2 140 17.886859 179 6.509134
1 2 173 13.996859 186 1.655331
2 2 162 10.369719 179 2.747225
3
0 2 140 5.729137 156 17.426959
1 2 181 8.509147 191 14.001203
2 2 193 12.550568 188 6.515407
3
0 2 140 9.566205 185 3.957539
1 2 195 2.486505 184 4.646670
2 2 188 10.891312 183 9.008980
3
0 2 140 10.568250 194 6.665925
1 2 156 9.665712 161 9.599337
2 2 146 13.398900 178 7.504980
3
0 2 140 1.332883 196 8.313147
1 2 164 15.616291 155 5.591527
2 2 162 5.157854 197 3.159246
3
0 2 140 16.229092 170 19.411386
1 2 182 17.348280 189 5.115677
2 2 154 3.168822 172 15.428613
3
0 2 160 1.248924 181 12.695919
1 2 190 12.400565 182 18.521362
2 2 183 6.437542 178 15.721560
3
0 2 160 19.012567 171 17.645662
1 2 181 4.548561 168 11.297272
2 2 194 13.175213 164 19.961426
3
0 2 160 11.564954 179 16.287068
1 2 192 16.299414 164 15.475368
2 2 195 4.825866 193 9.696710
3
0 2 160 12.193114 199 5.609576
1 2 190 9.122349 170 2.636929
2 2 173 9.496398 176 12.527955
3
0 2 160 1.848150 185 7.629934
1 2 174 9.422484 169 18.294855
2 2 173 10.768725 192 18.584669
3
0 2 160 1.762357 183 2.572089
1 2 183 8.929660 168 19.174907
2 2 188 5.323503 198 19.016316
3
0 2 160 16.122483 191 14.349906
1 2 186 19.284431 196 11.106158
2 2 199 2.060650 165 12.795975
3
0 2 160 15.900298 199 9.284813
1 2 186 7.775188 179 19.014245
2 2 183 5.701246 174 8.399243
3
0 2 160 14.088183 184 5.584911
1 2 197 15.052890 182 8.364032
2 2 163 6.127036 165 10.681415
3
0 2 160 6.471449 182 6.387269
1 2 168 7.879239 164 9.714984
2 2 193 9.605823 170 1.586908
3
0 2 160 8.092023 195 15.933146
1 2 193 10.574419 181 14.509502
2 2 194 1.438849 190 9.503608
3
0 2 160 19.106031 169 7.784257
1 2 163 18.913090 183 12.776009
2 2 167 10.201865 184 3.776887
3
0 2 160 14.506319 180 16.613817
1 2 175 4.074062 189 1.245660
2 2 183 16.744825 199 6.658262
3
0 2 160 4.975989 181 1.562026
1 2 171 6.391311 174 12.104659
2 2 199 15.791148 175 3.533256
3
0 2 160 1.509786 166 4.455667
1 2 185 8.728438 199 13.453295
2 2 195 6.570055 190 1.772906
3
0 2 160 1.427012 192 17.112177
1 2 193 6.932805 161 3.593719
2 2 163 11.605928 161 14.705836
3
0 2 160 2.039610 171 5.178140
1 2 183 6.197312 199 15.354843
2 2 198 6.087096 165 16.871012
3
0 2 160 4.054645 191 10.800981
1 2 163 14.684386 189 11.137476
2 2 195 13.493504 194 14.692623
3
0 2 160 9.879787 163 10.914688
1 2 173 5.983287 176 3.817665
2 2 160 4.501268 173 13.865865
3
0 2 160 14.403335 165 11.333269
1 2 174 11.144347 182 11.994640
2 2 174 5.129692 180 13.856000
3
0 2 180 17.335767 198 6.161766
1 2 185 18.700333 183 18.371052
2 2 198 1.125298 195 19.816395
3
0 2 180 3.900817 186 12.550002
1 2 190 8.897920 192 14.330487
2 2 185 5.298974 189 9.097181
3
0 2 180 1.444567 197 8.970291
1 2 196 8.698263 188 15.471831
2 2 199 19.987006 181 12.223480
3
0 2 180 7.654323 184 16.891529
1 2 194 14.863096 183 1.832103
2 2 193 11.773153 184 1.383862
3
0 2 180 1.547388 181 8.224658
1 2 183 17.802450 194 5.924717
2 2 196 8.952746 183 15.747460
3
0 2 180 8.605783 195 12.840893
1 2 184 10.784136 187 16.749709
2 2 183 4.748402 184 7.068967
3
0 2 180 4.317736 181 5.044956
1 2 187 12.231661 190 2.902329
2 2 199 14.394144 181 1.619979
3
0 2 180 8.627017 191 4.034236
1 2 191 14.452836 195 13.906237
2 2 190 17.358883 193 2.063753
3
0 2 180 1.710685 195 6.006415
1 2 182 3.443424 196 1.106685
2 2 193 18.214334 199 10.456547
3
0 2 180 10.854540 193 5.376959
1 2 187 6.548204 194 1.989226
2 2 187 10.759814 196 18.542514
3
0 2 180 18.185197 196 7.283699
1 2 182 7.249874 180 4.048225
2 2 192 13.822830 186 16.993375
3
0 2 180 10.983489 189 12.465171
1 2 193 11.518610 191 7.789010
2 2 190 12.641036 183 9.002938
3
0 2 180 1.626132 198 6.946393
1 2 183 6.888777 185 13.862614
2 2 192 13.205752 196 18.191851
3
0 2 180 2.080271 184 7.358070
1 2 194 1.806393 197 9.573801
2 2 196 8.309524 184 9.201873
3
0 2 180 7.260252 188 14.018859
1 2 185 11.293818 181 19.147328
2 2 181 16.142268 194 8.549861
3
0 2 180 9.880194 183 12.862249
1 2 195 2.062193 180 1.375875
2 2 180 3.826409 190 12.504510
3
0 2 180 13.344936 182 6.071172
1 2 181 3.965385 183 18.598197
2 2 190 9.607554 194 6.528246
3
0 2 180 2.666814 194 15.055786
1 2 181 3.373490 185 12.937688
2 2 194 6.461289 182 15.146827
3
0 2 180 12.236264 189 14.254210
1 2 189 17.333852 199 18.752434
2 2 181 3.667614 180 18.864708
3
0 2 180 7.319692 190 4.113008
1 2 183 14.305765 189 9.836050
2 2 194 11.868407 183 1.317562
3
0 2 199 7.961915 199 16.401102
1 2 199 12.618691 199 13.736446
2 2 199 14.368887 199 4.173253
3
0 2 199 5.750407 199 16.913872
1 2 199 10.865877 199 2.274986
2 2 199 19.413034 199 11.398070
3
0 2 199 9.035016 199 11.024248
1 2 199 15.817403 199 11.287459
2 2 199 15.515660 199 1.986499
3
0 2 199 5.631688 199 7.994562
1 2 199 5.189698 199 18.821995
2 2 199 14.184161 199 2.540740
3
0 2 199 2.766253 199 3.660033
1 2 199 14.075535 199 15.440607
2 2 199 15.309088 199 16.797260
3
0 2 199 10.239569 199 8.186572
1 2 199 9.221718 199 1.644387
2 2 199 12.236206 199 16.236608
3
0 2 199 12.701236 199 11.302904
1 2 199 17.418639 199 16.789718
2 2 199 6.309310 199 15.354225
3
0 2 199 4.436572 199 17.583694
1 2 199 18.693471 199 2.702737
2 2 199 1.816288 199 12.451825
3
0 2 199 7.268478 199 2.458554
1 2 199 19.791925 199 1.205073
2 2 199 1.308166 199 9.716921
3
0 2 199 5.003126 199 1.203851
1 2 199 5.357372 199 7.676773
2 2 199 8.920166 199 1.262874
3
0 2 199 6.643754 199 11.633742
1 2 199 13.753822 199 2.472573
2 2 199 10.295129 199 3.035764
3
0 2 199 11.484251 199 5.772897
1 2 199 11.201896 199 15.414147
2 2 199 16.619798 199 4.102336
3
0 2 199 9.260347 199 18.330374
1 2 199 13.498647 199 7.680090
2 2 199 17.959455 199 18.374284
3
0 2 199 19.438647 199 5.970078
1 2 199 3.723781 199 6.748809
2 2 199 13.592941 199 3.778063
3
0 2 199 10.160048 199 2.878233
1 2 199 9.637937 199 14.865756
2 2 199 2.841955 199 17.186328
3
0 2 199 7.037934 199 18.848885
1 2 199 19.812182 199 12.681988
2 2 199 7.711920 199 9.612752
3
0 2 199 13.190807 199 1.296395
1 2 199 18.341707 199 1.030894
2 2 199 2.725843 199 1.468945
3
0 2 199 11.146710 199 11.200324
1 2 199 9.256982 199 18.767434
2 2 199 11.697161 199 2.664742
3
0 2 199 8.069157 199 9.718322
1 2 199 6.325114 199 17.527865
2 2 199 13.811472 199 16.204417
0
