100 99
3
0 2 10 5.189429 47 10.612744
1 2 69 13.647844 16 9.091585
2 2 96 8.994482 58 1.101589
3
0 2 10 5.998413 77 15.799445
1 2 57 3.366796 91 1.549956
2 2 11 13.197103 45 2.419964
3
0 2 10 1.493961 96 17.579126
1 2 95 6.977022 69 9.721237
2 2 62 3.887012 81 8.279904
3
0 2 10 7.739554 36 1.668728
1 2 11 18.866862 26 1.483230
2 2 53 16.726840 23 5.466610
3
0 2 10 4.397729 24 5.538199
1 2 97 15.675784 88 7.210619
2 2 77 8.910439 85 7.617683
3
0 2 10 7.591792 34 11.678011
1 2 61 2.468107 67 9.549866
2 2 70 1.943231 74 12.437986
3
0 2 10 14.982442 84 13.170980
1 2 49 14.965392 88 3.511188
2 2 93 14.193152 62 6.728707
3
0 2 10 2.933869 15 9.531531
1 2 21 7.471371 87 12.321082
2 2 94 7.760878 82 18.275223
3
0 2 10 8.450035 36 19.838753
1 2 63 9.584529 12 19.642789
2 2 89 10.058356 27 15.357604
3
0 2 10 7.318634 94 5.569730
1 2 50 3.733372 91 1.849356
2 2 34 2.538539 98 15.004225
3
0 2 20 17.876223 84 10.336848
1 2 45 15.848549 91 8.215920
2 2 40 10.366479 70 15.266895
3
0 2 20 17.871305 57 1.172337
1 2 86 7.205337 54 14.240741
2 2 73 1.125807 84 14.794571
3
0 2 20 7.148080 47 2.307677
1 2 97 9.309920 86 3.687386
2 2 94 11.860673 99 17.693571
3
0 2 20 15.065594 88 1.068187
1 2 97 16.130483 77 13.853887
2 2 91 10.238092 41 11.262317
3
0 2 20 2.751699 63 19.844743
1 2 87 4.721761 63 5.801649
2 2 21 1.325484 42 9.349393
3
0 2 20 16.224845 91 16.355039
1 2 66 6.840024 43 18.855575
2 2 33 9.612597 93 4.380241
3
0 2 20 3.489661 47 17.283925
1 2 37 12.272695 70 14.144338
2 2 63 10.208541 85 10.716872
3
0 2 20 15.346133 37 19.028813
1 2 63 5.545914 97 16.820496
2 2 60 7.081550 21 15.743529
3
0 2 20 6.834762 68 15.466729
1 2 93 2.307378 77 17.070925
2 2 38 14.489135 58 9.569012
3
0 2 20 15.197473 58 17.186198
1 2 88 1.555444 52 15.303281
2 2 52 17.658140 46 13.310218
3
0 2 30 19.856710 39 3.695377
1 2 56 15.283266 97 18.172998
2 2 59 4.198934 88 18.862169
3
0 2 30 16.177963 90 8.155991
1 2 96 12.833751 79 6.394318
2 2 46 18.500053 38 17.907682
3
0 2 30 15.883462 74 14.094556
1 2 72 3.635123 90 5.458124
2 2 45 7.431006 99 15.953368
3
0 2 30 14.463570 82 16.044163
1 2 94 3.489255 56 2.675135
2 2 50 11.838196 71 8.187570
3
0 2 30 15.301922 96 14.734818
1 2 68 6.414836 99 1.220185
2 2 78 17.880297 59 19.574788
3
0 2 30 19.872720 62 10.133799
1 2 50 11.809211 38 11.733927
2 2 77 16.618672 78 19.634401
3
0 2 30 14.537570 45 3.557951
1 2 36 12.220107 40 8.947682
2 2 33 3.702496 61 10.926518
3
0 2 30 2.089906 90 19.463335
1 2 62 11.028767 78 16.793751
2 2 69 3.212602 43 1.409832
3
0 2 30 9.941908 87 10.106479
1 2 96 17.701215 92 9.424445
2 2 74 15.118994 41 2.388457
3
0 2 30 17.286296 80 15.966027
1 2 53 10.795215 35 1.819132
2 2 62 12.509795 54 1.199110
3
0 2 40 7.772255 44 6.280394
1 2 90 18.745931 45 13.839979
2 2 81 5.042024 92 14.447048
3
0 2 40 17.982734 72 16.374820
1 2 84 19.949723 49 12.478441
2 2 60 8.717929 71 6.649257
3
0 2 40 9.335426 84 16.672881
1 2 88 3.029313 73 18.497019
2 2 77 14.889633 63 1.682090
3
0 2 40 2.229365 61 16.445992
1 2 90 4.627662 67 5.606645
2 2 80 4.676820 62 13.872844
3
0 2 40 9.154323 92 12.779505
1 2 67 17.297698 84 6.065027
2 2 44 6.105540 81 14.700404
3
0 2 40 1.300141 86 8.818473
1 2 74 14.229790 90 3.805731
2 2 90 17.937339 86 11.997243
3
0 2 40 7.031553 41 7.007768
1 2 70 17.433034 49 19.549823
2 2 64 4.107954 90 7.114281
3
0 2 40 4.512270 51 3.404997
1 2 91 3.954074 52 11.080977
2 2 87 10.562882 68 17.723683
3
0 2 40 18.827752 58 14.937551
1 2 43 13.882751 71 8.472963
2 2 62 18.276325 75 7.742356
3
0 2 40 1.735145 94 8.949342
1 2 40 5.377655 63 10.562985
2 2 73 5.200925 75 6.446102
3
0 2 50 15.571748 93 6.597490
1 2 91 13.043029 87 17.017349
2 2 98 13.905696 86 3.023366
3
0 2 50 15.426826 78 4.981408
1 2 56 8.581558 64 10.290357
2 2 63 9.312303 72 11.442451
3
0 2 50 17.024258 80 3.767944
1 2 68 13.699657 75 15.457244
2 2 90 12.538120 99 17.175541
3
0 2 50 5.129331 76 14.931220
1 2 99 13.148140 61 4.124879
2 2 89 12.896237 97 12.373889
3
0 2 50 6.316520 75 8.895990
1 2 90 7.073428 51 12.055106
2 2 97 3.708369 94 9.977853
3
0 2 50 12.081966 96 4.501945
1 2 83 16.182478 87 11.600555
2 2 70 8.311242 81 15.653702
3
0 2 50 12.823224 57 9.719556
1 2 67 9.562322 53 2.517999
2 2 74 19.960035 86 6.102644
3
0 2 50 16.996879 82 17.997686
1 2 89 4.336121 62 4.792268
2 2 87 13.671413 86 7.585558
3
0 2 50 12.860245 65 3.146592
1 2 99 19.379805 78 10.338293
2 2 91 14.092291 76 7.091142
3
0 2 50 3.356671 82 12.629206
1 2 50 8.960620 59 17.509188
2 2 51 19.690602 59 19.491538
3
0 2 60 18.827348 95 14.297471
1 2 92 3.379842 90 11.895487
2 2 79 2.430048 88 8.407991
3
0 2 60 19.810327 89 19.243950
1 2 88 14.490412 61 18.724752
2 2 99 13.942328 74 10.880624
3
0 2 60 1.037336 65 13.648479
1 2 61 14.936549 73 1.915386
2 2 71 7.839018 91 12.942806
3
0 2 60 4.615855 95 12.968927
1 2 65 2.783144 69 19.753172
2 2 61 9.147804 74 4.855904
3
0 2 60 12.888832 69 15.770445
1 2 63 11.206549 61 4.657941
2 2 63 17.214192 65 11.708093
3
0 2 60 9.430110 89 10.271191
1 2 71 4.170001 87 4.280499
2 2 86 3.312617 67 19.297577
3
0 2 60 19.026289 63 3.812874
1 2 69 19.236970 71 2.701022
2 2 64 1.101367 80 5.326103
3
0 2 60 10.081423 70 7.166664
1 2 64 16.926669 63 15.867987
2 2 63 19.689580 66 10.726135
3
0 2 60 5.912054 97 6.686139
1 2 70 5.436109 85 6.899263
2 2 70 13.970651 76 19.925917
3
0 2 60 6.992526 98 4.692139
1 2 78 1.576744 85 11.223561
2 2 76 7.416196 94 2.622128
3
0 2 70 15.023748 72 12.324816
1 2 84 17.727454 97 19.310603
2 2 94 7.794904 76 19.169081
3
0 2 70 13.671141 86 16.474482
1 2 72 6.150158 93 5.505684
2 2 75 12.078271 88 7.917064
3
0 2 70 11.461000 75 18.315765
1 2 86 13.692614 95 14.471563
2 2 72 13.163214 77 9.505077
3
0 2 70 11.529823 74 2.127266
1 2 75 3.958817 73 11.629792
2 2 95 9.911078 85 17.150544
3
0 2 70 16.508634 95 12.326160
1 2 89 18.397382 83 5.115455
2 2 92 14.094713 86 18.826316
3
0 2 70 14.931327 82 13.080591
1 2 77 12.740693 75 6.236087
2 2 81 1.207426 95 16.760182
3
0 2 70 9.348576 90 15.789030
1 2 90 10.706429 88 14.110057
2 2 96 17.979333 98 6.496674
3
0 2 70 8.535736 94 13.714585
1 2 80 12.854187 89 12.499478
2 2 93 8.007710 72 6.965539
3
0 2 70 5.509805 98 17.620739
1 2 98 11.494364 71 17.139497
2 2 89 14.298566 85 10.479781
3
0 2 70 17.261456 81 10.687965
1 2 75 16.491814 70 3.199088
2 2 88 4.103458 83 13.456334
3
0 2 80 6.325969 93 14.482308
1 2 80 13.335026 97 14.278373
2 2 96 2.352299 83 7.872342
3
0 2 80 19.674270 89 3.253338
1 2 87 6.844393 99 13.654823
2 2 93 11.414269 82 11.573931
3
0 2 80 16.935806 81 1.136750
1 2 99 15.624745 89 16.063005
2 2 98 8.382166 82 3.231467
3
0 2 80 19.967831 86 15.265405
1 2 94 11.978746 95 12.126325
2 2 84 11.499709 80 12.477453
3
0 2 80 4.566167 93 10.635927
1 2 86 18.031755 83 7.461542
2 2 87 16.524289 95 11.265040
3
0 2 80 2.223051 82 8.388310
1 2 95 15.223730 98 6.056309
2 2 82 6.929177 96 19.635402
3
0 2 80 3.403299 98 19.513061
1 2 97 15.416875 98 14.125018
2 2 88 5.308113 94 13.112346
3
0 2 80 17.526202 95 2.440587
1 2 82 11.209099 81 11.731000
2 2 87 5.090004 83 5.721565
3
0 2 80 19.534535 96 11.720830
1 2 87 17.227894 93 5.183028
2 2 89 18.878428 84 13.614453
3
0 2 80 8.893827 96 1.972145
1 2 93 10.999779 99 12.866401
2 2 99 11.441473 89 7.456699
3
0 2 90 4.412624 95 5.885426
1 2 90 2.877206 94 8.198056
2 2 99 7.612766 97 5.736677
3
0 2 90 4.606613 96 1.112212
1 2 99 4.574347 90 19.754567
2 2 95 6.641980 92 6.039067
3
0 2 90 10.387246 96 10.144072
1 2 94 18.416632 91 5.351224
2 2 99 5.497679 93 11.752849
3
0 2 90 13.364721 96 12.850790
1 2 97 17.868848 98 19.296368
2 2 95 2.024192 99 6.380436
3
0 2 90 10.668273 91 6.826301
1 2 94 3.157562 92 13.822828
2 2 93 18.276093 97 14.340681
3
0 2 90 15.439055 98 18.056807
1 2 92 8.544199 96 5.476262
2 2 95 10.017541 92 16.603494
3
0 2 90 16.063386 97 4.657030
1 2 92 5.317015 98 3.253433
2 2 96 11.033125 95 5.494772
3
0 2 90 11.144576 96 5.956241
1 2 96 6.912945 95 15.042601
2 2 96 17.892445 94 18.941135
3
0 2 90 10.788407 94 3.275003
1 2 98 4.781204 97 9.974995
2 2 91 2.112509 97 12.257773
3
0 2 90 18.678259 99 1.214982
1 2 96 11.302616 98 17.977657
2 2 95 14.377766 92 8.391429
3
0 2 99 2.647833 99 6.902571
1 2 99 17.802701 99 15.219277
2 2 99 9.398475 99 13.813896
3
0 2 99 4.964594 99 5.499454
1 2 99 17.981466 99 7.641221
2 2 99 19.247710 99 3.131348
3
0 2 99 2.359483 99 8.947893
1 2 99 16.150837 99 7.355589
2 2 99 4.346624 99 11.597929
3
0 2 99 17.750614 99 13.238550
1 2 99 9.505968 99 8.240097
2 2 99 12.986354 99 7.061525
3
0 2 99 19.950552 99 15.333766
1 2 99 16.703989 99 10.425068
2 2 99 17.720222 99 11.317378
3
0 2 99 17.538660 99 13.628492
1 2 99 18.464974 99 14.550266
2 2 99 6.891267 99 6.279628
3
0 2 99 17.268105 99 1.604383
1 2 99 19.860502 99 2.537184
2 2 99 2.934063 99 16.858736
3
0 2 99 7.576977 99 4.918638
1 2 99 19.503213 99 10.725248
2 2 99 4.816643 99 13.263753
3
0 2 99 18.203760 99 18.596664
1 2 99 4.994395 99 14.427847
2 2 99 1.799771 99 19.002234
0
