50 49
3
0 2 5 18.191051 23 19.829442
1 2 29 6.501766 48 16.843794
2 2 46 4.231027 39 3.535040
3
0 2 5 5.822805 19 15.654525
1 2 8 18.821853 39 9.106188
2 2 32 16.151269 41 17.292129
3
0 2 5 9.155868 32 1.979059
1 2 9 7.296727 41 17.683914
2 2 39 5.358056 47 6.215877
3
0 2 5 6.179376 18 1.508692
1 2 19 17.900197 39 1.513852
2 2 8 3.152537 30 6.024999
3
0 2 5 6.860007 39 5.181573
1 2 15 14.357897 46 12.736466
2 2 27 3.472117 26 10.137488
3
0 2 10 18.263919 24 18.099275
1 2 49 17.194364 26 6.940470
2 2 18 1.519199 23 15.715085
3
0 2 10 9.892887 42 9.825664
1 2 26 12.986957 30 17.242550
2 2 14 17.405639 44 7.334093
3
0 2 10 5.281083 27 13.247951
1 2 41 17.978466 27 15.497272
2 2 39 11.810048 32 10.977892
3
0 2 10 14.054083 40 18.101981
1 2 12 7.336414 26 13.114696
2 2 33 17.401064 37 19.409078
3
0 2 10 15.113585 38 1.128623
1 2 34 9.630241 48 19.872872
2 2 45 7.945559 34 13.287977
3
0 2 15 15.053704 45 10.782955
1 2 24 8.714626 26 19.999252
2 2 43 12.395622 26 3.005113
3
0 2 15 13.811680 46 18.860177
1 2 49 10.477314 44 7.227734
2 2 47 2.576870 45 7.111044
3
0 2 15 1.498289 40 18.493056
1 2 29 16.232603 34 17.882663
2 2 43 7.702964 47 7.108661
3
0 2 15 19.617288 37 19.836034
1 2 33 16.607093 31 14.389116
2 2 43 8.638809 27 4.828508
3
0 2 15 3.634314 36 6.364152
1 2 43 1.672865 34 12.842094
2 2 17 11.575314 15 10.670100
3
0 2 20 11.662945 46 1.448845
1 2 40 19.781269 27 2.084010
2 2 39 13.266857 23 11.611851
3
0 2 20 11.768376 42 11.708800
1 2 32 17.139857 33 16.244319
2 2 26 14.170038 20 19.640249
3
0 2 20 17.469392 26 5.375253
1 2 24 13.998443 28 7.055132
2 2 37 9.609400 29 4.152937
3
0 2 20 5.934662 47 12.115284
1 2 27 9.527889 39 17.573743
2 2 38 10.070492 40 2.426747
3
0 2 20 7.134972 31 14.441549
1 2 22 2.267625 25 15.729702
2 2 22 7.088928 33 5.322153
3
0 2 25 7.628048 41 3.254468
1 2 38 14.813821 35 5.471995
2 2 39 14.429087 33 18.616489
3
0 2 25 15.776557 42 8.634747
1 2 28 12.313674 42 16.545335
2 2 33 11.660381 36 2.117776
3
0 2 25 7.889644 42 19.542582
1 2 48 17.426523 36 9.808660
2 2 45 5.678052 49 19.483871
3
0 2 25 14.026362 49 19.913864
1 2 45 14.508965 29 11.707513
2 2 36 17.023295 41 1.907587
3
0 2 25 1.639149 49 13.788762
1 2 35 4.928416 43 17.738404
2 2 28 4.092624 29 12.032251
3
0 2 30 10.448668 36 8.665583
1 2 45 19.678900 38 7.842843
2 2 44 7.053210 45 11.396672
3
0 2 30 10.780315 46 2.121597
1 2 36 19.137018 37 6.284737
2 2 43 9.204504 32 3.891184
3
0 2 30 7.071729 36 17.295689
1 2 30 6.555091 35 6.121176
2 2 38 5.474106 36 16.193493
3
0 2 30 5.729996 38 19.922372
1 2 48 19.561639 45 15.564060
2 2 47 6.275141 42 13.382541
3
0 2 30 2.614433 44 3.143075
1 2 41 17.557487 35 19.353569
2 2 41 7.884550 32 14.299056
3
0 2 35 6.661607 36 14.645002
1 2 35 18.161612 37 4.701709
2 2 41 15.287857 46 15.560553
3
0 2 35 7.583048 46 14.856070
1 2 42 9.060957 36 2.889010
2 2 36 12.904494 38 1.742262
3
0 2 35 11.966302 40 12.324282
1 2 41 7.327154 44 2.345701
2 2 43 16.007361 38 5.850149
3
0 2 35 15.682971 48 7.966257
1 2 39 19.921978 49 13.100076
2 2 46 2.208649 36 1.288456
3
0 2 35 6.386299 37 19.029560
1 2 37 18.561494 35 14.551282
2 2 45 10.123035 49 3.805645
3
0 2 40 15.542320 49 3.033461
1 2 40 13.062193 41 17.911585
2 2 41 8.428830 42 6.711693
3
0 2 40 4.834293 41 7.021518
1 2 41 4.438500 48 2.636299
2 2 48 3.256148 41 12.032707
3
0 2 40 10.860755 48 18.763012
1 2 41 11.136911 48 13.060770
2 2 47 4.047826 45 17.249800
3
0 2 40 18.967132 46 14.746644
1 2 48 1.091217 43 14.828732
2 2 47 18.317220 43 15.387828
3
0 2 40 3.627580 41 8.597982
1 2 47 16.835163 44 17.042643
2 2 48 5.980916 43 8.025065
3
0 2 45 5.418547 49 17.889586
1 2 49 11.159229 48 9.734829
2 2 45 5.568027 49 18.115038
3
0 2 45 5.318779 49 1.803808
1 2 49 16.752926 47 7.024861
2 2 48 4.822837 45 15.393240
3
0 2 45 15.908133 47 13.555767
1 2 45 10.737594 48 12.922931
2 2 48 10.618688 49 4.383328
3
0 2 45 11.490839 49 15.651735
1 2 48 14.673495 47 16.869158
2 2 48 5.329174 46 6.920198
3
0 2 45 13.656764 46 12.657922
1 2 46 18.233215 48 6.313601
2 2 49 14.609313 45 19.771571
3
0 2 49 15.618369 49 5.977389
1 2 49 6.174818 49 15.592327
2 2 49 17.891597 49 6.289435
3
0 2 49 14.903622 49 17.402673
1 2 49 11.170718 49 19.628890
2 2 49 9.391571 49 7.876524
3
0 2 49 6.941050 49 6.331509
1 2 49 19.413622 49 13.348045
2 2 49 9.982251 49 13.815002
3
0 2 49 7.817885 49 13.407501
1 2 49 16.971797 49 15.217191
2 2 49 1.558891 49 1.716483
0
