200 199
3
0 2 20 11.411380 24 2.071218
1 2 185 5.240689 157 3.624767
2 2 115 10.251304 33 5.009930
3
0 2 20 12.873708 196 11.485002
1 2 181 11.551553 169 1.594562
2 2 76 12.639471 85 11.771477
3
0 2 20 18.711282 153 11.762984
1 2 30 9.082578 96 1.456858
2 2 65 5.883982 28 9.829430
3
0 2 20 3.855576 107 1.016668
1 2 187 15.391044 108 6.471312
2 2 88 3.402466 23 11.172531
3
0 2 20 17.135921 143 12.481236
1 2 23 6.734006 30 7.948987
2 2 29 12.551549 193 6.492220
3
0 2 20 19.032907 96 19.587621
1 2 147 16.040605 123 12.338998
2 2 124 10.327544 95 7.855850
3
0 2 20 5.069100 35 2.175825
1 2 136 13.744406 58 6.849460
2 2 77 13.555772 95 19.056091
3
0 2 20 7.379581 126 2.664364
1 2 181 10.619164 199 13.171503
2 2 71 9.704139 29 4.340213
3
0 2 20 19.670007 138 13.905186
1 2 65 5.130019 108 14.973941
2 2 29 18.502604 64 16.345475
3
0 2 20 18.349317 40 17.293209
1 2 98 19.001202 38 7.660994
2 2 104 6.006664 169 7.567684
3
0 2 20 16.967329 21 17.222123
1 2 76 6.448018 100 7.900068
2 2 113 19.523531 50 13.706403
3
0 2 20 13.531260 37 7.298349
1 2 140 7.301348 31 12.556556
2 2 116 15.851009 33 11.582364
3
0 2 20 2.381782 94 8.717114
1 2 145 15.166764 29 12.693602
2 2 102 15.621897 141 11.177820
3
0 2 20 15.026279 123 14.358709
1 2 101 2.717271 37 8.440496
2 2 43 16.793087 34 15.785785
3
0 2 20 4.445561 154 17.981445
1 2 73 16.015918 97 15.874138
2 2 132 12.586745 190 5.904484
3
0 2 20 1.832396 148 9.531643
1 2 46 17.654904 132 2.341110
2 2 99 6.424810 137 11.923727
3
0 2 20 11.104942 55 6.658516
1 2 102 3.308872 45 8.693151
2 2 50 8.952307 193 2.217515
3
0 2 20 8.844949 100 1.552629
1 2 189 13.203996 83 3.628876
2 2 29 9.521020 82 2.263410
3
0 2 20 17.528886 37 14.881293
1 2 75 8.224170 74 19.227467
2 2 179 13.068519 64 19.086303
3
0 2 20 11.112780 134 7.645651
1 2 142 15.221275 42 18.430892
2 2 84 9.814370 61 5.555767
3
0 2 40 7.660442 171 10.760965
1 2 56 1.918001 71 1.505511
2 2 187 18.184913 139 16.624290
3
0 2 40 1.285275 72 1.400806
1 2 186 15.734171 45 7.921869
2 2 73 14.221259 82 3.711527
3
0 2 40 17.812509 103 12.234512
1 2 43 12.227977 149 4.514125
2 2 179 16.992802 142 12.633282
3
0 2 40 12.955834 191 16.503357
1 2 102 7.188230 58 14.174669
2 2 50 7.353075 70 5.482008
3
0 2 40 4.431100 83 17.769726
1 2 138 1.953876 183 8.570950
2 2 47 16.119057 79 4.135678
3
0 2 40 13.721396 68 12.991957
1 2 142 9.516961 112 19.599030
2 2 132 13.171910 169 15.438225
3
0 2 40 19.787316 176 1.074981
1 2 55 6.630399 87 8.156376
2 2 60 5.155919 84 19.471004
3
0 2 40 14.638879 61 7.927453
1 2 167 4.415185 114 2.316445
2 2 132 6.656984 143 7.710183
3
0 2 40 18.450688 144 4.316164
1 2 195 10.598722 193 19.972801
2 2 121 3.067725 44 10.393478
3
0 2 40 6.734281 106 3.991988
1 2 178 9.171886 105 16.378279
2 2 80 6.253115 103 9.542914
3
0 2 40 18.671381 92 1.998424
1 2 69 6.183601 199 17.467367
2 2 59 7.646850 191 13.356036
3
0 2 40 7.014261 95 13.062627
1 2 190 13.069657 89 15.353471
2 2 40 3.625127 48 9.362438
3
0 2 40 4.064257 87 7.583941
1 2 198 7.358252 187 6.492723
2 2 186 2.115289 85 11.924019
3
0 2 40 8.752490 145 8.980453
1 2 86 19.204146 107 15.308941
2 2 178 14.720031 166 2.505890
3
0 2 40 4.645806 51 6.923319
1 2 148 13.816110 75 17.535563
2 2 150 7.544049 41 10.038056
3
0 2 40 4.976656 167 3.133666
1 2 153 9.797346 178 10.909660
2 2 137 7.180146 116 8.456172
3
0 2 40 9.425593 131 15.398603
1 2 72 1.542734 46 6.890710
2 2 171 13.486300 192 10.303186
3
0 2 40 11.485216 58 6.667923
1 2 129 6.548772 122 7.965283
2 2 181 5.196427 157 1.145924
3
0 2 40 1.679283 159 7.345182
1 2 111 3.055713 153 12.174455
2 2 176 6.252956 152 6.915734
3
0 2 40 14.099302 174 4.497007
1 2 143 16.466094 52 9.850739
2 2 62 13.133772 196 7.527570
3
0 2 60 11.908837 174 2.936130
1 2 176 6.226888 81 10.397928
2 2 150 7.105562 152 3.600925
3
0 2 60 8.358556 132 19.487236
1 2 170 19.224666 186 13.118329
2 2 145 18.066016 97 5.158081
3
0 2 60 11.814547 137 19.015649
1 2 145 8.223343 123 6.221016
2 2 150 4.079531 100 19.425138
3
0 2 60 13.645678 61 2.216441
1 2 117 7.218833 115 10.352857
2 2 63 14.545767 149 19.010957
3
0 2 60 7.183493 66 7.667427
1 2 99 18.440597 172 8.818088
2 2 139 19.836700 129 5.175684
3
0 2 60 10.984515 83 3.382796
1 2 123 17.664598 124 7.616781
2 2 98 6.987785 196 3.779359
3
0 2 60 15.960502 129 2.377723
1 2 165 15.837027 158 12.512663
2 2 89 16.985627 189 14.432573
3
0 2 60 19.187185 97 16.028334
1 2 129 6.268296 174 3.195663
2 2 144 14.060427 102 17.085089
3
0 2 60 6.949589 191 14.817482
1 2 161 17.528341 107 10.227087
2 2 87 9.419127 162 5.841831
3
0 2 60 15.739466 159 6.396547
1 2 126 12.055019 171 8.219195
2 2 170 8.340021 162 14.200661
3
0 2 60 12.988314 152 11.195818
1 2 143 8.638685 133 11.741572
2 2 181 3.811471 97 6.135538
3
0 2 60 18.557758 187 12.045399
1 2 96 13.494376 138 13.950445
2 2 147 16.198077 80 5.018380
3
0 2 60 5.659924 183 4.262895
1 2 140 12.500703 94 5.127675
2 2 115 7.813899 153 12.196261
3
0 2 60 13.341351 145 2.152482
1 2 150 15.508480 184 11.287450
2 2 115 7.929759 121 10.803351
3
0 2 60 19.539425 92 4.420955
1 2 105 7.478622 106 3.124849
2 2 162 17.032340 83 2.401154
3
0 2 60 17.125213 65 14.751763
1 2 64 16.335029 138 10.653091
2 2 159 2.961934 177 11.387901
3
0 2 60 14.692118 138 19.505042
1 2 179 6.341963 140 2.525986
2 2 170 11.426710 123 18.270339
3
0 2 60 15.227267 167 18.897004
1 2 125 17.966883 109 5.450580
2 2 131 18.197622 186 15.771130
3
0 2 60 4.527975 135 9.622813
1 2 149 16.585817 87 14.946747
2 2 96 4.269070 122 7.150857
3
0 2 60 1.513638 165 1.851714
1 2 162 7.671401 188 18.603065
2 2 156 17.681554 179 4.607074
3
0 2 80 4.413204 173 3.339575
1 2 186 3.889887 190 19.030448
2 2 170 4.167624 98 6.334199
3
0 2 80 15.910728 168 7.429178
1 2 191 4.117125 96 17.561204
2 2 181 12.509041 155 19.562895
3
0 2 80 4.865136 183 3.058055
1 2 160 5.674194 182 3.695515
2 2 165 6.065108 112 16.312872
3
0 2 80 5.093055 98 13.364540
1 2 159 15.945520 148 16.353532
2 2 148 7.183670 88 16.479753
3
0 2 80 12.626665 159 9.881862
1 2 191 16.187995 85 13.940165
2 2 147 5.002993 144 3.581123
3
0 2 80 9.447506 99 9.316181
1 2 174 8.662435 153 5.006099
2 2 163 5.295045 93 9.470754
3
0 2 80 15.993690 180 14.894000
1 2 168 12.376256 180 13.028284
2 2 112 16.423260 171 11.150368
3
0 2 80 13.470325 184 17.288224
1 2 181 18.648490 90 13.524583
2 2 130 13.709209 159 18.170628
3
0 2 80 8.074537 101 10.199950
1 2 170 14.204969 186 15.839650
2 2 99 15.557616 199 6.182061
3
0 2 80 13.069650 189 3.854126
1 2 165 5.747640 118 12.651482
2 2 127 5.444570 190 1.475467
3
0 2 80 8.391885 156 5.971550
1 2 167 7.155307 128 16.777987
2 2 158 6.305801 146 5.555698
3
0 2 80 10.310489 189 15.508015
1 2 155 18.320309 80 6.112395
2 2 110 6.426696 171 4.886875
3
0 2 80 18.031484 186 18.300980
1 2 161 8.125465 146 17.630723
2 2 183 5.950680 140 18.687450
3
0 2 80 1.755783 148 4.869295
1 2 155 9.652497 93 9.383696
2 2 181 7.776653 125 11.089554
3
0 2 80 1.036795 150 8.012568
1 2 116 5.620234 182 7.533566
2 2 106 19.630865 175 16.418879
3
0 2 80 17.912415 175 11.800991
1 2 148 7.023845 139 1.988569
2 2 173 9.184058 87 14.367826
3
0 2 80 8.816664 183 15.494318
1 2 194 17.387580 198 9.854000
2 2 149 14.217713 144 2.168333
3
0 2 80 14.696666 138 4.346703
1 2 116 17.654400 114 13.357127
2 2 171 8.839735 111 10.107487
3
0 2 80 4.822730 193 14.564790
1 2 167 8.405229 199 1.108095
2 2 150 18.342130 99 4.035834
3
0 2 80 16.056666 118 4.675765
1 2 82 14.293425 87 17.560763
2 2 87 5.285169 187 14.073100
3
0 2 100 6.254089 195 10.472229
1 2 105 11.912464 116 11.443858
2 2 134 13.434293 108 9.960490
3
0 2 100 4.391232 146 5.515781
1 2 188 17.739551 195 7.877355
2 2 185 10.882011 165 16.787495
3
0 2 100 10.534942 142 19.529901
1 2 112 4.430102 123 4.753577
2 2 120 15.906721 144 9.070345
3
0 2 100 16.057695 180 1.246031
1 2 117 6.564144 184 18.417852
2 2 114 11.335337 180 1.865638
3
0 2 100 9.598557 130 14.405257
1 2 197 5.725934 199 2.255243
2 2 157 3.407527 105 4.230252
3
0 2 100 15.209170 195 1.347585
1 2 160 11.526709 175 13.229094
2 2 176 11.833564 180 3.450726
3
0 2 100 11.119384 184 18.570935
1 2 125 4.702881 123 17.618535
2 2 142 17.296017 127 5.256205
3
0 2 100 8.806111 155 11.592212
1 2 119 10.244675 190 5.056091
2 2 187 17.919118 164 14.728573
3
0 2 100 8.736456 145 2.955845
1 2 122 16.589088 123 4.177199
2 2 195 12.577775 124 18.606491
3
0 2 100 14.950290 104 4.947606
1 2 113 17.855495 181 6.178668
2 2 126 15.640134 176 4.025881
3
0 2 100 11.975139 196 14.930616
1 2 166 4.456708 151 17.140108
2 2 113 10.388782 172 2.013165
3
0 2 100 14.418482 171 9.580774
1 2 158 1.595003 153 7.977524
2 2 148 6.721071 195 15.048027
3
0 2 100 10.783725 153 15.757918
1 2 182 19.748460 173 7.506769
2 2 193 13.476282 114 14.095307
3
0 2 100 17.031129 191 3.041426
1 2 115 19.717371 108 7.466101
2 2 155 4.976857 153 11.716689
3
0 2 100 8.199196 192 4.411385
1 2 141 11.891710 190 18.036339
2 2 172 16.587127 161 8.301096
3
0 2 100 10.782576 121 10.173362
1 2 160 14.023593 189 10.786197
2 2 191 13.270707 103 8.678085
3
0 2 100 6.658042 183 12.897650
1 2 111 8.500268 117 14.508303
2 2 191 13.972918 159 15.446779
3
0 2 100 5.426179 126 1.837005
1 2 132 17.712550 118 17.643363
2 2 108 14.703301 142 11.704826
3
0 2 100 11.410598 108 11.417692
1 2 128 7.002638 199 1.824543
2 2 148 3.769920 177 1.717943
3
0 2 100 12.149124 141 2.068579
1 2 123 5.661806 109 9.860352
2 2 111 7.995329 117 3.642303
3
0 2 120 19.675532 161 7.185717
1 2 199 8.590006 131 2.526934
2 2 177 9.513459 159 7.763848
3
0 2 120 13.564179 190 10.181469
1 2 158 8.345135 171 12.618751
2 2 143 9.505315 148 11.339149
3
0 2 120 7.541766 186 18.873944
1 2 139 5.166108 155 4.158012
2 2 198 6.077160 138 17.872734
3
0 2 120 9.409220 197 18.125638
1 2 131 5.807830 179 7.504194
2 2 170 4.928624 129 14.860195
3
0 2 120 13.399850 169 8.296248
1 2 134 17.213223 173 3.215379
2 2 158 13.244428 126 12.915283
3
0 2 120 6.132760 142 11.970970
1 2 152 18.094140 156 18.877320
2 2 179 1.290811 124 9.869170
3
0 2 120 18.579133 177 18.782813
1 2 154 14.858621 139 7.944111
2 2 196 19.038645 173 13.964563
3
0 2 120 16.387445 157 12.606278
1 2 133 10.087346 142 6.288861
2 2 128 9.978495 184 3.310217
3
0 2 120 2.052010 136 8.268112
1 2 128 4.024967 189 17.298680
2 2 140 11.162309 183 1.538075
3
0 2 120 19.544145 131 19.141302
1 2 159 17.454861 140 11.008789
2 2 160 1.116403 137 8.461912
3
0 2 120 7.547011 193 18.125205
1 2 131 5.787542 198 10.782096
2 2 146 4.279050 184 12.435401
3
0 2 120 3.929790 195 3.598939
1 2 136 15.376841 143 5.428109
2 2 167 1.125527 121 2.310665
3
0 2 120 9.077416 125 19.465534
1 2 196 11.598521 194 7.855996
2 2 162 16.637157 178 2.520085
3
0 2 120 17.066695 175 9.448499
1 2 121 11.750188 192 2.621732
2 2 142 18.329062 193 12.660364
3
0 2 120 16.084559 150 15.298503
1 2 198 16.664088 159 13.187966
2 2 173 7.279857 121 3.954178
3
0 2 120 2.680514 175 10.360168
1 2 183 14.799876 130 2.551855
2 2 138 18.969564 179 17.584348
3
0 2 120 13.369354 193 18.375396
1 2 194 5.353523 146 18.339935
2 2 179 15.463214 134 9.180185
3
0 2 120 12.193308 193 5.827169
1 2 178 4.823413 145 12.014720
2 2 175 15.456850 125 2.049658
3
0 2 120 16.434977 155 8.474419
1 2 159 7.074518 148 2.698557
2 2 159 5.236364 175 11.232672
3
0 2 120 2.594845 156 11.215893
1 2 134 7.180234 170 2.700379
2 2 157 13.720262 156 19.699332
3
0 2 140 16.306694 162 3.618512
1 2 140 7.095149 169 6.007742
2 2 183 15.341384 192 8.775814
3
0 2 140 1.854949 147 13.736927
1 2 188 3.428177 176 14.428317
2 2 173 7.727459 184 14.961945
3
0 2 140 15.927394 183 12.067768
1 2 169 1.275333 149 15.547496
2 2 178 13.697271 159 3.008227
3
0 2 140 7.881144 145 17.773705
1 2 162 13.881937 168 14.368549
2 2 151 1.717711 178 10.092339
3
0 2 140 1.375188 197 7.134092
1 2 145 12.276070 169 3.294186
2 2 154 1.076682 155 7.255536
3
0 2 140 7.328146 198 19.414661
1 2 164 11.483681 193 12.187470
2 2 150 17.684188 146 15.841173
3
0 2 140 18.234941 152 6.005919
1 2 164 9.108899 173 2.306448
2 2 156 3.683018 199 1.464194
3
0 2 140 6.032698 156 1.202338
1 2 154 5.028508 187 14.830318
2 2 192 18.652339 170 18.065574
3
0 2 140 4.031080 195 11.766740
1 2 140 16.455420 154 15.295834
2 2 179 15.379659 149 12.595131
3
0 2 140 12.689977 165 14.075689
1 2 157 1.557516 174 18.600330
2 2 161 17.943686 165 9.542784
3
0 2 140 4.615890 182 17.629557
1 2 173 1.384038 145 1.118894
2 2 142 3.171805 144 7.182163
3
0 2 140 12.029455 190 13.847709
1 2 140 14.326986 195 16.677759
2 2 140 15.198255 141 15.080365
3
0 2 140 18.900393 144 7.980730
1 2 150 15.504286 173 3.471542
2 2 148 7.359050 155 1.010502
3
0 2 140 2.185211 175 11.146984
1 2 164 7.649502 171 5.997947
2 2 193 15.330483 158 16.189292
3
0 2 140 2.655191 163 7.741840
1 2 149 19.908548 155 6.282247
2 2 191 15.127139 189 16.200141
3
0 2 140 13.217510 179 14.130028
1 2 171 6.389300 184 12.358904
2 2 148 1.515940 188 16.337290
3
0 2 140 12.797166 153 9.432172
1 2 156 8.471775 148 19.313943
2 2 191 7.293607 183 18.550048
3
0 2 140 7.872814 174 10.749749
1 2 193 19.547828 159 17.110535
2 2 190 19.203011 179 17.876515
3
0 2 140 9.060299 156 9.987156
1 2 178 17.515454 147 10.429597
2 2 193 11.943212 188 19.389400
3
0 2 140 5.512148 145 11.114053
1 2 144 10.483143 141 18.305896
2 2 190 4.488333 160 12.986219
3
0 2 160 14.315817 191 4.448212
1 2 192 17.451089 178 14.695559
2 2 197 13.616912 193 11.671087
3
0 2 160 5.706491 164 9.738178
1 2 194 15.712637 186 15.300373
2 2 190 18.662298 193 3.107265
3
0 2 160 10.544475 186 16.663816
1 2 175 5.385054 172 6.289991
2 2 193 6.481139 196 11.399514
3
0 2 160 18.984243 197 19.172321
1 2 175 4.710597 168 14.880422
2 2 168 15.503479 193 11.133079
3
0 2 160 5.624502 196 4.424047
1 2 165 16.934899 160 9.440124
2 2 199 16.313642 193 1.251631
3
0 2 160 16.196753 192 17.060198
1 2 178 16.226648 179 4.424381
2 2 169 16.365698 186 8.861188
3
0 2 160 13.336292 162 11.690354
1 2 160 1.156809 191 19.117494
2 2 160 16.040586 170 9.769398
3
0 2 160 3.414746 181 2.069749
1 2 181 17.067459 186 12.439536
2 2 176 7.481900 186 11.998836
3
0 2 160 6.762300 162 2.366490
1 2 178 1.710215 169 1.918971
2 2 165 2.679005 177 2.053240
3
0 2 160 10.693891 185 2.952196
1 2 164 2.424750 183 7.040422
2 2 198 19.791088 196 18.562666
3
0 2 160 19.847401 171 14.997643
1 2 195 9.976776 185 12.695848
2 2 162 9.909923 194 8.901207
3
0 2 160 19.932530 191 7.296707
1 2 165 19.268116 192 11.196454
2 2 192 16.502734 199 3.048107
3
0 2 160 2.198985 198 17.229885
1 2 170 14.962535 194 8.988859
2 2 190 15.809224 197 12.987724
3
0 2 160 10.725633 166 3.858281
1 2 192 14.136395 178 19.006820
2 2 168 17.894120 192 16.225202
3
0 2 160 14.789632 175 19.577188
1 2 169 9.646005 164 10.088946
2 2 173 19.913689 197 10.892902
3
0 2 160 4.692824 178 14.551060
1 2 187 14.074261 177 7.952115
2 2 187 19.349839 192 15.153872
3
0 2 160 19.298174 189 10.367948
1 2 183 7.536298 164 6.087133
2 2 172 2.324583 176 14.198545
3
0 2 160 17.035126 163 10.004006
1 2 195 7.543338 166 12.779936
2 2 182 14.976358 179 18.820372
3
0 2 160 6.594526 179 6.631711
1 2 166 16.282813 169 19.243774
2 2 190 6.036607 169 14.839623
3
0 2 160 1.321782 162 10.249607
1 2 182 5.741075 180 7.345949
2 2 192 2.052427 193 10.695994
3
0 2 180 4.433169 190 16.316077
1 2 184 19.675952 187 4.196105
2 2 180 3.588706 182 7.346154
3
0 2 180 14.269276 195 5.541918
1 2 182 4.394619 186 3.306955
2 2 191 18.613876 185 19.037094
3
0 2 180 14.057955 192 4.568826
1 2 188 12.619706 185 2.032474
2 2 185 16.402001 190 8.580252
3
0 2 180 4.606935 185 17.750000
1 2 194 11.280130 189 17.012405
2 2 195 1.164081 185 4.755158
3
0 2 180 12.004667 183 13.192464
1 2 182 7.350117 184 2.296151
2 2 189 15.018644 198 2.929093
3
0 2 180 13.234294 185 2.067025
1 2 195 17.423692 197 12.030772
2 2 188 10.619680 184 10.300680
3
0 2 180 16.329295 195 4.089776
1 2 180 5.511270 195 8.198305
2 2 180 16.858769 181 15.247774
3
0 2 180 11.237185 185 7.665286
1 2 198 1.994500 197 1.884432
2 2 196 8.421701 188 13.114081
3
0 2 180 13.673159 197 14.891701
1 2 182 14.266947 199 2.368935
2 2 199 15.554371 193 4.339629
3
0 2 180 18.697004 196 11.940279
1 2 187 8.233106 192 13.957255
2 2 187 17.354094 191 2.723147
3
0 2 180 14.213620 182 14.039972
1 2 180 7.286678 181 11.157913
2 2 187 16.337717 199 17.750436
3
0 2 180 13.831473 193 9.823505
1 2 193 8.618610 180 3.199936
2 2 198 6.288615 192 14.585529
3
0 2 180 9.452573 189 2.679480
1 2 197 10.478537 188 18.951737
2 2 194 19.336632 192 12.010815
3
0 2 180 6.304854 188 5.063608
1 2 183 2.969693 189 3.082148
2 2 197 19.810617 196 6.120780
3
0 2 180 5.939709 188 18.528783
1 2 197 6.745463 186 13.082776
2 2 193 18.660389 186 8.416517
3
0 2 180 15.699149 192 6.748858
1 2 184 15.485835 187 4.210223
2 2 181 9.766066 183 13.635101
3
0 2 180 10.913482 190 9.564885
1 2 189 2.783367 188 4.827867
2 2 182 10.653768 197 3.927799
3
0 2 180 18.321784 197 6.584721
1 2 180 14.034905 183 14.878968
2 2 186 13.672016 199 5.096164
3
0 2 180 12.659461 188 16.116934
1 2 186 19.043951 180 16.849898
2 2 184 18.655612 186 5.027710
3
0 2 180 17.477440 183 18.265559
1 2 187 10.942199 185 8.959237
2 2 196 13.663427 194 2.260153
3
0 1 199 13.569526
1 1 199 18.674213
2 1 199 10.293763
3
0 1 199 11.409625
1 1 199 11.856586
2 1 199 17.273035
3
0 1 199 17.172254
1 1 199 7.823892
2 1 199 15.921088
3
0 1 199 4.379281
1 1 199 3.529618
2 1 199 5.284889
3
0 1 199 9.900867
1 1 199 10.703104
2 1 199 5.283969
3
0 1 199 10.165174
1 1 199 10.461324
2 1 199 18.890035
3
0 1 199 12.028706
1 1 199 3.892830
2 1 199 8.767204
3
0 1 199 18.157977
1 1 199 15.677115
2 1 199 17.170640
3
0 1 199 9.436824
1 1 199 11.517927
2 1 199 3.354798
3
0 1 199 5.966384
1 1 199 8.411615
2 1 199 1.973930
3
0 1 199 19.449609
1 1 199 5.810016
2 1 199 9.364111
3
0 1 199 5.372020
1 1 199 4.632985
2 1 199 9.880533
3
0 1 199 11.656163
1 1 199 16.357396
2 1 199 10.450904
3
0 1 199 9.607832
1 1 199 19.842099
2 1 199 4.918522
3
0 1 199 2.172274
1 1 199 12.463115
2 1 199 5.406501
3
0 1 199 2.657067
1 1 199 1.749695
2 1 199 5.215176
3
0 1 199 2.498168
1 1 199 14.456666
2 1 199 15.177772
3
0 1 199 11.140749
1 1 199 1.086835
2 1 199 4.076092
3
0 1 199 18.106823
1 1 199 7.275657
2 1 199 4.292117
0
