50 49
3
0 2 5 16.093768 11 14.202173
1 2 14 14.282606 15 6.120605
2 2 37 5.655846 48 1.849151
3
0 2 5 8.568561 23 2.478488
1 2 29 9.173096 6 4.886558
2 2 36 2.081637 26 17.802048
3
0 2 5 1.609063 47 17.209154
1 2 41 11.693790 49 16.405707
2 2 15 18.230795 32 16.367825
3
0 2 5 16.167882 32 2.327826
1 2 48 18.907308 5 4.231410
2 2 12 9.972278 23 15.704274
3
0 2 5 13.410949 33 2.880089
1 2 39 18.196089 20 18.556405
2 2 44 7.898545 5 1.124912
3
0 2 10 7.643482 20 11.325897
1 2 17 9.155294 19 19.290827
2 2 38 11.018444 17 16.498118
3
0 2 10 14.841782 32 10.403701
1 2 27 14.168725 29 7.937406
2 2 31 11.883949 37 15.710490
3
0 2 10 15.761244 23 11.985306
1 2 27 10.030512 32 10.939802
2 2 42 12.460624 37 6.491377
3
0 2 10 19.158957 30 9.602896
1 2 45 3.834877 10 3.840276
2 2 49 15.220665 10 13.214137
3
0 2 10 4.978887 25 2.584893
1 2 13 3.934945 34 6.079075
2 2 49 3.638093 27 11.874106
3
0 2 15 9.475250 49 12.526556
1 2 44 15.702281 19 17.584784
2 2 15 16.961101 40 1.719674
3
0 2 15 1.894783 23 16.856185
1 2 34 1.825407 36 16.312436
2 2 17 7.511113 32 5.911565
3
0 2 15 1.071399 35 15.847426
1 2 47 8.115802 21 7.204810
2 2 48 13.966149 36 11.051470
3
0 2 15 17.645199 34 8.894646
1 2 44 10.857987 16 6.988704
2 2 23 12.454189 28 13.374124
3
0 2 15 10.506279 44 5.347040
1 2 26 3.596246 45 9.338006
2 2 27 14.564271 28 10.217798
3
0 2 20 14.657764 43 4.373758
1 2 29 15.244856 41 10.810853
2 2 42 16.546351 26 16.170146
3
0 2 20 11.618282 48 11.837119
1 2 46 1.916802 39 1.740834
2 2 38 18.961188 31 12.968497
3
0 2 20 7.365730 32 12.742696
1 2 43 14.631106 36 13.911793
2 2 40 14.847014 39 7.978700
3
0 2 20 19.770566 46 13.214240
1 2 28 3.110945 25 6.393102
2 2 33 2.542626 20 19.711180
3
0 2 20 15.208854 43 3.908187
1 2 48 15.437976 37 15.933673
2 2 39 16.287735 48 1.599914
3
0 2 25 17.505395 43 17.645527
1 2 35 5.838399 25 3.233868
2 2 35 14.167700 39 13.506521
3
0 2 25 15.177482 33 2.688248
1 2 45 16.794203 41 16.862221
2 2 30 4.667193 48 3.608782
3
0 2 25 1.750952 28 17.929464
1 2 39 17.377996 43 4.483428
2 2 49 1.424046 31 8.732419
3
0 2 25 2.220966 48 13.457200
1 2 26 7.840112 45 19.032636
2 2 48 1.490092 42 14.734016
3
0 2 25 1.889583 47 15.575666
1 2 42 6.632910 45 19.102648
2 2 32 7.189769 49 13.932725
3
0 2 30 7.284221 49 2.477910
1 2 32 19.934249 34 11.639896
2 2 40 9.889975 30 19.341405
3
0 2 30 15.647379 44 12.806887
1 2 30 1.529390 37 10.607289
2 2 40 9.231906 43 8.836234
3
0 2 30 3.784815 46 4.216788
1 2 34 6.080662 48 9.912470
2 2 34 9.859007 32 14.627181
3
0 2 30 19.385964 34 13.587470
1 2 39 3.638432 49 6.231889
2 2 38 13.720589 37 8.697514
3
0 2 30 2.958053 46 15.627853
1 2 31 10.450775 42 18.740908
2 2 46 9.847696 37 9.387389
3
0 2 35 17.099642 41 2.128971
1 2 38 17.665982 41 16.599779
2 2 41 5.630522 44 10.740415
3
0 2 35 9.946776 42 5.281421
1 2 38 3.970438 47 16.289980
2 2 45 1.957919 38 19.172350
3
0 2 35 8.170577 41 9.699769
1 2 38 4.817104 37 13.658458
2 2 40 14.878873 44 12.413365
3
0 2 35 9.563823 44 17.078068
1 2 35 19.217548 42 10.728691
2 2 45 16.604985 35 10.334834
3
0 2 35 16.497532 49 1.389415
1 2 38 14.774374 48 11.505031
2 2 41 17.635861 46 2.244655
3
0 2 40 19.148974 44 18.905681
1 2 42 3.420553 48 4.637964
2 2 44 14.648863 48 10.114038
3
0 2 40 14.687379 43 11.317097
1 2 41 14.478338 42 1.101336
2 2 48 13.196897 41 14.619559
3
0 2 40 13.366082 46 10.890558
1 2 48 9.678133 47 15.769550
2 2 46 15.284477 48 17.679182
3
0 2 40 11.047072 46 18.994535
1 2 43 10.702814 45 13.896054
2 2 48 3.800366 47 12.458372
3
0 2 40 13.237350 45 11.490554
1 2 49 17.948814 47 10.824061
2 2 40 18.302194 47 19.309969
3
0 2 45 12.185126 48 9.088783
1 2 46 16.139345 47 17.065968
2 2 47 12.257089 49 8.631422
3
0 2 45 16.477595 47 12.364751
1 2 47 17.667256 46 14.369185
2 2 47 1.128938 45 8.518508
3
0 2 45 17.003525 46 7.209077
1 2 47 13.214044 49 8.798199
2 2 46 5.495491 48 17.679870
3
0 2 45 14.909422 49 13.132870
1 2 47 7.401020 48 10.203451
2 2 48 8.117854 49 17.520682
3
0 2 45 5.750080 47 15.384459
1 2 49 13.415345 45 10.091574
2 2 45 2.171293 49 2.792071
3
0 2 49 12.005195 49 4.974885
1 2 49 9.718542 49 2.678545
2 2 49 4.981262 49 15.068427
3
0 2 49 4.633884 49 3.425797
1 2 49 12.445621 49 10.325883
2 2 49 3.487090 49 11.485505
3
0 2 49 6.645193 49 10.077572
1 2 49 9.476974 49 6.194345
2 2 49 1.167090 49 1.159301
3
0 2 49 17.264802 49 10.928538
1 2 49 10.999945 49 13.918426
2 2 49 14.733024 49 16.930454
0
