20 19
3
0 2 5 18.993899 16 3.962108
1 2 10 15.720020 12 9.950178
2 2 14 17.271657 9 15.459834
3
0 2 5 10.248670 17 17.494340
1 2 11 11.744929 12 1.017526
2 2 12 13.487425 11 14.409616
3
0 2 5 6.305782 15 5.003924
1 2 9 14.081581 11 7.382925
2 2 19 10.960438 11 1.538838
3
0 2 5 11.632713 19 1.196777
1 2 7 8.857119 8 19.423891
2 2 14 6.885046 17 11.812026
3
0 2 5 2.583216 15 1.511751
1 2 17 15.022862 12 18.891591
2 2 5 5.264982 19 17.703221
3
0 2 10 19.835726 13 1.599324
1 2 18 10.637517 15 11.693695
2 2 19 4.859359 16 17.605025
3
0 2 10 15.955701 14 19.382575
1 2 19 14.312427 17 17.581116
2 2 13 3.676614 17 5.099284
3
0 2 10 10.925032 19 4.585136
1 2 17 10.159517 12 7.780515
2 2 14 14.885719 10 12.930201
3
0 2 10 12.918065 13 12.953151
1 2 13 17.053081 10 15.526687
2 2 18 11.955219 19 10.837350
3
0 2 10 19.572117 19 3.957534
1 2 11 2.979801 19 12.290765
2 2 10 12.531933 14 11.611009
3
0 2 15 10.634061 17 15.466648
1 2 16 4.267904 19 4.719023
2 2 16 12.535070 18 9.112629
3
0 2 15 18.163210 16 13.186287
1 2 15 6.533814 18 5.544272
2 2 19 10.491842 16 9.969059
3
0 2 15 9.117428 17 12.853027
1 2 15 14.518358 18 5.107444
2 2 19 13.996369 15 18.426888
3
0 2 15 9.954119 19 19.558192
1 2 19 14.973457 17 13.171264
2 2 15 7.658476 17 1.865178
3
0 2 15 17.316935 19 2.791915
1 2 17 6.280557 15 16.761773
2 2 16 10.783217 17 12.645529
3
0 1 19 7.396182
1 1 19 7.158015
2 1 19 17.196795
3
0 1 19 11.188373
1 1 19 16.758749
2 1 19 12.133430
3
0 1 19 7.181391
1 1 19 7.092255
2 1 19 1.457885
3
0 1 19 9.009402
1 1 19 19.580388
2 1 19 10.978652
0
