50 49
3
0 2 5 1.806691 34 18.518464
1 2 27 16.050452 12 9.391312
2 2 35 18.402637 16 19.229520
3
0 2 5 10.674928 11 17.332838
1 2 26 8.891191 43 6.141741
2 2 12 5.454296 35 17.097051
3
0 2 5 1.387549 27 15.837289
1 2 10 7.497150 38 2.286356
2 2 18 16.423628 8 10.248009
3
0 2 5 3.587027 14 15.036810
1 2 40 13.640648 35 16.912346
2 2 23 10.927699 16 2.948180
3
0 2 5 6.505743 43 12.349922
1 2 6 12.040142 28 19.875521
2 2 7 14.452066 23 19.611878
3
0 2 10 5.663521 18 7.376992
1 2 30 5.825216 23 19.946051
2 2 32 2.621557 33 16.980440
3
0 2 10 14.370332 18 5.834868
1 2 42 13.991569 43 4.483250
2 2 37 7.191645 33 16.127591
3
0 2 10 13.269335 44 12.468253
1 2 15 2.993055 22 1.779535
2 2 27 15.770757 48 3.082223
3
0 2 10 13.260262 43 1.502700
1 2 18 2.085519 27 2.283580
2 2 48 11.289079 35 13.343858
3
0 2 10 5.220212 32 7.857752
1 2 28 12.252551 48 5.319566
2 2 17 5.798819 28 11.146544
3
0 2 15 10.949740 25 15.301112
1 2 40 17.247929 33 17.451417
2 2 22 7.803055 24 2.264797
3
0 2 15 8.865610 43 6.681292
1 2 36 16.376159 43 9.129890
2 2 20 4.182902 18 16.714864
3
0 2 15 9.543307 20 17.091813
1 2 25 12.748784 42 1.063115
2 2 34 4.574201 44 19.873465
3
0 2 15 9.971129 40 4.918902
1 2 31 19.326207 23 2.450686
2 2 32 3.440966 16 5.962554
3
0 2 15 18.723831 24 10.865944
1 2 39 14.047342 45 6.606049
2 2 24 5.154427 30 12.510938
3
0 2 20 10.801664 37 8.390273
1 2 40 6.446305 45 2.105747
2 2 24 11.877313 41 3.573661
3
0 2 20 2.209829 32 17.765356
1 2 20 5.834168 46 17.202325
2 2 23 16.068316 25 17.217440
3
0 2 20 8.349102 43 10.155071
1 2 38 9.207921 31 17.881142
2 2 32 1.361338 45 19.483962
3
0 2 20 10.760875 46 9.686279
1 2 24 1.312051 20 15.565591
2 2 28 2.835458 33 6.841197
3
0 2 20 10.432258 21 4.331454
1 2 22 17.018793 35 10.457642
2 2 46 17.724517 31 10.627308
3
0 2 25 12.495602 27 5.110003
1 2 26 15.257199 30 4.105981
2 2 26 16.464007 35 12.212120
3
0 2 25 7.204436 33 13.677916
1 2 36 17.440785 44 18.208345
2 2 46 12.122826 49 8.317500
3
0 2 25 6.791157 49 18.662528
1 2 29 12.299777 43 5.751658
2 2 25 8.883113 46 18.037839
3
0 2 25 19.551916 38 18.944394
1 2 49 17.826603 43 16.930577
2 2 46 10.233789 34 7.085934
3
0 2 25 12.217690 33 17.905748
1 2 40 17.416550 34 7.924446
2 2 46 13.503482 42 9.378526
3
0 2 30 15.108079 35 18.537098
1 2 42 3.559542 41 6.025697
2 2 48 17.166506 38 6.297726
3
0 2 30 17.094463 47 7.610771
1 2 32 6.012442 34 11.812018
2 2 49 14.359565 40 15.725111
3
0 2 30 1.288362 32 4.595951
1 2 48 3.181967 34 3.312003
2 2 40 13.028419 49 10.652052
3
0 2 30 10.432354 42 10.207414
1 2 41 3.447630 36 9.240661
2 2 32 10.417194 30 16.674826
3
0 2 30 5.007716 40 8.715394
1 2 49 8.805188 43 16.912372
2 2 31 16.160787 37 1.749758
3
0 2 35 17.118207 48 10.659348
1 2 40 9.286071 38 16.584644
2 2 48 18.987927 41 9.203101
3
0 2 35 3.763825 38 5.593100
1 2 39 17.258718 42 15.104807
2 2 43 7.829538 48 16.270767
3
0 2 35 4.682218 48 2.254568
1 2 45 19.554011 43 7.746829
2 2 37 4.302607 49 6.969479
3
0 2 35 5.677708 39 16.470912
1 2 46 14.775422 35 6.586216
2 2 47 7.601593 36 18.495816
3
0 2 35 18.227411 44 13.148675
1 2 48 2.612809 45 7.002760
2 2 38 16.901247 39 4.833919
3
0 2 40 12.695836 49 13.548927
1 2 42 15.442755 47 14.066934
2 2 41 14.117878 40 7.045951
3
0 2 40 11.663306 48 10.495292
1 2 49 1.409944 44 3.909867
2 2 46 5.923709 44 15.168510
3
0 2 40 5.707674 42 4.215966
1 2 40 19.729021 48 18.065211
2 2 40 3.948514 43 3.861206
3
0 2 40 5.540967 43 1.941660
1 2 48 2.312293 44 2.563881
2 2 42 16.125244 44 5.013929
3
0 2 40 19.836855 41 10.788241
1 2 48 15.379699 47 5.017482
2 2 46 3.154356 45 4.310722
3
0 2 45 10.297365 46 3.351734
1 2 46 10.906039 49 9.917767
2 2 49 8.035466 46 12.288781
3
0 2 45 8.461547 48 2.444836
1 2 49 14.154656 47 7.044299
2 2 45 11.944240 49 6.979235
3
0 2 45 5.391735 48 8.956854
1 2 47 2.247583 49 17.761954
2 2 49 7.955708 46 16.693962
3
0 2 45 17.255442 46 7.119196
1 2 47 1.876646 49 19.411014
2 2 47 4.414786 46 7.339351
3
0 2 45 17.918163 47 17.572394
1 2 46 11.991633 47 18.778130
2 2 48 10.018840 49 6.830883
3
0 2 49 5.398094 49 16.505786
1 2 49 10.947023 49 17.611687
2 2 49 9.058066 49 19.026807
3
0 2 49 13.492683 49 1.302747
1 2 49 16.089382 49 12.281966
2 2 49 6.260437 49 15.696923
3
0 2 49 7.034271 49 5.779454
1 2 49 14.009897 49 8.967488
2 2 49 17.258933 49 14.623811
3
0 2 49 18.536318 49 5.188846
1 2 49 6.346626 49 15.904511
2 2 49 19.493832 49 11.751683
0
