50 49
3
0 2 5 17.764971 7 19.774872
1 2 42 10.358603 5 7.269055
2 2 26 9.072409 7 5.643614
3
0 2 5 7.581079 43 6.911788
1 2 11 18.642278 7 7.924262
2 2 49 17.591722 37 19.408325
3
0 2 5 5.315629 19 11.123026
1 2 35 17.928139 38 7.318752
2 2 29 17.716926 31 19.502201
3
0 2 5 9.242328 23 13.204027
1 2 46 4.836772 41 18.296500
2 2 13 18.750472 36 19.984293
3
0 2 5 8.826053 8 4.150481
1 2 20 13.686891 32 3.918020
2 2 6 2.511493 19 9.833275
3
0 2 10 17.626496 14 5.608044
1 2 35 19.341623 16 8.580401
2 2 49 3.043664 24 2.026387
3
0 2 10 18.922309 44 16.986082
1 2 23 13.272639 10 16.140671
2 2 36 7.472257 30 6.591181
3
0 2 10 12.576933 38 5.093548
1 2 25 16.323685 34 2.712722
2 2 20 5.745067 49 16.592716
3
0 2 10 13.808185 16 7.724878
1 2 37 9.797254 28 19.500545
2 2 24 4.957449 25 7.835540
3
0 2 10 11.699003 25 8.572336
1 2 14 18.190445 23 10.523947
2 2 21 9.856492 36 15.257118
3
0 2 15 3.258058 24 4.481534
1 2 25 13.568994 29 2.296619
2 2 29 2.170542 43 5.236477
3
0 2 15 11.283252 18 6.321690
1 2 45 13.871117 41 6.051608
2 2 47 18.437440 32 13.256649
3
0 2 15 6.796445 40 7.633856
1 2 38 10.970149 30 19.433669
2 2 41 15.863303 30 15.699195
3
0 2 15 10.270902 41 13.977425
1 2 45 3.341199 34 10.719744
2 2 42 5.294248 33 15.755807
3
0 2 15 17.223477 46 7.694151
1 2 30 19.278825 20 9.314531
2 2 25 7.768058 38 17.958855
3
0 2 20 10.227079 30 1.567167
1 2 39 13.515804 26 10.163432
2 2 36 5.140598 48 9.890779
3
0 2 20 7.429952 26 2.017216
1 2 46 17.307402 44 12.315591
2 2 34 4.552172 21 10.536692
3
0 2 20 14.341073 33 2.074588
1 2 20 3.251939 40 16.234741
2 2 45 3.163125 44 5.992190
3
0 2 20 13.130301 39 15.818810
1 2 23 9.878516 33 11.430862
2 2 21 3.453539 28 4.383979
3
0 2 20 19.385286 39 13.077135
1 2 23 13.396522 25 8.530268
2 2 45 12.481145 38 3.686503
3
0 2 25 10.392217 37 1.431816
1 2 47 14.537021 29 2.318876
2 2 25 17.216193 48 2.626868
3
0 2 25 9.461577 44 2.899249
1 2 37 17.001732 46 16.809786
2 2 48 11.485438 37 18.275173
3
0 2 25 10.401667 43 9.363064
1 2 32 10.097431 26 18.788769
2 2 42 7.659628 49 17.031418
3
0 2 25 6.981267 29 2.100797
1 2 39 7.426778 25 11.994628
2 2 32 4.448109 27 5.781365
3
0 2 25 5.446828 31 10.859180
1 2 35 18.935958 32 1.904760
2 2 33 12.704638 47 2.196094
3
0 2 30 2.669558 32 2.899092
1 2 36 16.745884 46 14.676087
2 2 35 8.977665 45 5.575327
3
0 2 30 4.008927 39 12.728275
1 2 37 2.649276 35 8.706143
2 2 33 10.941173 46 10.547489
3
0 2 30 9.303269 33 4.242024
1 2 38 4.403853 32 3.908362
2 2 45 1.381617 48 16.618102
3
0 2 30 15.161422 44 3.528651
1 2 37 15.601968 46 18.532531
2 2 45 15.789073 44 15.587735
3
0 2 30 8.578366 48 13.679575
1 2 42 6.927590 38 12.584834
2 2 39 14.444097 36 10.209423
3
0 2 35 3.268282 41 7.559515
1 2 41 7.898359 45 15.629606
2 2 46 12.042889 47 16.967425
3
0 2 35 5.398280 39 6.626359
1 2 42 15.934009 49 7.564527
2 2 42 12.396414 36 3.087528
3
0 2 35 17.623924 37 5.996901
1 2 42 18.088653 41 2.980540
2 2 47 19.517572 48 18.073171
3
0 2 35 12.877333 37 17.626378
1 2 36 12.887567 49 15.169775
2 2 42 1.955376 39 18.334494
3
0 2 35 1.755667 45 19.276094
1 2 43 15.749478 49 5.901954
2 2 44 9.144455 40 18.845832
3
0 2 40 13.724497 44 18.635187
1 2 48 11.848317 40 8.000792
2 2 46 16.923250 41 18.888177
3
0 2 40 8.305570 45 12.465247
1 2 44 19.840454 46 4.083553
2 2 45 3.692238 40 19.502070
3
0 2 40 6.347180 43 17.888328
1 2 47 6.063711 41 5.898907
2 2 46 8.806792 41 16.293681
3
0 2 40 5.750843 46 8.625054
1 2 46 9.821801 48 13.190862
2 2 40 17.141303 44 9.944915
3
0 2 40 6.554820 48 12.123462
1 2 44 5.675605 49 8.143356
2 2 41 10.110061 49 11.498722
3
0 2 45 14.845245 48 8.358343
1 2 46 3.537635 45 17.116552
2 2 48 16.261646 47 5.350281
3
0 2 45 12.247231 47 4.031112
1 2 48 5.643587 49 6.110338
2 2 45 19.874975 48 17.348812
3
0 2 45 3.084286 48 11.075214
1 2 46 9.252238 48 16.718463
2 2 45 16.018960 48 6.082580
3
0 2 45 9.295911 46 16.477368
1 2 49 8.309127 46 19.150149
2 2 45 12.148306 49 9.268265
3
0 2 45 10.422321 48 18.014052
1 2 49 17.758600 48 6.633080
2 2 47 14.826884 49 9.487534
3
0 1 49 3.030534
1 1 49 10.387928
2 1 49 13.163084
3
0 1 49 8.567910
1 1 49 1.352562
2 1 49 7.680182
3
0 1 49 1.961147
1 1 49 12.466627
2 1 49 13.880570
3
0 1 49 6.949035
1 1 49 5.357640
2 1 49 17.219332
0
