100 99
3
0 2 10 14.547708 20 1.801227
1 2 28 5.104263 76 5.036992
2 2 44 16.912108 59 14.462938
3
0 2 10 9.032254 52 14.577352
1 2 89 2.447694 14 3.739729
2 2 36 11.603696 95 18.056950
3
0 2 10 1.934027 21 18.072952
1 2 48 16.586085 79 3.122897
2 2 71 8.920435 10 17.460813
3
0 2 10 16.053863 45 9.903480
1 2 62 1.900246 63 1.876292
2 2 44 1.544833 22 13.779653
3
0 2 10 19.863275 72 18.902201
1 2 35 9.094249 83 12.604664
2 2 81 6.058358 84 4.236136
3
0 2 10 9.620517 92 18.665708
1 2 71 13.039407 74 5.226166
2 2 71 11.636516 81 6.221341
3
0 2 10 5.255806 87 2.522897
1 2 79 6.565411 62 14.939359
2 2 62 8.413686 35 5.126514
3
0 2 10 9.306289 94 11.664911
1 2 96 2.888458 33 5.663390
2 2 20 18.511395 89 15.156845
3
0 2 10 4.386549 99 19.442009
1 2 94 18.047409 21 11.359777
2 2 89 11.157647 20 11.979978
3
0 2 10 4.073916 48 2.247379
1 2 69 12.665129 28 14.988521
2 2 55 9.173797 37 8.571595
3
0 2 20 6.767239 45 2.706136
1 2 70 19.062360 94 7.952926
2 2 28 2.826515 88 6.269575
3
0 2 20 10.315213 56 15.837924
1 2 26 11.555993 54 13.013698
2 2 66 3.147570 55 4.273043
3
0 2 20 6.381195 92 1.862437
1 2 61 6.843537 32 15.158846
2 2 47 11.996141 87 1.226536
3
0 2 20 3.355279 99 12.290473
1 2 88 9.242380 85 2.451691
2 2 33 9.795868 28 7.372638
3
0 2 20 11.942459 79 7.222861
1 2 39 11.765516 21 19.684414
2 2 38 12.237542 48 12.143157
3
0 2 20 17.341583 32 7.700101
1 2 30 16.382960 47 1.044058
2 2 20 17.523008 24 8.493126
3
0 2 20 12.863899 62 15.167736
1 2 77 6.597629 43 11.038125
2 2 59 7.472179 45 3.595443
3
0 2 20 13.366474 31 8.091797
1 2 59 10.396402 31 5.229947
2 2 31 13.855275 81 19.468852
3
0 2 20 6.742320 87 5.612252
1 2 42 4.525129 61 8.317702
2 2 47 10.220931 60 13.182625
3
0 2 20 10.237520 77 17.207529
1 2 75 1.416274 52 12.335171
2 2 75 7.694542 91 15.625652
3
0 2 30 11.684577 38 10.510661
1 2 95 3.082202 74 18.469807
2 2 31 4.677006 89 14.253022
3
0 2 30 14.415106 74 1.031432
1 2 51 1.914998 39 12.397191
2 2 98 8.319132 40 14.737224
3
0 2 30 9.843905 52 10.460307
1 2 32 8.223079 35 17.177164
2 2 73 2.646708 94 12.418228
3
0 2 30 15.533011 67 1.603360
1 2 64 14.429026 39 2.294685
2 2 53 6.668865 86 6.024048
3
0 2 30 9.590634 84 12.671792
1 2 46 18.182180 55 1.811324
2 2 42 4.165831 71 19.014346
3
0 2 30 3.249188 46 6.038834
1 2 42 14.690131 52 9.306077
2 2 87 15.076188 68 9.184528
3
0 2 30 14.782161 37 1.467817
1 2 47 18.081925 38 15.042108
2 2 67 1.807051 66 3.586441
3
0 2 30 1.724916 45 3.129620
1 2 73 5.448991 69 4.760938
2 2 93 18.349388 53 3.772290
3
0 2 30 7.190373 36 7.010301
1 2 43 9.587246 69 8.259211
2 2 88 15.211866 77 15.686962
3
0 2 30 6.559396 44 10.482279
1 2 34 11.498143 97 11.226176
2 2 74 1.087779 47 4.251083
3
0 2 40 18.185221 59 1.966975
1 2 64 19.941210 46 14.295911
2 2 83 10.210865 68 13.172157
3
0 2 40 18.780977 71 11.942163
1 2 52 7.080921 60 9.594805
2 2 67 14.859153 69 15.712270
3
0 2 40 15.355275 55 3.645454
1 2 81 14.558737 54 15.031450
2 2 61 2.484418 40 16.132564
3
0 2 40 3.897560 91 9.740048
1 2 54 8.546264 52 15.967755
2 2 72 4.039250 98 4.662159
3
0 2 40 1.147874 84 19.152660
1 2 57 17.983723 76 4.781535
2 2 89 16.429690 88 2.672498
3
0 2 40 8.259482 94 3.052854
1 2 90 10.913483 45 11.967881
2 2 61 13.838195 82 8.228610
3
0 2 40 9.846824 67 10.953449
1 2 91 15.313425 45 16.233278
2 2 72 1.659157 51 2.215414
3
0 2 40 8.165243 47 17.471874
1 2 77 5.918934 74 19.582085
2 2 52 14.752040 74 6.779553
3
0 2 40 3.377886 65 19.635920
1 2 78 1.273983 96 7.478578
2 2 62 6.609618 41 19.467007
3
0 2 40 13.448685 96 18.329458
1 2 63 6.233769 75 19.804710
2 2 75 19.857008 96 7.907199
3
0 2 50 19.175482 69 4.573962
1 2 77 16.659173 56 4.202183
2 2 65 13.691403 93 3.471553
3
0 2 50 6.376791 72 18.073990
1 2 75 7.585582 54 1.851062
2 2 88 16.479161 55 10.428823
3
0 2 50 8.707868 79 5.765516
1 2 63 8.495575 90 18.557224
2 2 65 16.062891 76 1.794701
3
0 2 50 16.946782 54 7.559726
1 2 55 3.939512 62 5.400767
2 2 98 11.141073 82 17.352497
3
0 2 50 13.021118 52 16.572413
1 2 57 11.825089 81 2.767231
2 2 82 1.774518 73 6.834642
3
0 2 50 9.272572 52 3.271476
1 2 96 9.146219 56 13.563226
2 2 56 19.018392 88 14.982287
3
0 2 50 17.858702 65 11.352448
1 2 50 12.830943 70 8.646972
2 2 64 16.482749 54 18.282578
3
0 2 50 3.046684 63 3.899772
1 2 80 17.003843 95 3.360919
2 2 52 1.566639 59 2.478844
3
0 2 50 8.631412 62 9.464820
1 2 94 12.673488 60 10.449616
2 2 95 14.769688 64 9.216937
3
0 2 50 19.650240 97 2.856222
1 2 57 13.997199 76 17.743666
2 2 82 11.417117 99 3.467929
3
0 2 60 10.055019 80 2.767650
1 2 81 8.512283 62 13.543023
2 2 82 10.538417 71 5.877720
3
0 2 60 10.421311 68 12.172124
1 2 93 3.974749 83 9.773416
2 2 99 3.281903 61 7.744544
3
0 2 60 13.014886 66 19.752702
1 2 92 1.655187 77 15.493496
2 2 93 2.806226 92 1.492320
3
0 2 60 1.558135 92 13.405522
1 2 61 10.852078 96 15.271510
2 2 83 13.992792 60 1.467084
3
0 2 60 13.061814 76 6.555267
1 2 67 9.864873 86 11.118945
2 2 70 13.556937 64 19.761514
3
0 2 60 13.820379 78 3.607704
1 2 75 16.987786 95 11.280699
2 2 63 4.999705 75 2.293206
3
0 2 60 8.048748 75 6.089272
1 2 61 16.240545 69 18.054650
2 2 79 15.599098 94 1.779953
3
0 2 60 4.779741 65 19.338237
1 2 80 7.085538 92 12.383441
2 2 88 9.823694 78 4.989495
3
0 2 60 11.949077 70 19.366381
1 2 67 3.507040 99 16.845473
2 2 84 6.877668 80 19.660110
3
0 2 60 4.316258 70 17.093283
1 2 83 4.993006 84 1.506694
2 2 98 13.485769 87 6.499424
3
0 2 70 10.254243 72 4.099060
1 2 87 12.997921 92 8.995356
2 2 95 15.333102 96 5.447573
3
0 2 70 16.639715 99 14.743483
1 2 72 8.924684 97 12.419263
2 2 97 7.016501 75 12.595185
3
0 2 70 6.980978 89 3.393462
1 2 94 18.464909 87 16.560449
2 2 88 6.469323 72 11.969381
3
0 2 70 9.249784 92 11.740320
1 2 81 4.099557 75 7.739751
2 2 83 17.197013 73 5.037891
3
0 2 70 5.449419 92 7.659365
1 2 74 13.613298 94 4.744528
2 2 99 6.289457 92 5.114924
3
0 2 70 18.054823 91 4.812000
1 2 78 18.306819 71 16.282434
2 2 96 4.638389 79 12.987682
3
0 2 70 1.897124 75 10.934616
1 2 77 18.038603 89 14.007384
2 2 78 6.712239 84 14.296979
3
0 2 70 9.267612 88 19.019480
1 2 93 10.452507 95 15.350635
2 2 90 1.553856 84 8.820634
3
0 2 70 2.307503 74 2.884234
1 2 89 19.353629 74 14.596667
2 2 92 12.727542 98 15.796050
3
0 2 70 2.964866 71 4.236767
1 2 75 12.731125 93 16.510333
2 2 93 2.160736 76 18.571662
3
0 2 80 6.626523 86 2.679588
1 2 98 2.524856 97 3.193952
2 2 89 12.629289 92 7.756099
3
0 2 80 6.133993 97 9.376676
1 2 98 3.979697 87 11.870281
2 2 81 4.561647 90 1.695517
3
0 2 80 6.804915 99 14.960516
1 2 87 14.041464 86 6.610842
2 2 89 1.350556 92 8.147024
3
0 2 80 18.166149 94 7.903600
1 2 82 12.818606 84 16.514121
2 2 81 1.966762 91 16.637839
3
0 2 80 6.170145 82 13.829487
1 2 89 3.558483 90 9.187120
2 2 98 18.698181 94 10.903616
3
0 2 80 17.139259 99 6.081906
1 2 91 15.572699 82 8.440917
2 2 95 19.787852 94 2.294643
3
0 2 80 13.263881 95 15.514142
1 2 91 11.885343 87 7.957366
2 2 96 8.824032 88 8.291489
3
0 2 80 10.367240 81 12.517519
1 2 93 7.645426 83 3.390971
2 2 94 8.032967 89 19.166752
3
0 2 80 6.191455 91 8.822785
1 2 80 16.558247 86 10.402131
2 2 91 6.363946 84 2.344355
3
0 2 80 9.100883 91 19.320337
1 2 97 17.881202 89 16.507864
2 2 80 13.759598 83 4.216525
3
0 2 90 4.707111 96 12.841934
1 2 99 2.492184 92 15.451196
2 2 92 9.432137 94 8.117748
3
0 2 90 13.522494 98 13.398144
1 2 97 14.579425 91 11.082476
2 2 95 18.097143 91 15.266040
3
0 2 90 4.457308 91 2.969590
1 2 91 14.113399 94 16.322487
2 2 91 13.658485 96 12.322455
3
0 2 90 3.289370 98 18.971963
1 2 92 18.433162 94 2.314011
2 2 92 16.546720 94 1.465554
3
0 2 90 9.585680 97 17.984319
1 2 92 10.937537 91 3.675500
2 2 95 17.179608 94 2.594500
3
0 2 90 19.297407 96 16.526819
1 2 91 12.883100 93 12.688045
2 2 95 15.624324 91 18.031336
3
0 2 90 2.798504 91 18.958837
1 2 94 17.112477 95 9.257841
2 2 92 19.988630 90 17.758679
3
0 2 90 2.223109 91 15.030657
1 2 90 3.390373 98 16.155643
2 2 99 4.006590 98 9.610754
3
0 2 90 18.219492 95 14.103267
1 2 99 6.495425 91 7.221038
2 2 95 17.681675 98 10.906081
3
0 2 90 7.972294 93 19.741064
1 2 92 19.064965 97 4.737037
2 2 96 9.327235 98 16.494558
3
0 1 99 11.263686
1 1 99 4.395311
2 1 99 11.084450
3
0 1 99 15.109137
1 1 99 3.021953
2 1 99 14.965424
3
0 1 99 8.402276
1 1 99 9.989262
2 1 99 11.862570
3
0 1 99 2.276629
1 1 99 5.592292
2 1 99 5.630528
3
0 1 99 1.462800
1 1 99 18.845364
2 1 99 9.856009
3
0 1 99 15.580418
1 1 99 5.000576
2 1 99 11.395123
3
0 1 99 7.090973
1 1 99 8.949415
2 1 99 11.272473
3
0 1 99 15.443297
1 1 99 7.380025
2 1 99 18.633165
3
0 1 99 16.642117
1 1 99 19.485334
2 1 99 5.261663
0
