200 199
3
0 2 20 9.156129 100 16.883708
1 2 195 11.617608 83 1.285941
2 2 153 17.459120 37 15.590090
3
0 2 20 5.030139 31 18.962094
1 2 54 7.817506 71 6.172243
2 2 105 11.749999 66 8.924127
3
0 2 20 11.230771 70 8.888187
1 2 169 1.702617 85 15.166563
2 2 161 14.508738 49 1.597814
3
0 2 20 12.700818 188 16.455247
1 2 44 19.281706 131 15.335774
2 2 150 16.266694 104 15.725624
3
0 2 20 4.359036 134 18.888693
1 2 20 17.384698 123 8.214785
2 2 26 9.219444 46 12.850395
3
0 2 20 6.297058 87 9.205896
1 2 82 11.944967 79 8.319997
2 2 51 19.871783 87 5.351825
3
0 2 20 12.223657 61 6.724701
1 2 151 12.959385 103 9.562931
2 2 69 15.130586 189 14.419760
3
0 2 20 4.091152 132 14.440377
1 2 120 15.306184 142 3.032532
2 2 122 19.216200 34 18.507625
3
0 2 20 17.068049 176 9.982191
1 2 165 8.155525 173 4.759772
2 2 68 1.104175 51 18.812994
3
0 2 20 12.027816 103 19.500084
1 2 59 16.471479 135 17.347077
2 2 69 14.273014 65 10.254240
3
0 2 20 17.193183 38 9.823833
1 2 41 12.597469 113 10.700599
2 2 69 11.584858 83 19.294118
3
0 2 20 3.989592 197 3.821969
1 2 147 5.044647 26 1.635960
2 2 128 12.766889 160 9.082258
3
0 2 20 17.940018 89 6.131438
1 2 143 13.564704 37 5.273920
2 2 26 2.466802 107 14.728254
3
0 2 20 5.151301 88 8.621055
1 2 145 18.277763 112 3.993103
2 2 104 17.748450 53 4.919901
3
0 2 20 12.879508 128 16.918592
1 2 128 13.349071 195 11.090212
2 2 158 1.849319 179 10.856602
3
0 2 20 7.526867 144 12.222904
1 2 142 17.005116 105 4.008604
2 2 164 6.640929 191 19.360666
3
0 2 20 8.994133 165 2.665047
1 2 70 10.644850 66 6.310062
2 2 131 7.898482 146 6.612570
3
0 2 20 14.149549 186 3.258877
1 2 169 9.316791 103 6.656031
2 2 60 13.688691 100 18.111141
3
0 2 20 14.493906 109 6.860074
1 2 33 7.846536 105 1.309002
2 2 96 5.746448 23 4.054934
3
0 2 20 17.027832 109 3.048933
1 2 162 17.133631 104 17.257521
2 2 67 18.219279 90 6.648245
3
0 2 40 1.165306 199 13.262918
1 2 119 16.885486 91 8.014410
2 2 191 10.063394 167 17.616287
3
0 2 40 5.636989 152 10.616875
1 2 170 9.964751 114 18.899049
2 2 196 6.217987 126 7.713378
3
0 2 40 13.318288 51 18.008894
1 2 96 14.372544 40 2.578759
2 2 111 3.221658 112 1.004978
3
0 2 40 10.106497 52 17.861210
1 2 165 16.517123 65 2.661550
2 2 58 2.440002 138 16.604310
3
0 2 40 7.375464 171 17.017027
1 2 121 1.159955 159 3.116067
2 2 145 10.124138 173 10.548985
3
0 2 40 16.057794 161 12.125931
1 2 139 4.108539 155 14.096098
2 2 110 19.149444 41 14.983599
3
0 2 40 6.283778 192 4.925586
1 2 166 9.578758 74 1.613741
2 2 50 16.352397 45 11.994718
3
0 2 40 8.941619 121 19.755318
1 2 147 5.989650 87 19.836628
2 2 169 7.234487 72 8.829278
3
0 2 40 9.173105 71 7.946526
1 2 138 19.874537 78 18.372363
2 2 140 12.511455 167 16.208711
3
0 2 40 12.215530 86 15.096867
1 2 109 19.603839 175 9.444299
2 2 80 10.760709 150 19.012633
3
0 2 40 19.767349 62 13.112708
1 2 138 7.880129 88 3.298664
2 2 84 9.711598 50 9.054351
3
0 2 40 19.565624 63 16.327499
1 2 50 2.661481 125 15.078112
2 2 170 10.164235 86 4.079233
3
0 2 40 7.753348 159 6.499393
1 2 157 15.861597 130 9.191309
2 2 63 3.853499 154 12.834275
3
0 2 40 9.042594 125 3.925230
1 2 141 8.800355 168 19.824949
2 2 192 14.478767 133 5.135779
3
0 2 40 15.821790 92 4.617703
1 2 114 2.242596 47 4.899628
2 2 110 4.256183 155 18.333501
3
0 2 40 10.954381 100 18.191267
1 2 137 8.807757 104 7.737650
2 2 67 1.410244 70 6.604503
3
0 2 40 11.140054 168 2.703206
1 2 137 12.260150 159 2.264193
2 2 107 19.322783 75 17.646394
3
0 2 40 16.394904 179 17.803058
1 2 144 6.982698 160 3.692887
2 2 159 1.397992 73 9.386007
3
0 2 40 7.643106 76 8.761697
1 2 70 7.546013 48 11.836423
2 2 40 17.330939 151 13.128513
3
0 2 40 18.838744 142 4.287255
1 2 179 10.530840 89 5.952612
2 2 132 8.423969 111 12.193898
3
0 2 60 7.159081 156 8.590805
1 2 194 8.738196 82 12.806092
2 2 137 9.798881 63 8.910920
3
0 2 60 5.345241 104 11.891086
1 2 178 11.834371 75 17.604227
2 2 171 8.448313 131 12.939149
3
0 2 60 3.470934 176 4.919706
1 2 126 15.513427 182 2.523786
2 2 178 6.969620 154 15.172520
3
0 2 60 1.369415 188 9.952419
1 2 91 11.486712 60 8.765584
2 2 87 1.664140 68 8.530463
3
0 2 60 16.990061 93 12.753761
1 2 180 4.257873 193 2.122103
2 2 103 9.535234 61 12.843894
3
0 2 60 4.503862 126 17.365382
1 2 68 15.404416 97 19.165445
2 2 190 6.078260 145 2.030895
3
0 2 60 15.646112 185 9.776148
1 2 128 9.000838 173 13.293916
2 2 198 4.688254 98 19.857509
3
0 2 60 6.607580 135 16.414080
1 2 194 8.321126 192 15.334049
2 2 164 19.033911 112 10.747086
3
0 2 60 8.357608 77 5.021294
1 2 183 6.380032 177 1.919642
2 2 156 2.326705 154 15.403689
3
0 2 60 8.949714 92 11.145085
1 2 193 8.044257 159 1.710985
2 2 84 13.226575 175 1.364494
3
0 2 60 11.110792 124 2.876155
1 2 119 17.699801 152 15.731866
2 2 68 5.644867 155 15.452355
3
0 2 60 8.396926 64 5.752232
1 2 189 2.606652 166 18.941002
2 2 128 17.173799 93 2.937822
3
0 2 60 2.806095 199 19.250308
1 2 179 19.827492 147 18.151900
2 2 134 15.547008 161 6.326856
3
0 2 60 9.719379 82 4.808181
1 2 174 18.372164 148 5.325532
2 2 190 8.627852 187 19.043133
3
0 2 60 9.455945 65 9.926656
1 2 135 2.039716 167 14.999937
2 2 171 12.765795 184 8.679626
3
0 2 60 11.341393 155 13.879040
1 2 116 19.261517 122 12.263989
2 2 172 13.814810 65 19.929734
3
0 2 60 17.213122 157 10.982964
1 2 104 12.939194 173 16.508210
2 2 149 19.989091 93 5.664707
3
0 2 60 8.137792 95 10.398443
1 2 168 14.762648 154 8.878528
2 2 76 4.456408 113 19.250790
3
0 2 60 7.684799 115 8.542626
1 2 194 15.650580 95 14.685723
2 2 100 19.551928 192 2.129684
3
0 2 60 11.431166 159 17.207763
1 2 152 16.614090 180 9.074908
2 2 191 3.184024 183 14.699424
3
0 2 80 7.966341 177 16.824110
1 2 192 2.429762 167 6.057980
2 2 104 3.773089 142 1.812530
3
0 2 80 11.676481 176 11.638856
1 2 146 12.627673 153 7.908153
2 2 148 6.897229 134 8.524417
3
0 2 80 11.450246 166 16.362259
1 2 139 5.584057 146 1.506464
2 2 90 5.544066 133 13.832231
3
0 2 80 18.411101 189 3.234497
1 2 102 16.480174 115 13.926858
2 2 88 15.615313 127 8.447644
3
0 2 80 14.598007 113 1.765651
1 2 188 4.840992 149 1.952400
2 2 105 3.919301 160 2.054789
3
0 2 80 2.080449 194 7.110838
1 2 147 3.653827 113 17.766503
2 2 198 3.676274 192 10.867592
3
0 2 80 6.537257 178 14.572414
1 2 138 17.502348 194 11.432537
2 2 135 17.908363 92 4.300403
3
0 2 80 19.812294 101 16.432024
1 2 136 19.037762 195 4.216219
2 2 184 14.772014 173 17.257756
3
0 2 80 16.982365 98 9.100930
1 2 104 18.070038 144 7.841230
2 2 82 9.443382 125 17.977412
3
0 2 80 10.336352 184 13.623492
1 2 158 17.877169 114 5.616067
2 2 165 18.579710 134 5.828877
3
0 2 80 5.125046 188 5.114597
1 2 133 7.111196 94 2.839873
2 2 168 3.228462 121 18.889829
3
0 2 80 5.128013 98 14.334668
1 2 196 18.194365 123 10.895393
2 2 148 9.152124 105 5.307936
3
0 2 80 4.683126 92 10.294899
1 2 109 7.184654 145 16.939598
2 2 94 9.011623 139 6.747837
3
0 2 80 16.716921 122 15.168779
1 2 167 9.622633 196 6.234222
2 2 135 5.407611 81 18.266347
3
0 2 80 19.219943 198 17.004677
1 2 173 4.833426 86 17.914612
2 2 186 17.601074 138 7.437910
3
0 2 80 4.758918 90 13.389040
1 2 90 13.305950 89 18.757238
2 2 110 4.403722 128 17.333374
3
0 2 80 13.692867 173 5.922472
1 2 119 11.961099 91 11.673068
2 2 151 2.536941 80 6.217528
3
0 2 80 15.397064 199 16.603936
1 2 125 19.189253 163 19.768564
2 2 191 17.497479 146 16.167759
3
0 2 80 5.377112 92 18.662856
1 2 178 10.036597 114 6.176112
2 2 86 16.338867 93 18.430650
3
0 2 80 5.399915 123 14.638409
1 2 156 1.705624 89 16.739522
2 2 82 9.929283 110 13.357867
3
0 2 100 18.713199 135 16.433306
1 2 157 9.520355 164 7.532107
2 2 153 2.235719 117 18.095925
3
0 2 100 3.458340 107 15.374499
1 2 195 4.459990 115 6.668554
2 2 102 14.392813 183 17.163299
3
0 2 100 10.112510 163 12.777453
1 2 134 15.696534 145 5.036683
2 2 158 16.329826 138 1.241436
3
0 2 100 11.469455 195 13.390825
1 2 138 15.080650 148 11.945691
2 2 118 17.602871 104 7.884332
3
0 2 100 1.884887 110 15.471843
1 2 132 6.423099 157 6.408889
2 2 172 15.325689 150 2.831188
3
0 2 100 4.085709 143 2.681949
1 2 158 11.670166 161 12.197217
2 2 182 8.995792 143 1.997995
3
0 2 100 5.058875 140 18.735187
1 2 110 18.011086 151 6.541755
2 2 181 17.661000 125 19.113267
3
0 2 100 4.796791 183 18.220922
1 2 127 11.005775 168 12.854400
2 2 107 1.660738 115 16.928292
3
0 2 100 13.133967 155 2.290855
1 2 148 18.887000 176 19.649422
2 2 192 4.664539 187 10.005525
3
0 2 100 2.728266 193 2.793035
1 2 110 1.876748 114 16.478755
2 2 150 7.068536 101 16.252991
3
0 2 100 3.573939 102 7.985741
1 2 174 5.485835 167 12.671887
2 2 162 13.591174 157 12.744267
3
0 2 100 18.467582 179 12.671088
1 2 172 18.990181 112 10.816655
2 2 100 16.807106 165 12.379846
3
0 2 100 18.557273 183 14.988900
1 2 107 19.512798 106 3.960793
2 2 150 3.539004 126 19.234425
3
0 2 100 4.788041 139 2.545869
1 2 194 6.067242 154 16.845139
2 2 101 18.108102 155 6.008784
3
0 2 100 14.257780 154 11.768444
1 2 180 6.458930 148 16.753225
2 2 127 17.661622 170 2.256845
3
0 2 100 6.170703 194 12.722519
1 2 158 15.700320 183 16.748085
2 2 193 7.448037 180 9.808447
3
0 2 100 16.094284 188 7.089486
1 2 120 9.528894 142 13.750717
2 2 116 16.482374 160 5.990590
3
0 2 100 6.252555 110 8.482245
1 2 105 1.689604 102 13.392877
2 2 123 15.716766 160 9.676648
3
0 2 100 6.362860 151 2.194136
1 2 130 16.641927 139 11.834718
2 2 104 4.650890 119 4.809202
3
0 2 100 7.925757 162 9.024479
1 2 169 14.661533 100 7.140273
2 2 122 19.482412 172 19.003708
3
0 2 120 13.223702 138 5.351238
1 2 194 17.373860 141 11.553758
2 2 198 10.261415 183 3.126447
3
0 2 120 10.120233 180 12.864313
1 2 124 16.418037 153 3.963147
2 2 148 17.448574 192 2.025745
3
0 2 120 16.924230 183 5.842067
1 2 179 8.273419 187 8.687706
2 2 153 8.381855 125 19.018070
3
0 2 120 17.600830 131 1.381531
1 2 158 2.917591 146 6.243585
2 2 139 5.355425 149 13.341869
3
0 2 120 12.067367 182 11.944015
1 2 199 2.472435 185 14.456276
2 2 129 17.297820 161 13.019182
3
0 2 120 8.324216 139 1.203868
1 2 148 8.906527 168 3.143552
2 2 186 16.586007 169 17.250790
3
0 2 120 12.234838 156 12.105146
1 2 123 8.525904 185 13.937540
2 2 179 5.389156 164 5.109181
3
0 2 120 14.081841 157 12.535264
1 2 180 13.494294 143 6.875812
2 2 128 10.121306 171 15.083658
3
0 2 120 14.051516 130 8.111938
1 2 135 16.660031 189 4.069330
2 2 170 9.143367 180 3.846178
3
0 2 120 16.225368 176 4.896663
1 2 182 12.807544 125 4.367523
2 2 138 13.822233 185 15.982212
3
0 2 120 15.235344 173 9.287398
1 2 153 12.038354 120 15.458656
2 2 152 4.886589 138 14.239850
3
0 2 120 18.780286 122 7.966374
1 2 124 11.409965 125 17.146013
2 2 132 7.925580 162 2.616289
3
0 2 120 10.618090 178 17.339293
1 2 129 1.407273 194 1.424530
2 2 122 3.832164 158 6.805218
3
0 2 120 4.056522 173 6.782823
1 2 176 19.816880 158 4.956613
2 2 161 10.258840 198 15.409999
3
0 2 120 13.139413 132 7.950315
1 2 167 4.346796 125 2.994755
2 2 131 2.388283 151 6.260155
3
0 2 120 15.020229 165 1.458766
1 2 182 18.066540 188 12.022182
2 2 143 8.460191 170 4.645440
3
0 2 120 11.786607 166 4.943112
1 2 188 4.368663 150 9.581768
2 2 173 5.330319 124 10.402058
3
0 2 120 6.943648 164 16.441452
1 2 186 12.449555 145 14.693758
2 2 178 16.462390 158 13.702040
3
0 2 120 1.203251 121 9.467593
1 2 185 1.811944 184 2.905561
2 2 177 5.787865 197 4.062242
3
0 2 120 4.219692 179 11.588039
1 2 149 14.532673 181 19.274963
2 2 154 10.205751 139 14.268941
3
0 2 140 12.922184 162 9.062362
1 2 156 3.580626 148 9.890397
2 2 142 1.874999 144 12.141135
3
0 2 140 7.489796 185 8.311994
1 2 142 13.357547 152 9.341254
2 2 159 11.858685 183 17.555861
3
0 2 140 13.294454 171 3.093937
1 2 199 3.410173 169 6.935172
2 2 194 5.973848 160 13.345944
3
0 2 140 7.610081 148 14.284020
1 2 171 11.842835 183 16.874914
2 2 157 13.706326 169 6.654950
3
0 2 140 5.611916 158 12.996379
1 2 161 7.736363 183 14.208143
2 2 190 19.998672 153 7.972806
3
0 2 140 9.295530 196 12.812841
1 2 153 11.710828 171 16.293523
2 2 164 19.319748 183 7.159085
3
0 2 140 19.002310 164 14.501865
1 2 196 7.593506 178 10.487596
2 2 167 2.606995 169 2.585790
3
0 2 140 16.896123 160 15.320884
1 2 168 6.588459 159 6.622462
2 2 153 8.328867 157 4.456333
3
0 2 140 14.191264 163 12.607518
1 2 198 15.539709 158 18.279881
2 2 158 12.193775 157 9.278055
3
0 2 140 17.049689 150 11.248601
1 2 189 15.129826 178 14.330233
2 2 176 16.540886 173 12.860514
3
0 2 140 2.408962 145 10.975772
1 2 162 4.120282 164 4.373358
2 2 143 10.210598 194 6.869926
3
0 2 140 17.597445 160 4.808688
1 2 158 1.585799 141 3.483447
2 2 141 14.511232 197 16.236185
3
0 2 140 7.738891 147 6.153641
1 2 188 17.343750 142 2.916349
2 2 147 17.790372 173 14.266104
3
0 2 140 16.008407 176 13.221640
1 2 157 19.342288 145 19.064888
2 2 183 19.063974 184 10.600678
3
0 2 140 17.791619 185 3.498421
1 2 149 15.994755 162 14.902442
2 2 143 13.166362 177 4.293476
3
0 2 140 4.317385 185 19.280200
1 2 158 2.116980 185 2.072014
2 2 181 3.597829 150 11.016988
3
0 2 140 11.694049 182 2.322811
1 2 166 9.235269 146 2.972170
2 2 198 17.629315 179 2.950396
3
0 2 140 1.073773 172 15.153966
1 2 196 8.573725 163 6.662423
2 2 198 2.651381 192 4.011178
3
0 2 140 4.582108 185 9.389821
1 2 151 3.256104 143 14.188073
2 2 150 19.445333 151 17.504689
3
0 2 140 13.202876 144 17.080504
1 2 150 6.319372 142 2.775441
2 2 152 13.809402 173 6.493282
3
0 2 160 17.588559 195 8.798188
1 2 192 14.532384 181 2.477942
2 2 191 14.114053 171 19.172413
3
0 2 160 6.589964 199 2.335760
1 2 186 18.700460 165 12.164130
2 2 174 14.629915 164 1.449066
3
0 2 160 12.140170 187 4.886206
1 2 161 18.385338 186 7.008179
2 2 165 15.712170 172 3.465988
3
0 2 160 13.861403 172 4.494934
1 2 164 8.649617 168 17.751487
2 2 197 17.509532 189 2.653981
3
0 2 160 8.483038 198 16.570355
1 2 166 10.094850 195 7.882093
2 2 167 6.357655 191 17.809629
3
0 2 160 10.152374 192 15.611866
1 2 162 1.675248 170 13.748356
2 2 193 8.125431 164 8.330209
3
0 2 160 8.668454 197 18.359360
1 2 167 3.761755 175 17.145279
2 2 188 4.731995 180 19.475273
3
0 2 160 6.416923 172 19.168907
1 2 181 13.480487 192 15.742224
2 2 190 9.218493 192 2.429767
3
0 2 160 18.767373 182 4.053320
1 2 166 4.369342 183 14.056617
2 2 165 5.160150 183 12.955114
3
0 2 160 16.364396 168 8.483927
1 2 197 5.069744 195 9.197452
2 2 174 10.258400 175 15.456710
3
0 2 160 18.489415 188 10.690892
1 2 160 11.295320 195 9.828033
2 2 169 19.007391 195 17.695073
3
0 2 160 6.532499 184 6.978144
1 2 180 4.483792 190 16.349995
2 2 177 19.364035 167 1.057923
3
0 2 160 3.863870 183 15.870891
1 2 172 16.813935 183 5.856600
2 2 177 18.278876 174 3.147200
3
0 2 160 18.456366 175 14.107729
1 2 189 14.327678 198 10.436658
2 2 190 6.588550 178 2.236427
3
0 2 160 19.021036 167 18.547097
1 2 176 6.092822 190 11.075174
2 2 170 5.479478 166 5.828122
3
0 2 160 10.792741 198 12.295279
1 2 185 16.276298 188 13.917599
2 2 194 7.469654 166 1.570629
3
0 2 160 14.429515 182 16.313970
1 2 191 12.744297 163 13.467947
2 2 199 3.998101 176 17.253393
3
0 2 160 18.976252 187 1.543066
1 2 184 6.220641 192 13.423768
2 2 174 12.769872 173 9.958202
3
0 2 160 3.031938 190 1.272154
1 2 190 17.888187 182 12.100922
2 2 189 4.437307 180 5.666127
3
0 2 160 9.560708 161 9.727921
1 2 195 13.323779 172 9.042654
2 2 185 12.020130 161 7.688031
3
0 2 180 15.481468 189 2.617437
1 2 188 11.380240 187 8.103298
2 2 194 4.414364 183 19.434115
3
0 2 180 16.661493 194 16.177013
1 2 190 9.392072 192 8.024107
2 2 199 1.388179 195 12.317741
3
0 2 180 15.292284 185 1.418697
1 2 194 9.622962 193 12.875677
2 2 194 10.593515 187 15.890268
3
0 2 180 3.272966 191 6.035061
1 2 181 10.149427 191 13.731402
2 2 184 5.139475 182 11.986740
3
0 2 180 17.468973 197 8.377018
1 2 187 7.449809 188 16.354598
2 2 196 2.127528 187 6.159184
3
0 2 180 11.384000 196 17.323206
1 2 180 7.998381 192 10.473125
2 2 188 8.347751 180 11.487078
3
0 2 180 4.449895 197 17.745904
1 2 192 18.927438 186 11.363299
2 2 194 2.821503 181 10.287670
3
0 2 180 1.380622 185 12.867384
1 2 195 2.022797 182 7.280318
2 2 187 7.035440 184 11.189948
3
0 2 180 14.104612 185 13.335771
1 2 187 9.232956 194 5.291572
2 2 185 18.452625 188 17.271199
3
0 2 180 14.834553 192 16.775007
1 2 198 1.963345 180 3.165386
2 2 182 1.717589 197 14.993083
3
0 2 180 1.342058 185 15.120957
1 2 190 16.386525 183 16.098772
2 2 191 9.889482 186 9.606724
3
0 2 180 14.262968 188 11.609707
1 2 190 16.868192 189 8.834768
2 2 185 3.063189 188 3.904039
3
0 2 180 16.321186 189 19.534776
1 2 199 5.735114 193 17.224082
2 2 182 10.901163 195 19.589378
3
0 2 180 4.020811 181 19.451556
1 2 194 10.155720 180 9.948411
2 2 193 4.714176 199 7.894889
3
0 2 180 3.576210 190 4.626368
1 2 189 3.469863 194 2.763980
2 2 184 6.200696 187 15.703485
3
0 2 180 6.222504 186 11.780573
1 2 199 18.164858 182 16.594191
2 2 192 5.016795 191 13.373004
3
0 2 180 2.761128 193 14.733014
1 2 188 17.342746 196 1.432049
2 2 192 14.136012 191 7.074390
3
0 2 180 19.973950 196 2.002558
1 2 198 4.158637 185 9.609860
2 2 190 17.454373 199 5.205611
3
0 2 180 13.071297 189 8.372744
1 2 187 3.667479 194 11.373652
2 2 188 19.539195 194 6.407987
3
0 2 180 8.268188 193 2.224974
1 2 184 6.903948 193 1.344719
2 2 182 4.233660 185 16.223568
3
0 1 199 16.719058
1 1 199 9.289012
2 1 199 1.041579
3
0 1 199 13.011388
1 1 199 11.259285
2 1 199 17.456413
3
0 1 199 5.123191
1 1 199 4.249058
2 1 199 5.294278
3
0 1 199 19.944325
1 1 199 18.180242
2 1 199 10.247186
3
0 1 199 7.247013
1 1 199 14.599591
2 1 199 12.319376
3
0 1 199 5.986168
1 1 199 3.180383
2 1 199 16.062443
3
0 1 199 12.317169
1 1 199 7.756945
2 1 199 4.975110
3
0 1 199 7.215520
1 1 199 15.909091
2 1 199 12.492553
3
0 1 199 15.764494
1 1 199 4.163793
2 1 199 7.587646
3
0 1 199 12.334533
1 1 199 11.890713
2 1 199 13.743068
3
0 1 199 14.102134
1 1 199 2.956665
2 1 199 2.694019
3
0 1 199 4.561956
1 1 199 2.824658
2 1 199 16.776895
3
0 1 199 3.552888
1 1 199 4.179018
2 1 199 1.531690
3
0 1 199 12.085925
1 1 199 12.652176
2 1 199 8.382428
3
0 1 199 6.230622
1 1 199 16.513886
2 1 199 10.949166
3
0 1 199 3.992942
1 1 199 11.684092
2 1 199 3.615926
3
0 1 199 9.205263
1 1 199 9.400721
2 1 199 18.447782
3
0 1 199 12.124819
1 1 199 4.662977
2 1 199 5.584669
3
0 1 199 3.274612
1 1 199 1.684106
2 1 199 13.186023
0
