20 19
3
0 2 5 17.584657 15 5.854561
1 2 6 3.307483 18 1.376269
2 2 12 13.371993 19 8.464386
3
0 2 5 10.562908 9 2.691453
1 2 19 8.036341 14 1.549026
2 2 14 4.782415 7 17.922268
3
0 2 5 4.336587 18 8.295531
1 2 10 6.449650 13 8.782040
2 2 9 12.433446 19 18.387165
3
0 2 5 9.994002 17 12.153477
1 2 5 4.471508 12 19.376839
2 2 12 1.353545 16 15.730948
3
0 2 5 1.335806 8 14.457999
1 2 15 16.751165 18 14.779570
2 2 8 11.253114 6 7.673148
3
0 2 10 13.457299 11 8.108235
1 2 11 19.900199 18 4.678459
2 2 10 7.125042 19 15.156432
3
0 2 10 1.133715 15 4.418273
1 2 15 18.709284 10 19.724732
2 2 12 14.379841 13 3.942565
3
0 2 10 16.964164 15 6.895144
1 2 17 1.845780 16 19.735654
2 2 18 13.449828 17 3.500847
3
0 2 10 5.534094 18 15.120836
1 2 18 4.794358 19 4.209429
2 2 12 3.722312 10 5.422888
3
0 2 10 2.371975 19 11.141624
1 2 12 9.254721 15 18.516361
2 2 12 12.374497 10 15.465686
3
0 2 15 9.795616 16 3.372486
1 2 15 11.356229 19 17.732865
2 2 17 9.807677 15 17.793875
3
0 2 15 3.925299 16 10.435073
1 2 15 1.705969 18 11.767996
2 2 15 16.897855 19 5.583927
3
0 2 15 12.648820 16 8.180894
1 2 17 10.861409 15 11.644150
2 2 18 9.170667 19 1.301811
3
0 2 15 11.901733 16 7.388491
1 2 17 18.254030 16 1.294122
2 2 19 8.724315 16 8.291922
3
0 2 15 14.930948 19 5.235356
1 2 16 6.948287 19 18.605628
2 2 15 14.465380 16 13.212454
3
0 1 19 14.259668
1 1 19 17.712305
2 1 19 5.813177
3
0 1 19 6.639656
1 1 19 13.298292
2 1 19 15.961562
3
0 1 19 13.050916
1 1 19 6.130620
2 1 19 10.815245
3
0 1 19 15.391785
1 1 19 15.019207
2 1 19 2.658767
0
