200 199
3
0 2 20 14.458215 162 9.484581
1 2 75 14.449882 157 17.704347
2 2 34 15.511112 168 7.602738
3
0 2 20 2.063254 135 2.729896
1 2 187 2.723871 71 11.878797
2 2 67 13.259277 26 5.740283
3
0 2 20 4.186725 128 13.152110
1 2 69 9.697998 44 4.699957
2 2 130 3.804349 184 10.097641
3
0 2 20 5.158715 143 13.035758
1 2 118 5.465343 62 9.838713
2 2 102 13.435986 78 5.022008
3
0 2 20 12.564049 33 17.250110
1 2 69 18.614198 59 15.633398
2 2 101 17.838859 60 1.352272
3
0 2 20 2.636152 101 16.745298
1 2 149 4.621816 155 1.447904
2 2 193 9.522171 129 2.547799
3
0 2 20 10.087861 41 16.444271
1 2 199 16.125908 148 12.644933
2 2 150 2.877097 134 10.944934
3
0 2 20 18.927141 92 1.641527
1 2 27 2.911556 166 17.832487
2 2 169 11.367488 183 15.367422
3
0 2 20 18.437778 36 7.562118
1 2 197 10.051257 32 4.156988
2 2 89 16.342587 110 12.296812
3
0 2 20 4.458626 54 10.937666
1 2 173 9.275920 57 14.121618
2 2 179 13.483452 83 4.296632
3
0 2 20 3.507162 180 11.079040
1 2 100 15.163961 127 1.090842
2 2 80 1.688132 31 5.702250
3
0 2 20 11.571400 97 1.768790
1 2 60 7.058259 73 10.304471
2 2 145 18.412819 185 8.366030
3
0 2 20 19.832177 117 16.483960
1 2 86 19.496212 108 9.366779
2 2 92 15.029238 188 6.100723
3
0 2 20 14.935070 101 14.280898
1 2 20 19.124362 33 16.762374
2 2 183 13.717079 175 4.153673
3
0 2 20 3.126687 40 16.475216
1 2 33 1.577478 106 12.072711
2 2 51 12.997052 188 14.169303
3
0 2 20 3.151413 126 3.190842
1 2 95 11.476668 98 9.896826
2 2 60 17.217465 62 13.854096
3
0 2 20 18.716519 173 3.709360
1 2 71 1.265211 121 5.726108
2 2 182 13.045979 37 15.090178
3
0 2 20 18.592760 113 5.167607
1 2 49 4.560480 162 19.036844
2 2 70 6.352047 181 18.875457
3
0 2 20 14.323520 178 8.073111
1 2 99 10.928852 104 16.695529
2 2 187 9.278802 152 5.115171
3
0 2 20 2.617567 47 17.043053
1 2 189 6.644431 157 7.371972
2 2 34 19.578277 59 6.813683
3
0 2 40 1.169686 51 2.793696
1 2 167 10.091472 89 13.019392
2 2 80 5.105192 50 13.231953
3
0 2 40 9.458745 126 1.011254
1 2 73 6.781438 159 4.178443
2 2 174 5.909840 56 14.711414
3
0 2 40 6.824412 105 8.274047
1 2 159 1.567194 198 6.283227
2 2 105 14.965385 50 2.697683
3
0 2 40 18.454257 125 12.056436
1 2 112 15.576735 177 11.381575
2 2 101 15.600172 123 6.633315
3
0 2 40 9.719870 116 19.044779
1 2 169 1.082933 61 19.849116
2 2 91 4.990870 163 10.444495
3
0 2 40 4.849199 51 16.013245
1 2 165 16.308936 110 17.916315
2 2 179 15.703824 156 2.401692
3
0 2 40 12.505169 85 3.512155
1 2 190 13.399221 135 9.188133
2 2 154 16.084022 72 11.736604
3
0 2 40 8.952561 102 17.280527
1 2 44 11.400212 88 3.192399
2 2 75 7.004156 193 10.003316
3
0 2 40 3.723866 151 1.409897
1 2 105 19.588322 149 6.952021
2 2 68 2.577131 48 17.396687
3
0 2 40 10.443190 133 17.002730
1 2 185 3.748771 182 19.040387
2 2 40 2.226457 50 9.877804
3
0 2 40 8.433292 104 17.881431
1 2 97 1.583361 56 16.745717
2 2 130 3.684617 77 3.106025
3
0 2 40 14.380594 195 8.110279
1 2 57 6.626531 96 15.087684
2 2 189 3.042194 197 12.094202
3
0 2 40 8.999725 172 4.278884
1 2 111 1.096783 116 9.034019
2 2 158 11.433739 87 16.411356
3
0 2 40 16.029725 157 9.006371
1 2 133 13.965550 175 7.596574
2 2 47 17.261773 180 10.036987
3
0 2 40 4.410327 60 7.207069
1 2 143 12.037073 95 5.824016
2 2 78 15.358040 104 7.205657
3
0 2 40 5.608765 84 2.997459
1 2 102 6.076383 77 12.766720
2 2 175 8.364032 129 9.634246
3
0 2 40 7.350459 122 4.037346
1 2 52 11.448624 142 13.926361
2 2 63 14.138030 70 19.893478
3
0 2 40 9.665104 53 8.442738
1 2 159 2.822242 173 4.363429
2 2 105 18.941526 179 1.986740
3
0 2 40 14.360505 55 14.015262
1 2 44 8.091364 196 12.284288
2 2 135 14.700826 192 1.997980
3
0 2 40 7.112106 61 7.490310
1 2 111 3.216942 172 9.972792
2 2 163 4.124721 143 4.820148
3
0 2 60 10.083901 120 15.791408
1 2 191 17.231030 82 15.881888
2 2 182 5.459487 132 15.570383
3
0 2 60 18.434708 162 12.607619
1 2 136 13.191579 125 8.007195
2 2 148 19.691549 120 1.605335
3
0 2 60 14.317532 140 18.044492
1 2 142 9.213061 87 7.321045
2 2 128 12.273494 186 2.572784
3
0 2 60 7.290317 82 11.818191
1 2 172 18.983035 73 14.124797
2 2 139 17.157393 102 2.807251
3
0 2 60 12.734839 79 2.699561
1 2 116 2.840867 173 4.267949
2 2 103 8.404892 124 17.748490
3
0 2 60 5.834019 138 16.167977
1 2 115 7.109583 158 3.880691
2 2 81 9.003242 158 13.187658
3
0 2 60 6.336095 67 9.957745
1 2 89 3.768056 64 6.550982
2 2 179 16.505772 66 18.286318
3
0 2 60 2.487022 61 4.937575
1 2 171 12.073498 102 7.652468
2 2 193 4.623645 92 4.115881
3
0 2 60 17.903627 97 5.434144
1 2 94 4.380333 134 1.251274
2 2 192 15.574404 171 15.451396
3
0 2 60 3.113610 149 4.608510
1 2 131 11.353673 84 1.503553
2 2 144 11.133504 112 7.880228
3
0 2 60 3.110080 103 2.278487
1 2 168 14.958504 197 18.689594
2 2 69 14.348434 123 14.297878
3
0 2 60 4.701905 179 17.907328
1 2 84 2.165327 66 4.445593
2 2 127 16.877256 162 5.296453
3
0 2 60 2.307724 170 1.453381
1 2 129 15.689780 111 3.612861
2 2 107 12.319424 130 9.861046
3
0 2 60 10.070900 156 16.325057
1 2 142 2.969999 167 14.055316
2 2 127 6.515620 148 1.869146
3
0 2 60 18.578027 62 6.302042
1 2 77 16.007376 156 15.260532
2 2 187 13.863221 135 17.891250
3
0 2 60 12.875325 161 8.400092
1 2 176 10.787066 183 5.892620
2 2 170 1.609200 153 7.796268
3
0 2 60 5.210172 106 10.818059
1 2 169 4.976802 101 13.000300
2 2 71 14.873574 133 5.639669
3
0 2 60 12.549893 198 8.676627
1 2 111 15.078157 67 17.756534
2 2 87 10.896681 144 2.892148
3
0 2 60 3.239378 95 3.982247
1 2 142 7.111921 164 4.644213
2 2 73 10.094329 61 19.029221
3
0 2 60 9.731465 154 8.342860
1 2 91 16.494222 189 1.765579
2 2 144 13.918419 169 15.388194
3
0 2 80 10.625166 162 10.071910
1 2 142 2.550519 114 18.307542
2 2 131 6.195080 180 19.720996
3
0 2 80 8.223092 101 16.764962
1 2 156 6.871110 193 17.188182
2 2 103 6.855456 184 4.337731
3
0 2 80 5.042745 113 19.257427
1 2 149 11.434972 122 18.489139
2 2 136 9.068218 198 4.491366
3
0 2 80 8.216874 185 11.348512
1 2 183 18.046414 86 10.512644
2 2 179 17.805951 132 8.723268
3
0 2 80 2.964978 98 15.502647
1 2 139 2.399866 84 7.362630
2 2 198 1.857897 92 13.834055
3
0 2 80 10.666221 121 4.443329
1 2 163 18.938417 88 6.162345
2 2 109 7.917440 102 19.413977
3
0 2 80 11.506074 122 15.097512
1 2 95 14.546138 84 5.994089
2 2 198 7.966096 139 3.717516
3
0 2 80 13.021287 147 1.893212
1 2 191 13.343232 187 11.036577
2 2 109 1.312031 142 7.802918
3
0 2 80 5.876418 121 4.980740
1 2 155 5.764369 162 12.442464
2 2 175 11.560239 181 7.450981
3
0 2 80 7.660038 189 13.971201
1 2 89 8.785750 191 3.879735
2 2 136 10.420473 84 13.743285
3
0 2 80 8.437957 186 8.081717
1 2 160 16.005008 158 12.010116
2 2 178 19.961697 123 8.945228
3
0 2 80 17.917361 134 13.275625
1 2 116 8.131194 119 12.132426
2 2 136 12.248125 166 9.787355
3
0 2 80 17.623959 122 7.173032
1 2 101 16.368194 111 9.879813
2 2 172 7.914170 112 19.997584
3
0 2 80 3.649876 133 3.969551
1 2 127 11.551592 163 6.499303
2 2 123 11.102835 103 8.606054
3
0 2 80 9.810992 149 11.253855
1 2 100 8.925677 91 13.435384
2 2 82 4.284282 144 16.878046
3
0 2 80 11.107541 139 18.622907
1 2 106 5.327400 93 14.523359
2 2 99 18.943626 188 15.659311
3
0 2 80 9.110666 89 5.280176
1 2 116 4.592042 167 12.056538
2 2 132 11.652095 102 4.360055
3
0 2 80 9.518116 160 18.834537
1 2 81 15.359895 117 5.392429
2 2 116 8.961366 97 7.253006
3
0 2 80 19.633599 139 19.911466
1 2 163 18.802361 197 12.837779
2 2 190 6.473208 150 19.162312
3
0 2 80 18.971894 164 18.799899
1 2 186 10.897074 167 13.260178
2 2 136 5.434200 188 19.519034
3
0 2 100 7.537401 173 11.764406
1 2 121 8.555383 160 8.523475
2 2 119 12.549903 199 3.000746
3
0 2 100 2.461053 142 1.844850
1 2 196 2.289467 182 13.456168
2 2 146 5.364559 182 4.130974
3
0 2 100 14.801658 103 8.368227
1 2 117 12.177750 180 2.282871
2 2 174 7.352205 132 15.873359
3
0 2 100 3.133736 177 19.034870
1 2 198 14.138941 112 16.670617
2 2 157 14.829669 158 1.773788
3
0 2 100 2.630747 155 5.785715
1 2 150 14.545643 140 17.768898
2 2 188 13.665797 160 6.766871
3
0 2 100 17.820389 126 2.040167
1 2 147 18.108853 186 16.395273
2 2 177 16.836832 170 10.148172
3
0 2 100 2.950115 148 14.012442
1 2 132 11.453469 177 2.440958
2 2 168 12.808670 106 9.393827
3
0 2 100 6.332416 164 7.787229
1 2 152 14.493394 163 14.601766
2 2 160 1.910136 143 12.935916
3
0 2 100 6.520384 111 14.796490
1 2 165 12.943763 147 6.467285
2 2 130 2.261913 178 11.341338
3
0 2 100 7.626588 181 4.035909
1 2 114 15.278651 122 5.394768
2 2 193 6.387627 132 2.624562
3
0 2 100 3.813120 106 16.325903
1 2 176 12.987961 104 16.235336
2 2 187 19.678182 161 15.904981
3
0 2 100 12.762248 116 13.716971
1 2 140 5.158896 105 18.575453
2 2 195 11.737225 130 5.026169
3
0 2 100 5.349636 156 1.557542
1 2 137 9.178296 195 9.231291
2 2 113 17.107303 180 5.256011
3
0 2 100 19.162181 106 13.356920
1 2 100 15.567313 193 7.530441
2 2 183 8.073460 189 14.528549
3
0 2 100 5.544594 169 5.746519
1 2 158 16.805107 173 3.744632
2 2 156 3.078446 159 17.803012
3
0 2 100 19.958868 145 18.597618
1 2 141 15.099011 168 15.596583
2 2 135 16.550196 191 1.025246
3
0 2 100 3.462368 128 19.941369
1 2 186 13.750975 137 17.055504
2 2 117 15.065977 139 11.601327
3
0 2 100 10.597866 126 7.518798
1 2 108 15.493307 118 16.734610
2 2 164 13.588911 101 16.967899
3
0 2 100 10.833110 128 5.998547
1 2 134 18.427599 172 12.997573
2 2 188 2.240370 132 13.078190
3
0 2 100 8.742362 172 19.599837
1 2 183 4.402158 149 19.274570
2 2 102 5.736332 109 16.289235
3
0 2 120 8.079824 174 10.909540
1 2 144 10.984831 189 16.819050
2 2 129 18.721163 159 9.719764
3
0 2 120 15.935287 192 14.416275
1 2 129 2.225882 127 6.773993
2 2 174 6.287569 148 16.458953
3
0 2 120 17.972344 159 14.482300
1 2 134 3.292945 127 16.767052
2 2 192 15.536253 196 1.290810
3
0 2 120 3.514782 124 11.150058
1 2 198 4.668813 179 17.334022
2 2 181 15.212460 148 5.552763
3
0 2 120 8.502391 158 6.158720
1 2 148 16.221122 140 13.270208
2 2 142 8.854869 193 3.382220
3
0 2 120 5.466076 154 3.862397
1 2 193 5.162224 136 11.464505
2 2 124 15.178909 159 16.586901
3
0 2 120 2.989946 177 3.194566
1 2 184 19.026914 150 4.555785
2 2 198 9.379732 178 11.329462
3
0 2 120 3.881399 174 5.804992
1 2 176 10.539066 140 1.986905
2 2 126 3.195409 161 11.955130
3
0 2 120 16.791862 127 9.419500
1 2 133 2.542329 166 6.377116
2 2 146 1.599272 144 13.139805
3
0 2 120 3.747020 163 19.750740
1 2 182 7.736971 168 9.572778
2 2 124 12.037950 185 2.544233
3
0 2 120 14.789157 175 17.379710
1 2 135 2.418498 187 7.939893
2 2 179 14.811012 195 16.478160
3
0 2 120 13.334526 156 13.812065
1 2 162 3.878733 134 9.438230
2 2 154 13.829314 194 16.820264
3
0 2 120 19.293019 188 16.754407
1 2 178 6.780039 131 1.198382
2 2 176 6.451994 173 13.404849
3
0 2 120 1.414495 163 19.892778
1 2 194 14.564003 181 17.482047
2 2 152 8.105398 130 18.450437
3
0 2 120 2.162589 138 17.303811
1 2 131 13.898901 173 5.896399
2 2 141 16.392133 171 6.026876
3
0 2 120 5.877391 139 4.967632
1 2 175 8.208155 128 1.668530
2 2 199 15.140455 166 10.672838
3
0 2 120 18.919987 145 14.811520
1 2 196 9.970237 168 7.381079
2 2 186 15.641567 163 4.537705
3
0 2 120 9.751729 136 17.722969
1 2 133 13.631758 179 3.071563
2 2 123 16.038092 186 6.672137
3
0 2 120 5.536597 170 12.566929
1 2 190 2.859415 131 2.895800
2 2 185 9.549828 125 7.630424
3
0 2 120 1.181263 175 10.427278
1 2 144 6.350713 137 11.207144
2 2 163 1.753986 189 6.140364
3
0 2 140 17.636359 186 14.474177
1 2 156 13.746801 188 5.163609
2 2 191 2.098658 143 14.912264
3
0 2 140 4.534207 176 2.734905
1 2 166 4.831599 188 10.862764
2 2 172 12.617312 163 17.099094
3
0 2 140 16.894731 192 15.522365
1 2 193 18.293934 153 12.857498
2 2 184 5.722184 170 11.204162
3
0 2 140 10.405113 160 18.991203
1 2 143 10.325184 183 9.145657
2 2 190 17.412509 163 17.140787
3
0 2 140 6.224571 186 13.365669
1 2 166 7.171868 180 18.747800
2 2 159 10.977447 161 15.985265
3
0 2 140 19.176985 156 14.053600
1 2 148 4.603557 167 19.801837
2 2 168 16.890478 145 7.848300
3
0 2 140 14.708291 186 16.773887
1 2 144 3.356412 195 14.729637
2 2 167 15.541662 142 7.229431
3
0 2 140 17.655661 145 9.958043
1 2 147 14.902003 169 6.288841
2 2 145 17.922004 167 11.220977
3
0 2 140 12.101898 143 4.971134
1 2 157 6.729439 183 1.825795
2 2 191 7.564176 190 14.387647
3
0 2 140 19.152566 197 3.591634
1 2 159 2.243671 199 13.306279
2 2 183 12.802663 186 10.192305
3
0 2 140 6.302190 193 7.980536
1 2 143 9.928321 170 4.904032
2 2 175 3.162702 196 19.114857
3
0 2 140 8.293892 145 11.788282
1 2 168 19.282831 183 7.655448
2 2 141 3.060320 191 15.061369
3
0 2 140 1.320031 193 14.444368
1 2 192 4.630190 179 1.056548
2 2 144 16.622582 199 12.610759
3
0 2 140 4.615743 192 1.081904
1 2 158 16.253902 166 19.355090
2 2 168 5.901569 181 17.890366
3
0 2 140 14.045081 144 13.056649
1 2 195 17.412545 152 13.349842
2 2 181 10.963475 143 6.843243
3
0 2 140 13.619086 171 12.192683
1 2 180 2.867613 198 18.092591
2 2 167 18.683084 165 7.562246
3
0 2 140 10.847680 196 7.144804
1 2 150 2.035101 165 12.877222
2 2 143 15.643421 178 16.998261
3
0 2 140 9.548768 172 4.003860
1 2 157 17.951143 179 19.306335
2 2 168 8.642811 173 12.083865
3
0 2 140 5.579982 179 17.922999
1 2 178 2.874597 189 2.731663
2 2 155 18.138128 197 9.308032
3
0 2 140 13.737494 174 17.641528
1 2 192 16.151169 163 12.539280
2 2 158 11.493722 198 17.315637
3
0 2 160 11.267717 168 13.843292
1 2 161 6.931003 197 12.250296
2 2 196 6.552209 183 11.136114
3
0 2 160 3.500241 180 18.311400
1 2 180 15.948135 181 15.464394
2 2 168 7.813136 193 4.539587
3
0 2 160 3.756877 179 1.520728
1 2 187 6.265329 165 2.810952
2 2 167 3.704984 197 15.584131
3
0 2 160 6.269534 194 2.229674
1 2 172 2.758757 195 6.274440
2 2 174 6.536817 189 13.949631
3
0 2 160 13.790630 192 1.227206
1 2 160 12.128740 165 6.785313
2 2 199 11.246177 178 12.807922
3
0 2 160 15.275822 191 13.342779
1 2 166 7.645096 187 19.590699
2 2 167 18.525976 195 6.821237
3
0 2 160 19.523349 195 17.165086
1 2 172 13.347447 188 6.271086
2 2 166 13.441301 161 16.955388
3
0 2 160 13.547716 164 16.681428
1 2 174 4.451715 183 1.196433
2 2 177 8.985170 180 7.780491
3
0 2 160 3.557877 196 3.576010
1 2 170 4.979350 182 4.768287
2 2 193 12.948921 164 14.324522
3
0 2 160 9.899985 187 19.418144
1 2 186 2.997031 172 9.742371
2 2 179 4.849580 180 14.297635
3
0 2 160 19.262159 182 6.357468
1 2 168 5.261625 195 16.563542
2 2 161 12.323826 193 1.969990
3
0 2 160 11.029711 194 10.050295
1 2 182 12.704438 163 4.555521
2 2 199 18.733233 184 10.180834
3
0 2 160 4.887591 196 19.127590
1 2 192 2.451286 177 19.764875
2 2 185 6.822452 194 8.250363
3
0 2 160 12.785564 179 16.487199
1 2 199 13.591948 179 2.211717
2 2 165 9.256125 186 14.609117
3
0 2 160 19.241981 180 13.992720
1 2 160 6.049921 180 5.908859
2 2 167 19.924763 165 4.750794
3
0 2 160 3.676484 181 5.914396
1 2 178 9.835765 160 3.717773
2 2 175 19.526838 184 19.104808
3
0 2 160 2.185207 162 1.860969
1 2 195 18.906611 198 18.163130
2 2 192 8.275216 160 17.957387
3
0 2 160 10.684673 174 18.215442
1 2 160 3.735365 165 2.764718
2 2 189 4.784865 181 2.867320
3
0 2 160 14.169468 171 1.373532
1 2 174 4.035631 168 4.240491
2 2 169 6.177689 190 9.809297
3
0 2 160 11.147333 166 7.630156
1 2 165 19.537536 179 1.686568
2 2 197 13.692333 184 15.952001
3
0 2 180 8.460857 195 12.596222
1 2 189 9.961916 184 19.372471
2 2 196 6.738011 182 10.127624
3
0 2 180 3.254412 199 8.163981
1 2 193 5.450626 195 7.399114
2 2 180 5.472550 181 13.669151
3
0 2 180 16.261558 182 18.365630
1 2 188 10.761861 197 11.176255
2 2 181 13.218005 198 14.146932
3
0 2 180 10.559482 198 9.270224
1 2 181 15.843804 194 15.815188
2 2 184 13.668255 185 13.036262
3
0 2 180 10.443715 196 4.316078
1 2 193 1.443223 191 15.569284
2 2 182 13.252951 183 7.333318
3
0 2 180 4.779844 182 17.411948
1 2 181 12.652263 185 19.583468
2 2 185 1.634924 195 7.572807
3
0 2 180 8.483617 190 18.914546
1 2 191 15.916473 180 3.239357
2 2 193 1.640051 182 15.476408
3
0 2 180 6.680317 185 16.035049
1 2 185 1.173892 198 14.876523
2 2 199 13.674164 190 2.470279
3
0 2 180 19.376946 181 14.731756
1 2 190 9.101144 195 6.987190
2 2 198 10.865229 180 17.776890
3
0 2 180 2.166826 182 19.480022
1 2 195 9.808395 194 9.884174
2 2 195 7.182585 188 10.526361
3
0 2 180 1.397389 186 8.058885
1 2 183 12.876792 180 9.276223
2 2 190 2.740202 197 3.060753
3
0 2 180 15.281874 197 4.701068
1 2 186 8.891149 191 19.724752
2 2 180 11.875619 184 3.660904
3
0 2 180 14.488499 187 8.520716
1 2 193 12.443046 196 12.573163
2 2 181 17.739293 191 6.473611
3
0 2 180 12.397196 196 7.523713
1 2 199 10.151321 189 12.840795
2 2 191 11.981568 187 11.807559
3
0 2 180 15.994937 189 15.009412
1 2 188 7.556033 185 14.338278
2 2 190 4.895680 192 5.684897
3
0 2 180 10.062415 198 9.081532
1 2 186 2.391173 199 9.211489
2 2 181 10.922430 184 9.715562
3
0 2 180 10.575334 194 13.522800
1 2 192 19.774360 188 10.141776
2 2 182 16.703837 193 8.547418
3
0 2 180 12.197200 197 3.335012
1 2 199 9.850504 180 6.733349
2 2 182 5.198044 189 11.924212
3
0 2 180 9.319675 195 2.389085
1 2 180 4.747776 199 19.767335
2 2 194 3.421313 185 14.463905
3
0 2 180 18.457647 183 8.780822
1 2 181 6.905432 192 9.549368
2 2 184 2.597488 185 10.517613
3
0 1 199 7.622080
1 1 199 15.307447
2 1 199 7.622773
3
0 1 199 9.770734
1 1 199 12.327676
2 1 199 17.790298
3
0 1 199 14.673570
1 1 199 9.827954
2 1 199 18.856145
3
0 1 199 1.247518
1 1 199 2.515832
2 1 199 11.611702
3
0 1 199 7.350827
1 1 199 19.562584
2 1 199 7.900302
3
0 1 199 1.476867
1 1 199 6.169019
2 1 199 19.945253
3
0 1 199 16.443925
1 1 199 7.054210
2 1 199 16.326665
3
0 1 199 8.826999
1 1 199 19.049311
2 1 199 19.816100
3
0 1 199 2.024905
1 1 199 6.384398
2 1 199 15.172367
3
0 1 199 17.229323
1 1 199 15.074966
2 1 199 18.469989
3
0 1 199 16.227011
1 1 199 3.507450
2 1 199 13.858264
3
0 1 199 12.324891
1 1 199 6.606226
2 1 199 9.811027
3
0 1 199 2.130063
1 1 199 5.548110
2 1 199 14.964049
3
0 1 199 19.327652
1 1 199 6.603543
2 1 199 11.950295
3
0 1 199 5.368809
1 1 199 11.338720
2 1 199 12.247093
3
0 1 199 15.233110
1 1 199 2.890224
2 1 199 12.815518
3
0 1 199 19.432785
1 1 199 12.400362
2 1 199 1.973323
3
0 1 199 15.201343
1 1 199 8.073925
2 1 199 9.953921
3
0 1 199 16.912999
1 1 199 14.688998
2 1 199 1.909613
0
