20 19
3
0 2 5 1.613969 17 16.484251
1 2 7 19.785987 18 18.191025
2 2 11 15.479379 7 3.947742
3
0 2 5 16.669454 11 13.201231
1 2 14 3.524045 7 14.488297
2 2 9 8.566761 15 3.270533
3
0 2 5 2.371070 14 18.598394
1 2 6 9.693940 8 2.391203
2 2 15 14.498987 19 19.430190
3
0 2 5 9.740223 15 10.286983
1 2 6 14.703316 16 10.076570
2 2 12 2.156032 19 6.215692
3
0 2 5 3.298297 6 14.258143
1 2 14 7.004311 5 19.475176
2 2 11 3.434069 18 14.240310
3
0 2 10 15.692337 17 16.896262
1 2 10 12.487303 12 3.636771
2 2 14 12.055890 10 6.840828
3
0 2 10 4.274014 13 10.404262
1 2 11 17.662359 16 10.137610
2 2 13 14.651752 10 11.802102
3
0 2 10 1.476760 18 4.228324
1 2 15 16.985329 17 9.390155
2 2 19 12.683891 12 2.314683
3
0 2 10 1.731396 17 5.059248
1 2 14 7.663508 15 11.843421
2 2 19 5.411484 15 16.475921
3
0 2 10 13.752398 18 18.382790
1 2 18 2.489127 15 3.251111
2 2 14 5.505488 19 7.102055
3
0 2 15 14.749019 17 9.224209
1 2 19 6.489032 16 6.316583
2 2 15 7.726602 16 8.992735
3
0 2 15 7.402812 19 3.439901
1 2 15 8.297029 18 16.866300
2 2 15 9.370106 18 8.628526
3
0 2 15 3.855327 19 17.253663
1 2 16 10.137114 17 10.484777
2 2 17 9.344334 15 17.816392
3
0 2 15 12.647113 19 7.231667
1 2 19 6.435175 15 7.836264
2 2 16 15.602792 17 2.709855
3
0 2 15 5.327312 16 10.748196
1 2 19 9.387578 16 15.565284
2 2 18 5.231890 16 1.997196
3
0 1 19 4.781186
1 1 19 16.666662
2 1 19 11.676849
3
0 1 19 10.159356
1 1 19 13.880397
2 1 19 2.188017
3
0 1 19 5.556695
1 1 19 5.246793
2 1 19 18.519509
3
0 1 19 5.309096
1 1 19 15.208696
2 1 19 12.786453
0
