100 99
3
0 2 10 2.631880 62 8.120973
1 2 68 5.389181 60 12.878471
2 2 31 19.085198 64 16.149628
3
0 2 10 11.058380 69 3.144886
1 2 18 8.547909 51 19.707929
2 2 60 17.003892 45 2.685118
3
0 2 10 1.278115 74 17.487944
1 2 87 16.091555 45 6.553013
2 2 86 18.214103 73 13.420380
3
0 2 10 10.080720 97 9.802292
1 2 12 7.368268 34 2.502400
2 2 57 3.101245 81 7.404018
3
0 2 10 19.341692 98 14.525345
1 2 93 7.957602 34 10.595142
2 2 71 11.618590 42 7.423420
3
0 2 10 8.553526 46 17.431803
1 2 90 14.017901 32 5.685752
2 2 23 2.099118 93 1.978683
3
0 2 10 19.932954 46 10.822622
1 2 33 11.156471 48 6.804524
2 2 64 18.708267 75 13.139962
3
0 2 10 10.678290 11 11.728764
1 2 49 6.746703 75 18.586067
2 2 17 3.178621 58 5.985227
3
0 2 10 10.338133 19 15.076199
1 2 61 18.310312 78 6.923550
2 2 50 8.565747 12 3.157546
3
0 2 10 15.878711 23 3.032740
1 2 16 18.816963 36 9.017813
2 2 90 8.509346 72 19.086154
3
0 2 20 10.108427 93 14.017685
1 2 66 17.234477 88 12.361002
2 2 94 13.463310 82 8.981764
3
0 2 20 15.743497 79 6.855993
1 2 30 11.847153 29 16.332820
2 2 36 3.535918 80 4.123548
3
0 2 20 7.864245 41 2.817227
1 2 47 3.797201 90 3.573592
2 2 86 3.509635 83 10.419900
3
0 2 20 3.162239 92 18.427961
1 2 94 2.014320 58 5.413652
2 2 66 19.103269 52 9.714799
3
0 2 20 4.166038 66 12.731428
1 2 55 16.735367 50 3.643325
2 2 83 15.537417 79 6.163453
3
0 2 20 3.938744 91 3.452818
1 2 97 2.957427 22 2.591348
2 2 36 5.440239 23 13.840550
3
0 2 20 15.638720 32 8.810680
1 2 44 2.392087 96 17.648488
2 2 91 12.910924 97 16.361960
3
0 2 20 10.251783 80 18.771976
1 2 91 16.878292 23 13.601686
2 2 99 5.886851 52 16.296701
3
0 2 20 14.566126 90 15.646389
1 2 20 3.496345 57 11.319022
2 2 70 7.162594 91 6.335913
3
0 2 20 9.166509 36 3.452744
1 2 67 9.999028 35 11.416090
2 2 36 6.593909 48 8.360705
3
0 2 30 3.650444 62 6.194315
1 2 71 7.911932 87 13.571912
2 2 87 7.407115 40 1.719000
3
0 2 30 19.442886 68 17.096235
1 2 56 18.972903 65 17.748328
2 2 60 8.477816 40 10.261494
3
0 2 30 14.881142 35 5.642319
1 2 49 5.917910 40 15.282729
2 2 46 4.070944 35 11.650475
3
0 2 30 3.078625 78 13.292111
1 2 56 4.053559 34 4.315404
2 2 70 2.292172 36 18.614897
3
0 2 30 5.854384 37 11.346943
1 2 36 13.748972 86 17.937614
2 2 87 9.767718 46 7.112607
3
0 2 30 9.228885 87 9.798657
1 2 84 9.106384 52 16.532226
2 2 69 7.108600 80 14.265634
3
0 2 30 11.391408 41 5.518605
1 2 81 19.288407 37 12.382751
2 2 93 4.263121 38 10.082321
3
0 2 30 13.674679 71 1.810505
1 2 53 1.305804 48 16.095756
2 2 98 6.922083 54 4.839730
3
0 2 30 5.144903 54 1.550692
1 2 69 10.176970 67 15.356112
2 2 62 8.430731 66 16.794206
3
0 2 30 5.676553 48 18.179678
1 2 83 19.896743 53 12.415027
2 2 98 3.169892 53 11.996581
3
0 2 40 8.387007 95 9.678923
1 2 95 5.077165 90 6.653368
2 2 94 2.330738 55 16.374161
3
0 2 40 2.417627 82 4.334243
1 2 95 12.518805 51 3.404140
2 2 75 17.124950 66 5.407316
3
0 2 40 5.603036 55 8.823598
1 2 95 12.691431 67 4.763162
2 2 89 13.893614 51 7.202371
3
0 2 40 3.395310 97 9.861829
1 2 86 3.484984 43 5.267270
2 2 90 19.533851 55 18.071586
3
0 2 40 7.609915 78 2.393678
1 2 83 18.043598 51 9.569956
2 2 71 4.020045 75 11.439329
3
0 2 40 4.355680 86 10.531854
1 2 70 5.197776 47 12.886858
2 2 49 8.915638 87 7.561663
3
0 2 40 4.689253 53 5.622570
1 2 43 8.786737 86 13.401185
2 2 99 13.033488 59 10.595585
3
0 2 40 17.329916 86 3.457955
1 2 61 4.455488 69 14.625761
2 2 46 7.853941 40 4.376202
3
0 2 40 14.840634 69 2.327737
1 2 81 10.581983 40 17.268913
2 2 57 17.507304 58 11.428832
3
0 2 40 9.295774 82 15.824279
1 2 45 10.029868 60 12.631697
2 2 93 6.553976 66 7.425682
3
0 2 50 4.946202 64 8.446105
1 2 61 13.149418 63 18.888933
2 2 81 14.512763 91 1.927962
3
0 2 50 7.568971 87 15.158516
1 2 69 2.328145 64 2.450489
2 2 67 16.168172 78 3.142391
3
0 2 50 16.455053 94 7.386625
1 2 60 12.173881 89 4.759083
2 2 91 9.021402 73 12.775020
3
0 2 50 7.693946 73 16.699460
1 2 90 2.803043 80 7.981398
2 2 83 13.612449 98 18.996491
3
0 2 50 15.562788 57 3.113640
1 2 58 1.611935 81 6.612247
2 2 75 4.790529 51 14.962689
3
0 2 50 3.765044 88 9.940955
1 2 54 3.300502 62 4.952803
2 2 87 18.211989 91 8.209400
3
0 2 50 7.245701 81 1.852412
1 2 65 4.263931 87 11.517172
2 2 67 4.250536 59 3.191993
3
0 2 50 8.641707 95 15.485095
1 2 87 19.489323 57 8.462611
2 2 88 6.689361 83 6.539439
3
0 2 50 19.343092 77 3.847747
1 2 76 19.231432 92 13.701684
2 2 67 16.381951 81 1.310558
3
0 2 50 12.670949 86 6.129377
1 2 78 9.615570 99 3.110984
2 2 69 8.902422 68 12.652283
3
0 2 60 2.314280 84 15.913488
1 2 67 10.539273 92 5.371904
2 2 65 1.350657 75 15.358081
3
0 2 60 6.247828 62 5.690949
1 2 99 4.368285 82 12.581310
2 2 71 10.701603 64 8.205367
3
0 2 60 11.218023 97 7.755070
1 2 76 7.897341 70 14.818201
2 2 88 6.366927 71 8.107899
3
0 2 60 15.793943 69 17.538523
1 2 80 1.172646 95 10.879566
2 2 88 10.665416 77 15.075593
3
0 2 60 15.507226 89 8.429259
1 2 72 6.550987 97 11.821389
2 2 97 8.145777 89 7.518137
3
0 2 60 6.855154 79 15.749068
1 2 81 18.511779 64 5.129043
2 2 71 19.198975 68 17.837617
3
0 2 60 1.559514 71 12.057905
1 2 68 11.087491 91 18.491743
2 2 60 4.918824 65 1.309977
3
0 2 60 15.061136 86 16.645175
1 2 75 14.018264 80 10.843584
2 2 65 3.947999 62 5.118659
3
0 2 60 9.144337 80 15.042663
1 2 72 9.147221 99 6.039188
2 2 78 10.535970 81 4.742524
3
0 2 60 6.328175 75 8.843216
1 2 90 14.496125 61 2.180172
2 2 61 15.273212 95 10.364619
3
0 2 70 1.092222 97 15.825994
1 2 89 19.795844 77 13.083553
2 2 87 13.672637 85 2.864513
3
0 2 70 8.682974 87 12.314121
1 2 99 3.869934 82 15.725677
2 2 84 6.521799 78 19.305528
3
0 2 70 7.773273 77 17.257489
1 2 76 1.006897 91 5.328594
2 2 85 17.984932 80 11.855533
3
0 2 70 8.015317 94 2.214670
1 2 95 3.410720 83 15.638695
2 2 87 15.508156 74 9.817612
3
0 2 70 19.543425 76 16.928900
1 2 80 3.289717 73 15.952345
2 2 96 1.602960 77 8.230716
3
0 2 70 3.127114 95 18.263484
1 2 87 6.285530 77 14.970682
2 2 98 10.365096 93 15.571307
3
0 2 70 11.814695 87 8.151817
1 2 84 12.285264 88 13.494763
2 2 87 8.812991 86 4.777219
3
0 2 70 8.564251 84 9.571654
1 2 82 3.753098 84 16.787244
2 2 88 16.602554 97 7.547526
3
0 2 70 3.866854 77 3.686871
1 2 94 13.304804 99 2.494799
2 2 85 13.750506 82 12.577343
3
0 2 70 7.015676 83 5.570209
1 2 90 3.384196 80 8.626841
2 2 99 7.030142 76 15.748722
3
0 2 80 14.623056 90 19.316045
1 2 80 1.574667 91 2.013017
2 2 94 1.669113 89 8.422246
3
0 2 80 14.747879 84 4.056647
1 2 94 13.791309 86 4.198082
2 2 92 3.146558 98 8.227460
3
0 2 80 7.613403 81 7.088258
1 2 82 2.466463 99 8.842549
2 2 92 17.087706 83 14.244660
3
0 2 80 7.497676 82 4.000928
1 2 80 16.708227 88 14.912037
2 2 88 17.103528 85 15.667717
3
0 2 80 4.624853 85 3.468962
1 2 86 6.884189 93 10.557630
2 2 94 11.082384 92 14.181848
3
0 2 80 1.683953 95 8.464305
1 2 84 3.341126 89 13.111800
2 2 98 14.684476 97 19.897217
3
0 2 80 14.510085 90 18.294303
1 2 86 13.072856 80 14.818223
2 2 83 14.970620 90 14.565883
3
0 2 80 15.666133 98 4.931795
1 2 98 15.966918 84 2.357206
2 2 99 12.684127 91 14.978439
3
0 2 80 8.739802 87 6.832110
1 2 80 1.777380 83 11.519587
2 2 85 16.863896 86 7.847061
3
0 2 80 9.302809 91 10.184549
1 2 96 11.770204 91 8.724470
2 2 88 13.446459 93 12.029998
3
0 2 90 11.560544 91 12.672427
1 2 94 19.177142 99 5.320688
2 2 96 19.966968 98 15.802367
3
0 2 90 2.258285 98 12.305547
1 2 98 10.199487 96 17.971268
2 2 90 9.657407 91 12.145736
3
0 2 90 3.391785 95 19.070417
1 2 97 16.283060 95 14.312950
2 2 94 5.282578 99 14.461045
3
0 2 90 15.964089 99 9.831975
1 2 95 9.549133 94 5.803979
2 2 93 2.080549 99 2.228424
3
0 2 90 4.583701 95 5.581379
1 2 95 3.445123 97 7.361558
2 2 99 1.001103 95 17.021157
3
0 2 90 12.079475 94 18.673237
1 2 92 19.339112 94 12.183604
2 2 91 18.650112 98 6.513305
3
0 2 90 8.828930 95 8.641048
1 2 99 19.371036 93 6.622697
2 2 93 17.672677 92 11.362104
3
0 2 90 8.967994 99 9.927085
1 2 98 9.883532 92 15.899171
2 2 91 6.497875 90 15.470891
3
0 2 90 4.689273 98 2.093195
1 2 92 15.304334 95 13.909205
2 2 93 8.307837 95 2.329456
3
0 2 90 4.031188 91 18.974920
1 2 94 8.101200 97 15.650726
2 2 93 15.353776 96 17.226928
3
0 1 99 16.320502
1 1 99 7.467244
2 1 99 17.235266
3
0 1 99 11.191827
1 1 99 16.090167
2 1 99 15.197543
3
0 1 99 19.215999
1 1 99 3.101195
2 1 99 18.741175
3
0 1 99 2.837392
1 1 99 2.225865
2 1 99 17.799026
3
0 1 99 7.877001
1 1 99 9.945246
2 1 99 12.722302
3
0 1 99 1.133842
1 1 99 7.909404
2 1 99 16.662105
3
0 1 99 3.910241
1 1 99 4.215934
2 1 99 5.603704
3
0 1 99 7.512191
1 1 99 4.052876
2 1 99 11.884965
3
0 1 99 3.864896
1 1 99 2.745642
2 1 99 1.368900
0
