20 19
3
0 2 5 4.181918 15 6.447992
1 2 16 16.138873 19 11.026240
2 2 14 10.627905 16 5.464113
3
0 2 5 2.710814 9 6.864792
1 2 14 10.930138 9 9.997510
2 2 16 18.416617 19 10.345553
3
0 2 5 12.311398 6 18.327361
1 2 13 17.263611 15 9.522523
2 2 14 14.172458 7 1.604190
3
0 2 5 5.915691 18 16.197930
1 2 9 12.358328 17 5.942975
2 2 14 13.523457 8 10.489968
3
0 2 5 19.397034 17 19.440067
1 2 16 13.390935 8 1.138278
2 2 14 16.115002 5 10.311038
3
0 2 10 4.749944 13 16.208598
1 2 12 16.212599 10 16.394618
2 2 17 16.674284 11 1.836760
3
0 2 10 19.072786 16 8.581086
1 2 16 11.999706 18 18.047982
2 2 12 9.141461 11 6.011973
3
0 2 10 9.734451 13 10.378684
1 2 11 13.870153 14 9.072574
2 2 14 19.781152 10 10.769163
3
0 2 10 17.560454 13 15.846951
1 2 15 7.140997 10 4.038161
2 2 19 13.237504 12 8.932630
3
0 2 10 5.350121 12 6.744825
1 2 13 1.731899 19 15.654827
2 2 16 4.224562 14 2.765845
3
0 2 15 19.221745 16 3.464804
1 2 15 10.503200 16 14.728395
2 2 17 14.890838 18 8.267397
3
0 2 15 10.094792 18 13.570024
1 2 18 13.924761 19 1.664183
2 2 16 17.793693 15 3.935211
3
0 2 15 19.717355 18 9.583544
1 2 16 2.718903 19 18.052060
2 2 16 9.337888 17 3.331998
3
0 2 15 12.408994 18 5.323373
1 2 17 5.475780 19 2.190075
2 2 15 17.300151 17 14.681651
3
0 2 15 3.336257 18 2.461599
1 2 19 3.027652 18 10.874035
2 2 15 18.369599 17 17.137552
3
0 2 19 9.350120 19 19.562439
1 2 19 4.361550 19 5.380743
2 2 19 19.809370 19 12.211417
3
0 2 19 11.641804 19 16.528440
1 2 19 9.047538 19 9.249750
2 2 19 18.533405 19 4.284108
3
0 2 19 4.712931 19 6.481047
1 2 19 17.623779 19 6.101203
2 2 19 8.309530 19 12.962391
3
0 2 19 10.856757 19 16.946455
1 2 19 14.074399 19 15.741942
2 2 19 14.593312 19 10.774268
0
