50 49
3
0 2 5 19.123743 36 8.432155
1 2 35 13.146254 5 6.247814
2 2 30 15.985218 49 1.478039
3
0 2 5 5.615808 17 10.194003
1 2 48 8.408738 9 17.101891
2 2 16 19.571965 13 1.566597
3
0 2 5 16.595859 31 1.609207
1 2 22 18.858131 27 17.924478
2 2 40 2.040749 6 5.832160
3
0 2 5 15.019129 44 1.047372
1 2 22 4.810005 47 10.504462
2 2 8 19.837198 11 15.194676
3
0 2 5 9.804691 8 7.547253
1 2 26 3.909332 23 8.949518
2 2 7 19.535090 35 5.073001
3
0 2 10 11.833540 31 17.931535
1 2 21 10.200453 19 11.300318
2 2 27 2.753958 34 9.714687
3
0 2 10 5.213132 23 16.703823
1 2 21 3.930561 20 3.948172
2 2 48 18.225458 29 6.300446
3
0 2 10 19.357994 16 10.912122
1 2 43 10.302065 19 14.977078
2 2 26 11.327675 43 19.039826
3
0 2 10 9.524284 43 10.543155
1 2 25 11.708291 36 2.756478
2 2 24 14.494621 49 9.784375
3
0 2 10 10.878597 27 19.982795
1 2 28 11.024916 27 5.230557
2 2 20 18.277400 46 4.368464
3
0 2 15 17.717148 47 10.510420
1 2 37 11.834225 41 5.390849
2 2 33 2.648823 44 8.158436
3
0 2 15 18.657326 38 10.040808
1 2 41 10.416339 21 11.253677
2 2 45 18.850019 25 7.367761
3
0 2 15 13.770796 17 8.104925
1 2 27 15.270558 36 14.935637
2 2 46 12.824864 40 9.425235
3
0 2 15 8.533270 30 12.201914
1 2 41 2.770192 24 11.747188
2 2 29 16.611999 48 1.633928
3
0 2 15 10.635776 43 6.549706
1 2 39 11.147779 24 7.667374
2 2 24 5.068285 44 9.113318
3
0 2 20 13.080516 49 17.512592
1 2 26 2.193512 22 16.043738
2 2 23 2.041931 45 2.228844
3
0 2 20 18.465732 39 4.049483
1 2 36 4.221627 26 6.732296
2 2 22 6.780982 40 5.224015
3
0 2 20 12.711772 39 2.712768
1 2 33 19.389260 34 19.867151
2 2 45 19.383734 34 17.979517
3
0 2 20 7.982132 44 4.885701
1 2 29 2.127651 39 8.072231
2 2 22 17.049038 33 6.804614
3
0 2 20 1.737220 47 1.789842
1 2 48 17.199193 46 19.199009
2 2 35 8.576185 37 17.662808
3
0 2 25 8.425847 31 3.856926
1 2 30 12.548197 31 1.881845
2 2 28 1.866528 30 14.289255
3
0 2 25 3.906211 37 7.758800
1 2 28 16.399089 30 5.316056
2 2 43 6.951919 33 15.228664
3
0 2 25 4.486323 31 19.539407
1 2 35 10.593517 47 8.938185
2 2 48 6.125975 30 15.041840
3
0 2 25 1.657670 29 11.195169
1 2 39 17.671307 25 14.407813
2 2 39 3.025072 48 15.548919
3
0 2 25 3.832343 29 5.000706
1 2 49 13.918270 30 7.302222
2 2 49 1.830501 46 12.786837
3
0 2 30 15.866671 33 18.398958
1 2 38 9.755735 41 16.441024
2 2 49 10.347179 42 3.001405
3
0 2 30 10.780952 47 18.305431
1 2 37 10.595829 48 15.459058
2 2 36 19.068877 37 8.614849
3
0 2 30 15.944451 45 5.797481
1 2 48 12.260005 33 4.950421
2 2 36 5.834359 32 5.280122
3
0 2 30 11.243353 49 15.044472
1 2 30 15.172604 44 3.410830
2 2 37 4.237264 33 5.949572
3
0 2 30 7.525667 41 3.018543
1 2 32 3.969753 42 13.761541
2 2 34 3.447620 36 1.547672
3
0 2 35 12.978363 46 1.247087
1 2 39 7.489192 41 4.661882
2 2 45 1.962381 37 11.653884
3
0 2 35 3.482088 44 1.115570
1 2 44 5.042962 48 8.395686
2 2 44 18.750647 47 11.603899
3
0 2 35 13.376261 45 13.148352
1 2 49 11.301535 39 15.801384
2 2 49 5.173408 41 5.327149
3
0 2 35 15.419751 42 14.512128
1 2 45 16.979338 42 9.171789
2 2 48 3.648113 45 16.971314
3
0 2 35 2.186291 45 2.290800
1 2 41 19.704365 35 6.403259
2 2 36 2.427164 43 9.317029
3
0 2 40 1.354266 42 18.117861
1 2 40 8.395619 42 5.455128
2 2 48 10.355122 43 2.900114
3
0 2 40 15.677589 46 7.832521
1 2 48 8.853335 49 4.304594
2 2 49 7.170497 43 6.083832
3
0 2 40 15.911909 46 11.534892
1 2 40 3.994105 44 14.698722
2 2 40 13.900594 41 15.014859
3
0 2 40 10.431077 45 6.890224
1 2 49 11.811002 48 6.303204
2 2 48 14.949685 47 5.154076
3
0 2 40 7.213255 48 13.005042
1 2 48 9.279960 49 7.265673
2 2 48 13.110427 46 2.957564
3
0 2 45 1.543920 49 17.858773
1 2 47 4.498646 46 11.378601
2 2 46 17.622413 48 5.169938
3
0 2 45 11.006232 46 19.803873
1 2 46 6.877617 48 15.084525
2 2 49 19.795816 47 12.599004
3
0 2 45 9.359009 49 7.272557
1 2 49 16.565280 45 8.495936
2 2 45 18.577845 49 2.456048
3
0 2 45 15.977789 48 14.651282
1 2 48 12.971704 46 12.624383
2 2 48 12.937604 47 15.471755
3
0 2 45 6.534272 49 9.863590
1 2 47 4.622661 45 9.163377
2 2 47 11.096438 46 11.645492
3
0 1 49 12.855416
1 1 49 15.843929
2 1 49 3.909468
3
0 1 49 6.169998
1 1 49 7.021812
2 1 49 14.220224
3
0 1 49 7.191400
1 1 49 14.571735
2 1 49 4.061552
3
0 1 49 4.848760
1 1 49 18.648125
2 1 49 16.085270
0
