100 99
3
0 2 10 6.003539 26 5.666777
1 2 51 1.449139 26 14.477813
2 2 68 18.426721 91 4.955344
3
0 2 10 2.370221 33 4.246671
1 2 13 5.841859 79 17.818497
2 2 68 6.038460 24 7.582979
3
0 2 10 3.076005 15 7.849220
1 2 75 16.447078 19 4.733760
2 2 42 13.416307 86 18.026209
3
0 2 10 9.013631 95 1.973654
1 2 96 15.205939 68 1.553493
2 2 59 11.737163 51 10.193368
3
0 2 10 9.146128 85 3.632117
1 2 64 10.271387 98 19.946175
2 2 50 17.450046 42 5.288245
3
0 2 10 19.909583 11 18.504711
1 2 92 16.492971 74 10.043143
2 2 71 8.044314 91 3.337932
3
0 2 10 11.680129 34 11.041816
1 2 60 9.126347 47 19.738038
2 2 74 16.512104 30 10.906288
3
0 2 10 18.194784 61 8.231301
1 2 16 12.643064 54 6.220504
2 2 60 18.469259 33 7.997285
3
0 2 10 1.222459 44 8.238765
1 2 99 18.298637 58 18.216931
2 2 90 7.197018 58 14.735429
3
0 2 10 2.695187 75 8.236753
1 2 56 19.814897 71 15.927725
2 2 76 19.051659 23 9.730890
3
0 2 20 6.584356 23 2.720673
1 2 49 17.460437 95 7.031711
2 2 98 4.065195 65 14.787078
3
0 2 20 18.858631 80 17.304712
1 2 53 2.250864 84 4.358006
2 2 75 16.587280 76 9.725549
3
0 2 20 10.512454 50 4.783030
1 2 51 8.546159 48 17.675085
2 2 82 3.837375 72 9.031975
3
0 2 20 3.727199 60 16.587819
1 2 65 13.356134 30 15.703429
2 2 86 4.841100 72 5.531728
3
0 2 20 1.095137 61 8.353164
1 2 64 12.376497 61 16.929951
2 2 82 11.564322 22 18.088452
3
0 2 20 1.530991 37 19.641970
1 2 23 2.012063 76 16.523378
2 2 56 10.727002 79 19.506349
3
0 2 20 11.641515 61 6.785998
1 2 48 11.640330 90 13.641008
2 2 20 18.984986 40 1.317211
3
0 2 20 15.553171 73 15.038451
1 2 28 15.922324 76 9.455832
2 2 36 8.927148 48 16.306915
3
0 2 20 15.401779 40 19.121428
1 2 79 1.820433 70 17.819233
2 2 41 18.382615 90 11.949395
3
0 2 20 6.416979 23 12.114999
1 2 76 6.722168 44 16.150037
2 2 58 10.391290 61 8.823294
3
0 2 30 11.141838 86 12.348281
1 2 65 9.134816 32 19.555287
2 2 32 2.335142 40 16.714705
3
0 2 30 2.680862 75 16.044558
1 2 43 17.664349 59 12.411147
2 2 39 4.879749 96 13.134435
3
0 2 30 11.548512 44 17.693958
1 2 82 11.853354 91 19.843984
2 2 43 18.984460 96 18.489226
3
0 2 30 3.208596 74 1.779771
1 2 39 19.009142 85 3.559971
2 2 89 11.725408 97 8.957144
3
0 2 30 14.061933 41 8.226755
1 2 72 19.254079 87 8.971264
2 2 53 9.753069 70 4.626949
3
0 2 30 5.453090 54 11.134638
1 2 69 7.568948 40 17.312215
2 2 68 7.582148 43 18.155125
3
0 2 30 9.846439 71 5.871352
1 2 73 10.634897 54 9.373928
2 2 41 1.721427 67 7.818372
3
0 2 30 2.877502 78 17.543920
1 2 96 4.836503 35 2.240406
2 2 56 10.847976 86 16.780817
3
0 2 30 15.847864 36 3.512277
1 2 55 19.650443 47 1.148561
2 2 32 19.353903 75 10.660593
3
0 2 30 2.961674 99 3.037335
1 2 89 13.940314 59 8.737597
2 2 44 13.873535 36 11.015913
3
0 2 40 1.451471 96 16.113372
1 2 78 12.512889 82 16.515110
2 2 87 15.036867 92 6.958893
3
0 2 40 1.656226 67 1.062436
1 2 51 14.963854 47 16.445186
2 2 67 19.002195 69 13.411198
3
0 2 40 12.149691 53 14.791911
1 2 73 9.725581 85 9.498429
2 2 97 3.770169 72 6.476628
3
0 2 40 1.325542 47 17.206101
1 2 48 7.395511 45 15.090979
2 2 49 2.921669 93 7.707895
3
0 2 40 6.271615 94 1.320100
1 2 69 14.973631 82 18.906229
2 2 51 4.814396 56 19.461627
3
0 2 40 13.135233 75 15.583322
1 2 76 6.590847 91 18.411014
2 2 90 12.252160 73 11.409376
3
0 2 40 15.404878 76 4.944065
1 2 41 6.379864 82 15.399073
2 2 42 8.572466 54 16.602225
3
0 2 40 5.806677 86 3.004461
1 2 55 16.625521 76 4.250438
2 2 52 15.383612 98 18.134167
3
0 2 40 13.716658 47 14.286819
1 2 63 5.829796 78 15.819978
2 2 73 14.345464 86 16.969700
3
0 2 40 3.937456 56 16.163958
1 2 75 7.625242 50 1.100358
2 2 49 6.929578 96 6.799358
3
0 2 50 17.184932 89 13.840356
1 2 70 19.971783 64 9.345604
2 2 74 14.743063 77 15.777737
3
0 2 50 4.874200 68 15.425186
1 2 72 2.554291 67 15.767906
2 2 58 6.445862 94 6.974081
3
0 2 50 9.999197 52 19.976615
1 2 57 2.997470 68 1.120499
2 2 70 1.975885 72 10.354861
3
0 2 50 10.550739 84 12.262047
1 2 55 7.262935 54 18.029264
2 2 93 18.804262 52 9.903616
3
0 2 50 3.494084 57 18.777313
1 2 69 17.362842 87 3.878435
2 2 66 14.036278 52 18.021667
3
0 2 50 15.268543 87 7.829830
1 2 69 7.196267 62 11.819392
2 2 68 13.291748 86 18.163151
3
0 2 50 9.059548 82 14.543046
1 2 52 2.462352 58 10.232889
2 2 58 10.717830 77 13.569129
3
0 2 50 18.076396 91 4.818191
1 2 93 1.565409 52 16.867145
2 2 79 14.798498 58 18.263545
3
0 2 50 3.181752 70 6.566093
1 2 82 10.299529 54 4.612498
2 2 89 9.185895 60 1.737016
3
0 2 50 17.355932 97 4.511175
1 2 56 7.210911 79 8.101193
2 2 59 8.852115 64 16.022428
3
0 2 60 1.770650 76 6.370044
1 2 86 5.928493 87 10.421269
2 2 66 1.714034 99 10.789991
3
0 2 60 15.445283 78 2.885336
1 2 73 8.562083 97 12.714926
2 2 61 16.878065 89 6.186222
3
0 2 60 19.959502 79 14.248641
1 2 79 18.811215 77 11.145101
2 2 92 11.955065 70 4.560541
3
0 2 60 5.538368 95 14.033931
1 2 69 19.366427 94 14.197313
2 2 99 14.775957 61 1.899569
3
0 2 60 11.230096 62 1.474147
1 2 87 5.206820 89 13.465917
2 2 92 19.178321 86 17.576160
3
0 2 60 18.877921 61 19.233775
1 2 90 17.884904 71 4.303552
2 2 78 19.984366 87 14.602560
3
0 2 60 4.569704 79 14.810677
1 2 85 2.846072 90 16.614796
2 2 81 14.715323 90 6.120580
3
0 2 60 19.745304 84 7.704573
1 2 84 12.971378 77 1.948373
2 2 93 3.982043 62 15.932733
3
0 2 60 17.750808 81 14.383112
1 2 61 8.420228 60 2.209097
2 2 87 4.196497 72 2.367267
3
0 2 60 7.260188 77 8.009154
1 2 96 11.296955 71 5.187027
2 2 78 6.782050 89 8.493313
3
0 2 70 6.125970 73 6.499113
1 2 99 18.036370 95 15.854971
2 2 99 7.375853 91 7.426106
3
0 2 70 3.468313 75 12.679147
1 2 72 8.889880 93 17.611675
2 2 76 5.114066 81 5.381803
3
0 2 70 6.910403 94 18.230412
1 2 75 3.839586 93 8.548626
2 2 97 14.752378 82 1.877689
3
0 2 70 9.465841 83 2.881175
1 2 93 10.884730 99 11.468427
2 2 76 13.047293 93 3.430209
3
0 2 70 10.522880 75 3.779359
1 2 90 16.127635 89 4.765560
2 2 98 5.199892 81 11.322930
3
0 2 70 11.736211 96 11.332462
1 2 98 12.254405 75 18.453054
2 2 71 1.031778 97 3.794701
3
0 2 70 3.840130 79 12.745010
1 2 79 12.536158 87 10.390274
2 2 73 15.244794 95 15.733452
3
0 2 70 19.985315 88 12.474074
1 2 96 2.291174 76 11.388816
2 2 78 2.210241 73 16.635039
3
0 2 70 2.390476 91 14.379658
1 2 77 17.037742 83 9.627253
2 2 99 12.813758 90 7.438040
3
0 2 70 19.461787 77 14.701530
1 2 91 19.615991 82 11.787419
2 2 76 3.551411 93 8.941000
3
0 2 80 19.015595 82 3.408413
1 2 93 13.622847 88 16.008967
2 2 83 6.381640 96 9.815262
3
0 2 80 12.266676 97 11.877922
1 2 97 9.435807 95 1.466879
2 2 92 9.518178 96 2.172491
3
0 2 80 3.350879 94 6.365759
1 2 96 1.686896 92 16.314731
2 2 99 4.528713 97 16.903296
3
0 2 80 4.711450 98 11.255809
1 2 83 19.593141 89 19.954057
2 2 81 12.136405 87 3.734509
3
0 2 80 10.467579 94 7.689427
1 2 93 16.516937 85 12.096029
2 2 81 3.881968 85 17.932397
3
0 2 80 12.942378 82 19.936111
1 2 87 13.871364 89 19.918429
2 2 93 6.936639 98 14.891997
3
0 2 80 9.749006 84 10.278857
1 2 92 11.937729 81 11.364258
2 2 99 19.278302 97 8.590479
3
0 2 80 19.665769 95 9.752258
1 2 98 9.706767 99 11.304712
2 2 81 19.857611 90 9.157707
3
0 2 80 15.981431 92 15.172582
1 2 88 11.944123 96 12.238393
2 2 90 2.568326 87 10.876651
3
0 2 80 19.383686 81 5.454483
1 2 97 4.194055 98 1.615863
2 2 91 16.966214 85 17.372945
3
0 2 90 6.177427 95 15.651853
1 2 99 12.363478 93 9.137826
2 2 96 8.932219 99 19.887667
3
0 2 90 6.043883 98 14.920754
1 2 95 1.186010 98 19.186131
2 2 92 7.270573 94 4.361481
3
0 2 90 6.183219 95 11.891209
1 2 99 8.396002 97 9.983372
2 2 96 5.184835 97 16.231198
3
0 2 90 17.790418 95 18.963181
1 2 90 5.210202 91 19.849022
2 2 91 9.314731 94 5.155413
3
0 2 90 13.632893 95 19.840523
1 2 90 6.070609 99 7.021271
2 2 92 15.615716 99 2.805233
3
0 2 90 8.349504 91 5.092920
1 2 96 15.642152 98 12.999543
2 2 92 9.343608 90 12.874526
3
0 2 90 17.713082 92 2.054490
1 2 96 10.961961 95 8.767238
2 2 94 8.602237 90 9.292526
3
0 2 90 6.257646 96 3.183701
1 2 94 8.768374 96 9.983908
2 2 97 4.248684 94 19.131577
3
0 2 90 1.532441 97 8.057896
1 2 97 6.334108 93 19.488023
2 2 94 15.664973 99 16.796700
3
0 2 90 2.391068 96 10.892793
1 2 96 6.072377 92 13.024746
2 2 93 5.096397 98 3.863018
3
0 1 99 16.993407
1 1 99 18.207010
2 1 99 16.412645
3
0 1 99 17.368406
1 1 99 8.508572
2 1 99 11.268615
3
0 1 99 12.721623
1 1 99 16.585880
2 1 99 19.992920
3
0 1 99 15.388994
1 1 99 16.088633
2 1 99 12.330585
3
0 1 99 1.455996
1 1 99 18.696758
2 1 99 14.135666
3
0 1 99 19.582091
1 1 99 6.374110
2 1 99 10.025268
3
0 1 99 7.231406
1 1 99 16.641266
2 1 99 8.842496
3
0 1 99 4.933322
1 1 99 18.584149
2 1 99 13.223106
3
0 1 99 11.865945
1 1 99 6.667803
2 1 99 18.853211
0
