200 199
3
0 2 20 14.457014 177 19.064246
1 2 86 3.874835 162 16.483482
2 2 55 1.857472 69 9.446361
3
0 2 20 5.655919 25 8.401129
1 2 188 4.025880 120 8.570968
2 2 47 6.711943 32 2.137724
3
0 2 20 7.641855 121 7.992755
1 2 101 3.514891 61 9.103839
2 2 49 16.501176 106 17.735288
3
0 2 20 14.114798 131 1.122918
1 2 48 11.901408 141 15.139669
2 2 167 14.040098 145 18.278877
3
0 2 20 5.150308 191 17.988616
1 2 81 14.532000 115 7.672453
2 2 73 2.535908 69 9.672538
3
0 2 20 11.034351 122 16.324674
1 2 38 10.422024 44 2.402356
2 2 192 2.604004 29 16.240295
3
0 2 20 10.675777 160 17.247816
1 2 173 8.967383 102 12.295986
2 2 84 13.335082 175 10.026388
3
0 2 20 4.416843 193 9.169203
1 2 132 15.181501 140 5.944247
2 2 115 7.897888 186 5.476258
3
0 2 20 11.909440 92 18.815907
1 2 141 9.082393 24 3.604472
2 2 99 17.287451 146 8.504203
3
0 2 20 7.259249 25 12.590367
1 2 48 1.903118 177 17.141912
2 2 105 16.187002 69 2.424053
3
0 2 20 12.413297 96 15.044059
1 2 60 7.161723 196 16.338582
2 2 165 10.217997 23 16.660387
3
0 2 20 16.815202 169 1.090496
1 2 163 8.401059 119 6.395876
2 2 80 12.704563 81 15.848227
3
0 2 20 12.881620 136 17.560028
1 2 95 10.284700 140 18.856642
2 2 43 2.480922 115 13.626385
3
0 2 20 9.480851 48 12.463183
1 2 105 2.044940 23 2.461771
2 2 99 3.621508 143 1.154652
3
0 2 20 5.928476 156 12.530966
1 2 112 16.390734 136 5.418402
2 2 127 19.795482 177 9.009880
3
0 2 20 10.808188 135 9.759916
1 2 60 19.253733 58 3.653565
2 2 65 3.626885 125 10.760669
3
0 2 20 14.955451 174 17.668420
1 2 143 13.634679 155 9.804157
2 2 115 1.492023 106 14.738387
3
0 2 20 9.133556 145 17.564147
1 2 36 19.802022 76 3.218930
2 2 142 6.537357 173 2.592912
3
0 2 20 1.860637 109 12.700446
1 2 73 10.915299 45 3.082157
2 2 48 12.944373 62 9.203434
3
0 2 20 8.972316 46 4.865160
1 2 164 4.214993 144 5.451994
2 2 195 9.334538 196 19.362644
3
0 2 40 10.044172 60 4.002615
1 2 120 6.977853 144 7.645223
2 2 90 5.943502 155 4.323847
3
0 2 40 11.711140 109 4.391932
1 2 89 13.606404 54 4.325172
2 2 132 14.247944 151 19.576983
3
0 2 40 7.546733 107 17.530916
1 2 165 12.723819 147 14.625923
2 2 160 10.209214 106 12.946972
3
0 2 40 6.194960 49 1.911881
1 2 109 5.460184 177 1.252301
2 2 105 4.773300 120 15.480913
3
0 2 40 4.063000 159 8.447642
1 2 67 9.381447 156 3.999802
2 2 90 13.621270 88 1.736360
3
0 2 40 19.983813 65 7.642308
1 2 199 13.319712 78 7.779790
2 2 79 10.566757 165 4.135402
3
0 2 40 13.163813 57 7.920289
1 2 43 3.198935 82 12.092372
2 2 192 11.098437 98 18.991155
3
0 2 40 2.305410 111 7.481968
1 2 107 1.907812 56 1.503902
2 2 141 6.554056 131 10.894186
3
0 2 40 13.231042 59 19.878832
1 2 59 5.152468 91 3.306087
2 2 64 9.724100 57 7.350931
3
0 2 40 8.744359 104 6.982469
1 2 80 4.319656 67 8.534276
2 2 115 8.993893 167 5.093139
3
0 2 40 1.867431 138 16.551006
1 2 53 17.853153 82 7.150187
2 2 149 16.246818 54 16.287317
3
0 2 40 12.686371 164 16.620984
1 2 66 11.100160 141 1.423863
2 2 172 11.456791 47 7.609980
3
0 2 40 15.215943 88 9.940880
1 2 132 18.097251 179 13.081481
2 2 141 16.984527 132 18.059045
3
0 2 40 11.541670 67 18.605252
1 2 111 16.298531 118 3.966484
2 2 147 15.335476 114 16.432038
3
0 2 40 13.298393 58 1.729823
1 2 72 10.081188 153 12.650608
2 2 44 5.087939 40 18.892006
3
0 2 40 5.445082 76 12.698597
1 2 74 4.398449 101 10.714685
2 2 47 16.660594 57 11.905302
3
0 2 40 13.108656 194 6.610271
1 2 129 17.993704 56 13.287499
2 2 118 6.535611 178 16.801093
3
0 2 40 11.692478 105 5.069781
1 2 108 9.353049 150 14.251171
2 2 82 15.577526 124 4.337800
3
0 2 40 17.580771 124 1.994565
1 2 141 1.986522 55 15.755824
2 2 144 2.544172 162 16.674597
3
0 2 40 2.836955 76 14.146531
1 2 132 9.301415 73 7.967796
2 2 146 9.429126 159 2.659023
3
0 2 60 11.490825 134 14.567171
1 2 77 6.325342 198 8.613399
2 2 199 5.660781 165 5.805381
3
0 2 60 6.642066 71 12.553686
1 2 74 12.048229 127 3.922432
2 2 116 9.406441 79 19.434383
3
0 2 60 12.971431 130 18.709281
1 2 155 14.492263 166 1.932233
2 2 188 17.609662 91 7.246112
3
0 2 60 18.775541 182 13.372604
1 2 168 11.241030 67 10.355921
2 2 99 19.485885 65 2.094275
3
0 2 60 12.207078 161 17.546402
1 2 122 18.773114 60 14.327972
2 2 179 10.038945 159 12.505706
3
0 2 60 17.889475 191 2.776858
1 2 163 3.756467 96 10.358405
2 2 150 19.100833 157 7.730187
3
0 2 60 10.010458 114 1.441073
1 2 138 2.842950 93 5.697363
2 2 158 14.931851 155 2.896480
3
0 2 60 8.495761 93 12.483964
1 2 142 15.448872 178 16.513198
2 2 149 8.091919 189 1.508091
3
0 2 60 15.314671 92 11.975812
1 2 101 13.426640 174 17.872922
2 2 168 6.652513 164 10.474438
3
0 2 60 19.166534 170 7.954143
1 2 198 8.696311 192 13.832119
2 2 118 1.152629 130 2.329038
3
0 2 60 14.370138 121 15.570307
1 2 177 3.326316 141 19.318257
2 2 142 5.998925 117 15.755342
3
0 2 60 2.872200 157 6.019242
1 2 150 17.269000 129 17.097677
2 2 133 5.183159 134 6.038706
3
0 2 60 19.491402 133 11.122758
1 2 194 14.029699 145 15.011396
2 2 71 15.671347 174 16.949677
3
0 2 60 11.828375 131 5.803901
1 2 191 16.334598 66 8.484176
2 2 78 6.741685 193 16.211939
3
0 2 60 10.289224 121 10.945874
1 2 139 12.739055 100 11.615111
2 2 183 9.513983 195 9.492836
3
0 2 60 7.701934 196 17.599111
1 2 81 12.207765 89 12.912849
2 2 184 10.189868 187 5.496834
3
0 2 60 3.425871 173 11.417212
1 2 162 9.589254 80 18.261316
2 2 196 14.113126 80 5.541185
3
0 2 60 12.298621 119 17.915443
1 2 132 17.695250 161 18.788602
2 2 126 18.807708 88 9.104815
3
0 2 60 4.348628 100 7.233706
1 2 123 11.272259 77 19.793146
2 2 178 14.785877 147 8.291022
3
0 2 60 1.851503 127 3.620099
1 2 133 18.853196 87 11.084552
2 2 152 15.113017 132 14.515626
3
0 2 80 7.401036 186 6.695041
1 2 132 16.777799 187 16.922936
2 2 109 19.325862 86 10.444366
3
0 2 80 2.924557 84 16.987825
1 2 105 11.842488 182 2.244109
2 2 130 7.003731 181 13.410643
3
0 2 80 15.899657 178 18.519099
1 2 143 10.608762 96 1.235884
2 2 170 12.771784 190 6.825040
3
0 2 80 1.591390 133 8.164330
1 2 125 8.683036 157 8.423442
2 2 150 2.879691 118 15.800010
3
0 2 80 14.805098 103 7.558772
1 2 148 6.164875 112 1.334674
2 2 181 14.779285 129 7.370742
3
0 2 80 19.792930 165 4.103826
1 2 84 14.123889 140 12.343022
2 2 192 3.093205 163 9.332424
3
0 2 80 10.518002 133 11.131362
1 2 123 13.056769 133 3.808932
2 2 184 5.313379 99 17.388791
3
0 2 80 14.722179 123 4.660642
1 2 148 14.626129 120 6.429027
2 2 94 13.421161 191 7.865332
3
0 2 80 18.907840 158 16.381881
1 2 90 7.412593 89 17.141697
2 2 141 9.968643 193 5.418418
3
0 2 80 3.822932 151 5.013408
1 2 163 6.337476 84 13.564398
2 2 90 10.306496 109 6.888254
3
0 2 80 1.043526 110 6.295526
1 2 146 12.742053 106 3.848591
2 2 104 16.292544 107 9.706811
3
0 2 80 9.062884 182 13.590382
1 2 153 5.326136 121 14.241896
2 2 114 11.617781 130 8.510808
3
0 2 80 19.500956 117 10.719429
1 2 91 15.723193 162 5.589256
2 2 116 14.279040 171 17.040153
3
0 2 80 10.143959 140 6.487038
1 2 148 15.303253 172 5.498922
2 2 105 3.560429 122 6.892149
3
0 2 80 8.292664 161 18.522686
1 2 199 16.401386 116 12.457113
2 2 182 19.425761 173 5.643886
3
0 2 80 1.884211 145 15.887774
1 2 141 4.880912 99 14.706203
2 2 131 5.407907 124 2.553846
3
0 2 80 16.330177 94 7.125803
1 2 133 13.841647 97 3.988500
2 2 136 17.991987 147 7.140839
3
0 2 80 15.109990 117 7.213544
1 2 160 6.976392 117 9.446438
2 2 162 18.086086 163 8.044831
3
0 2 80 15.453316 125 8.692326
1 2 105 1.267665 195 8.151302
2 2 122 15.471760 80 19.405022
3
0 2 80 5.630206 102 11.542310
1 2 143 9.107129 139 10.227285
2 2 83 1.301472 120 14.511433
3
0 2 100 19.939704 198 13.122181
1 2 122 9.135012 158 5.254305
2 2 175 12.020421 123 10.935004
3
0 2 100 12.274837 101 1.603717
1 2 101 15.200192 143 7.329082
2 2 171 1.809936 174 1.660315
3
0 2 100 9.278518 175 7.874559
1 2 153 6.419940 154 16.412245
2 2 133 16.199690 135 18.658309
3
0 2 100 4.776477 158 17.202490
1 2 192 3.756410 179 12.618667
2 2 107 16.243624 159 19.777190
3
0 2 100 9.568682 198 4.635168
1 2 157 17.957924 193 16.359804
2 2 180 7.324234 147 2.327167
3
0 2 100 16.430490 133 11.571687
1 2 124 4.426642 160 17.181433
2 2 119 6.043210 134 3.962655
3
0 2 100 1.315394 132 5.909504
1 2 113 17.919054 167 9.885351
2 2 117 4.621236 184 1.851094
3
0 2 100 4.235349 109 10.547408
1 2 128 2.827068 119 19.260664
2 2 101 10.512035 133 5.285832
3
0 2 100 18.220857 131 11.184460
1 2 172 6.971018 156 1.520897
2 2 156 8.163181 130 4.472494
3
0 2 100 6.974672 163 3.858299
1 2 108 10.492502 107 1.920546
2 2 168 8.829726 102 6.297173
3
0 2 100 9.734474 168 12.781797
1 2 155 10.010126 162 6.918056
2 2 108 17.927415 149 7.306269
3
0 2 100 9.069738 174 7.290470
1 2 118 3.483280 123 11.138896
2 2 109 9.303313 133 10.376158
3
0 2 100 4.101836 143 19.405740
1 2 123 6.016558 128 3.568900
2 2 187 14.848813 173 14.977912
3
0 2 100 3.043008 122 11.443963
1 2 136 17.879814 196 12.062739
2 2 115 9.812891 113 10.199231
3
0 2 100 10.653698 166 6.077476
1 2 135 18.239110 195 19.464557
2 2 151 18.067267 101 15.408982
3
0 2 100 16.176027 113 2.604510
1 2 100 8.368733 163 13.427123
2 2 178 10.728528 136 9.543758
3
0 2 100 3.219780 135 17.174912
1 2 102 11.281646 164 5.470059
2 2 197 8.232469 192 13.652245
3
0 2 100 4.884935 151 3.492843
1 2 116 13.009526 166 6.374214
2 2 182 15.042370 107 5.524770
3
0 2 100 3.519771 152 4.800658
1 2 163 14.572817 172 1.880136
2 2 161 1.840441 168 12.081861
3
0 2 100 3.538098 156 3.519431
1 2 197 12.450840 192 16.015733
2 2 157 16.634217 116 6.900464
3
0 2 120 3.917671 173 8.076183
1 2 136 14.469064 156 5.731059
2 2 158 18.573844 163 7.299189
3
0 2 120 16.001208 197 6.492235
1 2 137 12.147605 132 17.887035
2 2 196 10.797982 137 1.813561
3
0 2 120 17.430000 155 19.035005
1 2 126 11.423574 132 15.918029
2 2 142 6.865783 197 18.514050
3
0 2 120 4.053101 171 2.000329
1 2 193 9.853806 131 11.321223
2 2 124 1.275441 121 11.969042
3
0 2 120 9.632114 127 6.323451
1 2 192 4.346968 188 15.918467
2 2 161 18.011456 164 17.569710
3
0 2 120 9.443621 183 6.631837
1 2 159 3.884467 199 18.059369
2 2 120 4.119928 132 9.085503
3
0 2 120 4.847413 136 14.969178
1 2 135 18.734069 173 14.296211
2 2 182 15.309809 128 3.973359
3
0 2 120 6.682125 142 7.296277
1 2 179 9.228012 188 7.063638
2 2 141 11.379892 168 2.962928
3
0 2 120 4.541036 121 14.392088
1 2 155 9.150989 145 2.366473
2 2 125 1.653364 145 13.658052
3
0 2 120 7.515008 162 7.881152
1 2 156 16.009728 190 1.389181
2 2 175 6.744200 134 6.186016
3
0 2 120 12.236159 126 6.196216
1 2 194 13.083196 164 15.529017
2 2 134 12.825681 185 10.837115
3
0 2 120 5.258955 122 13.918533
1 2 141 18.979008 178 7.203004
2 2 183 15.747760 138 2.394555
3
0 2 120 9.301070 190 7.643362
1 2 130 14.552391 173 7.882283
2 2 139 19.630426 157 3.811477
3
0 2 120 19.727068 188 7.976288
1 2 160 16.972090 195 17.378492
2 2 152 6.208531 182 5.732570
3
0 2 120 13.028823 171 11.950503
1 2 180 18.619243 168 17.723778
2 2 148 15.338609 130 13.646620
3
0 2 120 3.918624 150 12.420210
1 2 169 12.738035 128 10.825184
2 2 162 12.613211 184 10.459821
3
0 2 120 8.874333 142 5.503755
1 2 180 8.466117 170 3.329981
2 2 173 14.571994 169 14.339750
3
0 2 120 10.007217 135 12.262157
1 2 157 17.177035 199 14.540613
2 2 133 18.073950 180 19.758066
3
0 2 120 10.213468 135 1.579156
1 2 126 11.957925 127 19.765450
2 2 188 4.411652 136 5.678777
3
0 2 120 3.674689 152 2.938121
1 2 149 5.509566 133 5.153507
2 2 162 16.381951 149 4.793090
3
0 2 140 8.615585 197 1.285268
1 2 178 13.700577 144 8.376832
2 2 190 5.349726 167 14.166329
3
0 2 140 19.235953 186 18.836221
1 2 170 8.138226 187 5.088922
2 2 155 15.661885 165 17.031127
3
0 2 140 3.143624 186 6.747263
1 2 184 5.205714 156 10.060027
2 2 151 3.582161 173 7.302619
3
0 2 140 2.882816 195 16.010010
1 2 184 17.043613 179 7.259935
2 2 161 14.952151 186 16.325685
3
0 2 140 4.932818 188 18.305980
1 2 160 17.008784 150 6.541403
2 2 160 8.714825 169 15.642810
3
0 2 140 2.308912 184 2.794308
1 2 158 15.051818 161 4.723659
2 2 174 3.943051 152 5.213756
3
0 2 140 14.280868 159 13.278538
1 2 153 19.956717 170 15.936785
2 2 144 15.670748 193 8.485394
3
0 2 140 9.361030 166 11.039354
1 2 142 9.106866 188 12.547700
2 2 188 1.956789 154 6.841286
3
0 2 140 13.631749 156 15.897739
1 2 193 15.034579 189 10.646252
2 2 160 18.412912 171 3.394442
3
0 2 140 2.711049 179 12.142852
1 2 176 16.109519 167 14.866677
2 2 172 1.796966 169 10.971252
3
0 2 140 8.757712 193 6.571126
1 2 154 19.338875 189 3.087963
2 2 153 13.674365 196 15.548395
3
0 2 140 10.178839 164 9.919582
1 2 149 8.747534 166 10.508102
2 2 177 19.447418 180 15.890768
3
0 2 140 2.995933 145 8.862545
1 2 174 7.110799 161 10.613007
2 2 196 12.059895 180 12.470234
3
0 2 140 12.724952 147 3.063267
1 2 167 12.276054 144 7.644626
2 2 149 5.622743 162 4.178835
3
0 2 140 14.318335 185 6.264809
1 2 188 1.048047 149 1.197528
2 2 157 13.377558 143 17.830514
3
0 2 140 1.635764 144 7.233233
1 2 186 5.705080 191 14.344214
2 2 173 9.958097 167 4.190736
3
0 2 140 14.705699 168 4.981013
1 2 152 7.776612 146 9.704302
2 2 183 15.313498 182 17.166877
3
0 2 140 2.998818 170 6.100206
1 2 153 8.947247 196 15.635237
2 2 170 2.161532 162 5.331202
3
0 2 140 9.635261 149 14.551757
1 2 178 18.489292 153 6.917278
2 2 157 9.064078 198 7.270605
3
0 2 140 14.152648 174 2.048110
1 2 178 15.744873 169 16.160107
2 2 143 17.604542 149 17.832010
3
0 2 160 14.933834 183 14.790005
1 2 174 15.720659 178 8.010939
2 2 181 11.416498 168 9.055277
3
0 2 160 8.543466 191 15.461128
1 2 183 14.503093 177 12.075156
2 2 181 3.616609 186 2.145062
3
0 2 160 6.245765 175 15.268795
1 2 176 2.119110 186 17.217220
2 2 181 10.847532 160 2.162543
3
0 2 160 14.185020 176 18.398919
1 2 160 19.211691 173 13.044449
2 2 169 8.360269 171 13.707188
3
0 2 160 18.060958 161 19.609504
1 2 197 10.246621 178 14.338616
2 2 182 14.838351 160 12.187342
3
0 2 160 10.585334 169 12.530712
1 2 166 2.128242 169 11.937414
2 2 170 3.133886 176 1.385227
3
0 2 160 5.064650 178 10.067322
1 2 199 7.354861 193 6.473156
2 2 194 12.642196 176 2.613838
3
0 2 160 4.227435 194 10.835006
1 2 164 2.715552 168 16.365497
2 2 188 11.865870 184 8.722957
3
0 2 160 15.505466 162 5.557799
1 2 195 12.047123 182 11.065277
2 2 190 9.265688 172 2.079426
3
0 2 160 11.776035 179 2.722919
1 2 170 17.468328 163 3.278264
2 2 177 5.384782 187 6.544332
3
0 2 160 6.475150 191 19.695150
1 2 186 18.651969 180 5.162752
2 2 190 1.634691 165 6.986318
3
0 2 160 9.553633 177 13.029978
1 2 162 4.706278 160 14.989901
2 2 170 6.029827 183 18.477632
3
0 2 160 15.066316 187 2.406908
1 2 170 2.759783 195 10.788794
2 2 161 2.133710 197 7.574825
3
0 2 160 2.676924 167 13.223533
1 2 187 18.684952 162 8.956585
2 2 170 8.910684 174 10.533209
3
0 2 160 7.869140 168 16.751172
1 2 172 19.767841 161 5.769167
2 2 180 3.762218 197 10.615261
3
0 2 160 12.014193 164 11.962560
1 2 184 5.611137 196 11.695761
2 2 186 6.038295 164 8.534749
3
0 2 160 8.931971 168 16.128766
1 2 189 18.164877 171 4.675389
2 2 198 4.416940 182 7.876669
3
0 2 160 18.951155 168 11.559791
1 2 181 15.415128 162 15.342023
2 2 186 2.866083 172 8.521467
3
0 2 160 17.100916 185 10.422782
1 2 178 11.901069 161 14.883772
2 2 160 9.112939 169 5.876502
3
0 2 160 11.588039 192 15.237297
1 2 175 3.431292 195 9.102715
2 2 168 15.964203 178 13.044589
3
0 2 180 10.051953 194 15.763323
1 2 199 16.271234 191 11.085401
2 2 191 13.870530 180 7.628748
3
0 2 180 3.926336 198 13.673203
1 2 196 8.519404 180 11.024835
2 2 196 5.659783 183 13.076068
3
0 2 180 15.639063 188 19.598227
1 2 191 9.985603 186 13.662068
2 2 181 13.386281 183 3.935367
3
0 2 180 4.681149 181 10.203349
1 2 188 4.609328 190 18.050068
2 2 180 5.385006 192 3.739679
3
0 2 180 1.812581 181 14.784472
1 2 181 9.834485 184 5.172294
2 2 194 8.780124 197 3.699832
3
0 2 180 19.681663 196 11.376354
1 2 183 17.600695 194 14.512706
2 2 194 19.727679 184 15.239434
3
0 2 180 1.654107 184 6.319288
1 2 199 10.656773 180 14.929729
2 2 198 9.301561 180 13.133300
3
0 2 180 15.690875 192 14.589572
1 2 197 11.092367 186 13.370150
2 2 196 11.909465 192 15.846154
3
0 2 180 12.814758 196 14.813625
1 2 193 14.871343 185 13.586636
2 2 186 3.863696 199 4.245783
3
0 2 180 17.931485 192 3.607136
1 2 199 10.732528 186 14.917692
2 2 181 16.108501 185 12.780552
3
0 2 180 1.582415 191 1.515079
1 2 195 13.537790 187 9.718277
2 2 191 15.994802 199 5.320322
3
0 2 180 12.666361 184 7.775953
1 2 182 10.278494 192 15.269347
2 2 190 15.953531 181 16.175448
3
0 2 180 9.153118 182 13.074141
1 2 182 3.140083 184 10.119582
2 2 185 10.188727 184 7.302102
3
0 2 180 5.633236 196 17.275204
1 2 199 13.872357 195 18.828271
2 2 180 6.401071 194 13.606561
3
0 2 180 7.851844 183 6.036623
1 2 194 15.885608 183 14.895778
2 2 198 19.191904 184 12.487124
3
0 2 180 8.987359 190 3.790724
1 2 181 9.011957 192 18.720741
2 2 183 18.954384 197 13.451233
3
0 2 180 9.769820 184 14.937503
1 2 191 11.972746 198 9.095468
2 2 187 16.577205 194 11.396483
3
0 2 180 4.257464 192 2.625437
1 2 195 14.353950 194 16.204275
2 2 194 7.219856 190 19.725296
3
0 2 180 8.375753 183 6.887530
1 2 186 9.079428 197 14.949023
2 2 184 7.256801 197 11.222965
3
0 2 180 13.382186 187 10.164245
1 2 182 18.831365 185 12.875846
2 2 192 14.265211 198 11.993484
3
0 2 199 6.834807 199 3.445132
1 2 199 1.048865 199 3.858599
2 2 199 4.294499 199 13.764230
3
0 2 199 13.366464 199 10.474340
1 2 199 1.144528 199 17.671585
2 2 199 12.387793 199 19.148683
3
0 2 199 16.665720 199 5.726068
1 2 199 3.011803 199 6.282095
2 2 199 19.795324 199 18.717165
3
0 2 199 7.206660 199 16.519231
1 2 199 2.242228 199 3.750245
2 2 199 16.980306 199 10.317777
3
0 2 199 7.620612 199 11.123461
1 2 199 17.505931 199 17.178260
2 2 199 3.816480 199 16.566053
3
0 2 199 8.736058 199 19.338277
1 2 199 1.591716 199 4.214287
2 2 199 11.880920 199 19.817809
3
0 2 199 9.798740 199 16.772611
1 2 199 9.912408 199 11.844657
2 2 199 5.134263 199 1.857642
3
0 2 199 7.559062 199 14.437068
1 2 199 2.375790 199 17.054186
2 2 199 8.629257 199 6.705079
3
0 2 199 9.900359 199 7.797647
1 2 199 7.139030 199 2.947215
2 2 199 6.436962 199 14.376204
3
0 2 199 4.584841 199 14.345847
1 2 199 4.814691 199 4.766784
2 2 199 15.580081 199 14.441737
3
0 2 199 12.788410 199 8.735493
1 2 199 15.514728 199 9.722672
2 2 199 14.836661 199 13.940827
3
0 2 199 13.959746 199 11.408770
1 2 199 14.156884 199 6.869258
2 2 199 3.838246 199 15.113385
3
0 2 199 8.272121 199 16.712465
1 2 199 17.948353 199 18.211446
2 2 199 10.376406 199 15.626356
3
0 2 199 7.351282 199 2.858557
1 2 199 18.146940 199 1.401741
2 2 199 14.567581 199 2.171384
3
0 2 199 8.041933 199 11.953824
1 2 199 17.679239 199 6.759873
2 2 199 6.618451 199 19.625912
3
0 2 199 13.522559 199 17.748818
1 2 199 10.872168 199 4.102383
2 2 199 17.815834 199 4.276942
3
0 2 199 6.411039 199 5.583962
1 2 199 9.051870 199 5.037830
2 2 199 9.148585 199 2.052939
3
0 2 199 8.435687 199 16.280383
1 2 199 16.699511 199 12.207064
2 2 199 13.482322 199 19.273138
3
0 2 199 1.992594 199 11.643884
1 2 199 3.079700 199 18.060634
2 2 199 10.682723 199 11.999043
0
