50 49
3
0 2 5 17.724594 18 3.720966
1 2 21 12.161156 43 2.415306
2 2 43 13.483290 30 14.259525
3
0 2 5 11.839498 25 6.781675
1 2 46 14.122233 30 13.436499
2 2 28 11.271255 27 10.699478
3
0 2 5 13.832970 46 10.804593
1 2 48 6.687511 14 4.575892
2 2 47 6.944864 38 17.848554
3
0 2 5 4.395068 12 17.875667
1 2 40 9.499892 44 17.371262
2 2 19 8.163228 7 9.051157
3
0 2 5 8.024075 19 6.623201
1 2 47 4.358494 11 8.353987
2 2 13 13.500141 30 19.057509
3
0 2 10 14.442375 47 10.715553
1 2 11 1.643158 15 15.686082
2 2 21 8.021296 40 17.136696
3
0 2 10 15.268320 39 13.156433
1 2 45 3.908839 36 16.182848
2 2 13 7.609562 27 7.320468
3
0 2 10 14.696441 24 10.195276
1 2 21 17.931463 41 12.031736
2 2 42 4.571665 46 3.190033
3
0 2 10 2.085150 15 7.888491
1 2 44 11.787079 29 10.926329
2 2 30 1.031189 12 17.527357
3
0 2 10 13.291045 39 15.258369
1 2 43 19.963911 30 18.140079
2 2 48 1.090606 39 16.086604
3
0 2 15 3.825830 26 16.662689
1 2 44 7.387530 47 5.499751
2 2 17 15.937067 44 3.112660
3
0 2 15 13.763595 37 3.378216
1 2 39 6.721542 23 14.265764
2 2 45 18.102430 20 8.076898
3
0 2 15 1.085829 43 16.460071
1 2 18 16.909619 44 3.404233
2 2 44 14.143749 29 12.626268
3
0 2 15 17.685521 32 1.752940
1 2 49 12.163114 40 16.736195
2 2 42 7.400563 21 19.791502
3
0 2 15 4.056843 47 2.658116
1 2 44 14.587388 17 1.347460
2 2 38 10.826277 32 4.692405
3
0 2 20 13.637300 40 12.011282
1 2 42 8.198272 41 7.814652
2 2 24 16.768372 35 3.572220
3
0 2 20 17.154291 30 10.609270
1 2 30 1.157272 25 17.614356
2 2 20 6.841523 22 3.327686
3
0 2 20 3.245209 30 3.908764
1 2 47 10.118645 37 16.026277
2 2 42 6.059996 33 3.655490
3
0 2 20 16.427799 33 5.981437
1 2 35 6.791592 40 17.299397
2 2 27 19.291790 36 13.802639
3
0 2 20 15.230087 27 3.798353
1 2 39 18.062296 24 1.843154
2 2 25 3.309406 47 8.300302
3
0 2 25 19.583540 33 16.732968
1 2 34 7.040365 44 3.574642
2 2 45 2.932234 34 18.804057
3
0 2 25 6.931059 37 14.387680
1 2 43 11.697608 32 11.091033
2 2 35 10.680429 27 12.528384
3
0 2 25 14.897285 35 19.356959
1 2 38 2.525567 28 6.970065
2 2 34 5.980969 29 7.449980
3
0 2 25 14.291695 43 8.385211
1 2 34 11.273332 28 16.061046
2 2 47 6.748055 27 19.775338
3
0 2 25 1.065097 38 9.735723
1 2 32 14.333375 36 5.873268
2 2 31 12.234002 32 14.390684
3
0 2 30 19.809248 32 6.414078
1 2 49 10.778111 45 18.897996
2 2 36 14.821405 32 16.971911
3
0 2 30 5.503337 46 4.022307
1 2 41 4.923242 38 11.258997
2 2 30 8.686431 31 12.890632
3
0 2 30 15.425647 42 11.109183
1 2 42 2.876765 35 19.783997
2 2 30 7.280316 43 7.181865
3
0 2 30 16.823721 47 8.493910
1 2 41 9.531050 30 19.350018
2 2 47 12.389254 32 2.080307
3
0 2 30 3.917655 34 17.241546
1 2 47 14.186957 40 11.630493
2 2 31 10.798052 33 5.837278
3
0 2 35 2.373965 46 3.910327
1 2 43 18.760760 40 16.993375
2 2 41 17.855743 47 2.365400
3
0 2 35 13.085995 46 16.217724
1 2 43 5.411923 39 12.244151
2 2 38 10.675197 46 11.728355
3
0 2 35 13.187166 47 4.733213
1 2 47 17.546227 46 12.993444
2 2 37 17.652759 42 12.812675
3
0 2 35 16.904509 49 16.183969
1 2 35 4.088229 42 13.486660
2 2 49 12.985937 48 7.292504
3
0 2 35 5.415789 46 8.800210
1 2 45 18.486833 40 8.855880
2 2 48 5.593880 44 8.942383
3
0 2 40 11.105332 46 7.227355
1 2 47 1.251880 44 12.504875
2 2 48 16.836175 47 3.840540
3
0 2 40 14.696742 44 15.581549
1 2 47 11.705289 48 19.420475
2 2 48 15.249835 43 16.732761
3
0 2 40 19.704162 42 19.798189
1 2 41 12.962823 49 17.514836
2 2 44 12.928370 42 11.439594
3
0 2 40 15.113984 47 8.702621
1 2 43 10.631506 48 13.296940
2 2 46 17.372806 47 7.716658
3
0 2 40 18.312810 44 5.413671
1 2 43 10.001014 49 7.604601
2 2 44 13.641853 46 11.287182
3
0 2 45 12.311663 46 14.744803
1 2 49 2.564968 45 17.204373
2 2 45 19.046118 48 9.963108
3
0 2 45 14.887221 48 3.637257
1 2 45 1.158702 47 16.645267
2 2 46 18.884207 47 18.993097
3
0 2 45 1.862278 46 15.431603
1 2 45 5.821335 47 13.643485
2 2 45 11.380756 47 3.380965
3
0 2 45 10.643528 48 19.196747
1 2 48 15.032894 46 14.147053
2 2 45 4.329504 49 8.043711
3
0 2 45 10.089832 47 13.728062
1 2 48 13.967963 46 17.313556
2 2 45 15.535081 47 8.733149
3
0 2 49 19.888434 49 16.167832
1 2 49 18.993695 49 4.561353
2 2 49 18.623225 49 8.720851
3
0 2 49 12.925331 49 18.969968
1 2 49 12.027058 49 12.003455
2 2 49 18.739302 49 11.923323
3
0 2 49 3.603630 49 3.488431
1 2 49 8.779340 49 16.810405
2 2 49 7.076496 49 4.171539
3
0 2 49 9.826382 49 3.476432
1 2 49 7.681803 49 19.155354
2 2 49 8.219125 49 6.822884
0
