20 19
3
0 2 5 11.317046 16 19.801166
1 2 15 6.648924 17 3.728394
2 2 7 4.876254 16 11.289438
3
0 2 5 18.179959 13 5.018961
1 2 10 3.244072 13 17.847458
2 2 12 12.333736 10 7.792525
3
0 2 5 10.290244 11 2.413178
1 2 12 15.128044 10 2.804838
2 2 7 8.573046 11 8.984792
3
0 2 5 8.284115 16 8.686772
1 2 18 13.602538 9 3.922869
2 2 18 18.749640 7 11.221669
3
0 2 5 8.882966 10 3.846212
1 2 12 1.890987 16 14.577805
2 2 7 9.158261 18 8.724466
3
0 2 10 6.784686 15 12.289291
1 2 19 3.862869 15 12.801917
2 2 12 3.100372 11 5.780777
3
0 2 10 15.751586 14 9.154870
1 2 19 7.934696 13 19.006489
2 2 16 14.030557 14 6.314963
3
0 2 10 1.738651 12 13.423214
1 2 12 6.132699 11 10.192676
2 2 11 15.918056 13 15.322881
3
0 2 10 5.918910 12 15.281976
1 2 16 15.200481 14 10.930133
2 2 17 6.326486 19 1.158093
3
0 2 10 17.246520 15 19.208122
1 2 10 17.895464 13 14.765274
2 2 15 17.495719 17 19.237604
3
0 2 15 14.122597 18 13.836682
1 2 18 11.158384 19 1.458599
2 2 19 13.851681 17 10.450615
3
0 2 15 7.497595 18 8.977789
1 2 16 13.518470 18 11.117816
2 2 17 3.483813 18 12.833943
3
0 2 15 2.991637 18 2.873281
1 2 16 14.929338 15 18.776063
2 2 19 14.121826 16 19.138294
3
0 2 15 7.544009 19 18.893024
1 2 18 4.239980 19 14.796375
2 2 15 14.868579 19 16.888276
3
0 2 15 14.079080 19 6.368350
1 2 18 4.112761 17 12.370963
2 2 18 14.514975 15 17.765176
3
0 1 19 18.379839
1 1 19 1.239148
2 1 19 14.673412
3
0 1 19 15.085884
1 1 19 9.372682
2 1 19 12.497684
3
0 1 19 17.733919
1 1 19 17.909313
2 1 19 1.302334
3
0 1 19 5.251604
1 1 19 19.206815
2 1 19 17.745210
0
