20 19
3
0 2 5 3.762271 17 10.825501
1 2 6 18.283704 14 7.006351
2 2 9 16.450606 10 1.318366
3
0 2 5 10.870812 14 19.110300
1 2 6 3.818853 5 10.455628
2 2 10 1.696374 8 13.425544
3
0 2 5 2.784043 7 15.324989
1 2 17 8.041908 8 6.598329
2 2 19 1.781508 15 1.940708
3
0 2 5 5.435790 8 3.733153
1 2 5 4.507945 8 12.024857
2 2 10 1.559588 8 1.204502
3
0 2 5 5.433852 16 10.465570
1 2 11 16.804230 9 11.168206
2 2 16 1.255599 6 13.994624
3
0 2 10 2.614126 14 14.420034
1 2 14 1.070035 18 10.589985
2 2 10 18.562979 17 3.021517
3
0 2 10 12.178715 18 16.613924
1 2 17 14.887849 18 5.974855
2 2 11 14.125383 13 14.418487
3
0 2 10 10.853754 14 3.141584
1 2 16 19.247761 12 12.751036
2 2 15 7.334833 13 14.995220
3
0 2 10 12.315956 11 6.564154
1 2 14 18.340416 12 7.202778
2 2 18 8.524483 17 4.512134
3
0 2 10 8.265860 19 10.089959
1 2 12 7.708461 10 1.086232
2 2 17 2.284345 15 9.839340
3
0 2 15 10.642033 18 11.926902
1 2 18 2.760225 15 9.518391
2 2 19 15.712149 18 6.830388
3
0 2 15 2.030299 18 19.246365
1 2 16 16.567515 19 12.162398
2 2 16 16.017345 18 3.694826
3
0 2 15 1.611286 19 18.331384
1 2 15 18.666322 18 14.993181
2 2 16 11.743777 18 11.909626
3
0 2 15 13.828216 18 14.106638
1 2 16 14.753775 19 3.019555
2 2 18 4.943728 19 18.932745
3
0 2 15 17.298326 17 2.116042
1 2 15 3.347825 18 3.483336
2 2 19 10.294002 15 6.329039
3
0 1 19 7.142790
1 1 19 7.137707
2 1 19 14.419630
3
0 1 19 8.763758
1 1 19 1.575001
2 1 19 10.068532
3
0 1 19 12.841525
1 1 19 17.039838
2 1 19 12.616712
3
0 1 19 15.693752
1 1 19 7.712581
2 1 19 12.478869
0
