200 199
3
0 2 20 11.091875 54 19.976985
1 2 84 18.728697 182 6.574846
2 2 29 9.412752 128 8.831070
3
0 2 20 5.671952 189 15.466705
1 2 122 14.373418 121 12.512805
2 2 129 19.955545 160 12.976967
3
0 2 20 5.516163 62 11.700175
1 2 189 1.967955 42 4.864323
2 2 21 13.495820 131 4.262891
3
0 2 20 19.901377 112 7.088253
1 2 179 11.398585 108 1.264766
2 2 44 3.200997 167 9.099863
3
0 2 20 16.973442 183 5.694106
1 2 53 19.050792 49 12.852261
2 2 76 11.236618 168 15.994669
3
0 2 20 15.207132 145 10.892675
1 2 182 12.565697 149 1.881963
2 2 32 9.903551 75 8.408673
3
0 2 20 16.981255 46 1.931137
1 2 32 18.879958 190 5.322241
2 2 72 14.825722 167 18.486250
3
0 2 20 2.771007 156 8.740594
1 2 193 6.535121 70 13.748060
2 2 37 14.341866 105 13.607149
3
0 2 20 10.050880 110 19.945608
1 2 184 1.237695 115 11.682350
2 2 189 9.420435 137 1.375467
3
0 2 20 15.599949 136 13.022013
1 2 185 1.691509 166 5.745869
2 2 160 14.866881 123 1.853561
3
0 2 20 8.395740 23 14.643687
1 2 120 5.262715 144 17.302421
2 2 95 13.193500 59 9.380435
3
0 2 20 1.837212 46 17.444427
1 2 185 4.988579 137 15.155666
2 2 149 13.558667 191 16.576482
3
0 2 20 9.182054 89 3.322158
1 2 37 3.330406 97 10.103635
2 2 178 19.329836 51 4.417496
3
0 2 20 14.977234 91 5.769837
1 2 174 11.377250 94 4.131900
2 2 96 10.419209 112 19.488703
3
0 2 20 17.683796 130 19.565278
1 2 132 9.188960 102 1.251559
2 2 162 1.756228 49 3.109834
3
0 2 20 2.240521 186 8.236456
1 2 176 10.868063 148 2.948844
2 2 132 15.659149 66 5.356579
3
0 2 20 10.442413 61 17.652188
1 2 160 12.535717 156 7.090992
2 2 67 18.869821 171 15.260166
3
0 2 20 7.898410 89 19.774874
1 2 126 17.536712 104 11.111368
2 2 27 6.179786 32 14.928307
3
0 2 20 7.161065 130 5.548689
1 2 102 13.893139 140 6.616669
2 2 194 13.179298 163 8.439715
3
0 2 20 8.474929 55 4.580357
1 2 75 13.842608 36 10.709951
2 2 164 16.558027 46 14.917661
3
0 2 40 1.723347 179 13.589157
1 2 92 4.625733 131 11.998181
2 2 154 1.898280 178 18.760929
3
0 2 40 16.192652 127 11.064436
1 2 132 18.847141 51 10.811330
2 2 124 9.295977 79 14.503722
3
0 2 40 6.337140 85 2.694868
1 2 162 14.631829 62 8.265955
2 2 40 13.305305 123 3.022760
3
0 2 40 2.206881 77 15.030820
1 2 134 5.686920 68 17.843661
2 2 48 3.207706 85 1.706294
3
0 2 40 14.554234 131 14.916125
1 2 74 3.105517 93 10.353679
2 2 44 1.267619 49 18.695083
3
0 2 40 9.943537 98 9.125545
1 2 56 5.315544 178 5.485453
2 2 150 13.359033 137 4.378444
3
0 2 40 9.523238 141 11.904077
1 2 184 11.058366 63 17.849052
2 2 114 10.895576 175 10.066032
3
0 2 40 19.264801 87 1.918819
1 2 65 11.966006 194 13.278407
2 2 125 12.194897 140 10.194168
3
0 2 40 7.545384 159 7.299160
1 2 140 8.012449 128 7.642128
2 2 173 14.428825 53 8.279050
3
0 2 40 8.204457 179 1.547943
1 2 43 15.628868 127 5.401016
2 2 48 13.228656 110 5.109686
3
0 2 40 12.099553 151 16.102677
1 2 173 17.148268 40 18.385754
2 2 169 6.394126 111 13.796760
3
0 2 40 14.965239 172 10.904292
1 2 141 16.045670 44 11.017290
2 2 140 8.056518 127 9.894017
3
0 2 40 11.761936 48 4.226233
1 2 44 9.059850 110 7.100992
2 2 162 1.314217 157 5.182814
3
0 2 40 11.004160 98 15.234901
1 2 71 16.306100 138 17.037701
2 2 85 5.041782 199 16.953109
3
0 2 40 11.791906 124 18.874149
1 2 161 6.576847 141 19.269749
2 2 92 14.156657 40 7.461334
3
0 2 40 12.183840 185 18.434314
1 2 169 14.207131 101 19.631256
2 2 149 6.974073 110 11.283568
3
0 2 40 7.659266 189 18.613899
1 2 191 18.033556 170 4.585704
2 2 184 19.295403 153 8.274065
3
0 2 40 7.796437 85 11.119064
1 2 122 4.848785 116 5.484052
2 2 69 7.991077 43 4.303821
3
0 2 40 16.507251 74 16.347622
1 2 82 19.401413 133 9.403319
2 2 181 7.715847 127 1.493564
3
0 2 40 10.928293 102 15.065766
1 2 100 6.831995 65 12.273308
2 2 99 4.328811 116 1.943557
3
0 2 60 5.544977 189 18.138051
1 2 186 9.975712 85 1.901691
2 2 146 8.532419 176 7.119131
3
0 2 60 19.551430 116 5.014303
1 2 119 18.904180 188 9.315224
2 2 171 1.240657 144 1.711118
3
0 2 60 7.508067 127 10.101273
1 2 137 7.185228 101 2.168882
2 2 147 14.584230 131 9.515743
3
0 2 60 8.824103 162 3.262024
1 2 101 4.369322 81 16.938979
2 2 76 1.038328 74 18.457619
3
0 2 60 18.311279 115 15.344880
1 2 78 18.785032 152 12.115322
2 2 177 11.290506 87 1.832767
3
0 2 60 8.614528 79 1.156207
1 2 192 10.563669 66 8.196294
2 2 81 17.186034 155 9.311179
3
0 2 60 5.632030 98 10.894824
1 2 78 17.667691 80 13.854764
2 2 68 9.866183 148 6.125843
3
0 2 60 7.772090 117 3.782983
1 2 193 1.997306 166 6.639820
2 2 71 4.535539 153 10.930987
3
0 2 60 19.981060 116 9.836636
1 2 124 1.980401 132 1.282055
2 2 102 9.193076 77 2.135346
3
0 2 60 19.192794 127 10.285137
1 2 76 17.002223 181 11.499671
2 2 167 15.573135 187 12.931518
3
0 2 60 15.021543 61 19.214093
1 2 113 17.610375 77 14.040045
2 2 95 5.638967 175 4.024477
3
0 2 60 4.073628 149 9.465223
1 2 192 12.736067 62 11.348993
2 2 112 15.027261 76 2.628648
3
0 2 60 18.934878 121 4.989720
1 2 94 5.056655 158 5.337258
2 2 131 19.660800 112 5.327078
3
0 2 60 14.680578 136 16.580492
1 2 110 7.128000 129 9.103129
2 2 177 2.434880 71 2.983067
3
0 2 60 9.215137 188 3.240074
1 2 162 15.392103 146 18.687822
2 2 62 16.084483 149 6.202699
3
0 2 60 4.158160 98 7.146772
1 2 193 6.201388 170 5.351665
2 2 71 8.225318 134 10.200736
3
0 2 60 7.434492 80 16.281323
1 2 121 7.784869 175 17.053280
2 2 130 3.038098 151 14.213907
3
0 2 60 2.266643 92 11.524386
1 2 163 4.849772 117 19.178594
2 2 140 8.926263 122 4.977431
3
0 2 60 19.177993 188 9.822577
1 2 81 1.923998 120 11.710885
2 2 142 12.959707 149 17.082903
3
0 2 60 6.608358 100 18.700337
1 2 196 17.039416 61 1.592569
2 2 190 7.135834 145 15.419717
3
0 2 80 4.818223 84 14.151745
1 2 145 6.241809 156 15.759548
2 2 172 4.734995 127 19.259935
3
0 2 80 7.378143 126 2.320762
1 2 144 18.308223 133 17.630308
2 2 80 13.837898 145 12.846575
3
0 2 80 8.244050 193 2.834598
1 2 159 12.737512 167 17.114203
2 2 137 11.059987 91 13.087825
3
0 2 80 11.956253 180 6.135238
1 2 99 15.024962 137 10.328924
2 2 110 2.182273 156 15.235407
3
0 2 80 7.276154 162 16.705543
1 2 191 18.533436 98 6.566427
2 2 88 9.584100 173 9.367718
3
0 2 80 10.467321 184 10.860575
1 2 94 17.390396 137 13.556208
2 2 197 2.745795 160 10.389014
3
0 2 80 7.356865 161 14.737963
1 2 120 6.944529 94 14.330993
2 2 197 6.852190 95 11.502006
3
0 2 80 18.780076 96 19.674659
1 2 177 11.090820 174 9.003052
2 2 167 7.439160 131 19.352003
3
0 2 80 3.596274 91 18.052002
1 2 196 10.167392 117 3.665759
2 2 80 9.120073 103 7.267481
3
0 2 80 15.992781 199 10.179630
1 2 146 4.330173 159 7.890052
2 2 89 19.030004 99 1.581900
3
0 2 80 19.208559 179 12.881559
1 2 117 13.444439 82 4.414093
2 2 92 8.278033 108 7.082049
3
0 2 80 13.943204 97 3.448759
1 2 155 11.138565 133 11.152535
2 2 107 4.347911 148 18.921643
3
0 2 80 7.868161 127 13.758191
1 2 183 9.491536 125 11.163408
2 2 135 6.198975 162 16.786433
3
0 2 80 9.163860 171 16.973278
1 2 162 5.155906 173 8.066849
2 2 110 19.321381 140 15.155970
3
0 2 80 14.609272 121 10.699478
1 2 129 19.479297 158 4.826206
2 2 173 6.477040 191 6.319208
3
0 2 80 14.088419 92 16.160119
1 2 140 4.796591 159 19.930134
2 2 125 17.110716 109 14.822759
3
0 2 80 6.943149 198 10.673801
1 2 142 8.092725 165 6.595425
2 2 174 18.602991 178 11.983451
3
0 2 80 1.539345 163 6.527238
1 2 123 19.824255 154 3.915763
2 2 119 11.609828 103 17.092324
3
0 2 80 17.018933 114 10.125784
1 2 153 11.150943 198 5.396531
2 2 156 2.534777 188 7.648052
3
0 2 80 9.338120 170 1.012067
1 2 123 9.217181 121 17.893121
2 2 135 10.895262 120 6.826708
3
0 2 100 11.369376 198 7.732030
1 2 117 10.551825 143 1.479398
2 2 180 8.301568 136 5.412018
3
0 2 100 14.459462 163 1.838840
1 2 178 2.049868 150 11.591251
2 2 103 18.750443 100 1.871148
3
0 2 100 15.559213 186 10.717753
1 2 105 11.888966 165 12.007632
2 2 157 2.707303 111 14.298590
3
0 2 100 19.951378 194 19.257603
1 2 195 17.226213 126 15.285250
2 2 171 13.373539 162 13.903468
3
0 2 100 12.125261 123 19.290824
1 2 127 13.555480 190 4.595091
2 2 116 14.981176 128 7.395271
3
0 2 100 2.327313 153 13.156461
1 2 122 2.438484 195 14.235296
2 2 109 10.755808 133 14.339297
3
0 2 100 11.222567 162 3.076295
1 2 181 9.721807 103 12.422075
2 2 163 5.848808 130 8.864212
3
0 2 100 17.942065 184 18.448274
1 2 189 10.729703 107 8.231908
2 2 141 14.125501 169 3.109883
3
0 2 100 5.984475 130 11.726946
1 2 176 13.373935 124 3.744354
2 2 180 17.818544 135 18.263850
3
0 2 100 3.515446 112 3.641967
1 2 180 17.292082 123 13.905538
2 2 190 3.058227 139 6.370713
3
0 2 100 13.166795 162 9.403276
1 2 162 11.941671 159 19.044067
2 2 147 9.417778 132 16.331266
3
0 2 100 16.261122 130 3.801308
1 2 142 5.690119 165 9.681953
2 2 159 14.850305 103 19.156657
3
0 2 100 11.191504 162 19.192116
1 2 112 12.114036 182 13.562031
2 2 139 7.565036 116 15.160799
3
0 2 100 2.095228 150 16.824342
1 2 148 15.195919 120 9.066600
2 2 177 18.681892 149 10.038380
3
0 2 100 10.880821 131 7.705283
1 2 127 9.272616 118 1.713883
2 2 149 12.080792 166 7.577762
3
0 2 100 7.893597 134 7.615305
1 2 125 5.136575 123 14.088613
2 2 151 9.263099 165 1.709413
3
0 2 100 11.121087 172 3.597536
1 2 126 11.349978 193 2.353948
2 2 107 13.194080 104 5.725246
3
0 2 100 6.192904 156 17.150155
1 2 177 4.293544 182 2.315214
2 2 124 1.796587 120 5.525551
3
0 2 100 18.374140 158 7.776290
1 2 152 11.275955 115 17.611850
2 2 111 6.516766 115 13.124738
3
0 2 100 12.490878 157 3.210793
1 2 109 4.999345 159 18.051111
2 2 196 7.093522 137 8.526165
3
0 2 120 5.434847 154 10.734336
1 2 168 6.313494 195 8.693274
2 2 163 9.829840 139 13.532672
3
0 2 120 17.519863 178 14.220711
1 2 144 4.455140 198 17.291234
2 2 152 18.708020 164 7.633249
3
0 2 120 8.731765 186 3.795327
1 2 134 13.454905 185 3.099448
2 2 143 17.788635 128 15.182379
3
0 2 120 18.416039 169 8.436562
1 2 193 11.170903 188 7.057900
2 2 140 15.273911 149 5.213529
3
0 2 120 2.369844 183 7.806838
1 2 143 9.804768 174 14.668529
2 2 132 10.616105 139 7.752841
3
0 2 120 11.597553 155 17.784233
1 2 157 19.964249 162 12.218476
2 2 131 14.446467 177 16.636213
3
0 2 120 15.563119 128 17.109414
1 2 154 5.256919 143 10.749827
2 2 177 14.073038 171 18.772261
3
0 2 120 4.066374 134 3.067118
1 2 171 4.942358 130 19.050972
2 2 175 13.910149 159 12.536502
3
0 2 120 1.753908 177 1.375090
1 2 132 2.257363 121 6.618018
2 2 157 11.374249 154 13.987039
3
0 2 120 1.718593 166 13.702681
1 2 124 11.767703 199 15.701069
2 2 170 10.611133 145 15.951623
3
0 2 120 3.106648 133 12.480286
1 2 143 1.196624 127 18.882992
2 2 125 16.025997 186 14.209679
3
0 2 120 2.161103 124 14.672541
1 2 141 2.120965 172 7.535244
2 2 134 7.039244 161 5.180018
3
0 2 120 18.821144 151 13.568185
1 2 185 3.200192 141 4.895336
2 2 157 19.306208 190 18.988046
3
0 2 120 6.456338 180 7.112942
1 2 155 14.230787 121 5.936599
2 2 132 11.206212 121 11.065191
3
0 2 120 10.533544 179 9.652387
1 2 138 7.964047 197 1.612178
2 2 149 17.440705 196 13.626152
3
0 2 120 16.249266 167 18.459127
1 2 166 14.929974 143 7.291541
2 2 137 8.565666 171 10.285458
3
0 2 120 5.618684 153 3.095253
1 2 146 6.357680 190 3.408979
2 2 193 6.452770 153 13.808379
3
0 2 120 7.381763 161 3.315396
1 2 178 6.157718 144 3.662399
2 2 151 18.368995 127 6.687611
3
0 2 120 14.612574 158 8.026677
1 2 150 18.010017 167 16.454989
2 2 145 8.818535 175 4.022126
3
0 2 120 7.552401 191 10.102807
1 2 136 19.767910 137 7.048653
2 2 151 5.070706 168 5.309721
3
0 2 140 16.897497 179 14.093589
1 2 164 15.033704 184 12.697730
2 2 146 15.935946 178 9.908857
3
0 2 140 8.150260 154 5.113851
1 2 141 18.643990 177 18.439430
2 2 152 16.794396 175 19.326329
3
0 2 140 2.779947 193 6.727450
1 2 161 12.854959 167 16.213904
2 2 140 10.012279 143 4.835398
3
0 2 140 18.178135 141 14.791910
1 2 194 17.774391 187 13.718038
2 2 147 5.310249 192 6.485492
3
0 2 140 10.708928 159 9.294622
1 2 170 7.949561 143 9.594995
2 2 151 10.663815 168 17.047755
3
0 2 140 10.916909 182 4.197814
1 2 145 19.401460 169 7.231335
2 2 148 9.748638 162 6.517051
3
0 2 140 19.151222 198 11.733743
1 2 145 8.464886 165 14.416333
2 2 148 2.617874 146 8.908616
3
0 2 140 18.866365 185 19.027681
1 2 153 19.671280 149 18.950698
2 2 177 12.588053 149 11.777107
3
0 2 140 11.915429 150 10.506698
1 2 185 10.022404 180 2.169204
2 2 147 19.665922 181 19.082253
3
0 2 140 11.605488 146 4.813698
1 2 163 12.907350 160 6.988124
2 2 190 12.583283 152 2.153070
3
0 2 140 16.719992 162 1.905246
1 2 187 6.907365 197 15.518877
2 2 161 14.972330 142 19.932753
3
0 2 140 7.335404 199 13.009313
1 2 196 12.734764 188 14.197422
2 2 150 13.059330 191 19.667223
3
0 2 140 5.244186 183 6.955502
1 2 159 2.696899 141 9.262615
2 2 141 2.513004 156 18.643257
3
0 2 140 6.008720 184 2.864845
1 2 141 8.309799 194 3.732213
2 2 179 16.222357 172 1.015695
3
0 2 140 3.834036 192 14.344009
1 2 142 15.976424 180 17.602979
2 2 141 9.918789 172 14.442562
3
0 2 140 17.535387 149 12.615339
1 2 160 19.212441 197 10.611292
2 2 196 18.738703 186 14.056456
3
0 2 140 3.926509 172 19.251195
1 2 153 9.398187 184 9.499835
2 2 141 5.711779 167 1.520968
3
0 2 140 3.884280 178 10.178586
1 2 194 7.982418 174 4.879924
2 2 150 12.947171 145 15.971643
3
0 2 140 16.017549 164 9.822921
1 2 142 13.609352 152 5.193211
2 2 174 12.301747 148 2.217757
3
0 2 140 5.726669 169 12.846221
1 2 184 10.343690 174 16.915674
2 2 140 17.057170 153 8.879704
3
0 2 160 11.046012 191 9.951348
1 2 195 17.967908 171 10.376364
2 2 180 13.157953 168 13.679902
3
0 2 160 3.296592 186 17.210618
1 2 180 19.884585 161 4.217963
2 2 164 12.347561 174 14.166232
3
0 2 160 1.185340 199 14.660614
1 2 183 15.516319 174 11.260837
2 2 184 7.966664 176 18.148269
3
0 2 160 17.516984 199 2.065118
1 2 173 9.787712 197 5.145760
2 2 178 19.291361 176 15.913532
3
0 2 160 1.830869 192 9.512955
1 2 186 16.385143 184 4.662665
2 2 168 1.057299 174 7.959587
3
0 2 160 1.730608 173 17.587640
1 2 192 10.908601 166 9.791954
2 2 180 19.081768 189 12.288659
3
0 2 160 13.362677 176 6.143201
1 2 177 5.362703 171 4.281345
2 2 161 14.642000 183 12.331114
3
0 2 160 8.846874 170 16.202499
1 2 173 10.814055 195 9.450623
2 2 171 11.504882 170 9.314221
3
0 2 160 5.012284 167 19.251721
1 2 189 7.467180 195 3.337393
2 2 194 12.769462 193 2.176842
3
0 2 160 3.839895 189 9.883091
1 2 193 9.368513 163 1.153174
2 2 170 5.684601 186 17.742690
3
0 2 160 3.621093 161 12.738745
1 2 185 6.383909 170 5.448295
2 2 190 14.751303 182 18.698527
3
0 2 160 11.721880 177 8.199924
1 2 196 9.731031 163 8.636098
2 2 185 9.555422 192 7.121139
3
0 2 160 17.119834 182 14.241134
1 2 168 9.926795 174 16.157157
2 2 186 9.903230 189 17.400607
3
0 2 160 17.686799 177 19.230911
1 2 160 7.900581 174 6.954988
2 2 197 15.191100 198 5.892159
3
0 2 160 10.960031 162 13.755338
1 2 181 7.062718 185 6.791068
2 2 195 8.348191 164 3.119697
3
0 2 160 19.471374 194 4.405853
1 2 178 5.923838 195 12.877834
2 2 198 17.967761 160 8.501783
3
0 2 160 16.369994 167 15.646974
1 2 170 8.951594 166 19.094357
2 2 173 1.321411 196 10.331268
3
0 2 160 17.031651 171 16.263683
1 2 186 9.423773 169 4.515025
2 2 186 8.444647 166 12.543856
3
0 2 160 1.323700 175 6.183686
1 2 196 16.648330 188 15.584560
2 2 183 2.665007 198 14.718198
3
0 2 160 19.449782 168 10.133859
1 2 172 13.470666 171 16.278201
2 2 187 15.615527 188 4.217500
3
0 2 180 4.979236 190 2.087051
1 2 197 14.025017 199 10.079665
2 2 181 11.137871 182 2.052997
3
0 2 180 13.718720 192 3.427750
1 2 185 10.944059 190 6.600673
2 2 199 6.593706 195 7.934036
3
0 2 180 3.126428 198 14.812024
1 2 195 6.098143 180 9.895687
2 2 185 14.194697 194 3.362439
3
0 2 180 1.255211 195 16.102518
1 2 183 3.003808 187 6.910289
2 2 191 17.335272 189 13.602373
3
0 2 180 19.824865 194 7.913887
1 2 196 9.481073 194 5.068802
2 2 185 15.006077 194 14.973844
3
0 2 180 16.465017 191 11.608267
1 2 199 17.371469 186 13.840479
2 2 189 11.108604 193 19.247914
3
0 2 180 16.257863 198 3.528191
1 2 188 6.278836 199 13.399804
2 2 194 2.579318 197 4.704238
3
0 2 180 1.513098 181 10.376711
1 2 188 9.589645 196 9.552320
2 2 181 19.909034 192 11.077166
3
0 2 180 6.520409 184 18.667452
1 2 184 13.505837 183 14.376498
2 2 199 7.980915 196 18.474832
3
0 2 180 13.328751 195 19.704232
1 2 185 8.646909 186 9.326204
2 2 183 4.707639 184 3.592141
3
0 2 180 12.216665 193 10.806717
1 2 189 4.422064 193 2.554653
2 2 195 1.510053 191 18.029632
3
0 2 180 18.357840 190 5.990456
1 2 183 2.176292 187 6.017653
2 2 188 10.803015 183 14.620967
3
0 2 180 13.709230 195 14.259315
1 2 197 18.991615 195 14.514139
2 2 190 5.388935 187 15.526482
3
0 2 180 16.308163 194 9.845354
1 2 184 13.889632 186 14.209874
2 2 183 15.146530 190 8.106331
3
0 2 180 2.058819 196 19.942579
1 2 193 9.274189 192 19.988720
2 2 192 7.319011 197 12.713068
3
0 2 180 3.544093 188 3.282618
1 2 182 5.385721 189 9.076631
2 2 186 15.390871 182 18.541851
3
0 2 180 10.208987 181 3.484810
1 2 184 1.983113 185 2.698217
2 2 192 5.245132 186 19.510843
3
0 2 180 5.314703 181 11.492382
1 2 186 16.385331 190 19.941909
2 2 182 2.422607 185 19.829011
3
0 2 180 18.244122 196 5.195440
1 2 187 2.711967 198 16.419318
2 2 196 4.494648 195 5.204285
3
0 2 180 12.209002 182 11.424357
1 2 180 15.228101 194 10.372813
2 2 191 2.418363 198 4.882913
3
0 1 199 17.011986
1 1 199 7.866198
2 1 199 14.728240
3
0 1 199 14.905740
1 1 199 1.546041
2 1 199 12.924915
3
0 1 199 3.677980
1 1 199 18.011874
2 1 199 8.723934
3
0 1 199 10.184402
1 1 199 15.985746
2 1 199 14.507658
3
0 1 199 16.715343
1 1 199 16.331013
2 1 199 2.292946
3
0 1 199 3.684966
1 1 199 13.028490
2 1 199 7.028212
3
0 1 199 7.691996
1 1 199 19.290667
2 1 199 19.820531
3
0 1 199 14.208997
1 1 199 12.023046
2 1 199 17.375326
3
0 1 199 14.771810
1 1 199 18.032313
2 1 199 12.957445
3
0 1 199 5.751815
1 1 199 1.552411
2 1 199 19.735670
3
0 1 199 13.114893
1 1 199 3.592562
2 1 199 7.645933
3
0 1 199 6.287295
1 1 199 19.108497
2 1 199 11.194258
3
0 1 199 3.647848
1 1 199 2.871598
2 1 199 14.397747
3
0 1 199 19.504673
1 1 199 14.648580
2 1 199 5.449285
3
0 1 199 13.716088
1 1 199 15.308657
2 1 199 4.058240
3
0 1 199 16.521331
1 1 199 14.666313
2 1 199 9.725480
3
0 1 199 6.429172
1 1 199 7.816480
2 1 199 11.494534
3
0 1 199 1.583071
1 1 199 7.740172
2 1 199 15.765743
3
0 1 199 18.163715
1 1 199 12.990799
2 1 199 18.451374
0
