200 199
3
0 2 20 2.977124 155 8.828857
1 2 60 2.068418 151 2.599981
2 2 103 4.849072 61 8.524485
3
0 2 20 2.943877 26 11.622766
1 2 144 14.742348 128 5.088518
2 2 66 11.913233 28 18.713332
3
0 2 20 6.326820 50 3.920507
1 2 58 16.880025 124 6.159149
2 2 136 10.085893 158 19.655047
3
0 2 20 1.188853 42 10.394379
1 2 192 16.954792 38 1.481098
2 2 68 18.879323 100 1.766900
3
0 2 20 5.233012 194 2.262894
1 2 46 9.775067 67 10.812490
2 2 108 11.207821 87 18.796642
3
0 2 20 17.190291 169 7.455467
1 2 144 12.392792 148 10.101865
2 2 103 8.117680 94 13.896738
3
0 2 20 10.169493 91 15.489117
1 2 23 10.487935 187 17.336886
2 2 34 5.999041 133 9.155785
3
0 2 20 3.995203 68 17.716241
1 2 122 14.631384 24 17.228151
2 2 163 12.214553 116 17.441253
3
0 2 20 12.777730 170 13.893769
1 2 180 12.926301 89 12.132654
2 2 136 6.827899 106 14.525112
3
0 2 20 6.131740 60 9.550701
1 2 45 13.206379 189 9.157323
2 2 162 14.543630 54 19.354395
3
0 2 20 4.096156 71 18.055140
1 2 63 9.915803 72 16.135462
2 2 197 12.442025 40 13.294996
3
0 2 20 16.130668 199 12.100263
1 2 132 11.791301 92 18.108936
2 2 153 2.654186 35 17.724836
3
0 2 20 15.022461 46 4.400218
1 2 41 5.775012 31 10.090425
2 2 32 2.708088 129 2.936908
3
0 2 20 14.403856 31 10.931072
1 2 61 11.234436 146 19.070993
2 2 150 5.071342 44 3.132808
3
0 2 20 4.138095 186 16.857072
1 2 85 5.474017 31 6.164501
2 2 148 9.985797 159 5.208953
3
0 2 20 11.961274 119 3.147614
1 2 195 6.085997 83 8.249197
2 2 58 3.095644 129 18.265884
3
0 2 20 14.161711 178 15.621520
1 2 28 6.662492 119 8.226178
2 2 78 15.337669 192 11.300527
3
0 2 20 13.921320 137 12.376380
1 2 75 2.024906 20 14.482448
2 2 164 3.893979 38 15.207900
3
0 2 20 7.126700 181 14.611161
1 2 124 6.352082 159 9.856728
2 2 61 18.226837 78 14.579211
3
0 2 20 4.492698 189 7.370645
1 2 102 3.623725 45 13.059163
2 2 67 11.836279 84 19.772545
3
0 2 40 8.983383 77 2.044500
1 2 194 4.063917 129 17.854408
2 2 46 1.320211 126 19.665384
3
0 2 40 9.797574 96 18.702353
1 2 92 7.717997 95 6.147122
2 2 94 10.601843 118 18.061946
3
0 2 40 13.973472 99 10.634119
1 2 97 5.637802 129 18.140710
2 2 180 4.202835 69 6.600821
3
0 2 40 11.399154 163 8.087215
1 2 143 17.286117 121 9.078263
2 2 55 11.751317 52 19.017825
3
0 2 40 10.631491 56 1.172697
1 2 196 11.657396 190 12.966634
2 2 195 12.148796 105 10.293543
3
0 2 40 14.124642 173 3.209945
1 2 148 13.227481 170 9.160469
2 2 67 16.991753 195 15.636895
3
0 2 40 10.046283 42 4.678810
1 2 159 4.878712 94 14.734923
2 2 164 11.684192 90 7.473603
3
0 2 40 17.136592 98 7.356867
1 2 148 3.542926 194 8.210458
2 2 132 13.543498 71 4.582864
3
0 2 40 10.111447 197 15.193855
1 2 156 19.243862 197 2.151184
2 2 163 11.322384 77 5.578909
3
0 2 40 8.395600 136 2.231015
1 2 177 14.047065 53 10.363597
2 2 197 15.199974 199 16.909108
3
0 2 40 12.220801 189 1.944542
1 2 155 12.203055 158 3.671195
2 2 146 17.859342 81 12.087831
3
0 2 40 8.896964 130 1.180498
1 2 55 12.577247 112 5.378966
2 2 124 2.737493 198 15.026292
3
0 2 40 10.789890 171 12.681044
1 2 138 14.648622 95 10.003678
2 2 139 7.285226 119 13.553643
3
0 2 40 19.169387 164 8.776530
1 2 146 13.438684 167 10.926830
2 2 150 5.638917 139 1.974904
3
0 2 40 14.969425 60 16.307454
1 2 108 6.999072 90 15.768352
2 2 197 8.832720 46 19.483843
3
0 2 40 3.971328 138 8.335091
1 2 151 14.476739 138 18.009416
2 2 191 12.001033 163 14.328749
3
0 2 40 18.296432 75 6.388798
1 2 108 4.091559 194 2.710344
2 2 148 16.790335 80 1.934086
3
0 2 40 3.417718 73 4.497139
1 2 84 12.510655 197 18.502483
2 2 155 7.840547 116 17.319737
3
0 2 40 18.574260 145 7.853702
1 2 116 17.759246 66 2.676837
2 2 180 4.365117 189 16.633766
3
0 2 40 1.079614 83 16.190683
1 2 66 15.815576 65 14.632730
2 2 126 9.167967 136 9.625392
3
0 2 60 11.592592 180 17.566212
1 2 90 12.450786 95 8.349781
2 2 85 9.072945 163 16.934797
3
0 2 60 7.763986 180 4.889254
1 2 60 1.401452 130 9.500903
2 2 103 19.575233 194 9.459383
3
0 2 60 15.510570 71 11.425748
1 2 190 6.163649 72 13.614601
2 2 70 4.892273 60 2.781908
3
0 2 60 15.843488 91 19.556774
1 2 61 3.920510 132 10.617291
2 2 74 11.766318 80 2.959751
3
0 2 60 13.738666 132 18.203966
1 2 158 8.920663 148 7.756910
2 2 61 6.802839 128 12.857318
3
0 2 60 4.133867 136 12.870798
1 2 135 8.715863 152 15.256899
2 2 105 18.761025 180 12.850912
3
0 2 60 6.525189 188 7.270792
1 2 128 13.732306 93 19.197606
2 2 184 13.751183 147 1.066993
3
0 2 60 7.639319 170 9.908012
1 2 186 10.749753 134 14.268882
2 2 189 10.730080 191 10.868475
3
0 2 60 7.005414 134 1.072915
1 2 65 8.757732 140 3.624445
2 2 118 6.069463 102 12.027920
3
0 2 60 6.195962 191 10.991866
1 2 171 19.453117 138 14.845831
2 2 85 5.243724 193 19.377187
3
0 2 60 1.568801 62 14.831415
1 2 119 1.816013 136 18.300797
2 2 171 11.004411 133 13.514349
3
0 2 60 17.036530 162 8.648157
1 2 149 8.908771 74 3.906492
2 2 61 11.154417 177 14.095955
3
0 2 60 3.223202 132 15.191773
1 2 151 4.345777 127 14.390670
2 2 145 10.618418 112 2.080499
3
0 2 60 13.687041 109 13.221669
1 2 183 13.190852 145 5.600898
2 2 168 2.868100 173 10.466546
3
0 2 60 7.014911 131 14.868987
1 2 168 14.435727 61 14.495874
2 2 65 4.659616 113 15.836927
3
0 2 60 9.744727 104 14.784149
1 2 101 1.826109 128 14.672883
2 2 113 11.598147 125 12.115995
3
0 2 60 12.751820 172 18.313149
1 2 105 11.051214 115 3.279399
2 2 142 10.016402 163 8.804343
3
0 2 60 14.369533 160 14.068794
1 2 162 14.879216 93 12.355400
2 2 170 5.887164 177 5.765877
3
0 2 60 10.864150 96 2.350086
1 2 102 11.435105 193 18.099252
2 2 173 11.007509 130 17.989744
3
0 2 60 7.320472 77 11.336614
1 2 61 14.210253 104 1.471772
2 2 128 18.499630 70 6.392652
3
0 2 80 8.029893 136 19.751051
1 2 98 17.091427 84 19.859518
2 2 158 17.020084 167 1.275683
3
0 2 80 7.285494 126 9.024274
1 2 180 1.311667 112 5.261471
2 2 126 1.683471 143 14.342884
3
0 2 80 2.016022 104 19.315762
1 2 198 15.243507 125 17.617077
2 2 178 1.199330 117 7.381731
3
0 2 80 16.791702 133 18.157221
1 2 195 18.986219 163 9.598225
2 2 159 10.024667 199 11.856600
3
0 2 80 12.636894 90 16.892152
1 2 134 18.492750 147 3.459034
2 2 185 14.967086 146 3.782851
3
0 2 80 6.732716 144 18.350870
1 2 169 10.787055 186 14.000753
2 2 147 4.139374 156 19.552775
3
0 2 80 14.824741 121 6.309599
1 2 197 17.369119 125 2.275444
2 2 196 7.853519 136 1.111131
3
0 2 80 4.940458 122 13.605149
1 2 91 14.655372 102 18.615083
2 2 98 9.751524 104 13.669655
3
0 2 80 8.149509 135 11.032705
1 2 81 6.041178 102 4.471293
2 2 167 15.228300 122 6.252094
3
0 2 80 6.340441 92 15.876456
1 2 127 6.545457 171 1.715140
2 2 120 12.789085 84 17.268870
3
0 2 80 9.132122 157 6.002814
1 2 109 6.914217 123 10.416929
2 2 179 8.211018 190 9.447427
3
0 2 80 7.153951 161 8.828366
1 2 125 17.271375 127 4.968033
2 2 90 5.683559 142 2.082254
3
0 2 80 6.327626 89 12.584615
1 2 101 15.122785 102 1.255471
2 2 194 7.987961 112 12.069765
3
0 2 80 12.732980 94 14.882774
1 2 83 19.541312 108 8.665587
2 2 170 13.542263 181 17.608987
3
0 2 80 2.271873 165 3.359821
1 2 152 10.353066 190 2.812806
2 2 133 12.016682 198 6.509403
3
0 2 80 19.239249 81 16.084020
1 2 90 16.750523 132 7.264735
2 2 190 5.191108 106 5.150024
3
0 2 80 13.686313 172 16.029472
1 2 95 7.541811 116 14.281412
2 2 139 1.732774 83 19.228718
3
0 2 80 10.669968 122 12.355932
1 2 157 10.172344 125 3.489037
2 2 98 8.032300 114 11.072068
3
0 2 80 6.281477 87 8.348921
1 2 89 14.168110 125 12.027567
2 2 133 7.727557 143 1.517499
3
0 2 80 2.670158 119 18.452903
1 2 146 1.231509 122 2.110586
2 2 180 9.887283 179 18.873720
3
0 2 100 18.607026 141 11.480214
1 2 135 16.519951 120 3.135929
2 2 131 3.979464 105 4.970983
3
0 2 100 2.374793 191 18.369150
1 2 110 16.712165 198 2.061134
2 2 122 3.521653 192 13.247067
3
0 2 100 16.173739 114 14.710442
1 2 135 16.936944 191 9.711530
2 2 188 17.495242 177 12.054805
3
0 2 100 10.139577 119 14.803443
1 2 136 7.068536 146 11.154460
2 2 186 5.695480 171 15.163844
3
0 2 100 1.516479 123 2.038114
1 2 195 4.768919 100 12.366081
2 2 198 9.333707 104 4.238196
3
0 2 100 16.551308 183 2.188153
1 2 162 3.286814 145 1.612679
2 2 101 10.741031 176 7.122720
3
0 2 100 4.155492 122 1.498282
1 2 189 8.416450 176 11.588634
2 2 131 4.433305 183 14.864518
3
0 2 100 15.214224 122 11.315615
1 2 142 4.801290 159 17.761843
2 2 103 18.534316 123 18.466489
3
0 2 100 6.956570 150 16.712451
1 2 127 6.133628 183 9.236728
2 2 134 6.226742 125 1.813401
3
0 2 100 3.947493 112 8.632073
1 2 184 8.560184 138 3.297106
2 2 186 5.462244 128 6.853463
3
0 2 100 16.341291 149 15.487521
1 2 108 14.632534 115 8.314010
2 2 127 16.221450 151 5.769011
3
0 2 100 18.902991 121 4.638684
1 2 104 6.354182 102 1.544382
2 2 139 9.623269 114 10.664693
3
0 2 100 11.846499 156 18.370150
1 2 169 9.433999 154 2.722672
2 2 105 16.750303 153 19.416560
3
0 2 100 19.871971 152 12.202677
1 2 119 9.322661 194 6.332927
2 2 137 15.957910 148 6.812259
3
0 2 100 6.886704 137 18.614794
1 2 172 14.984245 184 17.612216
2 2 133 17.241996 130 6.659351
3
0 2 100 15.042235 197 19.029938
1 2 145 10.139646 171 13.281490
2 2 152 8.352117 199 8.087366
3
0 2 100 16.586457 122 17.907250
1 2 151 6.995299 132 15.920491
2 2 125 3.848340 137 13.667623
3
0 2 100 15.826026 111 8.364372
1 2 109 8.561280 140 12.104451
2 2 181 13.323558 197 17.444056
3
0 2 100 18.822217 147 7.734991
1 2 165 14.973765 136 5.599590
2 2 148 19.538881 188 16.609999
3
0 2 100 11.359025 138 15.501060
1 2 113 13.741357 146 18.227758
2 2 118 15.595386 101 7.625834
3
0 2 120 5.982509 139 6.643799
1 2 162 3.994776 138 15.193303
2 2 184 11.508544 127 2.434827
3
0 2 120 11.771479 172 12.108837
1 2 182 16.614508 174 2.150093
2 2 136 9.573817 124 3.098268
3
0 2 120 1.029235 144 8.383151
1 2 141 19.071165 174 9.593623
2 2 171 9.910447 145 11.934669
3
0 2 120 14.519980 147 2.173761
1 2 171 19.945170 180 12.262897
2 2 134 5.658826 137 1.147315
3
0 2 120 13.805734 176 16.456414
1 2 146 10.936605 158 16.099259
2 2 122 1.987862 193 1.843031
3
0 2 120 15.480158 142 14.711954
1 2 125 6.468312 148 12.483112
2 2 134 10.791075 139 11.805929
3
0 2 120 11.448006 126 13.553842
1 2 156 19.145386 123 9.596264
2 2 189 1.906840 193 18.149039
3
0 2 120 7.284623 135 8.040549
1 2 124 3.410239 132 6.838776
2 2 196 15.481826 182 15.800539
3
0 2 120 8.225074 158 15.108178
1 2 148 18.744257 196 16.414848
2 2 134 3.599289 157 5.067207
3
0 2 120 17.021317 195 5.303369
1 2 186 8.460138 190 6.975799
2 2 179 9.318425 171 14.505339
3
0 2 120 6.579517 192 14.291832
1 2 166 1.803118 191 12.917746
2 2 132 12.712541 191 1.440898
3
0 2 120 6.512079 193 1.918039
1 2 156 10.745439 149 18.530040
2 2 192 9.296021 166 16.713426
3
0 2 120 16.608768 127 11.356132
1 2 138 11.595282 125 3.016349
2 2 120 7.922394 146 1.528876
3
0 2 120 12.879172 131 1.003116
1 2 132 13.601173 188 19.748327
2 2 157 1.701042 191 5.643486
3
0 2 120 15.514157 169 7.655339
1 2 173 18.915561 148 1.091088
2 2 188 16.850579 141 6.996238
3
0 2 120 4.745422 138 18.897892
1 2 169 5.144989 193 9.393076
2 2 159 13.095168 199 16.963261
3
0 2 120 14.329850 173 5.457246
1 2 164 16.783092 126 4.881207
2 2 125 1.424941 176 12.728610
3
0 2 120 2.670227 169 18.565343
1 2 135 3.337326 159 15.105178
2 2 165 13.638356 172 10.653702
3
0 2 120 16.006805 160 4.014717
1 2 146 8.014335 159 3.152019
2 2 175 1.288432 187 11.884000
3
0 2 120 11.229777 136 2.371390
1 2 199 14.610538 172 7.242995
2 2 159 14.122613 174 17.942989
3
0 2 140 15.385658 148 6.952248
1 2 160 15.567705 156 3.899546
2 2 156 17.430475 164 7.478445
3
0 2 140 2.056104 145 5.822310
1 2 197 14.439303 156 4.303260
2 2 152 2.247681 181 16.022728
3
0 2 140 8.896016 152 4.977852
1 2 144 10.956684 179 5.242967
2 2 193 10.301762 190 3.168101
3
0 2 140 12.908679 182 16.590000
1 2 172 11.379693 163 15.376818
2 2 172 14.350560 186 5.510015
3
0 2 140 18.263091 170 2.289200
1 2 153 4.234181 160 6.887326
2 2 161 4.058444 160 6.101826
3
0 2 140 12.754148 194 7.117623
1 2 198 10.158185 159 10.944614
2 2 172 17.318370 169 13.367492
3
0 2 140 19.196745 141 11.781686
1 2 162 17.369722 145 2.238699
2 2 197 12.145084 157 8.424605
3
0 2 140 18.000215 187 15.282164
1 2 197 1.119575 198 3.015968
2 2 157 18.528926 172 19.623861
3
0 2 140 11.544251 189 10.045724
1 2 155 13.308149 196 14.946512
2 2 145 13.861496 149 1.009248
3
0 2 140 2.034130 172 8.271844
1 2 142 15.455201 176 2.830600
2 2 167 13.418951 150 11.676744
3
0 2 140 2.808522 188 8.385170
1 2 174 19.590712 195 16.297697
2 2 165 4.186583 172 8.953142
3
0 2 140 4.794807 142 8.914759
1 2 186 11.615564 145 16.931950
2 2 195 3.274346 152 10.299847
3
0 2 140 12.177556 169 7.996240
1 2 145 13.241287 164 4.574322
2 2 169 5.227960 193 11.614818
3
0 2 140 18.544625 197 3.323945
1 2 199 9.223215 191 1.454914
2 2 149 3.157949 179 5.122730
3
0 2 140 3.501874 158 9.072168
1 2 180 9.004914 165 11.594005
2 2 181 12.351559 157 2.314662
3
0 2 140 18.490650 190 6.653833
1 2 196 18.876123 164 3.792521
2 2 185 1.374852 153 17.285030
3
0 2 140 17.526839 169 15.295670
1 2 148 5.438090 157 6.144648
2 2 163 14.871005 157 9.153961
3
0 2 140 16.353907 156 11.506074
1 2 179 4.383152 156 2.713932
2 2 151 12.883738 178 15.405465
3
0 2 140 6.592469 164 4.362326
1 2 160 7.028630 148 13.679202
2 2 157 17.341889 194 2.580762
3
0 2 140 2.658331 191 5.600217
1 2 188 6.468048 176 5.867183
2 2 174 14.981322 170 6.372346
3
0 2 160 3.239250 162 11.278631
1 2 164 8.102736 185 19.360629
2 2 188 14.155987 197 12.554396
3
0 2 160 16.097516 188 1.227997
1 2 172 1.294614 175 17.367432
2 2 167 17.748145 164 3.313119
3
0 2 160 5.387842 187 2.282644
1 2 186 11.499867 193 14.962454
2 2 190 5.376009 177 1.151302
3
0 2 160 4.006663 170 17.534428
1 2 194 17.164833 198 15.616529
2 2 190 11.119199 194 9.585409
3
0 2 160 12.995987 174 17.487703
1 2 199 19.609567 188 7.041495
2 2 183 2.907553 189 9.015993
3
0 2 160 12.548734 182 2.653462
1 2 160 2.290883 182 16.744011
2 2 176 4.259684 174 6.785419
3
0 2 160 1.188540 168 13.000946
1 2 171 6.200218 183 5.781060
2 2 176 5.067717 196 16.508679
3
0 2 160 14.846209 172 1.839499
1 2 169 12.488290 186 11.983305
2 2 192 11.658343 186 2.887993
3
0 2 160 1.881658 185 4.377966
1 2 176 6.060622 183 16.815081
2 2 161 7.435024 192 18.796398
3
0 2 160 15.797662 186 15.769185
1 2 199 8.848431 197 1.297596
2 2 173 6.582731 165 2.328676
3
0 2 160 18.787946 178 2.863985
1 2 189 13.936146 188 2.755325
2 2 168 16.191226 164 14.452205
3
0 2 160 9.720000 173 16.688077
1 2 176 17.665803 170 9.119941
2 2 177 16.756084 198 18.813307
3
0 2 160 4.434516 174 2.395547
1 2 187 15.567590 184 11.504887
2 2 191 13.494225 194 5.373672
3
0 2 160 4.426467 174 3.675581
1 2 174 2.748327 173 9.133414
2 2 170 6.968722 162 8.983686
3
0 2 160 5.159307 193 12.709097
1 2 176 18.518450 199 17.893830
2 2 194 16.938829 180 18.306912
3
0 2 160 15.604132 194 14.080942
1 2 169 12.203031 172 10.821834
2 2 198 17.947868 186 5.200846
3
0 2 160 10.918892 178 4.754820
1 2 195 9.890365 187 6.531374
2 2 188 6.447242 168 10.059981
3
0 2 160 7.279981 196 12.940159
1 2 178 17.713920 173 13.364580
2 2 170 7.165387 183 7.164486
3
0 2 160 16.692497 186 6.477590
1 2 166 17.291326 180 6.944076
2 2 161 5.281121 184 11.198701
3
0 2 160 18.876358 186 16.919826
1 2 195 17.725019 193 6.337306
2 2 164 3.686250 188 2.881843
3
0 2 180 5.788029 181 13.872531
1 2 184 2.912899 183 13.684609
2 2 194 8.770806 197 16.391090
3
0 2 180 8.616877 195 3.495183
1 2 181 11.479131 196 13.373824
2 2 186 13.172050 197 11.854906
3
0 2 180 11.371399 181 1.511259
1 2 196 16.091274 193 4.440730
2 2 190 11.777586 197 2.262878
3
0 2 180 11.976787 195 15.921618
1 2 183 6.586198 195 8.832297
2 2 198 8.282507 193 15.208450
3
0 2 180 5.931381 195 3.041613
1 2 197 2.924484 194 16.913176
2 2 188 5.053931 180 19.553997
3
0 2 180 3.763521 182 14.089478
1 2 184 11.497326 185 6.219944
2 2 196 4.181583 199 5.228988
3
0 2 180 2.821352 183 2.903135
1 2 194 12.740577 181 17.969247
2 2 180 17.277514 199 7.891037
3
0 2 180 2.053824 198 14.812401
1 2 186 14.522330 196 12.500184
2 2 188 2.663097 190 10.067203
3
0 2 180 8.418814 193 14.772666
1 2 198 10.395720 195 13.068046
2 2 197 16.598634 189 2.957037
3
0 2 180 6.604035 189 8.600761
1 2 181 12.335275 186 12.221613
2 2 181 6.451053 180 5.844716
3
0 2 180 16.121349 182 14.044033
1 2 192 11.654505 187 19.215520
2 2 184 2.556610 195 10.240574
3
0 2 180 3.217477 192 4.644483
1 2 181 7.202217 187 8.247178
2 2 197 14.087198 196 19.908419
3
0 2 180 5.504487 194 15.537590
1 2 181 11.414274 186 5.709580
2 2 195 17.660663 184 3.306184
3
0 2 180 8.312595 199 19.605241
1 2 196 13.507052 186 17.162880
2 2 192 5.482529 193 16.592409
3
0 2 180 11.515238 186 2.100335
1 2 180 16.032303 184 10.415010
2 2 195 9.396996 187 13.615974
3
0 2 180 6.448363 189 4.540017
1 2 191 5.747722 197 1.671164
2 2 194 15.282968 199 3.804568
3
0 2 180 5.260115 185 13.401270
1 2 196 18.629389 184 10.135140
2 2 191 12.417901 187 15.985936
3
0 2 180 15.941655 189 12.480604
1 2 180 8.228658 189 2.484026
2 2 199 13.831754 183 7.295082
3
0 2 180 19.265635 188 3.490437
1 2 181 12.640534 193 7.481353
2 2 189 7.942070 186 19.518224
3
0 2 180 1.203672 188 13.833986
1 2 183 13.814733 195 18.632355
2 2 187 8.440831 183 1.585778
3
0 1 199 11.916452
1 1 199 12.584717
2 1 199 5.646654
3
0 1 199 13.110284
1 1 199 13.131596
2 1 199 4.568308
3
0 1 199 17.925349
1 1 199 1.745539
2 1 199 16.044806
3
0 1 199 17.452475
1 1 199 11.504856
2 1 199 12.713746
3
0 1 199 9.084190
1 1 199 16.247725
2 1 199 4.401115
3
0 1 199 15.831856
1 1 199 6.186542
2 1 199 2.298496
3
0 1 199 12.337260
1 1 199 6.314361
2 1 199 4.431307
3
0 1 199 11.174291
1 1 199 18.726743
2 1 199 7.161229
3
0 1 199 18.838286
1 1 199 16.479330
2 1 199 11.034063
3
0 1 199 1.936251
1 1 199 17.741526
2 1 199 3.133793
3
0 1 199 8.817072
1 1 199 10.292255
2 1 199 12.970907
3
0 1 199 11.402913
1 1 199 15.089086
2 1 199 4.292242
3
0 1 199 13.653098
1 1 199 15.977749
2 1 199 17.659738
3
0 1 199 11.455244
1 1 199 17.050207
2 1 199 14.982874
3
0 1 199 2.090918
1 1 199 19.180085
2 1 199 8.547299
3
0 1 199 13.866931
1 1 199 16.096896
2 1 199 13.481766
3
0 1 199 18.125324
1 1 199 18.153863
2 1 199 17.272902
3
0 1 199 8.528061
1 1 199 17.763880
2 1 199 17.756860
3
0 1 199 7.151211
1 1 199 5.642478
2 1 199 14.327487
0
