100 99
3
0 2 10 10.367852 58 13.946010
1 2 36 2.948255 14 12.810310
2 2 80 19.121208 23 7.015716
3
0 2 10 19.950635 81 5.017245
1 2 48 19.316957 23 1.343785
2 2 66 3.728354 87 16.843497
3
0 2 10 7.083024 84 7.646094
1 2 21 19.413974 94 9.806169
2 2 68 9.150258 89 4.882174
3
0 2 10 5.502747 94 9.806149
1 2 55 4.314019 80 1.103651
2 2 20 3.125087 93 15.360196
3
0 2 10 6.442165 98 2.444098
1 2 18 14.445724 87 12.925854
2 2 10 13.695752 74 7.329617
3
0 2 10 8.671438 55 19.729616
1 2 71 14.882600 56 12.645384
2 2 74 13.141624 36 1.320098
3
0 2 10 9.879126 17 19.348875
1 2 85 13.735689 78 4.741965
2 2 54 18.193212 70 13.405287
3
0 2 10 7.386417 44 4.172268
1 2 32 1.876705 72 13.171397
2 2 10 12.112817 53 7.206639
3
0 2 10 19.101878 16 7.714123
1 2 14 4.854069 25 1.704133
2 2 25 2.913689 41 5.362628
3
0 2 10 14.099237 70 13.461372
1 2 44 17.358998 83 19.703395
2 2 93 7.900264 34 10.764698
3
0 2 20 11.093395 55 6.173653
1 2 33 18.274448 98 3.700358
2 2 73 1.609709 41 6.230715
3
0 2 20 10.021429 95 7.292442
1 2 78 17.466786 82 8.810576
2 2 21 14.561988 54 4.828123
3
0 2 20 5.065101 99 2.548735
1 2 28 10.354528 90 14.291427
2 2 93 7.348135 61 16.539195
3
0 2 20 16.428060 67 1.828559
1 2 79 8.826083 28 4.213059
2 2 45 12.314251 87 11.134452
3
0 2 20 2.362498 26 1.068761
1 2 62 7.885903 44 13.946998
2 2 29 5.010838 60 6.155883
3
0 2 20 15.578349 48 13.517813
1 2 42 11.740530 72 1.783077
2 2 91 6.895507 29 14.324092
3
0 2 20 5.906825 61 2.413552
1 2 57 12.182537 66 4.800528
2 2 91 16.792146 41 4.025113
3
0 2 20 13.614839 24 11.956850
1 2 28 19.956114 85 5.997322
2 2 69 19.747204 20 8.560917
3
0 2 20 19.587208 53 12.239813
1 2 44 19.194438 55 11.714025
2 2 66 7.758319 32 14.343532
3
0 2 20 9.565304 51 15.912353
1 2 88 14.360856 53 14.156096
2 2 42 2.363368 95 6.041860
3
0 2 30 16.010925 48 11.223765
1 2 92 15.633268 32 5.224601
2 2 68 15.904321 71 14.491774
3
0 2 30 7.920331 71 15.561722
1 2 61 3.722079 30 6.142926
2 2 59 3.067773 81 8.751590
3
0 2 30 5.157392 40 13.739994
1 2 81 18.645908 84 4.985790
2 2 64 19.307442 65 5.476754
3
0 2 30 18.686317 56 10.314771
1 2 49 3.069634 48 4.257417
2 2 44 15.696679 37 2.058547
3
0 2 30 6.444837 59 8.594326
1 2 91 3.783679 40 19.429718
2 2 90 12.682868 53 9.306696
3
0 2 30 2.944732 48 17.777727
1 2 36 13.186415 38 12.760436
2 2 60 2.582292 36 10.359686
3
0 2 30 7.577115 85 13.594858
1 2 84 1.711919 37 4.648542
2 2 53 11.981834 66 18.807463
3
0 2 30 2.967348 50 11.691819
1 2 70 19.456804 71 2.686363
2 2 63 8.227286 87 9.609675
3
0 2 30 12.862014 90 8.235381
1 2 84 2.179028 43 17.908400
2 2 76 14.829551 65 12.745989
3
0 2 30 13.796919 43 18.957907
1 2 94 13.011315 31 15.685829
2 2 94 11.338566 69 10.301813
3
0 2 40 2.696359 57 17.264506
1 2 53 12.307404 93 19.564784
2 2 59 18.667178 98 13.644983
3
0 2 40 2.298386 84 9.277672
1 2 69 6.035005 86 13.406433
2 2 41 11.814200 93 14.809196
3
0 2 40 12.325065 54 8.415296
1 2 84 5.061524 83 19.657945
2 2 81 17.853187 70 13.301673
3
0 2 40 11.879735 97 5.644467
1 2 77 15.457263 43 1.420310
2 2 81 12.800831 65 11.688646
3
0 2 40 6.011038 78 9.047435
1 2 45 12.102300 91 15.054769
2 2 55 5.835601 81 5.971386
3
0 2 40 19.105784 50 17.075653
1 2 75 5.155930 61 1.153839
2 2 44 13.310338 47 17.218825
3
0 2 40 9.142598 54 2.920638
1 2 75 2.969953 72 7.663740
2 2 68 16.806200 98 14.321177
3
0 2 40 6.429269 82 6.723920
1 2 47 16.169997 72 1.370861
2 2 45 18.686438 74 10.624726
3
0 2 40 7.546648 83 15.680198
1 2 43 12.154275 74 7.488871
2 2 48 15.246076 90 18.230584
3
0 2 40 5.735197 43 10.824006
1 2 45 18.448850 53 3.661379
2 2 84 13.756136 44 5.669687
3
0 2 50 14.491153 71 11.019100
1 2 59 6.265939 60 16.615034
2 2 91 16.722559 97 12.042643
3
0 2 50 12.417839 52 1.081396
1 2 91 3.577957 60 19.854211
2 2 57 2.781571 60 15.010873
3
0 2 50 12.751729 85 12.509320
1 2 93 5.980514 92 7.170520
2 2 95 2.233942 60 12.134907
3
0 2 50 6.857901 94 15.481731
1 2 57 12.237408 90 18.074228
2 2 81 12.402509 71 7.061221
3
0 2 50 11.784910 53 19.027147
1 2 62 3.608588 89 14.984151
2 2 78 6.229972 88 3.512372
3
0 2 50 8.030138 78 2.365260
1 2 66 11.835799 60 14.372214
2 2 89 6.937426 68 13.800095
3
0 2 50 13.945618 59 14.527337
1 2 89 12.918927 72 7.801613
2 2 76 3.715782 80 18.009580
3
0 2 50 12.850232 60 3.447207
1 2 53 5.575367 97 17.588197
2 2 56 9.131388 91 10.980737
3
0 2 50 1.808788 63 14.153880
1 2 63 2.346838 98 8.045598
2 2 73 17.574180 62 9.754017
3
0 2 50 12.070577 78 9.124571
1 2 92 18.118313 91 12.625831
2 2 56 8.974650 70 10.338948
3
0 2 60 12.089570 96 17.661673
1 2 99 5.990714 85 18.263595
2 2 76 8.560999 61 7.926617
3
0 2 60 1.226602 90 10.036036
1 2 96 4.835529 70 5.824500
2 2 92 8.602611 88 13.931756
3
0 2 60 14.357475 83 2.924522
1 2 61 14.671537 90 6.087088
2 2 88 18.111968 98 8.659048
3
0 2 60 14.099713 72 1.123120
1 2 96 18.554958 89 15.939858
2 2 75 4.724986 66 6.254790
3
0 2 60 2.173324 91 19.566548
1 2 91 1.523940 95 10.854810
2 2 78 16.284331 94 11.370327
3
0 2 60 18.618491 78 16.012018
1 2 68 18.934200 99 10.976722
2 2 65 7.087904 77 13.358512
3
0 2 60 13.051338 73 7.171860
1 2 71 10.963633 82 5.546455
2 2 61 18.175653 89 7.934870
3
0 2 60 16.327519 94 16.798714
1 2 77 15.776952 85 8.430807
2 2 80 13.812452 74 9.750887
3
0 2 60 10.124976 76 7.641764
1 2 69 8.281262 77 5.984257
2 2 78 2.848463 79 6.055788
3
0 2 60 15.334220 84 7.161087
1 2 76 6.022684 85 17.781171
2 2 67 4.517822 87 5.292417
3
0 2 70 5.167088 97 10.570697
1 2 76 14.687831 89 1.445007
2 2 74 18.933073 76 8.360089
3
0 2 70 12.050912 80 14.011420
1 2 94 4.486232 86 19.960438
2 2 92 10.729433 70 7.864418
3
0 2 70 2.314248 78 12.900519
1 2 70 13.287964 71 5.537297
2 2 88 17.257856 79 14.144777
3
0 2 70 3.955175 93 17.186503
1 2 85 2.009500 92 3.857167
2 2 87 10.424506 79 16.162794
3
0 2 70 8.267733 90 19.010807
1 2 77 19.045316 76 4.686535
2 2 95 11.910862 76 8.885775
3
0 2 70 17.924781 79 2.713724
1 2 91 17.203045 95 18.611288
2 2 87 7.278946 78 7.720851
3
0 2 70 4.332660 72 5.349184
1 2 83 4.683304 99 6.992653
2 2 74 18.636234 91 11.301135
3
0 2 70 5.335791 90 2.067976
1 2 74 13.125724 70 15.344880
2 2 78 7.759153 96 4.408719
3
0 2 70 3.070775 74 9.535156
1 2 85 9.910145 77 15.171890
2 2 82 6.214876 93 3.288981
3
0 2 70 18.081770 88 1.889790
1 2 93 2.354537 81 12.315116
2 2 70 1.558237 82 11.188275
3
0 2 80 7.712177 99 12.022181
1 2 80 5.941325 96 8.064333
2 2 89 10.460927 84 15.004066
3
0 2 80 5.686629 93 10.807420
1 2 95 4.786960 84 13.842032
2 2 86 10.460099 99 10.547298
3
0 2 80 1.855900 81 9.509945
1 2 81 5.792726 92 3.731246
2 2 84 6.036849 90 4.909205
3
0 2 80 4.498842 86 9.604627
1 2 99 3.822087 85 16.411138
2 2 84 2.587256 82 19.832076
3
0 2 80 13.342180 98 9.361567
1 2 98 15.076534 97 16.066160
2 2 82 11.988207 89 9.108869
3
0 2 80 17.928393 99 16.751747
1 2 91 5.617365 93 13.029423
2 2 96 10.734906 97 16.774570
3
0 2 80 3.233690 99 19.772424
1 2 94 2.543355 85 3.651073
2 2 97 14.646312 94 11.657898
3
0 2 80 7.606635 92 14.885790
1 2 84 18.816784 95 19.489057
2 2 81 8.749497 88 4.786435
3
0 2 80 14.085714 95 16.133099
1 2 97 1.173550 92 12.278288
2 2 82 15.479218 93 11.236354
3
0 2 80 16.150579 96 3.979261
1 2 97 18.135467 98 12.942649
2 2 85 4.237158 91 6.704113
3
0 2 90 1.801146 98 8.867285
1 2 99 14.729051 96 1.678544
2 2 93 13.028184 90 19.501476
3
0 2 90 15.254521 95 14.525202
1 2 91 16.150438 92 2.023569
2 2 98 14.752863 90 5.815300
3
0 2 90 9.378848 96 18.099563
1 2 96 18.421336 92 1.542458
2 2 95 5.329365 98 8.201825
3
0 2 90 16.347106 98 9.159632
1 2 97 10.714592 98 7.035793
2 2 97 8.034560 95 12.862575
3
0 2 90 10.501481 93 10.319348
1 2 96 2.621794 90 5.281005
2 2 94 13.598972 93 13.859218
3
0 2 90 1.723408 92 6.804375
1 2 97 15.479480 96 1.391405
2 2 90 17.585252 92 1.565191
3
0 2 90 11.999941 95 19.373388
1 2 94 10.038987 97 17.689208
2 2 96 18.250996 94 17.084730
3
0 2 90 12.886255 97 9.198331
1 2 94 14.170501 93 12.419554
2 2 98 13.044988 92 12.377665
3
0 2 90 16.437147 98 6.596179
1 2 90 4.077976 96 3.206039
2 2 91 10.640565 90 18.194172
3
0 2 90 2.892207 91 9.045711
1 2 94 12.273952 90 14.919124
2 2 92 18.117960 94 8.879895
3
0 1 99 10.929114
1 1 99 4.219192
2 1 99 16.627695
3
0 1 99 14.048729
1 1 99 4.992976
2 1 99 7.103153
3
0 1 99 2.643254
1 1 99 4.225938
2 1 99 13.488059
3
0 1 99 6.041822
1 1 99 9.943497
2 1 99 12.555638
3
0 1 99 11.006620
1 1 99 15.601495
2 1 99 3.037155
3
0 1 99 1.459067
1 1 99 3.301742
2 1 99 8.083181
3
0 1 99 11.934372
1 1 99 16.779300
2 1 99 16.633400
3
0 1 99 10.997981
1 1 99 17.636877
2 1 99 11.853344
3
0 1 99 16.887349
1 1 99 15.519847
2 1 99 9.840242
0
