100 99
3
0 2 10 12.503340 95 17.997582
1 2 31 6.000952 26 10.657322
2 2 50 5.987470 13 18.472584
3
0 2 10 13.375254 24 10.579089
1 2 33 2.908394 56 14.257038
2 2 10 3.841300 87 1.751297
3
0 2 10 19.967144 98 9.885933
1 2 90 1.067462 55 16.644418
2 2 86 12.934417 13 12.098267
3
0 2 10 12.697283 68 14.336517
1 2 94 12.939297 86 18.216323
2 2 63 15.662035 51 2.973915
3
0 2 10 15.968282 15 2.545464
1 2 49 1.136571 92 5.042960
2 2 84 4.679937 91 7.893648
3
0 2 10 3.480005 68 8.038425
1 2 94 10.477896 72 7.923438
2 2 52 2.357714 44 1.066134
3
0 2 10 5.228644 55 9.467764
1 2 12 8.998957 67 18.549619
2 2 22 8.349023 34 8.868210
3
0 2 10 10.199106 47 6.709464
1 2 41 9.432306 56 13.211661
2 2 70 16.297146 94 5.033134
3
0 2 10 18.558882 23 14.355311
1 2 55 12.136487 88 9.212710
2 2 97 19.921872 30 6.377264
3
0 2 10 16.243953 55 3.653437
1 2 99 2.780124 65 12.603681
2 2 13 13.965131 37 5.761338
3
0 2 20 17.914579 73 3.201246
1 2 33 7.326892 49 3.334487
2 2 61 9.442966 65 12.315770
3
0 2 20 11.760165 41 1.065065
1 2 55 7.851209 50 14.307089
2 2 87 12.165176 38 17.043573
3
0 2 20 6.094602 47 9.029096
1 2 81 6.166301 50 2.667619
2 2 35 14.401381 71 5.367695
3
0 2 20 7.850802 36 18.907921
1 2 69 9.545227 51 7.992794
2 2 43 14.839422 65 19.642215
3
0 2 20 8.466065 40 3.565161
1 2 26 9.207921 54 15.061937
2 2 66 3.250386 99 8.866123
3
0 2 20 11.651645 40 18.242352
1 2 50 18.199812 81 17.743889
2 2 97 6.223717 84 4.938728
3
0 2 20 17.995294 81 7.628286
1 2 59 1.154899 41 19.142818
2 2 24 16.142273 80 9.160942
3
0 2 20 3.585057 32 12.202554
1 2 95 17.060311 35 9.343146
2 2 31 14.081235 84 19.835671
3
0 2 20 13.790519 81 2.003290
1 2 91 10.543030 53 17.907226
2 2 56 1.882102 54 2.340378
3
0 2 20 4.077572 57 2.402415
1 2 66 11.137026 67 18.425407
2 2 44 18.041423 56 19.972224
3
0 2 30 19.493074 91 5.590610
1 2 31 4.000379 88 7.387908
2 2 37 19.240238 95 18.441340
3
0 2 30 1.234020 60 17.546238
1 2 76 7.909651 59 9.076407
2 2 87 13.237541 71 16.476596
3
0 2 30 1.798128 99 2.897052
1 2 44 12.818117 30 19.597928
2 2 97 17.078463 63 14.044585
3
0 2 30 12.233988 74 5.174301
1 2 57 5.330652 45 4.989787
2 2 74 12.493345 94 19.720053
3
0 2 30 18.605984 45 12.511786
1 2 46 15.762635 59 5.930813
2 2 38 2.123933 35 11.204937
3
0 2 30 1.499071 73 6.350296
1 2 41 8.492521 88 6.142775
2 2 60 10.125036 88 3.565347
3
0 2 30 17.428322 59 14.180148
1 2 98 4.180846 55 3.306561
2 2 62 16.578918 77 7.097269
3
0 2 30 18.631867 39 14.452638
1 2 73 3.321598 69 8.327657
2 2 93 6.685682 33 12.045701
3
0 2 30 5.653948 67 1.920604
1 2 57 13.730760 76 9.536803
2 2 91 19.928471 65 5.609853
3
0 2 30 9.800605 85 2.551526
1 2 59 15.120066 31 9.107023
2 2 53 1.714510 80 13.020243
3
0 2 40 4.185762 83 4.603359
1 2 59 15.274810 89 7.290111
2 2 55 9.780520 79 7.994461
3
0 2 40 13.471340 72 2.004103
1 2 78 19.857579 86 5.662281
2 2 82 16.834094 69 13.775362
3
0 2 40 7.078674 77 14.769585
1 2 71 14.084580 40 17.702906
2 2 51 14.531498 58 13.411528
3
0 2 40 12.427699 50 4.168206
1 2 81 6.095659 96 8.426863
2 2 60 17.539631 76 14.152389
3
0 2 40 15.723819 86 3.105517
1 2 43 12.272762 82 3.970427
2 2 75 17.898986 69 13.601007
3
0 2 40 19.894185 51 9.866513
1 2 46 10.146773 58 8.015237
2 2 66 8.346726 73 5.440364
3
0 2 40 1.591143 46 3.320386
1 2 90 7.789665 51 1.108981
2 2 93 5.545925 58 9.537566
3
0 2 40 3.317115 41 12.495196
1 2 71 2.573580 94 1.445657
2 2 96 11.111538 45 9.698528
3
0 2 40 18.202002 53 16.779573
1 2 44 14.474753 80 11.111977
2 2 77 19.378402 68 19.816693
3
0 2 40 10.313169 86 7.247622
1 2 72 12.642942 67 2.630678
2 2 82 6.375249 85 7.340963
3
0 2 50 14.859810 57 1.705380
1 2 61 11.317198 70 12.788600
2 2 58 7.132848 95 12.360288
3
0 2 50 14.132692 88 4.105368
1 2 86 6.983342 61 5.310383
2 2 59 2.049622 64 2.484067
3
0 2 50 14.112838 56 12.371973
1 2 87 8.877349 93 5.578261
2 2 88 16.088158 71 4.200170
3
0 2 50 4.632018 52 5.855898
1 2 73 10.658582 99 11.891592
2 2 78 7.540346 93 16.328006
3
0 2 50 1.020374 76 15.783061
1 2 70 5.105244 52 15.584487
2 2 93 11.387145 89 12.305750
3
0 2 50 4.290342 97 9.600508
1 2 68 11.367924 98 3.276233
2 2 52 10.383063 80 18.818370
3
0 2 50 15.241826 57 10.700653
1 2 92 4.224843 82 14.951237
2 2 82 9.372641 56 9.845661
3
0 2 50 10.333432 75 3.428632
1 2 50 9.518774 95 5.853501
2 2 94 4.766224 74 14.731208
3
0 2 50 14.267840 72 9.982256
1 2 99 16.903590 80 2.204341
2 2 85 18.637555 68 9.082387
3
0 2 50 2.279788 61 9.275173
1 2 57 1.298929 93 19.414898
2 2 79 15.640881 87 5.634802
3
0 2 60 11.158368 89 1.411000
1 2 84 10.809606 68 1.626747
2 2 91 11.693055 79 17.172756
3
0 2 60 10.369993 96 19.079585
1 2 82 14.911273 74 17.816923
2 2 82 8.530556 98 1.597875
3
0 2 60 3.298199 69 13.376084
1 2 79 2.584167 64 3.187044
2 2 93 19.355687 74 6.094372
3
0 2 60 19.004445 96 15.849339
1 2 66 8.046424 91 8.677437
2 2 61 18.875297 81 9.910852
3
0 2 60 2.337822 76 12.792399
1 2 80 16.356938 85 8.047554
2 2 77 10.621319 96 14.920929
3
0 2 60 15.442155 92 19.045210
1 2 95 16.431763 86 9.745934
2 2 60 7.819834 85 18.396932
3
0 2 60 16.975055 94 11.105257
1 2 62 16.616523 93 19.276414
2 2 70 14.157682 60 17.914975
3
0 2 60 10.044912 74 10.374039
1 2 86 10.983266 68 11.675204
2 2 92 12.361077 62 1.053044
3
0 2 60 4.171738 61 17.730352
1 2 65 10.912557 86 15.581093
2 2 65 10.342424 63 11.348838
3
0 2 60 7.659209 83 16.888548
1 2 67 10.201074 84 12.471458
2 2 60 9.787858 99 2.067407
3
0 2 70 16.690182 93 15.735055
1 2 81 2.720053 74 16.440085
2 2 82 6.253330 80 12.081373
3
0 2 70 3.881260 73 8.913938
1 2 81 16.129413 91 14.871620
2 2 92 3.256060 85 2.299008
3
0 2 70 12.995401 82 15.313499
1 2 74 6.626346 76 16.386119
2 2 86 18.924888 94 12.722984
3
0 2 70 3.264019 84 3.977120
1 2 73 18.101899 75 6.771162
2 2 96 5.724654 92 3.840290
3
0 2 70 14.420529 73 13.091793
1 2 80 17.739341 86 18.717151
2 2 84 9.509779 93 8.892347
3
0 2 70 10.719155 78 12.183431
1 2 71 16.460159 96 18.600992
2 2 71 8.681557 81 13.328905
3
0 2 70 4.249658 74 16.632563
1 2 96 7.646664 76 7.456450
2 2 94 5.633719 87 5.270716
3
0 2 70 11.191006 82 8.753560
1 2 90 13.770004 72 8.159861
2 2 84 9.668841 94 10.161222
3
0 2 70 5.998863 82 16.602006
1 2 85 18.059417 81 17.524889
2 2 92 18.252038 77 3.459064
3
0 2 70 11.901480 89 10.699951
1 2 79 10.469698 78 1.859050
2 2 79 16.901098 86 13.611672
3
0 2 80 3.741117 83 1.718010
1 2 95 15.735869 90 16.725389
2 2 96 12.389607 93 9.824356
3
0 2 80 15.224280 91 19.139518
1 2 87 2.548987 82 6.269398
2 2 81 10.395764 80 19.284804
3
0 2 80 3.132530 96 9.718367
1 2 89 10.864562 92 2.628696
2 2 89 15.565567 81 19.127820
3
0 2 80 11.836947 84 16.953403
1 2 88 5.594256 98 4.207196
2 2 84 1.220052 87 18.242584
3
0 2 80 14.258257 82 3.154718
1 2 96 4.914890 83 15.123176
2 2 97 16.650717 94 8.665619
3
0 2 80 7.925971 98 3.286940
1 2 93 11.388774 89 8.058905
2 2 80 8.311835 88 17.519698
3
0 2 80 2.394097 95 3.092016
1 2 91 3.677126 84 11.910116
2 2 90 1.149650 83 8.109035
3
0 2 80 16.717131 95 19.097629
1 2 87 18.431188 86 12.050707
2 2 89 8.957350 82 2.605087
3
0 2 80 4.031811 83 9.202092
1 2 89 18.403120 80 17.935119
2 2 87 3.901831 83 12.145638
3
0 2 80 9.928914 84 12.403854
1 2 90 9.027571 84 15.870932
2 2 96 15.935948 91 13.316404
3
0 2 90 10.053385 91 5.798617
1 2 91 1.149355 90 16.778651
2 2 93 12.950758 98 12.176717
3
0 2 90 12.886268 94 7.439719
1 2 99 5.827567 92 3.172491
2 2 96 5.595998 93 15.120001
3
0 2 90 17.404570 99 12.116742
1 2 93 7.568704 98 5.158235
2 2 92 6.146155 90 6.254059
3
0 2 90 6.106940 94 3.828115
1 2 97 11.689128 93 5.109312
2 2 94 4.111985 97 7.537705
3
0 2 90 11.558958 91 7.312675
1 2 91 12.203169 95 15.923816
2 2 96 14.721294 94 5.590481
3
0 2 90 16.039205 97 6.865756
1 2 99 17.952298 94 15.566181
2 2 94 4.286780 90 19.154927
3
0 2 90 17.865998 92 2.610055
1 2 91 19.180781 92 6.093643
2 2 92 12.428639 94 8.583836
3
0 2 90 19.271618 91 4.704681
1 2 93 2.745814 97 18.883804
2 2 97 4.600520 91 7.704658
3
0 2 90 8.659971 97 8.826128
1 2 99 14.761473 90 16.183393
2 2 92 16.935456 99 8.572538
3
0 2 90 7.659589 98 9.631574
1 2 98 2.656515 94 6.641926
2 2 90 15.938333 94 2.578739
3
0 1 99 2.973871
1 1 99 18.185645
2 1 99 2.103085
3
0 1 99 7.565700
1 1 99 6.983965
2 1 99 14.325641
3
0 1 99 2.662767
1 1 99 13.986610
2 1 99 10.348256
3
0 1 99 2.073745
1 1 99 12.953866
2 1 99 6.358463
3
0 1 99 17.920913
1 1 99 6.042176
2 1 99 15.600929
3
0 1 99 18.435565
1 1 99 1.114018
2 1 99 3.568262
3
0 1 99 11.044068
1 1 99 1.154878
2 1 99 13.505468
3
0 1 99 13.652552
1 1 99 18.244256
2 1 99 1.846921
3
0 1 99 10.444825
1 1 99 6.050010
2 1 99 9.063339
0
