20 19
3
0 2 5 6.321813 19 11.172071
1 2 13 19.929709 15 18.690723
2 2 10 18.481846 8 9.263302
3
0 2 5 15.308303 9 12.673536
1 2 14 6.518094 18 12.644431
2 2 18 7.264754 7 18.002869
3
0 2 5 18.633399 6 14.887070
1 2 17 6.309635 9 18.686967
2 2 6 14.513254 18 3.836927
3
0 2 5 5.130254 9 11.031187
1 2 18 1.672165 11 18.868649
2 2 18 5.679759 7 19.467659
3
0 2 5 2.947056 14 8.557209
1 2 15 1.270047 12 19.812458
2 2 14 9.913288 8 19.085974
3
0 2 10 11.381187 17 3.058995
1 2 11 14.597499 19 13.698230
2 2 18 12.068660 16 1.623229
3
0 2 10 17.215000 18 2.040830
1 2 12 7.915988 19 6.057523
2 2 19 19.805907 18 11.071048
3
0 2 10 6.866998 11 5.728087
1 2 14 16.527563 15 9.082722
2 2 18 2.782546 14 5.389453
3
0 2 10 3.255594 13 10.495508
1 2 11 16.626422 17 18.180995
2 2 19 11.546132 12 7.549738
3
0 2 10 11.244814 18 14.978318
1 2 11 5.691779 13 12.642413
2 2 14 9.253298 16 10.470844
3
0 2 15 12.593742 18 15.087048
1 2 18 8.685029 16 17.222154
2 2 18 6.870726 15 15.245846
3
0 2 15 4.877010 16 6.654770
1 2 16 6.322618 18 2.022593
2 2 16 8.348537 17 12.678363
3
0 2 15 4.226374 17 17.127995
1 2 18 1.788735 19 19.580379
2 2 19 2.788860 15 13.548505
3
0 2 15 9.439505 19 16.081013
1 2 16 19.567352 19 10.773340
2 2 19 1.409663 16 10.008921
3
0 2 15 18.164996 17 8.026327
1 2 15 16.967603 17 2.095140
2 2 15 12.358943 16 14.839135
3
0 2 19 1.914752 19 3.724058
1 2 19 13.021346 19 10.790838
2 2 19 17.122690 19 11.515392
3
0 2 19 4.921918 19 3.063875
1 2 19 3.590877 19 5.034661
2 2 19 18.330977 19 7.965349
3
0 2 19 3.269068 19 17.198585
1 2 19 11.765291 19 7.056487
2 2 19 18.575798 19 6.301302
3
0 2 19 2.470337 19 13.169586
1 2 19 15.180821 19 5.999454
2 2 19 7.612537 19 18.160167
0
