20 19
3
0 2 5 14.466012 19 3.603418
1 2 7 8.741254 16 1.429871
2 2 14 11.268380 13 13.573708
3
0 2 5 17.174199 13 10.306633
1 2 7 4.079568 13 11.363593
2 2 6 4.710854 8 15.661489
3
0 2 5 12.833160 17 7.635809
1 2 19 4.614117 14 3.718693
2 2 7 16.124764 9 2.288020
3
0 2 5 4.638668 18 2.445266
1 2 17 1.180658 12 4.845663
2 2 6 9.479144 14 5.206089
3
0 2 5 14.294170 15 11.577679
1 2 15 11.836632 8 8.543132
2 2 16 1.765975 5 15.493434
3
0 2 10 6.647499 19 17.051770
1 2 14 15.522549 18 7.672991
2 2 10 5.994655 14 15.564189
3
0 2 10 9.424917 18 15.633372
1 2 13 8.033688 11 15.219892
2 2 12 19.195744 16 3.169764
3
0 2 10 10.130402 17 14.315292
1 2 19 10.039268 13 15.599329
2 2 15 15.606193 14 9.035884
3
0 2 10 8.316280 14 2.178102
1 2 15 5.896777 12 3.276708
2 2 13 3.174148 11 1.982347
3
0 2 10 18.873297 14 9.102294
1 2 14 1.750872 12 2.095703
2 2 13 3.916614 12 1.232202
3
0 2 15 2.100989 17 10.599474
1 2 16 13.941846 18 2.985114
2 2 17 9.240577 15 15.858124
3
0 2 15 6.286013 18 18.235946
1 2 19 13.913675 16 14.271333
2 2 18 17.221185 15 9.917266
3
0 2 15 18.986458 17 11.763679
1 2 17 8.141526 16 18.031512
2 2 17 1.236822 19 17.519248
3
0 2 15 4.621511 19 2.154244
1 2 17 10.757701 19 4.225142
2 2 16 8.826896 17 18.696847
3
0 2 15 11.611865 16 1.932657
1 2 17 18.208276 18 4.304284
2 2 15 3.091882 19 6.450705
3
0 1 19 17.537466
1 1 19 8.989519
2 1 19 8.124327
3
0 1 19 13.538702
1 1 19 3.936221
2 1 19 9.310495
3
0 1 19 13.347890
1 1 19 5.194878
2 1 19 5.505759
3
0 1 19 3.762922
1 1 19 11.022917
2 1 19 4.781134
0
