200 199
3
0 2 20 5.030299 164 18.079507
1 2 158 5.771667 95 12.525766
2 2 113 8.704687 120 1.114984
3
0 2 20 1.650373 141 18.957155
1 2 32 8.625677 157 6.566689
2 2 161 4.887113 185 12.439521
3
0 2 20 15.145242 78 3.526746
1 2 121 5.497029 48 17.009000
2 2 43 19.359487 197 6.803417
3
0 2 20 5.247022 168 17.528474
1 2 103 17.957731 39 1.939233
2 2 38 4.889219 107 9.470532
3
0 2 20 16.231119 182 18.306401
1 2 48 14.009457 198 18.696795
2 2 129 7.332246 84 6.827990
3
0 2 20 8.632296 177 12.737337
1 2 177 6.502664 77 1.203136
2 2 131 8.440193 130 8.746044
3
0 2 20 13.523593 125 17.658354
1 2 153 1.997514 185 4.388906
2 2 107 16.577001 44 14.268460
3
0 2 20 18.073200 156 15.532105
1 2 180 7.963358 177 2.469243
2 2 123 15.192912 187 16.847093
3
0 2 20 3.294333 58 19.877241
1 2 65 2.672574 64 4.616752
2 2 184 5.820044 181 11.117391
3
0 2 20 1.050252 30 19.212834
1 2 176 5.263220 186 2.875105
2 2 75 13.792513 114 18.872617
3
0 2 20 4.357549 50 8.426968
1 2 43 8.911217 144 12.029568
2 2 148 12.542453 165 8.448123
3
0 2 20 10.874938 98 19.423811
1 2 128 18.814431 163 17.035474
2 2 195 1.507295 191 11.255092
3
0 2 20 15.129982 171 15.440284
1 2 122 5.229897 143 4.614133
2 2 193 8.476176 37 16.274948
3
0 2 20 1.006266 186 11.124268
1 2 155 15.890627 68 9.199467
2 2 144 6.706594 111 4.915660
3
0 2 20 19.333191 143 4.875973
1 2 177 14.586197 120 1.035206
2 2 166 17.161924 75 4.412766
3
0 2 20 2.584068 156 11.002053
1 2 55 8.670729 73 8.513207
2 2 60 10.367621 199 2.882023
3
0 2 20 12.135928 160 15.478709
1 2 181 19.973383 90 11.940676
2 2 136 3.768973 127 19.177308
3
0 2 20 16.145326 163 13.967069
1 2 98 3.578051 74 9.797001
2 2 143 11.020725 191 14.320733
3
0 2 20 17.617119 66 3.947287
1 2 80 7.243481 67 16.861714
2 2 48 12.771501 103 19.093425
3
0 2 20 3.919599 143 8.872285
1 2 101 10.809742 42 17.300213
2 2 105 15.679169 26 3.907552
3
0 2 40 9.556564 85 13.442496
1 2 168 13.257033 155 4.960044
2 2 92 5.475492 63 15.289227
3
0 2 40 18.410254 47 15.889209
1 2 130 1.900296 104 6.291509
2 2 49 16.661831 162 10.030752
3
0 2 40 8.843053 132 11.598049
1 2 132 15.055920 93 9.940687
2 2 190 16.608245 143 10.287198
3
0 2 40 11.952657 61 12.031917
1 2 100 10.476875 177 10.481777
2 2 77 6.197721 148 19.388331
3
0 2 40 15.042237 109 18.336175
1 2 115 8.282693 149 5.662734
2 2 76 2.862052 115 15.063066
3
0 2 40 17.692422 171 4.158428
1 2 138 13.174567 110 4.934357
2 2 62 16.106827 159 3.975080
3
0 2 40 1.081241 52 6.123336
1 2 45 14.747215 192 17.290865
2 2 180 11.034446 46 18.325415
3
0 2 40 2.757597 177 13.530895
1 2 154 7.880503 195 1.283378
2 2 119 3.310239 181 9.841689
3
0 2 40 13.311333 110 10.336110
1 2 73 11.678831 181 13.951575
2 2 79 13.091831 70 1.622346
3
0 2 40 12.585711 68 4.286448
1 2 134 16.568958 186 2.535989
2 2 53 3.882382 196 4.446160
3
0 2 40 3.739723 67 6.837489
1 2 117 16.720114 166 7.751274
2 2 181 8.791177 61 7.158771
3
0 2 40 10.112921 158 16.900131
1 2 158 15.492193 68 18.657135
2 2 81 8.173928 72 16.299047
3
0 2 40 3.123324 126 10.204571
1 2 140 5.808319 144 8.158265
2 2 46 2.259858 48 12.809260
3
0 2 40 16.390147 192 8.629570
1 2 117 1.838118 81 3.816466
2 2 186 13.074090 107 19.654925
3
0 2 40 3.567904 195 13.971418
1 2 122 19.535603 68 9.973725
2 2 51 12.022395 98 9.360511
3
0 2 40 11.068669 103 1.451487
1 2 196 13.843478 138 4.971239
2 2 171 2.751420 102 8.959184
3
0 2 40 15.881198 49 4.269724
1 2 58 11.006922 123 12.974368
2 2 170 17.019285 173 15.364863
3
0 2 40 3.640250 126 4.333468
1 2 112 12.029589 64 14.378051
2 2 152 8.878662 162 18.841941
3
0 2 40 9.325644 194 11.960162
1 2 60 8.695772 105 10.284173
2 2 157 6.570734 73 4.298590
3
0 2 40 12.254964 44 13.843715
1 2 97 2.028626 49 17.541505
2 2 195 7.146932 158 16.301573
3
0 2 60 16.305800 150 16.358526
1 2 186 2.077960 152 9.212032
2 2 93 2.921194 157 10.236020
3
0 2 60 19.795778 72 1.894500
1 2 151 3.309504 80 6.413468
2 2 100 11.044794 169 4.853838
3
0 2 60 10.834591 160 12.750568
1 2 142 6.144173 94 19.524120
2 2 170 3.058809 187 10.175869
3
0 2 60 11.830351 121 18.272655
1 2 74 8.826090 122 7.294417
2 2 125 14.007485 68 13.813063
3
0 2 60 18.942325 80 19.892756
1 2 89 16.652354 94 6.001990
2 2 143 3.234403 90 18.466813
3
0 2 60 9.082711 109 17.012397
1 2 131 7.134509 72 18.763544
2 2 76 8.160811 189 16.693389
3
0 2 60 15.178349 178 10.314527
1 2 174 8.980595 189 18.956206
2 2 178 6.676487 191 6.778528
3
0 2 60 1.969657 108 13.728293
1 2 64 3.826424 148 1.622319
2 2 78 19.338720 184 12.981279
3
0 2 60 15.748990 155 18.538190
1 2 181 13.987690 117 18.637995
2 2 188 16.038025 195 11.292116
3
0 2 60 7.845310 110 7.712979
1 2 146 6.111768 132 3.551830
2 2 73 19.021939 185 9.667557
3
0 2 60 19.948717 92 3.404511
1 2 88 14.498737 147 13.801051
2 2 129 6.846712 170 2.489619
3
0 2 60 14.938055 65 9.179412
1 2 86 19.470965 168 1.626863
2 2 191 10.539435 155 1.241117
3
0 2 60 4.037128 130 13.712928
1 2 80 16.136962 189 18.187734
2 2 89 1.987253 130 17.987534
3
0 2 60 14.697293 67 9.845617
1 2 182 14.241075 61 2.451094
2 2 155 18.066573 62 16.909681
3
0 2 60 4.130535 192 10.676776
1 2 127 17.095505 111 5.605850
2 2 122 3.499396 156 1.738002
3
0 2 60 14.760046 108 5.105539
1 2 179 7.734757 170 11.622619
2 2 127 19.304807 150 8.523370
3
0 2 60 16.808343 198 9.296688
1 2 139 3.504195 190 6.172202
2 2 109 17.214607 172 7.453428
3
0 2 60 10.823434 106 3.697037
1 2 67 9.670099 159 8.321676
2 2 171 3.945230 90 7.837500
3
0 2 60 15.631820 164 14.270294
1 2 191 17.272233 84 17.447204
2 2 129 2.103318 148 11.794942
3
0 2 60 10.351591 153 18.563641
1 2 60 5.632651 174 10.228211
2 2 142 13.493956 181 17.625637
3
0 2 80 18.490087 94 12.546948
1 2 168 17.691463 112 17.179140
2 2 163 2.510196 152 11.180323
3
0 2 80 19.544986 163 6.897106
1 2 158 12.841254 165 15.736016
2 2 120 13.930276 92 8.031700
3
0 2 80 2.069489 136 16.504901
1 2 97 13.300799 89 6.840093
2 2 101 17.211169 192 14.792645
3
0 2 80 6.227927 167 14.832188
1 2 187 18.803677 195 11.275054
2 2 164 15.100275 88 19.651917
3
0 2 80 15.757716 115 5.686018
1 2 108 18.429117 91 7.919351
2 2 103 5.149491 169 19.791611
3
0 2 80 14.670078 132 14.021089
1 2 111 5.783901 85 8.466867
2 2 135 18.109236 180 15.014847
3
0 2 80 19.517856 114 13.936740
1 2 135 18.459076 124 12.187589
2 2 133 16.628266 136 10.453888
3
0 2 80 5.981233 114 13.007352
1 2 107 2.149425 189 15.132510
2 2 175 3.270904 122 4.802779
3
0 2 80 12.998994 132 4.449718
1 2 188 7.089000 179 17.894642
2 2 121 16.290767 168 12.668759
3
0 2 80 10.640187 190 11.695539
1 2 101 9.411597 161 1.846533
2 2 102 11.320563 165 3.118102
3
0 2 80 5.701123 140 14.705033
1 2 194 3.165927 85 13.696279
2 2 178 3.650276 97 2.196706
3
0 2 80 3.833789 150 5.884179
1 2 171 13.665325 109 5.709829
2 2 102 12.227200 122 10.521574
3
0 2 80 3.006110 99 7.000937
1 2 144 19.082758 185 18.621936
2 2 183 17.799302 182 5.781373
3
0 2 80 5.776372 142 14.490059
1 2 174 3.154209 90 4.632507
2 2 159 19.812893 109 9.261672
3
0 2 80 4.676598 139 10.816280
1 2 185 1.325582 88 11.568399
2 2 111 1.402751 118 12.141545
3
0 2 80 11.521910 81 12.594391
1 2 183 16.390501 187 1.801711
2 2 183 11.080625 101 5.317140
3
0 2 80 18.731585 133 10.943647
1 2 164 3.146105 94 10.824717
2 2 180 10.524592 146 19.764537
3
0 2 80 1.510216 95 2.611137
1 2 170 5.565253 108 8.752838
2 2 164 6.028903 139 16.748310
3
0 2 80 8.446788 159 19.869915
1 2 114 13.409480 92 7.652140
2 2 195 9.034181 82 4.002263
3
0 2 80 12.223768 91 9.133794
1 2 170 1.245818 106 15.779528
2 2 179 12.193150 171 13.044364
3
0 2 100 6.034026 109 19.193664
1 2 180 10.767580 118 15.530296
2 2 199 4.965703 171 14.207717
3
0 2 100 3.662853 130 16.805104
1 2 186 4.188433 123 1.774859
2 2 159 10.081275 122 14.746480
3
0 2 100 11.110016 158 16.677331
1 2 114 6.095024 123 8.712360
2 2 100 14.264835 126 16.784803
3
0 2 100 7.737025 198 14.488881
1 2 172 9.535190 182 19.586104
2 2 133 5.374360 129 18.610951
3
0 2 100 18.206469 102 18.934744
1 2 110 2.872767 193 9.407862
2 2 141 1.216723 108 1.688636
3
0 2 100 12.792062 127 13.079478
1 2 199 18.142595 146 14.045709
2 2 120 17.605552 168 16.130360
3
0 2 100 8.859535 125 8.877011
1 2 193 5.762369 106 11.555331
2 2 167 5.005250 126 17.453900
3
0 2 100 2.335054 121 11.877802
1 2 147 8.547805 198 8.874398
2 2 134 14.419023 157 16.625686
3
0 2 100 5.362420 129 8.643481
1 2 197 13.222098 160 12.024395
2 2 117 2.113988 145 10.654485
3
0 2 100 11.158902 153 17.153246
1 2 195 3.896257 160 4.269319
2 2 152 10.634801 185 5.947576
3
0 2 100 8.727236 106 1.580539
1 2 195 1.045335 185 9.811680
2 2 108 12.666531 195 14.150102
3
0 2 100 4.438186 170 7.174542
1 2 161 9.762674 194 19.760000
2 2 127 2.983158 128 7.305111
3
0 2 100 8.440836 199 10.360525
1 2 172 3.228806 122 6.960695
2 2 137 16.602836 136 1.158118
3
0 2 100 9.945485 114 9.519639
1 2 134 15.921300 143 5.274949
2 2 171 1.180450 175 6.594347
3
0 2 100 15.587116 197 14.616182
1 2 116 1.464388 128 6.639789
2 2 153 18.630053 177 14.541798
3
0 2 100 4.670980 183 4.902610
1 2 183 18.179853 172 7.727083
2 2 120 11.651181 117 11.120118
3
0 2 100 1.420693 131 15.247628
1 2 190 14.488937 170 11.774370
2 2 138 17.016132 188 9.101146
3
0 2 100 13.531158 177 10.074173
1 2 118 6.288838 170 18.937594
2 2 136 15.120573 169 11.984632
3
0 2 100 1.242214 122 2.791683
1 2 193 1.169167 103 3.782767
2 2 143 17.220023 191 4.595165
3
0 2 100 10.700231 172 6.685105
1 2 190 16.581970 179 1.633769
2 2 129 4.162276 104 9.588032
3
0 2 120 18.530170 199 19.635088
1 2 145 13.288761 162 5.911584
2 2 144 18.647797 130 10.707117
3
0 2 120 12.177494 169 10.371572
1 2 198 6.872064 177 12.535412
2 2 183 3.202183 170 2.059246
3
0 2 120 12.185914 197 1.390079
1 2 150 18.442148 142 6.778448
2 2 195 16.023919 163 2.026534
3
0 2 120 2.684397 170 12.313026
1 2 160 12.062611 180 10.353584
2 2 149 1.208402 174 14.226920
3
0 2 120 12.990505 186 5.573966
1 2 157 18.884575 147 13.258883
2 2 142 6.795283 120 17.478287
3
0 2 120 10.690111 137 6.153198
1 2 124 9.439916 174 2.474567
2 2 158 6.212996 182 3.374668
3
0 2 120 18.483151 171 7.920356
1 2 185 5.464687 128 13.292887
2 2 160 8.013442 189 19.380276
3
0 2 120 13.952165 194 16.535943
1 2 139 11.076785 143 5.216992
2 2 174 11.896265 191 12.133533
3
0 2 120 15.997646 127 12.292397
1 2 198 14.749653 127 19.579912
2 2 131 10.762278 121 6.378718
3
0 2 120 4.283740 161 15.612814
1 2 169 17.552640 167 9.868956
2 2 179 16.628393 132 12.506312
3
0 2 120 2.359210 127 8.855383
1 2 126 2.116758 153 11.941360
2 2 192 14.323701 136 12.039985
3
0 2 120 11.221472 196 7.610028
1 2 152 10.836159 180 3.753711
2 2 136 3.877541 126 14.266628
3
0 2 120 15.449247 144 18.990275
1 2 195 1.921567 160 7.674933
2 2 173 16.789243 187 3.698912
3
0 2 120 1.065667 185 19.177904
1 2 199 19.993506 142 3.073692
2 2 143 12.201102 172 10.106927
3
0 2 120 9.660077 147 11.019820
1 2 196 10.975340 185 4.318355
2 2 136 10.243342 187 11.474294
3
0 2 120 8.894086 146 16.727129
1 2 172 5.928311 198 7.979126
2 2 152 10.823793 122 1.563303
3
0 2 120 6.086363 145 3.042317
1 2 138 6.353238 159 5.702351
2 2 129 7.412709 185 17.315326
3
0 2 120 7.836539 192 3.043581
1 2 174 15.642541 159 14.967595
2 2 187 1.249323 141 7.025241
3
0 2 120 17.516966 155 13.582894
1 2 150 7.204270 120 2.377650
2 2 168 5.728858 121 10.509504
3
0 2 120 2.056573 129 18.366308
1 2 120 15.049274 172 19.981396
2 2 133 18.298216 120 4.253586
3
0 2 140 17.341645 164 9.143205
1 2 178 15.545231 175 19.395116
2 2 188 14.233415 196 6.586474
3
0 2 140 14.130488 197 16.612863
1 2 157 15.395641 143 2.552119
2 2 186 4.709697 194 14.225311
3
0 2 140 7.298978 173 9.098999
1 2 191 8.258222 193 9.113783
2 2 171 14.927813 150 2.110974
3
0 2 140 11.789719 156 18.436942
1 2 150 6.785356 177 4.068408
2 2 177 13.997806 189 14.228468
3
0 2 140 7.080840 159 13.565254
1 2 198 6.728134 189 9.567426
2 2 190 4.982687 160 3.359851
3
0 2 140 10.497271 170 6.028252
1 2 195 6.727251 176 18.730140
2 2 145 2.915826 157 8.945451
3
0 2 140 18.759264 194 17.875525
1 2 168 1.835317 177 18.328251
2 2 186 7.926329 174 8.500140
3
0 2 140 8.776124 173 11.405321
1 2 177 8.558300 169 10.757192
2 2 144 8.603938 147 6.309328
3
0 2 140 18.179626 189 19.281333
1 2 169 10.574074 157 1.389996
2 2 152 7.272815 178 16.319490
3
0 2 140 10.420870 180 6.852360
1 2 145 3.412504 174 18.704520
2 2 172 8.647438 196 14.050887
3
0 2 140 5.289230 146 10.067895
1 2 174 1.028454 189 6.665541
2 2 182 10.340916 184 11.459442
3
0 2 140 10.342101 156 1.993168
1 2 169 6.413132 157 17.813554
2 2 195 4.050361 192 11.577081
3
0 2 140 13.451750 168 16.027504
1 2 156 9.718340 189 7.321504
2 2 156 19.160242 199 11.571195
3
0 2 140 11.347524 165 9.298325
1 2 166 4.786175 163 17.738425
2 2 171 4.759183 147 12.899084
3
0 2 140 8.008378 174 16.098046
1 2 172 3.605946 199 1.942440
2 2 148 4.745915 194 18.911445
3
0 2 140 16.754048 151 1.587440
1 2 148 17.821404 163 15.685572
2 2 183 2.934515 152 8.156093
3
0 2 140 9.563340 147 8.144567
1 2 145 14.965601 187 8.411632
2 2 199 15.559906 169 7.344484
3
0 2 140 3.308459 192 14.166423
1 2 152 18.629928 148 17.869648
2 2 191 2.670256 145 9.950765
3
0 2 140 18.645443 197 15.151301
1 2 159 1.830509 176 1.521781
2 2 176 5.483345 195 19.572001
3
0 2 140 6.334760 153 1.703595
1 2 144 11.878935 148 2.721220
2 2 170 17.057811 152 8.811407
3
0 2 160 4.681437 161 6.224708
1 2 170 2.179071 167 17.672404
2 2 183 10.245336 186 18.743349
3
0 2 160 17.042835 188 6.794118
1 2 183 8.289495 162 14.804614
2 2 161 17.198679 195 16.836982
3
0 2 160 5.855182 174 13.091927
1 2 178 17.425264 185 1.450935
2 2 176 17.889554 166 2.683718
3
0 2 160 11.268260 185 14.859510
1 2 196 6.626725 168 2.111355
2 2 162 18.815680 176 3.775352
3
0 2 160 10.247681 198 7.804705
1 2 181 10.642108 183 14.040046
2 2 164 1.749817 172 10.961555
3
0 2 160 12.416057 182 18.479101
1 2 195 9.961421 198 18.429180
2 2 188 4.653401 193 12.228237
3
0 2 160 9.210577 198 10.018803
1 2 199 15.163856 183 17.490190
2 2 186 12.582347 176 15.236653
3
0 2 160 12.108724 167 6.666494
1 2 162 10.472021 163 11.166942
2 2 162 19.023890 172 17.025202
3
0 2 160 7.773317 161 10.351848
1 2 160 16.477236 192 8.718288
2 2 183 14.162034 168 4.499209
3
0 2 160 18.754833 164 16.112988
1 2 171 3.642280 187 4.374277
2 2 185 1.135142 179 8.854226
3
0 2 160 3.951442 198 19.308497
1 2 199 16.361827 191 19.431620
2 2 180 11.534176 167 4.257202
3
0 2 160 10.038440 189 7.590204
1 2 196 9.669976 186 12.292246
2 2 184 10.128486 179 9.950660
3
0 2 160 13.519049 193 3.855082
1 2 174 11.213997 162 16.354954
2 2 182 17.831961 177 7.443265
3
0 2 160 11.245920 188 3.925821
1 2 172 8.221078 166 11.310196
2 2 174 11.356443 164 17.856441
3
0 2 160 15.100982 184 13.556511
1 2 170 1.025405 193 7.356469
2 2 198 2.428775 189 9.536710
3
0 2 160 7.017809 188 15.663546
1 2 183 2.131452 176 2.793405
2 2 188 13.381510 199 15.563156
3
0 2 160 15.676463 178 11.087329
1 2 173 4.279775 179 5.997090
2 2 196 8.874917 178 4.900131
3
0 2 160 5.700035 182 3.776873
1 2 199 12.320141 161 11.986191
2 2 188 3.294280 197 15.044216
3
0 2 160 11.783179 190 19.587688
1 2 187 1.889546 171 4.242207
2 2 189 6.984846 168 3.868290
3
0 2 160 11.902831 197 11.637914
1 2 191 11.667189 167 6.469381
2 2 193 14.461579 199 17.968772
3
0 2 180 13.885028 190 5.399681
1 2 181 14.618289 185 11.999738
2 2 183 3.449642 181 4.491433
3
0 2 180 8.259683 181 12.134060
1 2 194 13.474411 192 3.903107
2 2 187 10.581830 196 3.127815
3
0 2 180 10.703440 183 1.987812
1 2 190 13.179091 189 2.261289
2 2 190 11.707936 186 1.064478
3
0 2 180 2.488408 194 17.930716
1 2 195 10.001733 184 14.172793
2 2 195 16.187355 187 3.422540
3
0 2 180 2.329131 182 12.327600
1 2 184 1.842944 199 9.365626
2 2 190 5.626305 199 6.126855
3
0 2 180 5.070244 182 19.251255
1 2 183 6.660592 188 6.842128
2 2 193 4.897133 180 2.623124
3
0 2 180 7.641956 186 13.042780
1 2 193 7.610068 191 8.045576
2 2 188 16.274455 193 9.401483
3
0 2 180 4.952340 181 4.445983
1 2 190 5.768315 192 14.278773
2 2 199 18.251976 185 5.712263
3
0 2 180 18.045526 181 3.751851
1 2 190 4.237913 199 3.311286
2 2 197 1.506134 195 16.555715
3
0 2 180 16.732213 192 8.521361
1 2 193 4.240770 194 2.043700
2 2 190 3.489563 193 11.180985
3
0 2 180 19.697615 189 7.135768
1 2 197 13.365044 194 4.586027
2 2 199 3.263830 188 1.008368
3
0 2 180 17.344711 194 5.537334
1 2 183 9.056346 196 16.346585
2 2 189 5.595998 185 19.495297
3
0 2 180 17.674769 188 14.700632
1 2 199 13.167005 196 16.137603
2 2 180 4.649699 194 18.552107
3
0 2 180 7.427386 199 5.919999
1 2 188 3.891238 197 12.141618
2 2 185 2.123503 186 13.436620
3
0 2 180 7.334886 187 11.448296
1 2 199 6.314541 185 11.944828
2 2 188 15.959381 189 7.224969
3
0 2 180 2.741167 190 2.598739
1 2 186 12.062516 198 9.250094
2 2 182 9.607353 183 6.683105
3
0 2 180 17.258663 190 3.765800
1 2 180 10.733252 182 15.032342
2 2 196 16.198663 194 12.797318
3
0 2 180 10.961987 186 19.742112
1 2 183 16.833651 191 18.982288
2 2 184 19.015978 192 16.510704
3
0 2 180 5.988434 193 3.624687
1 2 198 16.062058 189 4.419802
2 2 191 11.215351 192 4.736846
3
0 2 180 19.981521 196 18.615008
1 2 185 1.313617 192 13.856121
2 2 198 12.507432 199 14.042552
3
0 2 199 3.369049 199 17.678686
1 2 199 8.516190 199 2.204641
2 2 199 10.331590 199 6.297541
3
0 2 199 18.804861 199 5.357035
1 2 199 17.117177 199 1.005978
2 2 199 11.707888 199 7.767975
3
0 2 199 4.360988 199 14.856877
1 2 199 15.369803 199 19.551233
2 2 199 19.268532 199 10.049790
3
0 2 199 2.809724 199 2.751530
1 2 199 13.759053 199 16.488971
2 2 199 4.160539 199 14.198826
3
0 2 199 6.247336 199 11.703929
1 2 199 18.096733 199 17.832311
2 2 199 4.412600 199 17.917179
3
0 2 199 11.919227 199 9.626827
1 2 199 16.405250 199 16.589436
2 2 199 14.230021 199 15.452671
3
0 2 199 12.112500 199 5.564875
1 2 199 14.274730 199 5.926100
2 2 199 18.540583 199 14.532577
3
0 2 199 18.845026 199 12.651582
1 2 199 12.518650 199 5.528174
2 2 199 5.411570 199 7.589449
3
0 2 199 11.613715 199 13.779463
1 2 199 16.117717 199 1.507093
2 2 199 10.723794 199 10.180059
3
0 2 199 12.108860 199 2.093931
1 2 199 10.238295 199 9.248637
2 2 199 16.376255 199 10.131763
3
0 2 199 9.355568 199 15.813483
1 2 199 12.100218 199 9.968202
2 2 199 12.416254 199 16.831781
3
0 2 199 12.503556 199 3.892765
1 2 199 3.311219 199 18.615484
2 2 199 5.841836 199 9.824616
3
0 2 199 5.735262 199 17.301947
1 2 199 11.545264 199 10.029635
2 2 199 1.788162 199 17.590990
3
0 2 199 1.727366 199 1.718326
1 2 199 10.161541 199 8.069468
2 2 199 18.586880 199 11.180315
3
0 2 199 16.332129 199 7.423671
1 2 199 16.415745 199 4.561734
2 2 199 3.035652 199 18.523698
3
0 2 199 2.386322 199 14.790766
1 2 199 9.089897 199 18.527107
2 2 199 4.148720 199 14.529995
3
0 2 199 3.797403 199 9.444009
1 2 199 15.640023 199 11.827263
2 2 199 17.438562 199 18.967331
3
0 2 199 11.101770 199 17.131546
1 2 199 9.715511 199 10.294917
2 2 199 15.495333 199 19.594697
3
0 2 199 8.666205 199 13.287690
1 2 199 17.520041 199 1.416630
2 2 199 14.743000 199 1.499760
0
