200 199
3
0 2 20 3.587220 167 7.471137
1 2 188 1.542905 75 13.560961
2 2 185 7.454800 50 6.746439
3
0 2 20 14.308480 46 9.371100
1 2 187 14.357070 178 8.584088
2 2 160 2.748740 129 6.174233
3
0 2 20 18.113737 179 19.961369
1 2 160 12.028949 113 8.648426
2 2 70 19.901246 81 12.190674
3
0 2 20 4.339087 146 16.899863
1 2 183 9.333579 171 10.176626
2 2 167 17.958943 49 18.607412
3
0 2 20 2.038306 120 11.624629
1 2 27 10.399429 191 2.532331
2 2 155 2.435177 129 5.250360
3
0 2 20 8.965781 73 9.150923
1 2 103 3.962131 37 15.323674
2 2 84 17.812627 149 18.047772
3
0 2 20 8.987799 118 15.328716
1 2 54 18.539101 159 9.414910
2 2 109 17.559053 43 16.876022
3
0 2 20 6.923947 66 7.353504
1 2 33 10.062589 113 8.898196
2 2 117 10.435890 134 5.243966
3
0 2 20 7.929550 107 2.976277
1 2 197 3.850614 89 17.538722
2 2 160 12.240270 71 10.813370
3
0 2 20 11.337030 193 13.475469
1 2 145 9.188061 198 16.846932
2 2 79 18.231278 28 17.415519
3
0 2 20 18.101081 101 2.401656
1 2 158 19.233509 176 4.033996
2 2 171 12.668868 106 8.308020
3
0 2 20 3.685254 179 13.653333
1 2 142 6.180724 61 7.480213
2 2 181 3.927408 98 19.401026
3
0 2 20 16.395417 171 3.297490
1 2 65 9.666274 141 8.684296
2 2 135 14.118746 100 19.784936
3
0 2 20 5.219803 198 10.789204
1 2 24 3.844771 109 19.068184
2 2 38 1.835024 182 14.881361
3
0 2 20 1.104752 136 11.872228
1 2 20 7.571865 155 15.092981
2 2 137 2.558158 189 2.812514
3
0 2 20 11.565358 131 14.943740
1 2 59 15.237271 146 3.945825
2 2 83 4.587744 67 12.598624
3
0 2 20 13.900929 66 9.492556
1 2 53 1.902047 182 3.580273
2 2 42 12.616471 96 2.766926
3
0 2 20 6.499750 118 18.904985
1 2 51 6.931366 107 10.827269
2 2 99 16.461383 73 6.353236
3
0 2 20 1.241674 133 16.981430
1 2 135 4.652955 78 18.208001
2 2 36 5.065307 57 17.439300
3
0 2 20 7.231897 57 15.558481
1 2 173 10.468425 43 19.902497
2 2 34 11.455020 187 14.020923
3
0 2 40 4.930524 142 7.827226
1 2 199 18.966628 63 15.902308
2 2 163 8.174283 78 3.502283
3
0 2 40 19.125301 150 9.858814
1 2 195 5.393440 135 17.084211
2 2 119 19.249464 101 13.587806
3
0 2 40 18.066457 185 19.345961
1 2 86 10.469387 58 11.955044
2 2 96 1.619302 51 3.325346
3
0 2 40 14.410805 134 8.543737
1 2 79 11.343628 91 14.916071
2 2 65 16.756637 158 7.956189
3
0 2 40 3.719110 53 7.198036
1 2 128 5.540921 86 6.398758
2 2 162 17.188613 40 3.167403
3
0 2 40 7.052372 118 9.956433
1 2 154 6.946839 113 15.393835
2 2 176 11.150263 149 11.146711
3
0 2 40 17.070080 189 1.335635
1 2 81 7.806349 40 12.324868
2 2 83 7.473576 179 9.581180
3
0 2 40 16.645334 148 17.786780
1 2 144 6.116564 180 2.662380
2 2 126 13.121319 130 18.594281
3
0 2 40 4.642453 113 3.442797
1 2 148 7.080710 166 1.432122
2 2 66 5.967888 86 11.501791
3
0 2 40 9.073231 150 11.967707
1 2 101 15.540362 41 12.472955
2 2 70 1.059231 112 17.765342
3
0 2 40 4.055125 137 6.335302
1 2 198 1.913850 122 13.243715
2 2 148 15.797943 72 18.452116
3
0 2 40 6.550834 134 13.413646
1 2 151 12.636212 153 1.632695
2 2 118 9.500946 130 1.482370
3
0 2 40 9.736700 65 19.769558
1 2 80 18.925757 73 5.842311
2 2 80 16.802864 92 5.218409
3
0 2 40 6.079363 191 11.392203
1 2 178 16.413773 176 1.050416
2 2 115 6.662551 90 15.047251
3
0 2 40 2.681918 149 1.212575
1 2 166 16.457896 147 1.493708
2 2 167 4.467132 143 19.281924
3
0 2 40 17.606111 123 14.178728
1 2 103 8.721318 63 3.851398
2 2 141 6.543930 117 15.801177
3
0 2 40 16.589544 48 8.158531
1 2 174 2.265253 103 19.706842
2 2 131 3.266755 48 8.251549
3
0 2 40 17.231753 64 15.953501
1 2 77 18.998550 180 7.003724
2 2 168 4.610176 51 18.697450
3
0 2 40 12.331501 79 7.632564
1 2 42 7.740211 173 16.241177
2 2 73 19.437854 154 1.812072
3
0 2 40 16.912276 46 16.610476
1 2 190 4.420678 194 13.494049
2 2 58 4.380374 116 10.173392
3
0 2 60 2.796483 108 6.521403
1 2 64 15.219345 101 11.545965
2 2 116 1.190344 118 16.207398
3
0 2 60 8.745185 127 18.480348
1 2 198 18.163729 85 19.868717
2 2 80 1.711437 143 18.799644
3
0 2 60 5.878640 72 11.657067
1 2 156 5.640786 77 2.370579
2 2 89 9.560097 131 8.976765
3
0 2 60 10.935720 171 9.618250
1 2 175 5.150048 110 1.515812
2 2 150 16.038482 128 19.363015
3
0 2 60 19.889215 113 14.250419
1 2 79 2.427339 96 9.623470
2 2 155 1.336215 147 5.081562
3
0 2 60 4.153473 131 4.713950
1 2 192 1.503815 120 12.731646
2 2 97 15.336976 83 18.607434
3
0 2 60 18.397342 183 3.440652
1 2 160 14.410978 97 6.144911
2 2 169 17.885520 175 6.882745
3
0 2 60 5.160114 172 2.116190
1 2 61 10.212084 129 15.932281
2 2 100 6.103875 72 13.679664
3
0 2 60 16.275005 92 1.438022
1 2 83 4.516065 113 9.242541
2 2 78 17.915904 141 4.517063
3
0 2 60 6.568334 164 5.084502
1 2 70 11.728660 86 18.697783
2 2 140 12.064905 166 10.902019
3
0 2 60 11.750115 121 4.097126
1 2 110 13.033292 149 17.817634
2 2 146 9.564842 124 9.815105
3
0 2 60 6.638750 136 3.237374
1 2 142 18.039670 160 4.079013
2 2 182 1.379296 139 10.989246
3
0 2 60 9.329504 164 12.010470
1 2 111 9.588651 135 6.718039
2 2 118 12.051109 60 4.315533
3
0 2 60 16.977678 87 2.859618
1 2 73 8.086821 153 4.784838
2 2 62 7.485138 179 12.712901
3
0 2 60 17.377885 173 12.180155
1 2 73 5.563343 107 19.979217
2 2 74 16.674279 147 3.127642
3
0 2 60 15.067759 176 13.784473
1 2 85 11.064005 71 6.931191
2 2 109 14.211381 144 2.595559
3
0 2 60 12.011629 169 18.886433
1 2 181 11.066796 162 14.972378
2 2 90 2.088830 103 13.766488
3
0 2 60 16.913572 137 4.431984
1 2 90 6.008278 139 14.720352
2 2 75 9.836177 117 18.463150
3
0 2 60 7.531418 143 13.185461
1 2 68 2.796658 181 17.410037
2 2 127 17.925869 124 15.409832
3
0 2 60 17.708589 136 2.132162
1 2 138 6.016829 196 7.475943
2 2 71 7.515905 171 10.979360
3
0 2 80 15.481501 154 9.739320
1 2 179 15.000729 121 16.585833
2 2 103 17.852052 126 11.960040
3
0 2 80 9.098711 191 5.421355
1 2 162 9.169592 158 16.925014
2 2 144 17.274179 92 17.297825
3
0 2 80 15.228764 173 7.669370
1 2 141 9.928978 138 6.153671
2 2 154 15.252265 127 2.330663
3
0 2 80 1.801955 149 12.873636
1 2 192 18.477319 178 1.290333
2 2 144 11.883799 189 2.350725
3
0 2 80 10.688514 162 9.643364
1 2 86 17.323574 134 7.706133
2 2 164 13.211645 124 16.053076
3
0 2 80 18.208396 133 17.248347
1 2 115 1.284795 97 13.318576
2 2 100 5.036526 157 4.749736
3
0 2 80 8.681755 158 16.333392
1 2 165 8.026804 178 9.723362
2 2 177 11.328956 111 15.357423
3
0 2 80 10.840059 106 13.886740
1 2 114 4.716516 153 15.030933
2 2 109 11.398778 176 6.505461
3
0 2 80 1.280897 83 11.558382
1 2 131 13.441818 106 7.255590
2 2 146 2.490386 124 16.740611
3
0 2 80 10.962683 165 15.180094
1 2 154 1.537498 88 6.559452
2 2 158 8.618865 173 19.069746
3
0 2 80 19.561224 198 4.143540
1 2 180 10.578000 198 7.311625
2 2 134 4.963637 145 12.723257
3
0 2 80 2.116248 86 15.292226
1 2 92 18.788659 162 18.347403
2 2 121 9.352587 154 17.172538
3
0 2 80 7.204125 168 12.129169
1 2 199 13.392989 115 10.534190
2 2 147 12.007109 92 14.733654
3
0 2 80 11.253240 101 6.454451
1 2 174 17.195591 109 3.716266
2 2 97 15.643076 146 18.188758
3
0 2 80 2.534845 125 12.785916
1 2 191 19.473496 195 18.070225
2 2 99 2.870412 93 14.709477
3
0 2 80 7.730024 163 3.839110
1 2 142 10.565624 190 17.795904
2 2 132 18.435928 109 3.314773
3
0 2 80 18.980339 198 19.395117
1 2 139 15.505243 186 10.733386
2 2 114 1.128796 159 10.054067
3
0 2 80 7.368681 96 8.290334
1 2 102 3.371722 192 1.500813
2 2 116 8.752985 167 12.719902
3
0 2 80 16.931766 106 13.395288
1 2 103 15.214407 162 17.855213
2 2 107 16.183725 193 11.523983
3
0 2 80 17.608621 171 9.336423
1 2 83 19.219126 159 15.999301
2 2 84 7.831367 91 18.184007
3
0 2 100 7.067326 150 14.096191
1 2 146 8.425303 110 15.752882
2 2 115 10.963027 163 14.199055
3
0 2 100 18.511475 174 8.008515
1 2 173 7.752044 198 15.303572
2 2 168 8.074904 179 18.713817
3
0 2 100 13.458453 159 10.048558
1 2 120 8.747749 159 16.448727
2 2 162 4.788581 183 16.603758
3
0 2 100 8.855567 178 8.300992
1 2 157 3.433699 159 16.796352
2 2 187 11.663834 139 17.779416
3
0 2 100 3.259332 102 11.995853
1 2 118 11.305583 158 16.398879
2 2 164 15.199708 144 14.960953
3
0 2 100 17.426037 183 19.332378
1 2 161 2.978906 162 10.923719
2 2 173 4.162006 108 11.062600
3
0 2 100 1.305533 173 14.668520
1 2 124 7.424731 104 4.807666
2 2 123 18.911645 140 11.269962
3
0 2 100 1.962220 132 10.892417
1 2 191 17.790649 133 8.438830
2 2 150 8.292010 193 17.687495
3
0 2 100 4.720846 189 5.763114
1 2 136 17.558715 157 6.270597
2 2 132 13.724293 177 1.815270
3
0 2 100 18.908033 134 6.995932
1 2 120 18.541557 191 9.776312
2 2 193 11.581905 159 18.841781
3
0 2 100 5.922583 181 2.538366
1 2 135 7.498643 130 10.868179
2 2 119 9.254690 188 6.398706
3
0 2 100 5.818292 152 14.346768
1 2 197 7.030279 192 14.639972
2 2 166 14.596388 177 15.331046
3
0 2 100 2.430971 179 14.201368
1 2 147 2.995510 151 6.465974
2 2 191 12.808185 129 3.872247
3
0 2 100 16.673079 173 17.215094
1 2 153 14.918371 169 14.704405
2 2 110 15.554054 198 15.926555
3
0 2 100 18.530193 109 10.186492
1 2 130 9.245658 146 6.350636
2 2 165 14.697800 110 19.270620
3
0 2 100 13.594620 190 18.135204
1 2 175 8.575727 160 11.912701
2 2 101 9.152138 103 16.189201
3
0 2 100 16.185117 102 11.238038
1 2 141 17.666987 114 5.939089
2 2 126 14.165150 146 6.454746
3
0 2 100 17.053449 102 14.315725
1 2 190 18.248603 149 5.994337
2 2 115 14.238036 198 17.475679
3
0 2 100 12.868066 116 18.844300
1 2 185 3.620181 184 8.490848
2 2 141 8.369720 145 9.584838
3
0 2 100 16.259588 174 15.678590
1 2 197 4.480201 132 16.810212
2 2 122 17.120151 169 2.676180
3
0 2 120 8.654437 198 13.631231
1 2 187 19.386573 194 12.007143
2 2 126 18.953674 133 3.565616
3
0 2 120 17.800160 136 9.413714
1 2 135 1.554277 187 2.695674
2 2 125 5.284257 120 9.637947
3
0 2 120 8.084905 130 12.635949
1 2 196 4.752175 161 6.298058
2 2 198 9.423369 126 17.201445
3
0 2 120 19.274990 191 13.683827
1 2 158 17.798879 182 18.162588
2 2 183 14.550776 163 12.083424
3
0 2 120 11.510081 160 9.196959
1 2 120 1.702568 133 6.104809
2 2 158 12.975565 125 19.160782
3
0 2 120 2.588450 133 4.384845
1 2 189 3.238904 161 9.157225
2 2 144 11.702099 172 2.843860
3
0 2 120 12.972687 140 6.337685
1 2 162 3.745493 167 1.106407
2 2 172 16.828709 147 18.534921
3
0 2 120 12.242366 150 14.635291
1 2 165 16.954942 150 3.504537
2 2 149 16.656139 122 18.938557
3
0 2 120 4.965176 129 12.100916
1 2 173 9.604187 181 6.441951
2 2 178 8.327659 130 11.025924
3
0 2 120 1.997540 148 11.269163
1 2 191 10.469778 188 10.662465
2 2 125 14.539366 122 16.489285
3
0 2 120 18.439700 199 16.188778
1 2 129 19.990042 175 2.061421
2 2 176 17.333620 149 13.286921
3
0 2 120 9.459697 187 18.116523
1 2 156 7.201160 182 9.026057
2 2 164 3.758705 192 17.965077
3
0 2 120 18.220495 195 19.309750
1 2 134 16.782906 155 5.412837
2 2 159 2.402205 131 5.011529
3
0 2 120 7.704447 199 14.248115
1 2 174 5.304621 150 5.396541
2 2 122 1.297143 148 12.728864
3
0 2 120 15.771662 179 7.899845
1 2 158 11.051251 128 14.410045
2 2 161 16.893460 140 4.661946
3
0 2 120 10.136671 158 12.468736
1 2 146 5.313475 147 14.771201
2 2 126 12.954002 139 9.751583
3
0 2 120 4.124652 163 5.550432
1 2 166 8.374914 197 14.910906
2 2 145 5.454871 157 19.418355
3
0 2 120 1.377588 195 14.685197
1 2 193 3.593398 161 18.045174
2 2 183 6.956425 137 19.522331
3
0 2 120 6.916557 182 18.585772
1 2 196 2.863922 167 13.051764
2 2 128 18.176067 192 10.259604
3
0 2 120 7.320430 196 13.960965
1 2 179 14.258990 167 6.491543
2 2 136 13.459752 197 4.489872
3
0 2 140 1.060190 156 5.791170
1 2 187 15.762513 164 15.816319
2 2 175 12.874309 153 16.523972
3
0 2 140 12.129700 142 17.506118
1 2 173 14.847669 159 15.827188
2 2 177 15.023668 185 1.081524
3
0 2 140 18.062849 187 4.932775
1 2 183 12.969478 146 11.753317
2 2 152 19.238768 151 10.896987
3
0 2 140 18.418663 184 1.368540
1 2 175 16.071306 178 7.980488
2 2 170 8.364496 196 16.602312
3
0 2 140 5.437634 176 19.272317
1 2 168 3.304683 174 17.297221
2 2 163 13.122340 141 16.568868
3
0 2 140 16.463281 193 17.835907
1 2 199 13.495122 185 15.558831
2 2 198 17.237636 183 1.486865
3
0 2 140 13.947406 144 8.537481
1 2 185 16.559780 181 16.747749
2 2 185 8.945488 158 5.849616
3
0 2 140 12.339286 190 3.535048
1 2 193 17.303804 190 13.977170
2 2 148 4.850998 143 13.432827
3
0 2 140 14.055745 151 12.100247
1 2 191 17.999737 188 5.790359
2 2 163 7.130818 150 7.518978
3
0 2 140 14.604788 158 1.667592
1 2 196 12.028308 168 7.570018
2 2 168 13.783681 143 9.575679
3
0 2 140 6.760870 166 7.439162
1 2 188 17.164262 140 2.165999
2 2 157 14.715219 197 10.100998
3
0 2 140 16.624034 170 3.255121
1 2 192 7.952810 154 14.888451
2 2 168 6.241378 184 15.257500
3
0 2 140 5.156472 168 17.053745
1 2 165 14.834607 179 10.356358
2 2 190 9.387188 173 11.661558
3
0 2 140 11.163909 142 17.429279
1 2 163 13.984190 172 5.418222
2 2 140 19.390827 153 4.208919
3
0 2 140 8.309783 165 19.339368
1 2 143 3.487181 166 11.446524
2 2 168 5.354309 146 16.221514
3
0 2 140 6.362263 165 5.541018
1 2 167 1.996022 183 13.800015
2 2 161 12.619744 152 13.716823
3
0 2 140 16.345346 174 16.237248
1 2 178 13.196484 190 5.087708
2 2 164 14.727801 155 3.909378
3
0 2 140 16.427980 151 13.862652
1 2 144 10.640322 188 18.879016
2 2 153 12.899068 161 7.272051
3
0 2 140 13.209081 167 13.094028
1 2 176 4.103474 161 18.858411
2 2 166 5.026565 144 14.189952
3
0 2 140 13.506606 146 12.137869
1 2 141 15.289462 187 19.043081
2 2 162 1.047023 184 8.879914
3
0 2 160 8.949791 170 16.803649
1 2 178 2.413177 197 12.401833
2 2 191 18.913178 196 13.492858
3
0 2 160 15.656511 179 14.176395
1 2 161 1.604304 177 4.543593
2 2 179 7.809543 185 14.441333
3
0 2 160 11.522318 188 17.962950
1 2 175 15.005466 196 17.850789
2 2 182 9.653614 199 3.544709
3
0 2 160 17.244072 166 12.398273
1 2 199 9.023774 160 5.441579
2 2 176 15.732653 167 5.044221
3
0 2 160 12.410040 195 8.520443
1 2 177 16.909708 172 1.949991
2 2 164 14.630153 175 4.761630
3
0 2 160 5.797197 172 10.578082
1 2 188 8.115072 171 9.410389
2 2 173 1.014803 190 17.105635
3
0 2 160 10.252731 190 16.330906
1 2 199 19.495495 172 4.851080
2 2 191 2.734671 172 1.475436
3
0 2 160 13.193076 191 18.096851
1 2 165 5.030826 193 4.400400
2 2 189 4.776768 185 17.649790
3
0 2 160 15.355635 187 1.568535
1 2 186 16.127076 193 2.179947
2 2 194 10.061037 178 15.249696
3
0 2 160 18.951908 188 15.785363
1 2 195 17.142691 186 18.223912
2 2 195 19.054180 167 14.024988
3
0 2 160 4.871472 193 15.480895
1 2 166 1.290345 186 1.331538
2 2 171 6.349781 179 6.287821
3
0 2 160 7.614042 190 8.545143
1 2 197 3.631128 169 7.976156
2 2 165 19.850195 181 9.423006
3
0 2 160 16.062915 171 6.285873
1 2 177 6.317384 192 12.691599
2 2 190 5.056067 165 3.916565
3
0 2 160 1.923733 164 7.760781
1 2 175 17.193990 195 17.504439
2 2 184 8.127823 167 14.931375
3
0 2 160 12.642842 163 9.115890
1 2 175 9.391300 178 11.239897
2 2 171 17.408258 193 2.570316
3
0 2 160 4.908577 180 18.686916
1 2 162 4.421367 198 11.385453
2 2 171 17.351517 197 7.575958
3
0 2 160 9.245108 182 1.449316
1 2 198 6.809456 170 7.165048
2 2 191 15.307977 164 5.201122
3
0 2 160 18.740056 178 9.616625
1 2 192 15.896358 168 2.012672
2 2 191 2.798798 175 11.142566
3
0 2 160 6.124647 162 18.669116
1 2 180 13.865620 194 14.641296
2 2 186 4.025531 176 10.042186
3
0 2 160 9.874300 197 18.067760
1 2 176 3.098109 180 19.308046
2 2 160 6.994289 168 11.438500
3
0 2 180 9.340191 188 16.199538
1 2 186 11.748817 190 16.687766
2 2 186 14.546351 195 19.841598
3
0 2 180 15.691336 192 16.558802
1 2 182 7.600092 191 14.002952
2 2 184 17.421668 194 14.978430
3
0 2 180 6.071277 184 17.532640
1 2 187 18.770418 181 13.836904
2 2 195 5.294321 191 8.877708
3
0 2 180 19.054752 186 9.497754
1 2 183 19.638392 194 8.416182
2 2 198 18.681282 193 10.799300
3
0 2 180 5.452369 192 6.522732
1 2 195 12.390428 181 13.794314
2 2 192 10.244396 194 1.868020
3
0 2 180 1.498889 191 10.613264
1 2 196 4.308836 187 17.733506
2 2 185 16.743786 190 1.680251
3
0 2 180 1.582797 183 10.321833
1 2 188 16.620036 198 5.372270
2 2 191 19.009165 187 10.517926
3
0 2 180 16.582520 190 1.290508
1 2 184 1.875170 192 17.267105
2 2 185 6.290069 195 7.334984
3
0 2 180 9.110301 195 11.366066
1 2 187 8.998093 189 18.642120
2 2 192 19.407655 185 3.394694
3
0 2 180 2.524263 197 7.446152
1 2 191 18.956857 199 6.759180
2 2 199 18.462528 191 7.968724
3
0 2 180 19.800712 182 1.523765
1 2 192 11.985201 199 13.711188
2 2 184 8.477360 180 12.950703
3
0 2 180 14.413144 185 15.396559
1 2 183 16.936866 196 3.983637
2 2 199 19.979691 184 19.161179
3
0 2 180 10.932159 182 14.332558
1 2 199 6.413416 197 12.362734
2 2 191 10.202217 189 18.693646
3
0 2 180 17.436924 188 17.574539
1 2 195 13.605748 192 19.720062
2 2 191 19.607829 199 5.080444
3
0 2 180 1.937682 186 4.559218
1 2 195 14.451409 189 2.474194
2 2 190 5.932717 186 19.535767
3
0 2 180 9.531702 181 15.108098
1 2 180 13.883751 199 16.826900
2 2 194 7.086262 184 11.284001
3
0 2 180 8.734133 199 16.254387
1 2 191 16.534002 196 14.032880
2 2 193 2.119453 194 1.650916
3
0 2 180 9.550980 189 5.651029
1 2 193 9.521736 197 16.425468
2 2 183 4.981450 196 18.464101
3
0 2 180 10.090593 181 2.578825
1 2 184 15.748951 192 5.069205
2 2 181 10.094272 191 19.299374
3
0 2 180 12.784025 190 11.050780
1 2 189 4.251275 191 19.061255
2 2 196 16.981030 188 13.735283
3
0 2 199 2.202100 199 7.442277
1 2 199 6.057616 199 17.615812
2 2 199 19.703102 199 18.421116
3
0 2 199 7.832088 199 10.650989
1 2 199 12.916494 199 11.495649
2 2 199 19.556549 199 9.510612
3
0 2 199 19.539180 199 11.521638
1 2 199 19.269750 199 19.035103
2 2 199 10.975705 199 7.829748
3
0 2 199 17.637753 199 14.659760
1 2 199 3.478049 199 8.006413
2 2 199 6.653072 199 9.953879
3
0 2 199 9.763355 199 12.010615
1 2 199 19.056385 199 11.782374
2 2 199 18.382390 199 7.363688
3
0 2 199 14.293528 199 13.739563
1 2 199 18.748482 199 15.736787
2 2 199 1.177613 199 5.936362
3
0 2 199 11.371010 199 12.841714
1 2 199 11.377936 199 8.600842
2 2 199 7.363514 199 2.134141
3
0 2 199 9.682637 199 15.661812
1 2 199 6.324374 199 6.181374
2 2 199 9.655400 199 11.042778
3
0 2 199 11.459505 199 16.263646
1 2 199 19.786243 199 19.331505
2 2 199 3.315208 199 1.234166
3
0 2 199 12.175830 199 3.460348
1 2 199 17.089639 199 13.848237
2 2 199 10.037034 199 18.052005
3
0 2 199 19.189481 199 12.589171
1 2 199 11.620224 199 9.776701
2 2 199 3.672849 199 13.836755
3
0 2 199 17.697954 199 15.151965
1 2 199 17.857834 199 15.161947
2 2 199 11.690648 199 7.751101
3
0 2 199 1.090319 199 15.724195
1 2 199 15.344565 199 8.959397
2 2 199 13.636406 199 7.158505
3
0 2 199 19.817760 199 6.204438
1 2 199 17.726925 199 15.594811
2 2 199 19.063360 199 2.128909
3
0 2 199 14.398519 199 11.163349
1 2 199 5.994016 199 19.101872
2 2 199 16.790595 199 12.174610
3
0 2 199 19.022091 199 8.904778
1 2 199 12.303997 199 6.870763
2 2 199 14.848844 199 11.360558
3
0 2 199 18.676690 199 15.726777
1 2 199 19.847631 199 5.514159
2 2 199 4.938417 199 13.102623
3
0 2 199 14.278879 199 13.473208
1 2 199 17.846592 199 15.852848
2 2 199 10.569002 199 1.432440
3
0 2 199 6.187284 199 11.057504
1 2 199 12.024657 199 10.395487
2 2 199 12.720096 199 10.201606
0
