20 19
3
0 2 5 8.050242 8 13.225586
1 2 12 11.197478 7 11.115999
2 2 19 14.554331 14 6.992071
3
0 2 5 9.283873 18 17.419730
1 2 18 5.581999 17 1.769926
2 2 17 2.095765 15 1.853980
3
0 2 5 6.111154 7 6.680190
1 2 13 12.978956 12 6.590328
2 2 19 5.147717 7 12.699719
3
0 2 5 14.482089 17 11.974845
1 2 13 10.089517 17 6.996485
2 2 5 6.065188 17 12.003025
3
0 2 5 14.206409 7 12.482288
1 2 16 16.067052 12 5.569877
2 2 8 16.439116 9 16.811499
3
0 2 10 1.991767 12 9.291584
1 2 10 9.384926 18 16.759891
2 2 16 7.566462 10 11.642410
3
0 2 10 19.647696 12 5.879856
1 2 15 10.443689 14 11.438328
2 2 11 3.450377 17 2.846638
3
0 2 10 5.043447 13 18.425380
1 2 12 15.663815 16 6.010622
2 2 19 17.975939 18 2.859855
3
0 2 10 6.826972 17 17.811638
1 2 14 15.229843 11 19.129767
2 2 17 17.108592 12 8.406340
3
0 2 10 5.609101 18 2.534418
1 2 17 19.904000 14 11.072210
2 2 12 12.677606 18 2.462493
3
0 2 15 19.058672 19 11.039743
1 2 18 15.984189 15 15.983806
2 2 17 4.550990 15 3.241941
3
0 2 15 5.092737 18 11.164123
1 2 18 9.989407 15 4.839285
2 2 17 9.261882 15 12.306697
3
0 2 15 15.431345 17 15.186023
1 2 17 15.591200 15 2.413692
2 2 15 5.768672 17 4.351797
3
0 2 15 15.438513 19 19.374662
1 2 18 15.943504 19 16.441144
2 2 18 19.821474 16 17.006105
3
0 2 15 14.612537 17 9.571145
1 2 15 12.325845 19 12.216379
2 2 19 9.339016 18 10.325157
3
0 1 19 6.981438
1 1 19 8.301111
2 1 19 18.733592
3
0 1 19 14.657642
1 1 19 5.884439
2 1 19 13.655149
3
0 1 19 3.974023
1 1 19 14.653811
2 1 19 18.105149
3
0 1 19 18.583398
1 1 19 1.369664
2 1 19 18.923357
0
