20 19
3
0 2 5 17.173230 10 4.739495
1 2 14 15.316575 5 5.155906
2 2 19 3.393921 18 9.403187
3
0 2 5 15.684501 10 10.470797
1 2 9 6.918964 15 4.222817
2 2 6 13.243277 7 14.195047
3
0 2 5 13.526814 10 2.836359
1 2 15 3.556394 9 9.084935
2 2 19 17.597418 9 17.895548
3
0 2 5 3.451019 10 19.011819
1 2 11 3.738566 9 11.745763
2 2 19 6.526583 14 15.893887
3
0 2 5 5.521332 17 17.733000
1 2 18 9.474461 16 4.219875
2 2 7 5.662035 11 9.512018
3
0 2 10 3.048522 19 5.842790
1 2 16 12.206923 13 19.065741
2 2 12 11.000535 14 19.486472
3
0 2 10 10.273866 13 17.470571
1 2 10 12.594797 13 5.123822
2 2 16 18.308698 13 12.752713
3
0 2 10 9.860314 14 9.627098
1 2 15 8.463077 10 2.031273
2 2 10 12.751916 11 4.595719
3
0 2 10 14.807394 11 19.526315
1 2 15 17.617407 18 14.246626
2 2 13 17.061369 10 1.212153
3
0 2 10 13.534769 18 9.997741
1 2 12 17.960007 17 10.920571
2 2 17 17.478666 10 9.891803
3
0 2 15 2.476874 19 16.917363
1 2 15 1.156825 18 16.804051
2 2 16 6.244917 17 17.329707
3
0 2 15 13.982532 18 18.811605
1 2 18 16.554461 19 10.153346
2 2 19 4.784607 18 9.555700
3
0 2 15 16.820436 17 4.471385
1 2 19 17.997753 15 3.872668
2 2 18 1.492595 15 17.211106
3
0 2 15 18.556969 16 14.971508
1 2 18 7.484970 19 18.439096
2 2 16 19.384063 15 3.825447
3
0 2 15 9.403373 17 17.072085
1 2 17 13.562584 19 6.135565
2 2 16 10.906533 19 1.127861
3
0 1 19 19.784479
1 1 19 10.261476
2 1 19 8.747151
3
0 1 19 19.318066
1 1 19 11.694810
2 1 19 10.068443
3
0 1 19 2.691945
1 1 19 3.944227
2 1 19 3.010191
3
0 1 19 17.800780
1 1 19 10.286970
2 1 19 12.124920
0
