20 19
3
0 2 5 7.198073 6 15.884260
1 2 10 7.092294 8 9.387279
2 2 12 12.774158 13 19.948886
3
0 2 5 15.406165 9 14.974654
1 2 5 17.815083 6 6.746174
2 2 8 10.700711 19 10.808781
3
0 2 5 6.483369 17 12.976029
1 2 7 5.513301 11 10.736915
2 2 6 7.999293 19 11.059193
3
0 2 5 5.296394 7 5.693849
1 2 9 1.744361 6 14.960612
2 2 7 2.401255 12 14.420672
3
0 2 5 6.006767 16 15.344780
1 2 16 19.542618 12 18.360444
2 2 16 11.814814 6 4.807636
3
0 2 10 14.479335 15 11.167607
1 2 15 5.179717 12 3.651155
2 2 17 5.956420 11 4.090679
3
0 2 10 14.222761 13 11.508093
1 2 10 12.351104 18 9.519518
2 2 17 7.804943 15 3.501593
3
0 2 10 2.522776 13 16.332954
1 2 17 6.016260 10 17.585032
2 2 18 16.738885 12 15.489442
3
0 2 10 19.979976 12 19.255117
1 2 16 13.986960 19 4.942468
2 2 11 15.137672 10 13.434906
3
0 2 10 1.334124 13 15.903687
1 2 13 8.876853 10 10.340670
2 2 11 9.652140 12 1.459987
3
0 2 15 14.770884 17 16.169661
1 2 18 4.445645 17 16.598610
2 2 19 17.195566 16 5.751089
3
0 2 15 8.331389 18 5.957759
1 2 18 12.085993 16 3.826377
2 2 18 19.052601 19 11.386206
3
0 2 15 3.231901 18 13.593257
1 2 19 10.895862 17 4.466422
2 2 16 3.841556 17 10.295038
3
0 2 15 15.677312 17 5.709125
1 2 15 15.034411 16 1.628967
2 2 15 17.822511 19 12.465453
3
0 2 15 11.539493 18 6.770374
1 2 18 19.987341 16 18.122793
2 2 19 3.642292 18 11.307597
3
0 2 19 5.126283 19 7.679664
1 2 19 13.410022 19 16.599713
2 2 19 14.563450 19 3.788692
3
0 2 19 6.376856 19 12.716594
1 2 19 3.034125 19 10.050100
2 2 19 3.846275 19 7.791662
3
0 2 19 9.082146 19 5.616205
1 2 19 1.135565 19 19.523918
2 2 19 3.187007 19 19.577523
3
0 2 19 5.973835 19 2.074895
1 2 19 19.670993 19 9.160828
2 2 19 13.073505 19 8.114562
0
