50 49
3
0 2 5 5.959542 6 19.371656
1 2 33 1.792987 19 19.427688
2 2 5 11.090664 42 14.681691
3
0 2 5 9.988033 10 4.748460
1 2 8 9.180343 38 6.327935
2 2 45 1.947240 12 9.714650
3
0 2 5 3.479261 18 5.070891
1 2 33 16.612988 20 14.057713
2 2 33 12.925656 46 7.113439
3
0 2 5 9.680094 7 19.236792
1 2 33 15.623585 22 7.156650
2 2 21 8.633963 38 8.132831
3
0 2 5 16.494187 17 17.794173
1 2 24 11.370172 43 10.016538
2 2 27 11.826621 31 17.976088
3
0 2 10 4.339886 29 11.362165
1 2 13 14.352388 48 8.070834
2 2 36 4.968738 32 18.700686
3
0 2 10 4.942020 31 11.219492
1 2 42 11.807712 35 16.170930
2 2 36 8.615196 12 12.266821
3
0 2 10 14.475337 23 10.699913
1 2 39 13.961465 28 13.692718
2 2 23 4.860731 47 2.448103
3
0 2 10 8.961440 46 10.027845
1 2 27 15.193208 35 15.759715
2 2 10 7.929982 45 3.512537
3
0 2 10 19.535991 13 14.590459
1 2 12 1.042769 39 17.674870
2 2 14 1.474562 20 18.538927
3
0 2 15 8.692292 27 3.773420
1 2 39 13.405977 29 6.613871
2 2 38 5.285853 40 8.770513
3
0 2 15 19.084554 33 8.069933
1 2 24 4.062821 36 10.227813
2 2 43 11.555470 18 8.316784
3
0 2 15 4.443435 24 5.518436
1 2 41 10.314642 16 14.543723
2 2 21 4.323349 17 3.556601
3
0 2 15 11.746165 16 17.139810
1 2 49 8.896441 27 13.187201
2 2 19 4.848950 45 14.582006
3
0 2 15 1.923060 29 3.404827
1 2 42 3.924825 18 17.160024
2 2 15 6.043133 27 19.088166
3
0 2 20 5.878973 34 9.870223
1 2 31 12.374356 46 2.398058
2 2 22 18.777741 43 17.801804
3
0 2 20 8.968523 46 7.484230
1 2 37 16.922521 42 15.184672
2 2 39 19.802348 46 19.301665
3
0 2 20 12.831601 33 18.078657
1 2 28 2.709693 45 6.976569
2 2 30 1.573652 22 15.340928
3
0 2 20 5.547446 25 5.101523
1 2 39 14.853450 36 9.020147
2 2 23 6.185607 27 7.137032
3
0 2 20 15.827487 45 5.981472
1 2 49 16.499746 47 14.356573
2 2 24 4.095663 47 11.112135
3
0 2 25 14.150596 45 8.618309
1 2 32 8.713764 34 6.184614
2 2 25 5.233616 43 14.314515
3
0 2 25 8.257598 42 9.264654
1 2 42 4.035554 39 14.608339
2 2 37 13.687590 33 19.225053
3
0 2 25 9.687124 27 16.360226
1 2 49 7.974515 29 11.289313
2 2 36 5.185194 27 2.130016
3
0 2 25 1.946164 40 18.547760
1 2 41 15.707574 30 5.434838
2 2 43 5.476994 26 11.869835
3
0 2 25 13.456892 34 13.627313
1 2 36 17.443794 37 10.579357
2 2 32 17.073536 29 9.191447
3
0 2 30 12.796055 39 17.176939
1 2 47 2.947592 46 7.252429
2 2 40 7.871268 37 1.701629
3
0 2 30 8.273666 42 9.465206
1 2 35 15.285841 33 16.412055
2 2 49 2.756519 32 3.296969
3
0 2 30 8.224170 31 10.555504
1 2 35 9.397599 37 19.012460
2 2 47 14.070433 34 9.431710
3
0 2 30 12.662349 41 8.992005
1 2 45 12.532040 34 13.796508
2 2 47 9.830558 38 2.606657
3
0 2 30 11.194235 31 16.183276
1 2 33 3.798927 38 15.526256
2 2 30 12.267216 36 4.849357
3
0 2 35 1.798000 38 6.410042
1 2 43 15.377727 41 16.770141
2 2 47 16.951613 40 14.670887
3
0 2 35 6.381151 49 3.889241
1 2 46 11.904815 35 10.298403
2 2 35 13.437679 46 19.809619
3
0 2 35 4.386868 39 12.331101
1 2 36 1.663531 41 17.729169
2 2 46 10.028598 38 12.818437
3
0 2 35 19.445418 45 11.710131
1 2 36 11.293457 48 6.386200
2 2 46 6.405687 43 16.326088
3
0 2 35 14.950815 37 1.395061
1 2 42 12.524003 47 13.834905
2 2 43 9.628196 35 15.501239
3
0 2 40 6.037599 49 2.311954
1 2 45 14.323800 43 9.074964
2 2 44 8.448750 40 9.461786
3
0 2 40 11.154287 49 18.066417
1 2 41 15.100552 47 1.591002
2 2 41 18.058248 40 3.517404
3
0 2 40 15.615396 42 12.351319
1 2 46 12.198157 43 2.530503
2 2 45 1.239268 43 13.205296
3
0 2 40 5.769546 48 8.390904
1 2 42 18.260693 47 9.048904
2 2 48 6.860043 49 18.184726
3
0 2 40 12.902544 43 16.822291
1 2 42 16.195255 43 7.325189
2 2 45 8.069260 47 4.803803
3
0 2 45 19.628728 48 16.122679
1 2 47 6.164911 45 13.137577
2 2 49 14.265451 45 5.284414
3
0 2 45 5.388299 46 4.799238
1 2 46 1.485528 45 11.471916
2 2 46 16.147824 45 2.783505
3
0 2 45 10.930550 47 19.723740
1 2 47 9.186125 46 2.308367
2 2 45 18.593067 48 15.481950
3
0 2 45 6.584161 46 3.474006
1 2 45 17.511749 47 7.626781
2 2 46 19.821298 47 18.695380
3
0 2 45 3.788611 47 19.838001
1 2 46 10.547772 48 2.021336
2 2 47 9.594297 48 19.548629
3
0 2 49 4.119834 49 10.456241
1 2 49 3.645083 49 8.916553
2 2 49 13.529961 49 15.944903
3
0 2 49 13.898883 49 10.098347
1 2 49 13.213779 49 14.789110
2 2 49 19.673942 49 13.576175
3
0 2 49 17.720113 49 14.569296
1 2 49 15.982941 49 13.017247
2 2 49 17.998434 49 3.167773
3
0 2 49 13.359378 49 7.550560
1 2 49 18.417951 49 4.389894
2 2 49 8.546319 49 14.842939
0
