200 199
3
0 2 20 1.682591 134 16.801296
1 2 167 1.225915 70 3.968744
2 2 124 7.988506 140 2.037939
3
0 2 20 13.094870 174 7.769509
1 2 169 14.358935 151 15.098267
2 2 83 10.086455 101 16.775151
3
0 2 20 15.418954 134 7.769802
1 2 185 6.570445 26 11.028343
2 2 102 1.702970 42 5.224413
3
0 2 20 9.914966 33 18.518179
1 2 109 1.008376 152 17.850027
2 2 158 11.941908 194 18.172350
3
0 2 20 2.098464 69 9.903612
1 2 139 1.885393 57 18.180321
2 2 127 6.021616 41 19.553491
3
0 2 20 15.617725 52 14.091708
1 2 32 16.740827 67 2.746851
2 2 107 4.801429 94 3.815071
3
0 2 20 12.756190 77 5.147468
1 2 47 11.783023 153 19.631840
2 2 100 14.694138 172 4.410877
3
0 2 20 8.139859 161 3.969406
1 2 25 4.996725 151 19.174890
2 2 43 8.835884 94 9.761154
3
0 2 20 7.757708 32 3.144183
1 2 71 6.814255 123 10.790674
2 2 169 16.660728 166 18.410928
3
0 2 20 3.675925 142 19.321701
1 2 61 19.946507 170 13.970602
2 2 102 2.440169 87 8.311954
3
0 2 20 4.520978 147 18.650377
1 2 132 10.876422 115 11.757549
2 2 99 12.249519 68 2.204447
3
0 2 20 1.770275 76 9.338404
1 2 162 12.077196 145 15.095243
2 2 50 8.235978 93 5.818893
3
0 2 20 12.132665 103 13.694467
1 2 27 7.807376 117 3.675839
2 2 120 11.087599 28 17.943426
3
0 2 20 1.560911 63 12.008295
1 2 124 11.001217 152 17.199705
2 2 31 9.435111 161 15.282301
3
0 2 20 8.097994 130 6.406795
1 2 113 17.977813 39 9.965071
2 2 109 13.485987 25 16.600484
3
0 2 20 5.675092 54 3.929874
1 2 30 14.234673 44 6.551642
2 2 27 6.521513 44 15.843828
3
0 2 20 15.904125 117 3.651672
1 2 107 12.384994 66 14.082916
2 2 129 16.695582 69 10.623094
3
0 2 20 7.898280 132 12.614579
1 2 42 3.157880 137 9.504928
2 2 171 11.976642 188 15.941384
3
0 2 20 12.355398 51 12.119021
1 2 157 15.940388 79 1.560726
2 2 90 16.426718 191 15.389926
3
0 2 20 14.358023 159 16.317561
1 2 41 13.461397 110 7.246345
2 2 53 8.300242 30 9.215975
3
0 2 40 15.214475 153 3.992095
1 2 189 11.111378 56 15.482282
2 2 177 14.027566 53 6.911080
3
0 2 40 3.763218 145 19.268041
1 2 75 15.487328 162 12.120522
2 2 79 7.766440 162 16.694445
3
0 2 40 13.320346 159 5.503742
1 2 101 1.720019 48 3.373717
2 2 91 10.169150 147 16.441945
3
0 2 40 17.289972 171 9.822157
1 2 68 17.743479 176 19.742310
2 2 186 6.479714 55 11.382028
3
0 2 40 13.944025 70 11.523892
1 2 92 15.955306 175 2.456985
2 2 94 4.629721 176 2.046431
3
0 2 40 17.910771 95 17.321767
1 2 68 1.675891 175 2.128109
2 2 196 12.112015 89 3.807645
3
0 2 40 5.329702 150 7.783527
1 2 44 11.208370 155 19.720599
2 2 102 13.788588 88 13.770945
3
0 2 40 14.220113 68 9.326430
1 2 123 13.656010 141 10.390705
2 2 138 13.570730 54 16.067343
3
0 2 40 1.716391 69 8.371049
1 2 73 8.988458 140 2.790653
2 2 140 5.677247 123 16.203635
3
0 2 40 3.803004 63 2.464096
1 2 99 1.328594 92 5.739926
2 2 128 10.704421 126 6.679011
3
0 2 40 14.125767 115 12.076427
1 2 52 19.205659 62 13.258612
2 2 195 4.119775 49 1.454385
3
0 2 40 14.555078 112 15.956162
1 2 149 15.438300 182 13.717635
2 2 61 5.773422 186 16.873326
3
0 2 40 18.585907 171 15.345858
1 2 161 4.331674 44 17.557980
2 2 144 4.755061 51 14.994923
3
0 2 40 1.913063 124 13.814100
1 2 169 4.817095 135 8.437694
2 2 64 1.150665 188 7.609674
3
0 2 40 15.008322 152 19.577878
1 2 154 17.736129 79 1.353571
2 2 196 16.817734 58 12.363229
3
0 2 40 8.956294 99 16.498522
1 2 159 8.377405 80 16.965695
2 2 84 7.844585 193 9.578004
3
0 2 40 10.413811 88 11.412728
1 2 139 14.878169 63 8.024588
2 2 180 10.172320 153 9.396384
3
0 2 40 10.853802 182 10.410708
1 2 46 3.546852 134 1.492005
2 2 163 2.378583 75 12.131954
3
0 2 40 12.149862 82 7.097992
1 2 199 2.470850 178 1.505161
2 2 158 11.888668 136 1.795907
3
0 2 40 12.958907 43 15.065150
1 2 104 18.346774 66 8.427692
2 2 147 18.375553 183 7.142937
3
0 2 60 3.459909 129 3.035409
1 2 63 1.176376 183 10.827691
2 2 178 13.732805 133 2.095052
3
0 2 60 17.480290 97 18.302758
1 2 105 12.198186 167 17.015231
2 2 90 10.724710 145 11.428769
3
0 2 60 7.008719 138 14.191261
1 2 184 3.573507 193 14.596573
2 2 127 12.726240 102 5.156328
3
0 2 60 16.651398 118 19.943400
1 2 99 2.868141 147 13.594794
2 2 98 1.973230 71 9.391532
3
0 2 60 19.888232 172 10.217825
1 2 68 6.982920 124 16.831071
2 2 157 8.166761 146 15.433323
3
0 2 60 11.505804 186 10.673177
1 2 173 13.126285 154 12.314381
2 2 185 1.487746 132 13.173996
3
0 2 60 16.713888 89 14.300301
1 2 73 7.336279 105 4.585721
2 2 182 10.132778 158 15.147418
3
0 2 60 9.721457 191 5.368784
1 2 76 6.378717 199 17.529267
2 2 95 9.609963 101 18.428789
3
0 2 60 18.097874 127 6.837936
1 2 144 6.590943 78 19.329110
2 2 122 16.213644 193 11.899902
3
0 2 60 9.387656 102 13.439850
1 2 121 4.207156 89 9.283385
2 2 89 18.722440 175 4.824119
3
0 2 60 2.463587 93 7.450139
1 2 187 5.663967 112 8.380291
2 2 162 17.448596 81 4.453942
3
0 2 60 9.743023 175 5.010899
1 2 66 13.020287 94 1.372069
2 2 104 8.176239 73 9.347405
3
0 2 60 19.715681 138 2.577098
1 2 163 5.469515 101 3.262552
2 2 143 17.800887 152 14.467634
3
0 2 60 16.378371 106 9.573516
1 2 186 4.076715 90 19.791626
2 2 142 10.420053 131 14.544549
3
0 2 60 19.501619 72 9.651756
1 2 139 16.844053 146 13.135271
2 2 102 11.096991 69 14.518587
3
0 2 60 7.290566 69 2.947118
1 2 98 13.462579 166 16.777754
2 2 142 14.264621 180 18.842337
3
0 2 60 4.982591 152 6.496323
1 2 69 7.935233 114 2.430459
2 2 162 9.295770 128 8.115016
3
0 2 60 7.080182 152 4.389220
1 2 167 1.178002 109 16.864231
2 2 91 8.403851 60 11.418007
3
0 2 60 2.604391 167 4.787110
1 2 147 4.622825 139 19.938706
2 2 177 2.426594 130 16.221746
3
0 2 60 9.960246 121 4.987772
1 2 195 7.835196 154 10.885890
2 2 187 7.666938 60 16.800266
3
0 2 80 10.914191 136 11.131385
1 2 99 18.406569 141 7.679958
2 2 168 1.205038 117 3.510605
3
0 2 80 19.131605 160 17.374698
1 2 177 14.074537 150 12.385364
2 2 170 14.619579 155 7.814978
3
0 2 80 7.890121 105 2.704906
1 2 194 14.736603 158 18.411382
2 2 92 17.256201 168 18.430664
3
0 2 80 14.415969 166 8.256782
1 2 190 3.172040 169 18.264580
2 2 143 9.731236 90 6.223842
3
0 2 80 10.887956 185 17.738985
1 2 150 12.856752 101 13.640057
2 2 163 5.944440 109 9.494888
3
0 2 80 9.365522 171 9.141926
1 2 89 11.674564 158 17.192188
2 2 178 13.131614 150 2.408862
3
0 2 80 5.400587 124 4.483379
1 2 164 16.406042 162 18.787916
2 2 106 12.273129 115 11.544736
3
0 2 80 19.792273 177 16.645178
1 2 174 10.540670 187 4.049897
2 2 189 10.218176 112 11.290391
3
0 2 80 1.857577 154 9.639499
1 2 87 19.940663 152 14.478678
2 2 146 17.694200 111 19.237838
3
0 2 80 12.038948 123 2.974786
1 2 163 7.446216 104 10.272121
2 2 166 7.362078 193 11.054427
3
0 2 80 18.538718 173 7.120558
1 2 181 12.345611 148 6.553255
2 2 88 4.065361 97 11.077726
3
0 2 80 18.607726 155 4.893235
1 2 114 4.943598 80 5.709035
2 2 81 4.319191 147 13.485490
3
0 2 80 6.130821 181 15.524676
1 2 97 16.155713 83 3.415295
2 2 91 17.048305 108 6.675957
3
0 2 80 13.854032 187 17.492882
1 2 166 14.712557 117 1.006254
2 2 96 18.303236 131 12.943101
3
0 2 80 1.399139 171 8.065628
1 2 121 6.768490 127 3.679179
2 2 103 8.531489 105 9.274976
3
0 2 80 11.818326 173 5.286196
1 2 145 4.318826 154 11.522530
2 2 142 19.716031 134 3.450654
3
0 2 80 17.441877 126 12.607829
1 2 169 16.737836 149 11.457554
2 2 142 9.182296 138 6.650806
3
0 2 80 19.992354 150 1.663314
1 2 193 11.584857 142 14.924226
2 2 194 12.645308 150 10.854121
3
0 2 80 19.182637 152 18.626079
1 2 100 18.693034 87 16.052587
2 2 154 17.496957 85 8.125470
3
0 2 80 4.748888 98 14.309048
1 2 169 1.077345 87 14.991152
2 2 150 9.136171 130 15.309239
3
0 2 100 2.751392 184 9.835852
1 2 145 9.286931 132 2.840379
2 2 160 10.057653 138 4.741223
3
0 2 100 9.504277 182 7.593841
1 2 170 1.527007 168 14.539499
2 2 140 16.373553 170 11.839726
3
0 2 100 4.095748 142 10.156722
1 2 101 1.144052 167 17.131002
2 2 126 3.864455 187 15.515725
3
0 2 100 19.210292 195 16.639826
1 2 119 2.615015 171 5.174334
2 2 130 2.697640 177 3.157874
3
0 2 100 3.824759 104 10.822422
1 2 160 16.626381 185 15.211222
2 2 196 13.184520 110 16.549351
3
0 2 100 12.949318 155 14.435259
1 2 119 6.636036 109 5.538486
2 2 197 15.812603 188 19.849719
3
0 2 100 10.833161 173 10.320431
1 2 182 18.847674 195 8.328858
2 2 126 13.974736 123 15.282102
3
0 2 100 3.384104 164 19.213289
1 2 193 9.449038 168 1.130368
2 2 172 8.849963 117 13.631004
3
0 2 100 7.326342 101 19.519878
1 2 136 9.803353 108 18.396729
2 2 125 8.024271 150 1.493915
3
0 2 100 3.615916 122 3.349817
1 2 192 12.255870 169 11.419991
2 2 115 10.307776 119 12.678022
3
0 2 100 5.877802 113 4.951921
1 2 197 10.078374 113 19.993959
2 2 104 7.804515 170 7.941872
3
0 2 100 3.775314 131 17.227110
1 2 105 14.238236 150 5.680478
2 2 126 5.209306 159 1.764072
3
0 2 100 7.021916 192 11.864511
1 2 112 18.468418 160 4.771068
2 2 125 17.030382 156 16.913472
3
0 2 100 16.116787 117 12.744389
1 2 153 16.352449 114 19.593108
2 2 100 17.694999 177 17.865831
3
0 2 100 4.304641 152 3.895123
1 2 121 14.405491 187 9.493448
2 2 130 5.008062 189 4.992828
3
0 2 100 18.589021 126 15.613503
1 2 170 9.224174 192 14.794824
2 2 128 9.014090 194 5.396624
3
0 2 100 2.528949 179 10.875944
1 2 172 12.942117 178 6.955697
2 2 127 1.676329 169 4.140649
3
0 2 100 13.717066 151 10.397310
1 2 117 12.239146 179 8.292255
2 2 126 8.471280 141 14.166420
3
0 2 100 3.516707 156 7.694531
1 2 198 7.644993 182 13.471674
2 2 129 11.569023 121 14.263259
3
0 2 100 9.512263 197 9.712644
1 2 143 12.522493 166 3.432301
2 2 105 2.904674 163 14.417981
3
0 2 120 17.604567 185 13.567279
1 2 123 2.505529 152 1.950452
2 2 168 12.835162 180 3.301610
3
0 2 120 2.061365 159 9.217732
1 2 130 5.731107 152 1.697811
2 2 157 2.113855 159 9.774927
3
0 2 120 11.025480 132 10.775906
1 2 191 16.164454 186 19.856516
2 2 153 18.169857 161 14.307312
3
0 2 120 8.458125 123 8.345424
1 2 120 17.904508 135 1.602440
2 2 155 5.710076 159 12.725547
3
0 2 120 5.284283 135 7.967180
1 2 158 16.727170 177 8.059753
2 2 191 4.281872 154 13.597356
3
0 2 120 3.735536 172 5.560440
1 2 169 6.935491 199 13.322405
2 2 151 2.733897 124 6.108496
3
0 2 120 18.540085 184 19.217746
1 2 192 2.260174 160 13.182357
2 2 187 9.635117 168 18.858637
3
0 2 120 7.021450 156 15.269233
1 2 141 6.431323 190 18.252383
2 2 133 8.266627 147 6.985919
3
0 2 120 11.658556 135 7.160322
1 2 127 4.424144 180 9.764081
2 2 174 18.277194 176 8.582136
3
0 2 120 4.894554 184 9.750774
1 2 150 6.160851 196 15.037515
2 2 172 15.516321 148 3.788158
3
0 2 120 7.945257 153 15.054982
1 2 154 11.173616 196 13.621434
2 2 182 14.056534 185 14.766418
3
0 2 120 9.033488 135 14.214304
1 2 168 9.586767 194 12.023904
2 2 155 17.018178 198 1.148628
3
0 2 120 5.346677 168 1.930288
1 2 129 15.187789 199 14.215649
2 2 126 14.480972 187 9.157834
3
0 2 120 2.036464 138 16.383451
1 2 192 10.467970 127 17.079737
2 2 160 9.683622 120 18.587565
3
0 2 120 3.321191 134 17.478053
1 2 130 5.105013 153 18.984844
2 2 120 2.064589 193 11.204787
3
0 2 120 12.604048 182 19.700827
1 2 197 13.910976 130 4.399370
2 2 167 4.898372 120 4.751569
3
0 2 120 4.738804 197 10.727440
1 2 123 17.582443 160 14.393214
2 2 121 18.150285 197 6.632408
3
0 2 120 5.791856 152 10.024880
1 2 160 13.543769 147 10.261558
2 2 175 1.294292 146 16.726541
3
0 2 120 3.921014 163 11.369690
1 2 140 4.455064 159 12.944340
2 2 140 9.469335 193 4.491584
3
0 2 120 14.177564 139 14.845146
1 2 181 9.655705 187 19.253158
2 2 195 7.356718 152 15.201484
3
0 2 140 13.391946 184 18.922611
1 2 156 19.186676 172 2.496531
2 2 158 13.706768 177 5.648346
3
0 2 140 4.048279 163 3.405068
1 2 182 16.753156 197 2.844566
2 2 181 7.356453 174 12.808492
3
0 2 140 5.382953 150 8.373478
1 2 164 14.397458 140 13.535357
2 2 168 16.432650 159 15.688851
3
0 2 140 4.439177 156 19.871147
1 2 159 19.881868 174 3.177462
2 2 169 4.799920 199 8.130940
3
0 2 140 4.814059 147 1.319491
1 2 148 3.647708 189 4.995344
2 2 184 8.684132 141 1.803233
3
0 2 140 10.611278 146 12.402454
1 2 175 7.892798 167 9.679610
2 2 183 10.240567 190 17.831651
3
0 2 140 10.634601 171 12.876135
1 2 185 14.812942 159 10.553447
2 2 155 4.699013 188 8.880297
3
0 2 140 19.035787 153 6.835614
1 2 157 7.657956 191 12.835193
2 2 147 11.539741 177 16.437836
3
0 2 140 14.649000 178 10.287465
1 2 193 8.826049 189 18.575035
2 2 192 16.829342 186 7.662723
3
0 2 140 1.208049 178 14.837142
1 2 154 15.205462 176 16.372741
2 2 164 3.048802 192 3.288665
3
0 2 140 13.001211 174 17.914344
1 2 146 9.310562 155 10.061440
2 2 192 7.389063 161 3.465056
3
0 2 140 11.444973 191 10.962319
1 2 195 6.981132 179 19.707793
2 2 159 15.890923 168 18.381053
3
0 2 140 16.362866 196 15.171874
1 2 168 12.333784 196 8.881725
2 2 197 4.167684 185 19.633729
3
0 2 140 1.931357 161 19.110932
1 2 192 19.463233 180 13.027971
2 2 158 16.419721 189 4.635975
3
0 2 140 1.149592 157 5.417971
1 2 197 1.267017 181 11.578268
2 2 167 19.766733 144 17.614927
3
0 2 140 12.996596 166 13.948470
1 2 186 13.454614 188 18.265686
2 2 179 19.941502 198 12.607751
3
0 2 140 6.859678 191 17.618659
1 2 148 5.931036 174 12.436947
2 2 197 10.310390 147 8.816884
3
0 2 140 6.883924 146 15.115958
1 2 142 13.236207 178 15.097748
2 2 150 16.993771 140 17.296393
3
0 2 140 1.448704 161 8.060661
1 2 141 18.662976 154 19.664638
2 2 153 10.924758 189 8.209604
3
0 2 140 9.608434 176 7.841542
1 2 184 15.771911 179 3.337856
2 2 185 5.321602 191 16.547369
3
0 2 160 17.394571 186 6.880628
1 2 189 7.773132 179 19.882518
2 2 160 15.532801 199 15.219019
3
0 2 160 3.320208 188 12.702232
1 2 183 14.523775 176 2.019443
2 2 162 15.980045 176 17.868098
3
0 2 160 8.183184 199 8.753538
1 2 182 11.829349 175 13.716403
2 2 175 6.712525 192 2.509379
3
0 2 160 14.209576 196 11.159099
1 2 191 17.883646 175 4.025080
2 2 189 1.266962 180 12.202357
3
0 2 160 9.510756 167 5.615741
1 2 177 2.301970 180 8.195809
2 2 181 9.759795 186 7.884537
3
0 2 160 14.919214 176 17.872378
1 2 181 9.480764 199 8.238396
2 2 161 15.758081 173 15.346786
3
0 2 160 4.387832 195 15.604084
1 2 187 9.267584 194 3.424964
2 2 176 14.881615 170 3.531167
3
0 2 160 13.015278 187 15.956509
1 2 161 1.289853 176 12.778340
2 2 164 17.640181 179 4.138589
3
0 2 160 17.977097 168 4.467000
1 2 186 2.440920 176 6.979407
2 2 169 10.572041 184 18.129743
3
0 2 160 12.278232 194 13.963296
1 2 176 14.034453 181 9.242862
2 2 172 3.616037 189 12.434317
3
0 2 160 15.315648 181 11.238557
1 2 165 3.417749 180 17.726622
2 2 187 4.318189 197 18.207925
3
0 2 160 7.039558 178 1.909261
1 2 177 9.023065 172 13.751437
2 2 185 16.199388 175 7.572363
3
0 2 160 18.839617 177 13.665548
1 2 185 11.989858 169 17.836211
2 2 168 18.313628 187 9.453041
3
0 2 160 17.408459 163 16.583550
1 2 195 12.494565 188 17.511427
2 2 184 5.714004 191 6.768466
3
0 2 160 2.846388 193 6.986544
1 2 192 6.908195 171 11.700958
2 2 166 3.332701 187 12.591654
3
0 2 160 3.330453 197 15.322806
1 2 194 2.077131 186 3.792530
2 2 182 5.139716 177 1.457370
3
0 2 160 9.394320 167 6.572348
1 2 170 19.474997 169 16.356949
2 2 163 7.946816 182 17.563980
3
0 2 160 14.536856 178 18.063132
1 2 163 12.668254 164 10.524540
2 2 181 10.828471 178 15.641330
3
0 2 160 10.142733 195 3.066852
1 2 196 12.766378 163 16.892540
2 2 199 15.035724 165 15.560464
3
0 2 160 12.532999 199 10.119891
1 2 163 5.928847 190 7.071677
2 2 169 5.315048 184 15.539173
3
0 2 180 18.705091 181 11.980651
1 2 185 15.695883 189 16.139058
2 2 184 19.047991 188 6.757047
3
0 2 180 14.702591 198 17.213324
1 2 186 15.104074 195 17.587769
2 2 195 17.910829 199 17.483144
3
0 2 180 16.900401 194 13.855067
1 2 192 8.950482 189 6.052023
2 2 190 16.395083 199 1.959270
3
0 2 180 16.033418 197 14.224904
1 2 184 6.031781 194 19.228805
2 2 191 3.759951 180 8.246807
3
0 2 180 7.221115 195 19.578613
1 2 188 7.586976 189 11.188442
2 2 181 13.856766 195 1.311327
3
0 2 180 18.738034 192 10.418095
1 2 188 15.502387 189 16.843059
2 2 197 14.441431 193 3.956768
3
0 2 180 9.710263 192 2.145393
1 2 192 8.774494 181 12.024783
2 2 199 5.996201 183 1.679130
3
0 2 180 13.855618 193 10.788416
1 2 188 11.645739 196 5.559802
2 2 180 15.497955 182 17.254317
3
0 2 180 13.287249 193 2.222355
1 2 180 4.931838 193 18.682445
2 2 194 12.745734 196 19.293735
3
0 2 180 13.647105 187 4.292112
1 2 190 9.341094 183 19.322931
2 2 181 6.780007 184 12.608464
3
0 2 180 4.616015 187 3.577309
1 2 187 3.042800 194 13.895719
2 2 183 15.570681 197 11.758441
3
0 2 180 7.820694 193 19.996554
1 2 198 9.126166 188 5.233860
2 2 190 13.037241 198 15.833383
3
0 2 180 3.019866 182 1.460507
1 2 183 7.902815 189 5.439777
2 2 188 18.291844 187 7.047440
3
0 2 180 14.171895 198 4.154962
1 2 189 6.234167 181 6.450885
2 2 192 17.440254 180 11.953700
3
0 2 180 8.471146 184 15.010995
1 2 192 5.617228 182 16.109959
2 2 185 11.808298 187 2.075371
3
0 2 180 13.635098 182 19.546121
1 2 189 1.686135 194 16.595141
2 2 184 4.402473 180 13.259334
3
0 2 180 14.453677 198 1.860483
1 2 189 4.145492 196 6.749884
2 2 189 10.594672 196 7.924220
3
0 2 180 13.143191 196 2.236763
1 2 191 18.093669 194 6.623777
2 2 182 13.965457 193 4.669067
3
0 2 180 4.440081 189 19.693780
1 2 184 2.228701 189 5.357706
2 2 183 5.378871 189 14.806802
3
0 2 180 17.252893 197 9.224103
1 2 189 5.389168 197 13.066700
2 2 197 5.571858 180 2.152416
3
0 2 199 17.642357 199 16.356142
1 2 199 8.065819 199 6.559817
2 2 199 12.403709 199 14.300996
3
0 2 199 10.272297 199 19.929209
1 2 199 18.163246 199 14.516029
2 2 199 16.265718 199 16.366452
3
0 2 199 3.939021 199 14.541745
1 2 199 3.912246 199 6.923708
2 2 199 6.995097 199 16.933935
3
0 2 199 10.283729 199 19.857394
1 2 199 6.579927 199 5.172442
2 2 199 15.828132 199 16.287435
3
0 2 199 14.769915 199 3.389071
1 2 199 13.195136 199 6.757283
2 2 199 18.902141 199 10.094447
3
0 2 199 6.479132 199 2.174937
1 2 199 16.586780 199 19.175965
2 2 199 15.268143 199 5.687194
3
0 2 199 19.274676 199 3.859696
1 2 199 1.997844 199 3.034989
2 2 199 13.147872 199 4.734141
3
0 2 199 1.981449 199 1.102888
1 2 199 1.331973 199 16.702944
2 2 199 2.886234 199 17.457378
3
0 2 199 19.980602 199 17.105656
1 2 199 14.882696 199 7.781111
2 2 199 6.235162 199 16.703388
3
0 2 199 2.872096 199 13.564084
1 2 199 7.656106 199 15.377720
2 2 199 15.877160 199 18.642929
3
0 2 199 1.898919 199 11.767719
1 2 199 16.795063 199 14.185295
2 2 199 8.352668 199 19.226142
3
0 2 199 17.907342 199 15.406176
1 2 199 3.902424 199 4.186908
2 2 199 2.022289 199 1.488627
3
0 2 199 9.197144 199 3.767779
1 2 199 16.145005 199 10.230024
2 2 199 19.623390 199 12.540038
3
0 2 199 7.074674 199 4.691490
1 2 199 18.167331 199 2.230587
2 2 199 1.315099 199 15.091720
3
0 2 199 5.172027 199 4.853100
1 2 199 15.402597 199 6.413034
2 2 199 8.168869 199 8.413863
3
0 2 199 1.992091 199 15.036193
1 2 199 9.339648 199 2.521195
2 2 199 9.195586 199 16.400300
3
0 2 199 14.158358 199 7.285250
1 2 199 5.558301 199 14.429762
2 2 199 14.791851 199 3.477578
3
0 2 199 15.765271 199 5.839783
1 2 199 7.655025 199 2.170209
2 2 199 12.958599 199 19.936648
3
0 2 199 15.775214 199 15.916545
1 2 199 10.964193 199 5.403884
2 2 199 11.259092 199 18.012583
0
