100 99
3
0 2 10 18.362978 14 6.739675
1 2 10 9.630400 95 6.415194
2 2 12 4.427898 20 14.448957
3
0 2 10 3.436991 27 9.667583
1 2 81 5.536244 25 15.904994
2 2 53 16.542035 16 16.950097
3
0 2 10 1.856121 16 17.049937
1 2 34 19.129249 90 17.060320
2 2 86 8.441830 44 12.065503
3
0 2 10 5.305443 43 6.151066
1 2 85 15.137045 95 14.958429
2 2 97 1.136179 29 2.680959
3
0 2 10 4.690293 28 4.105444
1 2 83 11.190935 62 4.063208
2 2 41 15.211633 71 2.042670
3
0 2 10 16.057235 14 14.804616
1 2 48 9.207144 84 18.472890
2 2 72 14.289594 10 9.851423
3
0 2 10 16.650908 24 12.714146
1 2 75 3.050071 41 17.209050
2 2 20 12.208989 51 5.220471
3
0 2 10 7.933629 73 6.227898
1 2 45 10.886657 36 18.333717
2 2 23 16.326870 46 19.446464
3
0 2 10 15.799882 93 11.773973
1 2 77 3.640460 13 6.419433
2 2 99 13.451086 12 6.781135
3
0 2 10 19.541794 71 19.991041
1 2 41 13.932813 13 13.246574
2 2 35 3.417465 29 1.205627
3
0 2 20 12.609526 84 9.339532
1 2 83 2.263747 84 5.073156
2 2 22 19.387160 99 12.758754
3
0 2 20 17.878902 35 2.979220
1 2 31 13.394736 29 19.065558
2 2 96 9.333998 33 13.447358
3
0 2 20 8.559167 32 4.914564
1 2 32 6.004777 92 4.785153
2 2 71 14.817214 95 8.615215
3
0 2 20 2.567828 34 6.576371
1 2 34 12.774216 91 10.892837
2 2 71 9.342433 83 5.735020
3
0 2 20 19.975561 39 1.270395
1 2 89 16.358077 30 2.223599
2 2 72 13.296503 38 2.574347
3
0 2 20 13.195617 91 13.320078
1 2 22 15.297763 31 3.116960
2 2 55 6.046652 85 16.684175
3
0 2 20 16.276586 64 1.422949
1 2 83 8.933170 61 3.406780
2 2 37 19.725281 82 18.815417
3
0 2 20 16.440063 38 19.123503
1 2 90 7.082097 85 8.851143
2 2 63 2.017263 21 17.552356
3
0 2 20 2.786396 34 6.525789
1 2 80 10.345454 50 15.228333
2 2 47 4.997282 68 17.720088
3
0 2 20 15.598535 41 4.464331
1 2 51 4.823563 87 7.469755
2 2 45 7.383449 94 13.240649
3
0 2 30 18.916241 62 15.327451
1 2 61 2.933799 39 19.675470
2 2 46 13.383737 78 19.436635
3
0 2 30 16.535718 81 6.676249
1 2 68 5.973636 35 6.287438
2 2 43 4.611384 53 2.615281
3
0 2 30 2.831578 46 14.408936
1 2 60 7.370128 67 1.997311
2 2 54 3.559383 32 2.601465
3
0 2 30 17.462533 97 11.687790
1 2 71 19.837656 49 1.310865
2 2 46 3.477171 79 8.562763
3
0 2 30 19.301234 31 6.489292
1 2 45 5.863307 65 17.111524
2 2 82 10.986036 49 7.614251
3
0 2 30 5.952462 89 19.936060
1 2 64 1.192365 45 10.995573
2 2 98 7.498638 34 13.106526
3
0 2 30 9.176114 46 8.970513
1 2 61 12.636070 30 8.167095
2 2 50 15.676781 36 2.151600
3
0 2 30 17.256927 74 6.212935
1 2 65 3.611170 40 19.483131
2 2 48 9.327226 40 5.104193
3
0 2 30 5.793062 38 2.032047
1 2 45 18.379703 95 8.734185
2 2 40 4.817276 81 7.307349
3
0 2 30 19.734009 35 4.728326
1 2 96 13.792433 97 7.862483
2 2 57 8.341493 84 14.301342
3
0 2 40 5.391895 70 18.505959
1 2 65 7.680312 46 17.410096
2 2 75 15.023221 73 13.632194
3
0 2 40 6.571210 67 14.212929
1 2 91 4.782117 89 11.696004
2 2 81 2.446679 99 1.206490
3
0 2 40 7.749168 75 15.625923
1 2 74 11.439309 55 14.220115
2 2 93 15.430660 49 6.116148
3
0 2 40 2.952453 96 6.370021
1 2 81 16.517730 74 9.884894
2 2 62 10.620553 75 9.246977
3
0 2 40 11.077925 47 18.931026
1 2 50 13.632903 86 2.734009
2 2 68 10.921187 41 11.917660
3
0 2 40 19.079926 67 6.998986
1 2 44 14.769132 59 9.913080
2 2 64 7.790936 70 13.061929
3
0 2 40 5.958274 81 7.915748
1 2 89 11.462909 45 8.477878
2 2 45 12.643262 64 4.555836
3
0 2 40 8.610853 62 16.327489
1 2 90 4.199653 57 11.435956
2 2 71 10.725959 56 17.311230
3
0 2 40 14.517847 83 11.080555
1 2 83 6.189640 75 2.873830
2 2 72 2.977070 59 7.741423
3
0 2 40 11.610835 46 6.118458
1 2 99 10.459714 54 7.744692
2 2 84 16.656668 57 14.698366
3
0 2 50 8.396981 79 7.741450
1 2 90 13.037976 75 17.227520
2 2 85 16.841969 58 11.662813
3
0 2 50 4.857874 79 4.219384
1 2 90 16.867429 59 9.424210
2 2 57 19.632145 86 8.378322
3
0 2 50 12.302988 52 18.688558
1 2 60 7.365445 66 8.032073
2 2 83 13.261203 95 7.568843
3
0 2 50 10.376735 98 14.200914
1 2 78 9.507836 99 11.924150
2 2 79 12.334048 98 12.534007
3
0 2 50 5.413422 78 3.247908
1 2 63 8.985122 88 16.822878
2 2 60 11.210041 55 10.231953
3
0 2 50 11.418201 64 17.138942
1 2 91 9.102791 61 6.609685
2 2 96 11.739977 95 3.640565
3
0 2 50 11.874547 62 12.119372
1 2 89 12.658547 91 14.196199
2 2 68 12.012322 52 3.748014
3
0 2 50 8.223193 69 19.376259
1 2 73 3.033831 89 5.343348
2 2 89 5.728030 56 3.938167
3
0 2 50 8.040282 71 4.567550
1 2 79 12.924777 70 14.853624
2 2 54 11.999537 87 12.529269
3
0 2 50 13.605784 74 18.137218
1 2 84 15.645610 64 3.122466
2 2 58 6.702744 95 6.929379
3
0 2 60 19.844104 69 1.279569
1 2 84 16.275662 93 16.073307
2 2 92 14.536336 89 12.103612
3
0 2 60 9.985715 91 12.292174
1 2 97 6.334139 80 14.733592
2 2 76 3.402523 61 11.511052
3
0 2 60 14.951629 71 7.871796
1 2 91 4.594817 72 11.152675
2 2 76 9.785548 89 17.009530
3
0 2 60 1.152094 76 1.287867
1 2 60 8.314927 79 19.936611
2 2 80 19.013649 75 13.400387
3
0 2 60 4.042553 68 8.616679
1 2 89 5.165791 64 8.129691
2 2 68 16.217024 86 18.304567
3
0 2 60 18.097559 91 17.172209
1 2 78 17.161494 88 8.627125
2 2 80 6.323051 79 13.491399
3
0 2 60 17.245020 63 14.864957
1 2 95 8.727389 60 16.932882
2 2 71 5.456459 63 6.828825
3
0 2 60 2.299010 72 15.599589
1 2 97 11.320443 86 14.807504
2 2 75 15.688703 93 15.569450
3
0 2 60 2.635246 88 11.341239
1 2 75 10.803789 79 5.115995
2 2 86 17.172293 87 4.702875
3
0 2 60 1.096162 75 8.628420
1 2 69 4.177114 75 17.764650
2 2 73 11.116343 72 9.569091
3
0 2 70 19.784894 83 16.575714
1 2 96 2.033688 72 18.567887
2 2 84 8.529139 78 13.217625
3
0 2 70 4.761380 82 1.785894
1 2 78 7.341065 84 15.053110
2 2 80 10.270456 70 8.066880
3
0 2 70 4.616841 87 11.206682
1 2 81 15.164200 79 18.486196
2 2 98 9.319888 97 4.603079
3
0 2 70 11.704232 90 5.760852
1 2 88 19.377979 99 10.332894
2 2 72 2.386303 75 11.096734
3
0 2 70 9.909285 85 10.953416
1 2 84 3.092363 89 7.599381
2 2 81 10.455374 91 17.722507
3
0 2 70 4.078579 91 2.461584
1 2 92 8.311110 70 16.967710
2 2 80 4.094220 73 6.814401
3
0 2 70 14.367744 85 11.183626
1 2 78 9.336627 97 7.985468
2 2 88 4.804839 80 7.986143
3
0 2 70 11.164782 85 13.419454
1 2 98 12.477016 99 16.080650
2 2 77 18.785992 95 5.459841
3
0 2 70 4.067140 98 8.041158
1 2 74 19.328418 87 9.807528
2 2 86 1.202486 99 10.982737
3
0 2 70 17.045566 95 11.103725
1 2 91 6.698964 86 16.114024
2 2 86 6.928857 77 8.190486
3
0 2 80 12.714022 86 5.633371
1 2 84 14.121928 86 13.701132
2 2 91 3.875945 95 10.680640
3
0 2 80 9.354379 86 12.446115
1 2 88 16.976449 87 7.166980
2 2 92 9.022330 80 15.665717
3
0 2 80 6.968199 98 16.251154
1 2 99 3.701618 82 11.250115
2 2 92 14.316679 81 12.592724
3
0 2 80 15.970943 90 4.911969
1 2 81 19.980180 91 11.397023
2 2 93 3.383067 99 12.800607
3
0 2 80 17.114736 88 12.953787
1 2 83 4.011929 95 7.162996
2 2 94 14.605673 90 11.319133
3
0 2 80 19.243592 86 8.861850
1 2 86 3.515354 96 13.017946
2 2 83 16.113387 87 10.534906
3
0 2 80 7.233868 98 4.766692
1 2 82 11.822182 98 12.885942
2 2 91 11.765149 97 7.565800
3
0 2 80 18.339057 90 12.904049
1 2 92 7.414660 89 7.700808
2 2 82 17.602524 99 7.380828
3
0 2 80 9.708418 86 11.567101
1 2 81 1.372053 99 16.869044
2 2 91 14.494255 98 14.167986
3
0 2 80 6.149102 86 16.372210
1 2 89 7.856845 87 15.754264
2 2 83 7.834028 98 4.791054
3
0 2 90 14.926492 95 13.112620
1 2 90 11.035049 95 8.882758
2 2 96 13.198953 95 2.945577
3
0 2 90 5.324972 98 18.914384
1 2 95 7.347507 98 14.072194
2 2 99 10.903563 96 10.663074
3
0 2 90 18.516684 97 18.397581
1 2 92 13.103947 95 15.353912
2 2 92 15.302734 93 19.358386
3
0 2 90 14.368830 91 13.133851
1 2 99 18.881129 93 8.490160
2 2 95 2.076216 99 15.027462
3
0 2 90 19.287304 98 13.167511
1 2 99 16.709043 98 10.483753
2 2 94 16.971848 98 1.924468
3
0 2 90 9.757015 94 8.100296
1 2 94 18.137174 93 17.909209
2 2 93 17.244371 94 11.604371
3
0 2 90 6.029497 97 19.931965
1 2 98 8.665752 91 16.361130
2 2 92 19.884751 99 9.341067
3
0 2 90 19.264969 91 4.755098
1 2 96 10.000361 91 13.876088
2 2 96 7.785196 97 1.129169
3
0 2 90 10.860418 98 7.736516
1 2 96 4.769897 94 3.828004
2 2 97 17.921072 95 9.582902
3
0 2 90 7.923266 98 7.216373
1 2 93 6.107908 96 7.617647
2 2 98 16.654276 91 7.876628
3
0 2 99 14.927047 99 17.178548
1 2 99 12.029151 99 13.499641
2 2 99 15.871634 99 11.472913
3
0 2 99 4.122419 99 2.109818
1 2 99 3.009639 99 8.611440
2 2 99 7.665311 99 6.074167
3
0 2 99 2.137090 99 7.443276
1 2 99 18.210922 99 7.864632
2 2 99 7.808294 99 3.290906
3
0 2 99 15.699151 99 18.483460
1 2 99 6.707054 99 9.091783
2 2 99 11.895185 99 7.968757
3
0 2 99 10.699566 99 6.854539
1 2 99 15.350148 99 8.403727
2 2 99 15.367073 99 6.777448
3
0 2 99 7.919341 99 10.116185
1 2 99 8.509761 99 10.820430
2 2 99 17.929306 99 2.529342
3
0 2 99 2.415953 99 2.871689
1 2 99 9.341853 99 13.922626
2 2 99 12.252491 99 16.211236
3
0 2 99 16.698834 99 15.839225
1 2 99 8.839631 99 10.325749
2 2 99 6.661101 99 11.137303
3
0 2 99 14.898895 99 16.005100
1 2 99 10.439499 99 15.876817
2 2 99 13.481307 99 10.035403
0
