20 19
3
0 2 5 4.547986 16 3.647374
1 2 9 4.596384 11 9.262662
2 2 17 19.587580 13 11.808468
3
0 2 5 18.613687 13 3.497204
1 2 13 14.128544 10 17.100637
2 2 17 18.600323 14 13.296006
3
0 2 5 15.514857 7 8.490254
1 2 6 5.065383 13 2.915809
2 2 9 3.095627 15 4.268950
3
0 2 5 13.954646 18 19.764594
1 2 7 7.372735 11 3.061727
2 2 13 2.274577 19 8.381624
3
0 2 5 16.358312 12 16.756259
1 2 10 14.600989 13 4.195744
2 2 9 14.504001 19 1.264941
3
0 2 10 11.252063 14 17.835546
1 2 11 8.854275 10 3.992978
2 2 16 12.161446 12 12.292065
3
0 2 10 10.612869 19 10.498691
1 2 16 12.597902 17 10.935390
2 2 11 5.368344 15 9.059538
3
0 2 10 8.411673 14 9.579051
1 2 13 6.943053 14 19.112256
2 2 11 17.649793 17 16.146712
3
0 2 10 13.326280 18 19.380861
1 2 15 9.712110 13 8.118380
2 2 18 3.984125 16 8.517377
3
0 2 10 16.839879 12 5.556729
1 2 15 12.697084 14 1.809004
2 2 11 14.592642 19 6.825980
3
0 2 15 9.417315 19 13.591578
1 2 16 1.377394 15 14.434088
2 2 18 14.980618 16 15.721715
3
0 2 15 12.262678 17 10.906371
1 2 16 14.329255 18 15.643749
2 2 17 9.578879 19 1.132768
3
0 2 15 10.596014 16 11.241651
1 2 15 6.578945 18 12.037081
2 2 17 9.522118 16 6.881385
3
0 2 15 12.194193 16 2.654930
1 2 15 15.991170 18 14.485715
2 2 18 5.405036 19 4.192044
3
0 2 15 14.730778 19 2.985312
1 2 17 19.551620 18 5.961594
2 2 17 16.812986 15 13.521107
3
0 1 19 12.494229
1 1 19 12.650560
2 1 19 17.586714
3
0 1 19 19.069508
1 1 19 19.352569
2 1 19 1.553714
3
0 1 19 3.891891
1 1 19 1.905166
2 1 19 2.019867
3
0 1 19 11.225561
1 1 19 16.807037
2 1 19 7.002935
0
