200 199
3
0 2 20 4.289986 121 3.238593
1 2 171 7.760315 31 8.202987
2 2 197 14.848925 134 1.265800
3
0 2 20 13.726194 132 10.684489
1 2 81 3.684588 102 13.976452
2 2 48 10.020398 171 10.949830
3
0 2 20 15.460358 49 11.222012
1 2 74 9.708923 105 11.220579
2 2 29 8.809921 72 1.487995
3
0 2 20 15.443888 123 1.425463
1 2 73 4.881357 181 17.927249
2 2 102 7.841948 89 2.144420
3
0 2 20 5.237891 179 17.731189
1 2 41 6.897359 93 2.553387
2 2 23 11.413259 34 2.748048
3
0 2 20 10.017708 140 5.067903
1 2 60 10.151479 94 5.255935
2 2 143 14.801317 108 18.820755
3
0 2 20 10.300344 98 10.631559
1 2 40 5.087237 190 1.939631
2 2 174 14.071456 167 13.872636
3
0 2 20 9.982828 121 15.882914
1 2 63 11.202631 72 9.636848
2 2 198 9.895849 98 1.100630
3
0 2 20 5.740916 24 10.044599
1 2 59 7.796054 119 10.636291
2 2 133 19.129426 122 12.491158
3
0 2 20 11.770318 148 12.294923
1 2 157 10.327098 117 8.977270
2 2 35 15.079792 118 13.969466
3
0 2 20 7.483614 150 17.650806
1 2 147 9.709371 48 1.662025
2 2 130 6.249024 80 16.769697
3
0 2 20 3.805784 151 10.623119
1 2 156 6.076177 176 8.006010
2 2 130 7.014394 112 4.796713
3
0 2 20 7.244537 123 14.258169
1 2 186 2.592734 119 15.166176
2 2 194 4.945964 156 16.075193
3
0 2 20 18.913083 186 17.322677
1 2 45 15.305500 177 8.958095
2 2 116 17.975876 83 16.986380
3
0 2 20 2.875299 72 12.860195
1 2 127 14.672260 27 5.519453
2 2 185 8.785677 194 19.743384
3
0 2 20 9.975835 195 18.292562
1 2 186 18.610034 59 10.630551
2 2 26 18.760026 23 4.579773
3
0 2 20 7.604970 130 15.517524
1 2 32 13.959574 58 8.516675
2 2 86 19.939311 32 7.587540
3
0 2 20 15.708678 57 15.867126
1 2 58 10.743902 132 1.251618
2 2 56 5.381739 76 7.660886
3
0 2 20 4.494860 41 17.325860
1 2 110 8.965578 154 6.229829
2 2 165 10.008489 94 5.439466
3
0 2 20 12.363918 47 1.166310
1 2 150 5.575776 156 12.092716
2 2 192 2.197854 60 3.359772
3
0 2 40 16.798459 73 12.184540
1 2 166 2.694057 141 6.876541
2 2 62 4.500400 74 14.653238
3
0 2 40 6.760093 108 17.843472
1 2 144 16.594707 132 6.611149
2 2 140 19.017122 176 2.746946
3
0 2 40 5.925653 41 13.379670
1 2 86 15.258761 189 19.580196
2 2 94 5.605081 71 6.730138
3
0 2 40 19.578310 70 7.927414
1 2 187 14.387830 84 17.623637
2 2 170 16.748195 140 19.056902
3
0 2 40 5.326292 112 5.437842
1 2 70 2.418675 99 4.112984
2 2 50 6.468319 174 12.267498
3
0 2 40 18.585904 43 15.703218
1 2 82 2.929511 145 5.705437
2 2 164 1.750865 54 14.391193
3
0 2 40 5.613389 107 10.618882
1 2 136 13.087609 100 1.666181
2 2 155 4.877685 72 12.379855
3
0 2 40 5.337076 125 18.685479
1 2 116 11.003191 147 9.604254
2 2 73 13.460234 51 6.018779
3
0 2 40 11.321356 43 12.420226
1 2 144 16.829169 151 3.783559
2 2 40 2.650829 136 1.853588
3
0 2 40 16.980950 99 1.697184
1 2 197 6.745845 129 8.082242
2 2 114 4.840339 72 19.944219
3
0 2 40 9.040838 135 3.510613
1 2 94 17.642964 191 2.360302
2 2 50 1.724748 59 11.752983
3
0 2 40 4.420534 107 10.643862
1 2 136 10.902812 75 5.149204
2 2 93 18.896279 137 11.084668
3
0 2 40 10.905016 151 10.445858
1 2 49 8.109000 55 9.066409
2 2 57 11.274365 130 17.773766
3
0 2 40 19.398704 179 16.709273
1 2 125 16.884874 67 9.492436
2 2 109 15.787777 150 6.060301
3
0 2 40 14.068818 130 11.164710
1 2 80 12.597191 104 6.185786
2 2 186 10.226591 178 8.788497
3
0 2 40 19.733425 126 3.911639
1 2 165 6.493437 124 10.561979
2 2 79 2.684976 185 2.329807
3
0 2 40 13.808849 154 19.663083
1 2 42 9.272793 160 3.277353
2 2 45 19.511887 57 12.358178
3
0 2 40 11.415529 149 12.220113
1 2 120 6.621289 57 13.842452
2 2 120 18.375812 106 3.079092
3
0 2 40 1.247529 189 4.777577
1 2 67 14.061088 113 12.167736
2 2 171 11.742653 66 10.017636
3
0 2 40 10.719645 163 14.037807
1 2 186 7.507712 80 14.594796
2 2 45 19.567754 149 17.164857
3
0 2 60 2.896723 163 17.858331
1 2 110 19.212164 87 10.433054
2 2 150 3.255615 164 8.964981
3
0 2 60 1.979816 195 7.649639
1 2 184 11.804694 115 18.529161
2 2 115 10.194993 147 14.599950
3
0 2 60 14.387468 185 10.364005
1 2 111 6.276118 166 14.310468
2 2 108 19.044761 77 14.470271
3
0 2 60 6.342303 182 15.086107
1 2 91 10.821304 159 5.648483
2 2 74 16.437837 122 3.027539
3
0 2 60 13.690476 109 12.966293
1 2 66 11.355593 165 8.729335
2 2 197 16.600105 100 1.427768
3
0 2 60 7.182411 174 3.494227
1 2 171 10.605083 109 15.318045
2 2 141 3.751706 178 8.507829
3
0 2 60 16.926986 140 2.688668
1 2 144 16.000309 152 7.736050
2 2 130 16.553908 75 14.934371
3
0 2 60 14.180546 136 3.081590
1 2 118 15.481560 84 1.040355
2 2 78 15.584036 135 12.948638
3
0 2 60 3.902592 159 12.344465
1 2 104 15.619058 176 5.343436
2 2 155 3.808080 76 10.299359
3
0 2 60 18.888155 102 14.010377
1 2 115 19.132187 155 10.085006
2 2 75 9.707854 127 13.146649
3
0 2 60 5.545597 178 5.891725
1 2 112 17.806427 91 14.786314
2 2 95 16.389558 198 16.916079
3
0 2 60 12.889530 120 17.803568
1 2 74 2.965716 119 19.003660
2 2 90 19.427786 101 9.430653
3
0 2 60 16.014685 124 11.218082
1 2 155 5.377716 60 5.672738
2 2 74 8.147350 141 8.456235
3
0 2 60 7.124346 86 6.703786
1 2 179 8.450376 167 16.101240
2 2 189 10.884229 69 3.033408
3
0 2 60 18.971036 139 19.462194
1 2 109 14.364567 151 17.396857
2 2 152 1.503133 166 6.737254
3
0 2 60 5.042829 101 8.436223
1 2 153 14.517002 174 18.204436
2 2 188 5.718715 138 10.768185
3
0 2 60 17.947649 122 5.880366
1 2 168 12.083763 153 11.467255
2 2 145 9.490813 127 6.689966
3
0 2 60 13.921912 86 10.470787
1 2 67 17.727559 71 8.760630
2 2 81 6.674186 186 15.629331
3
0 2 60 19.199023 141 9.192958
1 2 152 8.502110 118 12.467924
2 2 158 2.569668 157 2.988089
3
0 2 60 2.416032 195 18.247688
1 2 163 12.517320 150 2.479676
2 2 147 3.107402 153 8.031288
3
0 2 80 1.569497 175 3.439274
1 2 142 16.128589 177 19.164708
2 2 109 12.427601 120 13.914393
3
0 2 80 3.884705 160 9.651865
1 2 186 16.501245 88 6.688988
2 2 172 15.951470 125 14.380372
3
0 2 80 2.811706 131 15.713622
1 2 106 14.772860 98 6.312395
2 2 80 9.279131 91 17.201599
3
0 2 80 15.665977 142 13.147085
1 2 112 7.834116 131 9.032733
2 2 188 7.722169 89 12.223855
3
0 2 80 12.046769 180 8.835769
1 2 122 14.863253 106 15.348750
2 2 149 15.118170 195 17.009124
3
0 2 80 16.720732 112 8.437274
1 2 121 4.992478 129 10.200143
2 2 197 7.203039 185 14.580306
3
0 2 80 10.430733 190 19.912618
1 2 169 14.903087 180 19.989407
2 2 138 16.256862 94 19.931940
3
0 2 80 19.966550 141 2.563253
1 2 199 1.118708 114 5.349312
2 2 92 14.654902 133 5.025703
3
0 2 80 6.351542 96 4.537671
1 2 190 8.723779 133 15.290953
2 2 185 16.533008 180 6.306045
3
0 2 80 18.497729 118 15.893814
1 2 193 11.885272 149 11.867064
2 2 174 8.413856 177 15.915159
3
0 2 80 7.753824 187 15.102156
1 2 112 7.428842 91 9.006925
2 2 87 12.322534 106 10.568286
3
0 2 80 18.758732 107 5.948144
1 2 95 1.142850 117 18.418068
2 2 137 9.750856 198 2.965743
3
0 2 80 7.823775 122 14.989191
1 2 197 3.304316 119 1.650842
2 2 90 9.008528 176 7.207767
3
0 2 80 17.004958 189 14.729229
1 2 117 11.179064 198 7.249794
2 2 153 11.412724 131 8.142159
3
0 2 80 5.128316 158 18.307758
1 2 172 10.079429 151 17.551558
2 2 83 16.007475 158 10.434161
3
0 2 80 7.316786 92 15.112307
1 2 194 1.166986 160 5.478883
2 2 88 6.892858 106 10.573463
3
0 2 80 17.206478 133 14.851831
1 2 151 18.805738 87 7.834676
2 2 94 15.308991 105 1.851361
3
0 2 80 5.217116 141 2.837111
1 2 119 6.418372 146 5.621633
2 2 131 3.484264 192 12.055772
3
0 2 80 15.862771 144 18.159383
1 2 165 5.845860 199 1.700889
2 2 148 7.448521 146 12.777039
3
0 2 80 3.172858 105 16.588266
1 2 191 15.647336 115 12.177408
2 2 148 11.941353 165 16.744152
3
0 2 100 14.754700 125 6.851300
1 2 151 1.116537 171 17.383246
2 2 184 7.533864 131 12.615905
3
0 2 100 3.298521 199 8.723695
1 2 161 9.310083 103 16.412442
2 2 177 18.544204 159 3.097823
3
0 2 100 5.335777 121 1.489782
1 2 156 14.135130 143 18.666018
2 2 104 10.969374 185 10.531756
3
0 2 100 8.333337 198 9.590813
1 2 197 4.431705 163 9.011678
2 2 120 16.662549 180 19.441212
3
0 2 100 17.158991 145 3.517198
1 2 186 14.030503 189 6.257888
2 2 145 7.379347 140 6.293890
3
0 2 100 16.801261 113 13.418687
1 2 139 13.117079 160 12.859522
2 2 195 4.631837 196 5.851465
3
0 2 100 5.739494 180 4.464369
1 2 101 15.118930 134 7.538279
2 2 182 18.834421 131 14.624577
3
0 2 100 5.057870 116 16.736808
1 2 149 3.404551 183 11.806294
2 2 121 15.815122 148 6.959453
3
0 2 100 4.738907 118 10.354087
1 2 108 2.807948 155 9.958659
2 2 189 8.207570 119 19.427506
3
0 2 100 9.843851 144 18.364649
1 2 156 10.282417 199 12.309143
2 2 150 5.345578 122 10.110001
3
0 2 100 18.443854 174 5.341618
1 2 185 13.399038 100 3.788043
2 2 133 8.125051 161 4.321816
3
0 2 100 7.067073 169 15.444532
1 2 111 9.851736 152 1.047965
2 2 199 1.644356 117 6.593754
3
0 2 100 6.246395 103 17.609168
1 2 161 4.053420 135 11.941554
2 2 195 13.018751 103 16.423785
3
0 2 100 11.826977 181 17.075715
1 2 155 18.879128 131 8.470251
2 2 173 16.373152 192 12.081995
3
0 2 100 11.453696 185 1.141840
1 2 169 4.052253 115 17.382833
2 2 108 6.469340 102 16.141367
3
0 2 100 15.318766 158 2.244381
1 2 122 16.499801 194 15.686895
2 2 134 10.413455 173 4.051137
3
0 2 100 7.776460 111 16.071863
1 2 194 3.145272 148 18.704092
2 2 137 2.209146 173 1.335326
3
0 2 100 19.072652 125 13.954387
1 2 129 13.178148 174 16.920657
2 2 160 15.979835 117 9.578785
3
0 2 100 6.555465 160 16.505481
1 2 167 9.553645 190 9.337090
2 2 170 6.343511 103 19.346677
3
0 2 100 17.438772 169 5.386485
1 2 168 6.830973 184 5.367949
2 2 108 4.450343 135 16.770978
3
0 2 120 12.359101 191 12.801396
1 2 153 1.556429 178 8.033311
2 2 138 4.067819 171 4.301360
3
0 2 120 16.021216 166 12.107719
1 2 148 13.133674 126 15.208181
2 2 181 8.924109 185 15.581856
3
0 2 120 3.013696 124 1.008128
1 2 152 14.530390 148 17.154583
2 2 142 9.081402 147 4.436192
3
0 2 120 8.576780 162 6.233839
1 2 135 3.080371 158 1.207003
2 2 126 15.944527 179 13.041454
3
0 2 120 10.601264 170 11.683692
1 2 188 17.276857 131 19.065457
2 2 130 15.044656 170 1.416988
3
0 2 120 6.941036 154 17.372678
1 2 189 7.959472 162 14.623286
2 2 145 11.226474 163 8.158169
3
0 2 120 3.339925 141 15.579689
1 2 182 11.199137 158 4.725386
2 2 155 6.574132 156 12.967138
3
0 2 120 11.041032 137 11.871661
1 2 149 17.172241 158 14.623067
2 2 191 14.976913 168 7.889356
3
0 2 120 2.738691 135 3.974547
1 2 171 10.500927 152 3.128808
2 2 122 9.761489 176 16.833503
3
0 2 120 16.538104 159 17.072277
1 2 151 9.300645 121 7.308027
2 2 148 3.548551 160 7.058650
3
0 2 120 8.816340 187 9.101341
1 2 196 3.604119 157 8.820118
2 2 142 12.979794 170 1.613313
3
0 2 120 15.704384 137 16.924288
1 2 125 17.570373 178 7.219154
2 2 160 7.022343 188 12.972487
3
0 2 120 15.802697 127 4.823867
1 2 189 12.904077 180 1.691143
2 2 137 7.978025 186 18.523806
3
0 2 120 16.347243 131 10.857028
1 2 160 5.255493 168 8.379499
2 2 152 7.042409 167 8.992900
3
0 2 120 17.804569 164 15.066561
1 2 140 15.202785 128 17.151915
2 2 162 18.150064 178 19.566808
3
0 2 120 3.813788 165 15.865514
1 2 191 3.866291 144 2.448448
2 2 196 5.259416 176 16.068814
3
0 2 120 2.265929 167 13.617545
1 2 170 14.154015 182 6.885138
2 2 164 13.420652 153 5.802882
3
0 2 120 9.258900 166 8.401810
1 2 195 10.041417 159 16.767219
2 2 173 13.770052 145 2.036300
3
0 2 120 9.431572 194 19.228429
1 2 130 6.868203 198 16.809735
2 2 199 7.987684 153 13.782881
3
0 2 120 13.236729 184 11.073715
1 2 129 1.856210 132 10.146682
2 2 153 14.148383 175 7.008789
3
0 2 140 6.919194 196 17.263046
1 2 166 9.087336 176 1.987931
2 2 192 8.529709 160 7.577415
3
0 2 140 17.054433 194 8.201687
1 2 184 7.734611 188 12.382508
2 2 143 17.664957 160 9.196830
3
0 2 140 3.203637 187 19.191100
1 2 194 12.724279 153 18.433215
2 2 157 5.805935 151 8.723408
3
0 2 140 1.668317 195 7.499837
1 2 186 10.042873 181 12.596475
2 2 157 1.256027 147 2.452404
3
0 2 140 12.123757 182 5.361959
1 2 178 1.715406 171 12.053192
2 2 166 13.960641 169 2.311461
3
0 2 140 6.696329 174 1.183096
1 2 160 14.607670 186 15.189003
2 2 153 3.381263 173 7.417812
3
0 2 140 16.829269 178 19.714361
1 2 158 3.080772 191 1.882293
2 2 145 2.892905 168 2.870610
3
0 2 140 1.252625 166 13.443687
1 2 196 10.323937 180 15.014302
2 2 146 9.112620 145 5.149224
3
0 2 140 9.199221 192 1.419375
1 2 167 19.223945 189 1.833205
2 2 150 1.853430 169 17.643862
3
0 2 140 6.494552 148 1.665276
1 2 140 10.252593 178 12.230176
2 2 186 16.915953 198 19.364367
3
0 2 140 10.391969 196 17.106099
1 2 183 19.834772 162 16.547720
2 2 153 3.210994 178 12.939213
3
0 2 140 1.265863 192 16.780882
1 2 140 14.866943 177 5.812537
2 2 146 16.349723 189 17.822971
3
0 2 140 5.308006 197 13.952499
1 2 154 16.388685 189 2.505486
2 2 145 19.852785 160 7.243580
3
0 2 140 1.892522 170 5.935734
1 2 174 6.037049 182 18.827788
2 2 141 16.750920 149 9.574437
3
0 2 140 15.718648 187 10.939330
1 2 148 13.733767 184 1.710684
2 2 153 18.098891 176 7.626411
3
0 2 140 12.419284 180 14.023246
1 2 156 13.072938 143 15.307230
2 2 191 8.643618 189 7.391625
3
0 2 140 6.221680 146 14.607436
1 2 162 10.912977 169 11.572251
2 2 190 1.672603 186 17.169812
3
0 2 140 7.280982 181 12.329779
1 2 190 13.568738 160 6.525034
2 2 173 13.562583 182 14.494684
3
0 2 140 7.204210 176 9.635725
1 2 166 12.638599 185 4.337800
2 2 190 19.703614 185 9.153420
3
0 2 140 5.829543 171 1.453671
1 2 192 6.158222 160 3.810435
2 2 186 18.940374 199 2.389237
3
0 2 160 12.382697 169 18.984677
1 2 178 6.682762 164 6.651104
2 2 182 14.489196 166 16.630071
3
0 2 160 19.790509 164 8.275594
1 2 195 18.130191 180 3.236713
2 2 167 10.034142 195 10.139745
3
0 2 160 6.854643 192 8.445217
1 2 182 5.552478 180 17.448764
2 2 170 5.172835 194 18.954123
3
0 2 160 2.198070 178 15.518106
1 2 164 12.474733 184 16.343299
2 2 196 4.594928 185 9.143835
3
0 2 160 17.504955 175 8.489599
1 2 185 10.240468 166 4.232246
2 2 186 2.138499 165 10.933783
3
0 2 160 16.600028 169 8.033459
1 2 196 12.188933 177 17.946272
2 2 180 13.667964 188 16.744887
3
0 2 160 17.506027 196 1.276643
1 2 160 7.288172 176 4.514294
2 2 197 2.226789 162 2.582574
3
0 2 160 1.278305 188 13.068853
1 2 181 12.704178 160 6.754818
2 2 181 9.581794 161 14.482357
3
0 2 160 10.574957 171 15.589845
1 2 172 18.484038 197 15.622415
2 2 163 9.138331 172 5.411269
3
0 2 160 14.563177 192 18.630481
1 2 178 10.028265 183 6.341047
2 2 165 2.696642 161 19.578986
3
0 2 160 16.823932 177 17.114649
1 2 164 14.688862 191 11.713266
2 2 164 5.954234 182 1.724604
3
0 2 160 6.868832 172 12.233237
1 2 192 9.171188 194 1.494913
2 2 160 2.968653 189 12.509260
3
0 2 160 19.674190 163 15.086036
1 2 167 12.443852 183 1.829733
2 2 171 8.108034 192 17.181268
3
0 2 160 2.141798 196 10.265239
1 2 172 14.001208 160 18.902822
2 2 195 16.133194 191 10.978252
3
0 2 160 3.139697 189 8.861577
1 2 192 15.024122 170 18.540586
2 2 164 7.292219 191 5.986045
3
0 2 160 13.371317 194 8.012158
1 2 186 8.951604 199 19.825186
2 2 193 16.951885 168 7.549514
3
0 2 160 1.893769 194 1.435804
1 2 174 14.273897 183 18.240100
2 2 171 14.580602 190 7.539642
3
0 2 160 1.918861 163 3.287759
1 2 184 10.997437 179 11.390445
2 2 161 11.354116 160 13.952139
3
0 2 160 3.284597 171 2.013546
1 2 198 3.625022 172 18.276750
2 2 162 7.595363 167 8.102594
3
0 2 160 2.476949 170 10.117011
1 2 165 16.925650 162 10.464405
2 2 197 2.080504 174 10.213949
3
0 2 180 15.701757 186 6.932775
1 2 180 14.793642 193 14.012233
2 2 194 1.822617 182 15.806688
3
0 2 180 7.465175 190 7.640166
1 2 195 2.637792 198 9.601408
2 2 191 9.872389 194 9.339092
3
0 2 180 9.980090 188 3.941371
1 2 187 4.530649 183 11.845965
2 2 197 6.313991 198 9.196503
3
0 2 180 11.535230 199 4.461699
1 2 195 13.549138 186 15.860114
2 2 198 9.813935 192 2.330852
3
0 2 180 8.249629 195 11.639665
1 2 188 6.803169 192 19.913545
2 2 184 17.329193 188 13.930580
3
0 2 180 7.004824 197 5.211866
1 2 182 15.772103 191 15.785973
2 2 187 16.206724 188 5.900813
3
0 2 180 7.803843 187 19.429039
1 2 198 5.947071 188 16.097887
2 2 190 15.878947 195 13.038495
3
0 2 180 17.893529 185 10.429513
1 2 180 18.899377 199 7.947604
2 2 190 12.275325 181 17.271213
3
0 2 180 9.574092 190 15.113264
1 2 187 14.685739 180 17.603825
2 2 183 17.551926 184 17.867413
3
0 2 180 12.922797 183 7.180540
1 2 199 9.546488 196 7.921252
2 2 199 2.497301 183 12.237037
3
0 2 180 14.127795 195 4.000609
1 2 196 10.394072 182 16.151703
2 2 189 3.141434 195 15.888101
3
0 2 180 1.859802 182 8.426445
1 2 184 9.916243 194 8.512350
2 2 180 4.883643 182 8.410955
3
0 2 180 2.330457 189 5.217741
1 2 191 9.712873 180 17.159369
2 2 197 4.530469 182 1.158971
3
0 2 180 5.106798 199 10.463280
1 2 181 6.125003 196 17.809512
2 2 182 19.459151 199 17.290673
3
0 2 180 2.048785 195 13.362387
1 2 195 7.663382 191 2.121141
2 2 188 13.092991 185 5.749671
3
0 2 180 19.034348 183 4.999878
1 2 188 4.572281 189 6.776742
2 2 195 17.445639 185 8.753964
3
0 2 180 16.316157 189 11.996178
1 2 185 2.258795 187 9.343701
2 2 194 16.192006 199 3.329358
3
0 2 180 1.868192 182 7.930718
1 2 188 16.358278 190 19.091432
2 2 197 6.375836 193 17.689550
3
0 2 180 1.968405 189 17.356262
1 2 199 16.569544 196 12.188123
2 2 192 15.345776 185 8.211402
3
0 2 180 19.765955 181 9.511144
1 2 196 15.719562 199 7.198349
2 2 189 12.569346 186 2.714561
3
0 2 199 12.984576 199 6.744126
1 2 199 8.343116 199 2.817536
2 2 199 18.912007 199 6.343300
3
0 2 199 13.316312 199 13.091489
1 2 199 15.518978 199 13.583163
2 2 199 15.744980 199 10.364846
3
0 2 199 14.505741 199 13.978366
1 2 199 1.360340 199 1.678423
2 2 199 16.719042 199 13.816636
3
0 2 199 14.395807 199 18.949542
1 2 199 3.960689 199 7.070581
2 2 199 9.180188 199 11.321446
3
0 2 199 13.653155 199 6.135809
1 2 199 4.263590 199 6.400965
2 2 199 5.646927 199 11.598913
3
0 2 199 4.153942 199 9.378108
1 2 199 2.587992 199 19.130765
2 2 199 17.712416 199 10.979899
3
0 2 199 16.591867 199 18.146548
1 2 199 11.477716 199 18.718097
2 2 199 16.108409 199 9.191544
3
0 2 199 13.053908 199 9.017931
1 2 199 11.170504 199 9.297444
2 2 199 15.319520 199 13.776696
3
0 2 199 10.741409 199 14.238357
1 2 199 8.951282 199 12.026493
2 2 199 2.262229 199 8.293760
3
0 2 199 3.541713 199 19.525403
1 2 199 13.060636 199 8.281634
2 2 199 9.330224 199 6.965073
3
0 2 199 19.852653 199 15.345439
1 2 199 2.778422 199 15.727142
2 2 199 10.210239 199 7.628610
3
0 2 199 19.208830 199 16.060860
1 2 199 15.077421 199 4.560625
2 2 199 18.853341 199 16.258854
3
0 2 199 15.844901 199 2.783539
1 2 199 13.430047 199 13.710270
2 2 199 17.479648 199 12.957874
3
0 2 199 8.265358 199 11.721478
1 2 199 18.744038 199 1.910912
2 2 199 9.194485 199 4.826878
3
0 2 199 9.945571 199 12.797754
1 2 199 4.991621 199 16.829603
2 2 199 11.333722 199 18.089947
3
0 2 199 19.309816 199 12.722518
1 2 199 3.831006 199 12.852808
2 2 199 13.566650 199 10.899891
3
0 2 199 8.017308 199 1.050614
1 2 199 8.032523 199 14.639672
2 2 199 14.977223 199 16.449513
3
0 2 199 6.917079 199 3.497927
1 2 199 7.483746 199 13.426097
2 2 199 6.762855 199 13.335154
3
0 2 199 12.823936 199 16.752419
1 2 199 19.829994 199 6.132851
2 2 199 1.885045 199 10.815247
0
