100 99
3
0 2 10 3.729931 77 16.816717
1 2 74 4.547651 51 3.769973
2 2 35 4.383083 18 19.799726
3
0 2 10 13.766498 48 11.808844
1 2 82 13.295183 40 3.234759
2 2 46 3.659667 79 13.839392
3
0 2 10 17.858641 64 4.079319
1 2 81 7.345613 79 17.385293
2 2 68 8.512276 16 12.208908
3
0 2 10 1.519188 46 7.128436
1 2 39 7.445484 37 13.467744
2 2 88 12.418834 41 8.589264
3
0 2 10 4.707022 41 5.898824
1 2 60 14.431793 37 1.044588
2 2 21 7.481609 58 12.305058
3
0 2 10 3.850772 16 17.684114
1 2 50 8.549219 93 11.836320
2 2 88 15.632728 64 1.438583
3
0 2 10 18.265943 33 16.977510
1 2 11 9.307524 85 12.650589
2 2 17 18.864326 67 4.690186
3
0 2 10 8.064998 55 12.723050
1 2 82 7.374464 97 11.646976
2 2 25 8.110628 89 13.888100
3
0 2 10 4.973881 36 10.469278
1 2 64 15.009471 34 6.177865
2 2 25 17.213010 81 1.106642
3
0 2 10 11.767058 30 17.427781
1 2 32 3.314735 72 1.639132
2 2 77 14.556413 36 4.773963
3
0 2 20 6.568437 45 13.537804
1 2 25 11.058148 99 8.415671
2 2 95 7.496950 62 11.063690
3
0 2 20 7.430034 47 19.697286
1 2 60 3.200702 94 12.645441
2 2 35 3.732819 41 9.994099
3
0 2 20 4.063620 94 5.121093
1 2 69 12.778457 64 8.979886
2 2 24 14.115584 51 8.991504
3
0 2 20 3.464460 38 6.215574
1 2 21 9.823884 45 9.953928
2 2 58 19.883811 75 6.427872
3
0 2 20 1.212290 78 4.661621
1 2 84 5.108821 78 4.606844
2 2 55 1.480115 29 7.995502
3
0 2 20 14.599225 48 2.842482
1 2 57 16.531931 81 5.005381
2 2 74 16.559305 61 4.809783
3
0 2 20 14.991331 30 9.857903
1 2 28 19.636886 66 12.456461
2 2 45 19.132235 29 10.254950
3
0 2 20 14.174689 94 4.884343
1 2 35 3.693454 37 16.843924
2 2 31 14.028472 39 9.935319
3
0 2 20 3.150519 54 16.274883
1 2 26 15.250454 44 1.771420
2 2 96 9.376629 39 17.513377
3
0 2 20 19.391388 93 11.177406
1 2 53 8.963748 54 18.950906
2 2 78 19.454960 54 4.991994
3
0 2 30 14.803709 47 5.488587
1 2 45 15.341295 94 7.002891
2 2 69 13.728916 41 9.286719
3
0 2 30 18.467119 98 6.366621
1 2 45 19.511223 66 15.861833
2 2 75 14.184183 79 15.112963
3
0 2 30 9.941187 47 1.008480
1 2 74 15.264595 62 6.508583
2 2 49 6.109677 66 7.765169
3
0 2 30 16.281585 66 10.768896
1 2 95 1.573411 55 11.937712
2 2 71 13.327600 35 7.072027
3
0 2 30 7.574654 85 9.883746
1 2 59 7.479594 49 16.972200
2 2 45 15.238362 80 3.680284
3
0 2 30 5.807772 95 9.659679
1 2 48 7.226092 66 14.369526
2 2 79 6.758949 93 16.587930
3
0 2 30 2.612529 84 13.813803
1 2 84 17.476224 48 5.827847
2 2 81 5.807735 56 3.107208
3
0 2 30 10.905201 98 8.640270
1 2 52 10.947674 60 12.374878
2 2 94 11.845308 43 8.733319
3
0 2 30 2.320388 78 1.974326
1 2 86 3.016587 49 13.244366
2 2 88 9.082033 48 5.910310
3
0 2 30 19.826886 62 14.837120
1 2 51 19.148948 65 14.270150
2 2 43 12.306423 99 10.385227
3
0 2 40 5.486637 88 15.665430
1 2 68 13.696977 66 5.110671
2 2 50 2.659024 82 5.999800
3
0 2 40 15.983200 52 12.165711
1 2 98 4.083161 75 13.915404
2 2 97 3.114337 83 7.736298
3
0 2 40 1.867496 46 15.111666
1 2 63 11.434960 45 16.379091
2 2 88 9.800340 78 4.069258
3
0 2 40 5.155885 63 3.016956
1 2 43 10.321629 50 15.834460
2 2 72 7.873934 64 17.321121
3
0 2 40 2.092035 78 2.812208
1 2 41 3.530328 74 16.683267
2 2 92 5.688399 50 1.547539
3
0 2 40 10.042176 44 3.199210
1 2 67 6.815903 83 13.154869
2 2 47 14.941271 95 10.215411
3
0 2 40 14.437401 45 12.028050
1 2 98 13.370298 41 9.065724
2 2 63 12.152258 62 13.241706
3
0 2 40 3.082755 78 12.471626
1 2 96 13.831538 91 19.874225
2 2 50 18.752005 66 4.240814
3
0 2 40 4.705327 81 5.495978
1 2 87 7.754219 42 3.596840
2 2 60 11.142236 62 8.939733
3
0 2 40 17.581977 52 13.380491
1 2 65 9.056767 57 6.739413
2 2 70 14.607562 66 18.992467
3
0 2 50 6.863716 94 13.066941
1 2 55 19.264965 72 2.888175
2 2 85 5.957188 73 17.216249
3
0 2 50 5.680996 53 2.534373
1 2 87 13.558611 58 15.078959
2 2 73 14.619244 92 19.481000
3
0 2 50 3.496901 59 12.867013
1 2 99 8.922363 76 3.973319
2 2 88 16.153838 84 19.635221
3
0 2 50 16.067664 80 8.176610
1 2 92 11.939879 51 8.723908
2 2 93 3.957848 80 15.558010
3
0 2 50 14.756156 88 8.135698
1 2 87 1.173165 80 15.795914
2 2 85 9.570225 80 13.921173
3
0 2 50 17.534721 81 7.846122
1 2 69 1.262173 76 17.881504
2 2 54 6.630156 62 6.915446
3
0 2 50 18.360235 88 5.012637
1 2 71 7.587273 69 18.325418
2 2 65 10.274453 51 4.795869
3
0 2 50 2.384514 88 3.705563
1 2 92 1.041258 98 12.365783
2 2 59 2.747006 62 19.269956
3
0 2 50 9.179233 84 18.001347
1 2 60 10.626682 66 12.722200
2 2 99 9.857728 98 12.986761
3
0 2 50 16.974229 53 14.371010
1 2 89 15.183745 66 2.520820
2 2 51 8.686225 60 8.766982
3
0 2 60 7.531642 76 17.543646
1 2 99 13.937149 68 3.454512
2 2 78 8.420798 61 17.877777
3
0 2 60 6.202989 99 12.037251
1 2 91 7.508212 72 11.553114
2 2 70 17.297730 97 17.905548
3
0 2 60 9.268517 80 7.718364
1 2 66 7.040357 64 2.341122
2 2 72 6.961679 78 19.140167
3
0 2 60 4.219464 69 3.620349
1 2 89 12.279054 70 7.604315
2 2 60 6.033655 64 16.663747
3
0 2 60 16.179301 64 4.805207
1 2 72 14.021283 99 13.111518
2 2 92 12.384758 99 16.145107
3
0 2 60 12.088349 66 11.856524
1 2 79 8.294939 78 15.627267
2 2 88 5.739586 73 12.798234
3
0 2 60 5.439448 75 2.149048
1 2 78 10.722628 92 9.401049
2 2 63 19.798672 99 10.864627
3
0 2 60 14.316674 79 14.910267
1 2 83 17.757813 92 16.839055
2 2 99 7.998253 84 12.370295
3
0 2 60 6.846115 97 11.416492
1 2 60 16.197688 65 2.786627
2 2 62 3.427188 83 3.904470
3
0 2 60 18.981925 73 9.505976
1 2 81 10.560729 94 3.461443
2 2 76 15.466536 65 10.364759
3
0 2 70 16.338079 71 7.864640
1 2 86 14.962172 78 1.263635
2 2 77 18.702223 94 17.397798
3
0 2 70 11.492807 96 6.306872
1 2 96 8.847607 94 4.996206
2 2 96 6.920887 71 8.862213
3
0 2 70 10.675482 91 5.223836
1 2 92 16.785965 79 16.686871
2 2 94 8.231220 82 17.030235
3
0 2 70 13.173539 99 4.206585
1 2 95 4.291661 93 1.363313
2 2 86 19.708494 95 4.916093
3
0 2 70 13.021258 89 9.356636
1 2 97 19.695802 85 6.370729
2 2 90 13.287447 72 15.880272
3
0 2 70 2.205308 97 15.727341
1 2 76 2.298248 94 18.535239
2 2 80 10.490633 73 4.295738
3
0 2 70 17.939063 87 4.671532
1 2 72 9.576124 98 18.500022
2 2 83 13.344345 88 4.040213
3
0 2 70 13.859352 78 3.802417
1 2 74 5.403774 87 13.572185
2 2 97 6.466131 92 5.279932
3
0 2 70 5.139748 86 4.095582
1 2 99 15.382274 94 17.128928
2 2 84 4.864538 78 15.368734
3
0 2 70 9.642095 73 17.745972
1 2 87 11.215382 91 17.693853
2 2 84 10.406895 70 15.067847
3
0 2 80 2.274199 85 8.896614
1 2 80 15.730765 81 3.867246
2 2 96 4.362137 97 16.747790
3
0 2 80 15.072721 90 13.931917
1 2 96 13.753584 93 13.520606
2 2 92 5.129702 88 5.013910
3
0 2 80 15.014046 99 1.037986
1 2 94 19.879385 92 11.892967
2 2 98 1.371752 85 9.535195
3
0 2 80 5.465756 92 3.091363
1 2 84 7.778597 92 1.026541
2 2 99 1.159573 84 11.530859
3
0 2 80 7.728184 83 5.083991
1 2 98 4.273344 87 6.949543
2 2 93 19.505267 83 17.110871
3
0 2 80 9.440194 88 19.789566
1 2 97 12.250559 98 13.275452
2 2 96 16.947520 82 8.347317
3
0 2 80 7.860015 97 5.222972
1 2 92 1.000823 99 1.896089
2 2 87 3.835598 88 16.122426
3
0 2 80 7.793882 91 17.162496
1 2 90 19.945855 93 6.910634
2 2 92 9.508973 94 19.353918
3
0 2 80 1.325406 93 12.252284
1 2 81 1.263904 97 15.104836
2 2 87 6.166516 84 15.157150
3
0 2 80 15.579989 86 6.423841
1 2 86 9.757524 85 18.312625
2 2 80 11.033065 84 16.731476
3
0 2 90 18.227287 94 10.306175
1 2 91 12.452887 92 17.731116
2 2 90 6.374645 91 2.981880
3
0 2 90 8.741814 92 19.137417
1 2 91 4.784746 94 9.731069
2 2 97 14.658094 96 18.440265
3
0 2 90 15.414516 99 10.065828
1 2 92 14.560970 91 9.315455
2 2 94 4.470824 93 7.862805
3
0 2 90 14.624543 93 18.742050
1 2 94 7.485126 97 11.403800
2 2 98 19.289266 95 19.383439
3
0 2 90 18.949698 91 2.207946
1 2 91 6.762289 96 10.674821
2 2 91 13.403441 94 7.540623
3
0 2 90 12.879351 96 16.982306
1 2 92 5.402408 93 17.969663
2 2 95 6.447252 93 5.511035
3
0 2 90 17.160323 99 3.177339
1 2 93 14.651255 91 12.471171
2 2 99 16.589354 94 8.661829
3
0 2 90 17.135115 97 16.537213
1 2 96 13.080921 90 9.250146
2 2 98 16.012138 91 16.607685
3
0 2 90 11.771742 92 4.482230
1 2 96 13.617978 98 12.873395
2 2 94 13.017074 95 14.546954
3
0 2 90 7.577936 94 2.606784
1 2 93 6.127482 91 14.568766
2 2 93 5.657429 98 6.934476
3
0 1 99 19.390565
1 1 99 14.925960
2 1 99 13.837530
3
0 1 99 15.038343
1 1 99 1.044611
2 1 99 2.514532
3
0 1 99 17.115342
1 1 99 10.096886
2 1 99 7.167082
3
0 1 99 12.568680
1 1 99 17.016940
2 1 99 10.512654
3
0 1 99 4.031570
1 1 99 8.698550
2 1 99 11.820077
3
0 1 99 4.498088
1 1 99 9.737946
2 1 99 5.954623
3
0 1 99 18.003217
1 1 99 6.186451
2 1 99 9.956912
3
0 1 99 12.785303
1 1 99 1.692189
2 1 99 6.225551
3
0 1 99 2.619872
1 1 99 13.378561
2 1 99 5.844264
0
