100 99
3
0 2 10 14.076885 51 6.088127
1 2 55 5.906281 61 12.222465
2 2 63 15.497334 99 3.838740
3
0 2 10 17.265712 64 15.608740
1 2 13 8.358569 14 17.155230
2 2 61 12.015343 10 3.361371
3
0 2 10 16.088985 96 8.714535
1 2 44 9.715670 36 8.080432
2 2 53 10.779785 26 11.664181
3
0 2 10 8.900376 85 19.864476
1 2 35 9.929208 46 13.351512
2 2 79 18.705933 16 11.579424
3
0 2 10 5.316454 44 1.272598
1 2 95 4.508001 39 4.483769
2 2 53 5.430454 90 12.650823
3
0 2 10 7.379238 99 18.567549
1 2 36 15.523881 30 15.597533
2 2 37 8.509946 24 3.676284
3
0 2 10 10.323612 64 1.616738
1 2 30 10.985598 64 2.324488
2 2 49 18.434373 23 9.448594
3
0 2 10 8.252654 17 17.762985
1 2 38 6.585995 85 5.331806
2 2 94 4.128377 57 9.855744
3
0 2 10 4.400902 92 9.388095
1 2 68 3.860066 40 6.937163
2 2 10 2.608120 66 3.641756
3
0 2 10 18.785518 22 7.831200
1 2 22 5.202882 71 9.558387
2 2 38 10.930674 34 3.236338
3
0 2 20 2.983905 54 19.159826
1 2 56 19.178599 84 3.937078
2 2 50 5.705825 32 10.992629
3
0 2 20 14.828904 27 12.979018
1 2 95 3.916445 89 10.398374
2 2 23 12.621496 74 15.391778
3
0 2 20 9.595397 90 10.525863
1 2 96 9.819658 27 18.765933
2 2 47 17.569961 57 15.506358
3
0 2 20 17.630092 82 18.096545
1 2 75 15.679928 81 17.516215
2 2 60 2.914590 61 4.178156
3
0 2 20 5.962451 33 3.394690
1 2 85 16.994090 60 19.966982
2 2 67 10.741083 93 12.162607
3
0 2 20 1.072060 96 10.748448
1 2 25 13.470351 72 3.780526
2 2 79 9.877329 38 9.008621
3
0 2 20 9.027631 63 7.036921
1 2 33 1.030590 76 16.401752
2 2 31 2.426238 72 5.319087
3
0 2 20 6.811662 58 9.457778
1 2 99 6.062579 93 3.186647
2 2 67 12.713848 94 19.458494
3
0 2 20 13.013384 64 10.760082
1 2 98 12.913831 58 11.687581
2 2 59 8.785776 22 3.819340
3
0 2 20 7.364072 26 2.230396
1 2 45 13.481618 68 2.909830
2 2 83 17.274495 52 17.972566
3
0 2 30 9.338097 62 6.256560
1 2 51 8.170138 32 8.340860
2 2 47 5.964376 43 3.273350
3
0 2 30 2.246462 32 19.062350
1 2 57 16.876288 40 11.422122
2 2 81 6.630806 60 5.572453
3
0 2 30 11.129294 45 3.975260
1 2 77 16.439571 41 8.825551
2 2 92 9.555590 64 12.351844
3
0 2 30 12.661442 81 11.497620
1 2 68 11.077475 59 8.174533
2 2 90 6.443447 46 1.474488
3
0 2 30 19.199840 36 17.626999
1 2 76 18.112688 61 15.789968
2 2 55 5.060698 88 19.701651
3
0 2 30 7.113640 89 9.892476
1 2 44 18.172337 54 3.472060
2 2 89 19.836347 38 13.816936
3
0 2 30 10.832418 57 6.132203
1 2 81 3.739626 52 6.961450
2 2 69 19.283967 99 8.330379
3
0 2 30 18.654701 32 10.781511
1 2 59 18.118836 69 14.981804
2 2 84 13.583352 55 4.217349
3
0 2 30 6.862307 58 6.137647
1 2 64 4.852993 86 1.078562
2 2 57 6.874768 75 18.188201
3
0 2 30 4.098756 92 12.332448
1 2 64 3.765631 50 6.285984
2 2 81 4.765220 43 17.568145
3
0 2 40 15.808980 79 9.857596
1 2 76 1.893486 41 5.549069
2 2 56 13.533491 68 3.650147
3
0 2 40 14.168983 57 7.065362
1 2 63 16.731837 61 9.672699
2 2 82 6.725662 81 4.305696
3
0 2 40 14.809855 73 16.354020
1 2 43 13.595322 75 16.681909
2 2 66 1.790430 73 3.246261
3
0 2 40 15.810510 49 7.003811
1 2 58 12.909110 74 17.492943
2 2 97 1.887324 66 12.351318
3
0 2 40 12.005732 88 10.020071
1 2 91 17.553917 47 11.152756
2 2 62 8.527765 82 14.558863
3
0 2 40 5.175797 51 2.443290
1 2 70 5.234070 45 15.416566
2 2 57 14.511526 46 18.708786
3
0 2 40 16.242176 81 19.538919
1 2 70 7.430104 64 19.591928
2 2 84 16.991883 44 5.627322
3
0 2 40 18.291463 73 11.032402
1 2 83 11.437176 67 11.507672
2 2 97 14.075862 75 19.016370
3
0 2 40 10.221240 70 6.053499
1 2 45 5.993458 69 2.086823
2 2 94 10.840218 79 13.731969
3
0 2 40 4.740918 75 13.701312
1 2 54 2.841941 97 6.015307
2 2 74 17.887547 82 16.035357
3
0 2 50 3.108109 84 5.169773
1 2 88 8.034484 99 7.680481
2 2 60 13.806343 67 6.958582
3
0 2 50 15.137674 54 3.471334
1 2 61 9.123574 93 4.600952
2 2 69 13.347093 94 3.246687
3
0 2 50 3.243490 66 18.904204
1 2 80 8.016980 83 5.758380
2 2 73 8.839777 59 13.179661
3
0 2 50 18.712717 75 6.491388
1 2 97 8.612093 52 16.719527
2 2 82 19.383776 86 2.494550
3
0 2 50 19.280234 70 6.287125
1 2 62 14.330498 75 10.390155
2 2 82 15.264133 54 19.163437
3
0 2 50 1.071464 55 10.371537
1 2 83 14.125188 71 9.027463
2 2 86 15.510005 55 19.294465
3
0 2 50 6.650749 75 15.019269
1 2 63 6.859769 84 3.902394
2 2 57 5.585170 70 19.780328
3
0 2 50 7.936722 77 10.125719
1 2 68 1.333929 74 18.708315
2 2 84 11.077649 67 5.065475
3
0 2 50 10.637101 91 15.937959
1 2 90 10.426857 73 9.020694
2 2 95 12.223958 78 14.247481
3
0 2 50 18.672226 80 14.176332
1 2 57 14.805361 81 12.664013
2 2 73 17.107417 60 17.254126
3
0 2 60 3.828134 76 9.927253
1 2 83 17.587868 90 18.100247
2 2 95 17.109301 92 19.724026
3
0 2 60 10.898913 96 16.045942
1 2 70 16.614186 68 11.528445
2 2 97 15.072891 94 9.772635
3
0 2 60 19.010508 68 17.682465
1 2 78 16.984020 66 12.399978
2 2 89 11.701074 93 3.454775
3
0 2 60 5.723856 63 16.934419
1 2 66 9.835263 69 15.593204
2 2 81 4.333561 93 13.760471
3
0 2 60 16.058030 73 4.026978
1 2 66 14.072756 81 11.522648
2 2 70 1.326332 92 19.799141
3
0 2 60 7.549582 74 2.272006
1 2 76 18.481207 91 19.679059
2 2 86 13.375102 65 11.881788
3
0 2 60 11.303890 95 16.149905
1 2 70 19.344427 77 13.305706
2 2 99 11.414500 62 16.351985
3
0 2 60 8.007516 86 5.510389
1 2 91 2.821733 83 18.609562
2 2 66 12.535259 67 19.520571
3
0 2 60 2.617441 61 19.210514
1 2 99 13.041854 72 15.904310
2 2 77 1.639553 68 10.504354
3
0 2 60 14.737616 61 11.164016
1 2 86 18.332568 62 14.156899
2 2 85 13.312224 83 17.108505
3
0 2 70 15.635011 85 8.445131
1 2 83 11.952771 71 17.509021
2 2 82 14.676381 98 6.663103
3
0 2 70 11.184894 90 15.278510
1 2 95 12.499321 94 5.217343
2 2 77 12.805126 73 1.485951
3
0 2 70 5.409801 94 15.039012
1 2 90 7.886843 80 14.210374
2 2 79 17.159730 85 8.188449
3
0 2 70 14.253198 88 10.433794
1 2 74 10.962822 87 4.991238
2 2 99 5.529178 85 4.540313
3
0 2 70 12.829156 75 11.064890
1 2 91 6.273861 97 13.894573
2 2 76 19.836536 83 9.412089
3
0 2 70 3.417274 83 18.039974
1 2 70 17.706349 96 7.428567
2 2 70 17.453841 97 13.601319
3
0 2 70 18.097251 74 14.605033
1 2 95 12.543645 98 1.986468
2 2 90 1.471427 81 6.923305
3
0 2 70 18.295162 95 14.505687
1 2 75 17.509862 87 6.615496
2 2 98 2.384343 81 1.639125
3
0 2 70 8.885066 98 9.843429
1 2 91 2.364017 96 17.851564
2 2 91 11.441739 81 1.127039
3
0 2 70 12.189873 98 14.654970
1 2 88 12.114978 71 18.263434
2 2 83 4.770756 81 13.734286
3
0 2 80 19.283532 87 5.270103
1 2 93 15.721577 87 8.708334
2 2 84 18.786316 94 2.297713
3
0 2 80 11.614061 84 3.737435
1 2 97 8.824452 94 18.333613
2 2 91 2.052194 84 15.186214
3
0 2 80 12.669406 89 10.453961
1 2 86 7.808438 94 9.321358
2 2 93 3.509046 99 13.317247
3
0 2 80 5.670402 86 9.453838
1 2 86 4.980739 99 17.770007
2 2 99 9.768441 84 9.719913
3
0 2 80 8.911976 89 2.128272
1 2 95 15.924991 98 8.141521
2 2 98 10.410398 91 18.319776
3
0 2 80 5.172464 95 19.760206
1 2 91 9.495041 84 19.886280
2 2 82 19.482479 80 14.361148
3
0 2 80 2.045905 84 4.052516
1 2 85 13.143197 98 10.800799
2 2 96 9.741455 97 7.099585
3
0 2 80 17.859950 93 17.389421
1 2 99 16.529886 97 5.210958
2 2 88 14.577659 83 3.274727
3
0 2 80 6.764604 86 12.378947
1 2 99 13.256605 96 18.691176
2 2 92 1.182280 94 5.992776
3
0 2 80 7.307374 93 8.176599
1 2 85 4.650249 84 10.927994
2 2 96 1.788255 99 6.480504
3
0 2 90 3.903882 94 3.684650
1 2 99 10.367757 96 8.635519
2 2 98 9.157072 92 13.260244
3
0 2 90 16.783102 92 19.804167
1 2 92 11.446704 99 1.016078
2 2 97 6.221320 93 12.875641
3
0 2 90 18.416099 96 1.908867
1 2 92 3.469225 95 7.797958
2 2 94 17.043806 92 14.361948
3
0 2 90 2.263282 91 16.372232
1 2 91 13.538358 97 6.167523
2 2 92 4.539711 99 14.088491
3
0 2 90 15.683179 91 3.833099
1 2 98 17.047901 90 19.487784
2 2 94 17.589547 93 2.699590
3
0 2 90 9.744630 92 19.764191
1 2 97 2.964364 92 6.869380
2 2 93 5.301382 96 9.354512
3
0 2 90 17.950805 96 17.192929
1 2 99 3.477696 94 16.346546
2 2 96 6.959712 99 13.398203
3
0 2 90 5.809956 95 15.926129
1 2 94 13.821375 93 4.533718
2 2 90 8.851727 94 3.855507
3
0 2 90 19.242479 94 1.287011
1 2 99 10.205297 95 9.917874
2 2 94 5.475875 93 9.515807
3
0 2 90 9.955744 97 17.197860
1 2 98 3.460760 93 2.833951
2 2 98 15.245371 95 16.017644
3
0 2 99 11.605635 99 19.297977
1 2 99 18.340131 99 18.913462
2 2 99 9.093116 99 9.519567
3
0 2 99 12.578791 99 15.959040
1 2 99 6.334130 99 16.802237
2 2 99 4.760759 99 14.564783
3
0 2 99 13.587646 99 6.640401
1 2 99 15.158556 99 18.824774
2 2 99 10.546227 99 15.863319
3
0 2 99 6.413405 99 18.997966
1 2 99 17.748562 99 11.667121
2 2 99 2.600973 99 13.759093
3
0 2 99 17.043571 99 4.464981
1 2 99 18.692365 99 17.789391
2 2 99 7.993839 99 7.571608
3
0 2 99 11.762196 99 3.142979
1 2 99 15.672991 99 6.936971
2 2 99 17.449106 99 19.430981
3
0 2 99 6.146151 99 9.270831
1 2 99 10.253512 99 16.466318
2 2 99 15.385667 99 2.561550
3
0 2 99 2.656252 99 17.549771
1 2 99 16.805502 99 4.601499
2 2 99 1.619025 99 3.738161
3
0 2 99 5.295442 99 2.038101
1 2 99 1.343226 99 16.558663
2 2 99 4.141092 99 4.332920
0
